,AGYS,AMRN,ANF,AZUL,BCI,BDL,BE,BGX,BILL,BSBE,CACI,CGA,CMPI,CPSI,CWH,EAOM,FCTR,FELE,FT,GMF,GOGL,HII,HSC,INDF,LEGH,MEIP,MERC,OPRA,QTEC,RLI,ROBT,STRS,TD,TIGR,TLK,VHC,WIMI,WUGI,ACB,CERE,CRSR,DFEN,HEES,ISD,MARA,RYAM,SRLP,XTN,PCH,EIG
AGYS,0.00010151141929863258,0.00018677310040534113,-1.1812330401708578e-05,2.7158482558143055e-05,4.4286217590680035e-05,0.0001514014242148449,-0.00025907962470487215,3.0936700311508934e-05,0.0006148283411531445,8.886405778572255e-05,6.325637873782659e-05,-0.00015253096929822475,0.0003617121574949264,-0.000306752544667527,6.907752995188883e-06,6.12109503129562e-05,0.00010919361338527265,-0.00014113744498486403,7.888875865805425e-06,2.5282061580184514e-05,0.0003471423113362857,-0.00021258911793373684,-0.00022368746920442586,-4.4751145237177535e-05,4.4310505304368214e-05,0.00013541047806377556,-0.00012510892635778678,0.0001611780126190391,5.794798506489621e-05,-2.49504313672166e-05,0.00011636395694006215,-0.0003846542258507276,-6.514787357089908e-05,-4.988934596385196e-05,1.2025579109709427e-05,0.00027843662803384516,-0.00021903242190867683,0.00010317557885163408,-0.0014900054245607737,0.00047004050088588156,-0.001445344618009496,-0.0003960129772679482,-1.6416184167338858e-06,0.00010038882804610449,0.0001253537217727236,-0.001717823965458171,0.00020673910593108056,-0.00012831460770355328,-4.833543828343147e-05,-5.8289701250371014e-05
AMRN,0.00018677310040534113,0.000437400072297279,2.0903065440032905e-05,2.6543901397670887e-05,0.0001037428559345919,0.0001392186033983637,0.00047867320051531967,5.8900814329047426e-05,0.0009498856625537629,0.0001670031200130187,0.00010303114632717101,-0.00029993068268110924,0.0009819023861134292,-0.0005394927082506799,-0.00023142088275927023,9.759352571164536e-05,0.00017413000950974508,-0.0002794017627754436,2.633468971118403e-06,-4.844216065601255e-05,0.0007205415474541819,-0.0003934458792203821,-0.00044437661380698155,-0.00015975925817006574,-9.65724354363339e-05,0.00010059534459266058,5.383737692232619e-05,0.0002786457257252559,4.968143385221914e-05,-1.2477431647491465e-05,0.00016680446383671415,-0.0005271698163669188,-7.96194495193558e-05,4.0052564043594744e-05,-0.0003607535810759224,0.0006201291949916282,-0.00036254592822902195,9.991175201443735e-05,-0.0035319858377700552,0.0006933886290539197,-0.0025046182569569936,-0.000563259326562959,-2.8163139395675464e-05,0.00018477191362212218,0.0012705666333648774,-0.0028198095116485538,0.0004944662371843784,-0.00017324252733536363,-2.5936537555771896e-05,-0.00011595938141425419
ANF,-1.1812330401708578e-05,2.0903065440032905e-05,2.0765025431690884e-05,-1.3813834848432963e-05,4.96996313641028e-06,-8.099090073802726e-05,0.0004646285529548922,-2.6996035404977336e-06,-0.0001540193023458568,-8.748805387788645e-06,-1.3434721811673966e-05,8.978448476229123e-06,0.00010179373545296663,4.7022876524604944e-05,-0.0001118301668755705,-1.3958099692699538e-05,-2.4884310342973705e-05,7.4551446026253464e-06,-6.321460998239292e-06,-4.612771846463352e-05,-3.181678056907519e-06,2.369253246713152e-05,1.1108282534536336e-05,-3.0002111174418214e-05,-8.615309177218757e-05,-8.33146507002838e-05,0.00014372925439066526,-2.6900224425732884e-05,-3.2637657584118606e-05,1.8106462541724644e-05,-3.505010371879441e-05,0.00012687746908606642,2.588479244103293e-05,6.576619382063671e-05,-0.00017552637423675764,1.6637916115972738e-05,4.388659223197077e-05,-5.290151759421968e-05,-0.00018611817572809831,-0.0001326681879900803,0.00023854319369862194,0.00012129094445987944,-1.1243431059671812e-05,-1.1652460953166377e-05,0.00045835330044828484,0.0003549076844350594,2.7825583268978992e-05,4.3512697071286055e-05,3.4274425196108836e-05,2.8213010353157477e-06
AZUL,2.7158482558143055e-05,2.6543901397670887e-05,-1.3813834848432963e-05,1.3119300765538994e-05,6.286423007170364e-06,7.532467521716746e-05,-0.0003080275663766181,7.782179109742267e-06,0.00020980546293958887,2.2900212514208082e-05,2.026082765243747e-05,-3.598947458359336e-05,1.7719821217461815e-05,-8.829264232740561e-05,6.284836465207816e-05,2.0131917130658914e-05,3.590466458447074e-05,-3.283272631155877e-05,5.079384265561502e-06,3.049118686252212e-05,7.242902684809983e-05,-5.630202607329339e-05,-5.1647682269245124e-05,7.3721127680408006e-06,5.635632797971171e-05,7.334550902035096e-05,-0.0001044411092828665,4.759668950683122e-05,2.9730500913390995e-05,-1.502818560033958e-05,4.294990855815889e-05,-0.00014802787127790514,-2.7486286794045727e-05,-4.629122568116678e-05,9.88864566880268e-05,4.755069155215035e-05,-6.870898352009914e-05,5.0072599008135416e-05,-0.00020111967877896363,0.00016859474334444803,-0.0004253444421421575,-0.0001472712473174014,5.8431354436867285e-06,2.6842078318865375e-05,-0.0002263061110778643,-0.0005447565573681377,2.6805759752195298e-05,-5.003268662062285e-05,-2.8672584896335432e-05,-1.3418331585106331e-05
BCI,4.4286217590680035e-05,0.0001037428559345919,4.96996313641028e-06,6.286423007170364e-06,2.4605810814605387e-05,3.2966050381434406e-05,0.0001138037967448976,1.3966744163815069e-05,0.00022517187521323633,3.9599625555259765e-05,2.442570602403276e-05,-7.112342898091957e-05,0.0002329220503150723,-0.00012791247187425185,-5.4950557968931686e-05,2.3135845245635505e-05,4.127985067766129e-05,-6.625590595987156e-05,6.206418523647959e-07,-1.1516497708208815e-05,0.0001708754096008007,-9.329162809361187e-05,-0.00010537765956282835,-3.790557251269417e-05,-2.2955277321537834e-05,2.380506473759555e-05,1.285602138718591e-05,6.606464884330775e-05,1.1761939208501172e-05,-2.947900699940765e-06,3.9536334329168376e-05,-0.00012494095820546507,-1.8865932764447258e-05,9.538974855016106e-06,-8.56611596161838e-05,0.00014707468170820044,-8.595124176100847e-05,2.3661658981433734e-05,-0.0008377295371870581,0.0001643564039695562,-0.0005938267396320725,-0.00013350306921185883,-6.685841777324506e-06,4.381173188364212e-05,0.00030159849587953864,-0.0006685031729466802,0.00011728042979111443,-4.105792358014968e-05,-6.129799228494556e-06,-2.7498182832488857e-05
BDL,0.0001514014242148449,0.0001392186033983637,-8.099090073802726e-05,7.532467521716746e-05,3.2966050381434406e-05,0.0004329308133842571,-0.0018064060343693216,4.31987006361489e-05,0.0011865490971390284,0.0001273357586439047,0.00011419625884770285,-0.000198830566995846,6.923262722367108e-05,-0.000494534824833943,0.0003731655986390096,0.00011363399032186686,0.0002026602068265765,-0.0001811919599178035,2.9425994476416516e-05,0.0001788498119244114,0.000396130015990065,-0.00031365436007522253,-0.00028485784049388365,4.8328885814096555e-05,0.0003308067938587936,0.0004227568930483642,-0.0006087607765252888,0.00026701184382129983,0.00017105794174442752,-8.690059149672337e-05,0.00024385206962947975,-0.0008420817412051261,-0.00015698807366400618,-0.0002703761262742519,0.0005870280454117564,0.00025501127768857925,-0.00038681333702133885,0.00028754068672278495,-0.001047355507664334,0.0009558853254341487,-0.0023856334972595468,-0.0008364449480642814,3.492234159607704e-05,0.00014963154829241484,-0.001358729021079341,-0.0030687115991400926,0.00013877949501084287,-0.0002847891308192129,-0.00016572622232687636,-7.399006448106648e-05
BE,-0.00025907962470487215,0.00047867320051531967,0.0004646285529548922,-0.0003080275663766181,0.0001138037967448976,-0.0018064060343693216,0.010396600731631594,-5.8783665168758144e-05,-0.003417189501025729,-0.00019113298391231577,-0.0002975420877147668,0.00019276746946469264,0.0023008304135510053,0.0010367203870873414,-0.0025053871254185666,-0.0003093821682483609,-0.0005515585968716648,0.0001592632728279425,-0.00014120932840954722,-0.001032185210794815,-5.214734283801579e-05,0.0005191524818300924,0.00023656631994706495,-0.0006747224330184914,-0.001927980620028978,-0.001859355951514651,0.003213628428027403,-0.0005938621569787401,-0.0007281132184298434,0.00040433384273006064,-0.0007789471464332856,0.0028217186376211165,0.0005764053419172006,0.001470865645041572,-0.003932339839485568,0.0003881594633416148,0.0009712835518721748,-0.0011796694183188372,-0.004252503414890048,-0.0029467618476792085,0.005265307069583735,0.002695915490670316,-0.00025202103866972216,-0.00025555935365722865,0.010277192483499157,0.007857648611134657,0.0006348864952490515,0.0009679086280133039,0.0007653182301523378,6.0002065044167005e-05
BGX,3.0936700311508934e-05,5.8900814329047426e-05,-2.6996035404977336e-06,7.782179109742267e-06,1.3966744163815069e-05,4.31987006361489e-05,-5.8783665168758144e-05,9.470097063291147e-06,0.0001835461201059772,2.7156191216470208e-05,1.8996041972203933e-05,-4.689269863926596e-05,0.00011691645801698751,-9.296018185403422e-05,-3.0499197832137484e-06,1.833732287714034e-05,3.271248562888077e-05,-4.342956948742006e-05,2.1533279760163605e-06,5.699795671307326e-06,0.00010752324206052423,-6.483736261983575e-05,-6.886397620653495e-05,-1.5273230791749926e-05,9.743287275888463e-06,3.813099283595064e-05,-3.2130677332089016e-05,4.874256141302622e-05,1.645794730385264e-05,-6.898007988836871e-06,3.4464452367319026e-05,-0.00011341468476556993,-1.9004638353405898e-05,-1.2420238073645548e-05,-4.420072870713888e-06,8.713348306737115e-05,-6.589819946786517e-05,2.9545025259675576e-05,-0.00047078748540220966,0.00013962954244301087,-0.00043721761002867205,-0.00011719714940141874,-1.0312211730934184e-06,3.0595936157690526e-05,6.0162265780526335e-05,-0.000516327844661869,6.541496977368595e-05,-3.7778179590623016e-05,-1.3400485676921854e-05,-1.794835669792232e-05
BILL,0.0006148283411531445,0.0009498856625537629,-0.0001540193023458568,0.00020980546293958887,0.00022517187521323633,0.0011865490971390284,-0.003417189501025729,0.0001835461201059772,0.004074653514012937,0.0005314559379293024,0.0004089621676101291,-0.0008865352137445666,0.0015788028019225568,-0.0019061018374870108,0.0005140755079304978,0.00039981203138100867,0.0007131552275905658,-0.0008166875428832087,7.076389955731378e-05,0.00033681235198012725,0.0019442683788518408,-0.0012831510818107751,-0.0012913522997712243,-0.00012128651945821141,0.0006128877620514596,0.0011074944679748864,-0.0013071654662204584,0.0010108564129510534,0.00046111529888333107,-0.00021578289618917346,0.0007962741944298891,-0.0026790270442864166,-0.00047243713765219344,-0.000557202963585351,0.0008134638758212478,0.0014778410025738297,-0.001404880409533525,0.0007988519085838971,-0.007495478593422462,0.003178558396023837,-0.009053329553920868,-0.002718440526688154,3.869221267264154e-05,0.0006079047298844422,-0.0012523577665153652,-0.0110637468844139,0.001031488471589722,-0.0008987359119008681,-0.000414614044497893,-0.00033619561827517543
BSBE,8.886405778572255e-05,0.0001670031200130187,-8.748805387788645e-06,2.2900212514208082e-05,3.9599625555259765e-05,0.0001273357586439047,-0.00019113298391231577,2.7156191216470208e-05,0.0005314559379293024,7.79231148277612e-05,5.487660743345056e-05,-0.00013424707078924848,0.00032845811285767124,-0.000267604154875164,-3.0673571102932777e-06,5.3023515078724874e-05,9.458939282117618e-05,-0.00012428928517337445,6.462409933350074e-06,1.8586912120402507e-05,0.0003069466192885988,-0.00018618833909067988,-0.0001970430370368694,-4.206602932045551e-05,3.214056793641798e-05,0.00011299361301757411,-9.891752245940227e-05,0.00014042812731558207,4.860245612598478e-05,-2.0593776702475872e-05,0.0001001003366398043,-0.0003299887043842062,-5.5528447013668276e-05,-3.875124942553238e-05,-3.7672778488605978e-06,0.00024777173584808503,-0.0001902326314130204,8.69636475283384e-05,-0.0013338774018531916,0.000405076950802115,-0.0012594926153534137,-0.0003404993833908766,-2.3757754979073893e-06,8.788373113628752e-05,0.00014856083032249932,-0.0014910738365557009,0.0001852405687630507,-0.00010998149203263355,-3.996134897106844e-05,-5.135257172374798e-05
CACI,6.325637873782659e-05,0.00010303114632717101,-1.3434721811673966e-05,2.026082765243747e-05,2.442570602403276e-05,0.00011419625884770285,-0.0002975420877147668,1.8996041972203933e-05,0.0004089621676101291,5.487660743345056e-05,4.1320533833654965e-05,-9.230160924756132e-05,0.00018032865996739188,-0.00019469978398595444,3.9082686996490447e-05,4.0284435013497605e-05,7.185818214395365e-05,-8.513992059688369e-05,6.6085143312398144e-06,2.9282016716703148e-05,0.0002046633449106059,-0.0001321465073955752,-0.00013471593645364294,-1.6857348481998857e-05,5.298355339352372e-05,0.00010554234522637718,-0.00011842288598123456,0.00010298864640862344,4.422129735074436e-05,-2.0310007432297542e-05,7.924934468172888e-05,-0.00026541816062290984,-4.633015378096058e-05,-4.987059274075208e-05,6.203763903136284e-05,0.00015814571826090198,-0.0001422523968546598,7.710360573412145e-05,-0.0008158788578271667,0.00031732777190377463,-0.0009226984955727896,-0.00027033234895081396,2.5587889687966745e-06,6.254768202191096e-05,-7.003123507302079e-05,-0.0011190110898356524,0.00011257667923041123,-8.891157590927211e-05,-3.909436772119143e-05,-3.508203562950053e-05
CGA,-0.00015253096929822475,-0.00029993068268110924,8.978448476229123e-06,-3.598947458359336e-05,-7.112342898091957e-05,-0.000198830566995846,0.00019276746946469264,-4.689269863926596e-05,-0.0008865352137445666,-0.00013424707078924848,-9.230160924756132e-05,0.00023316010469048225,-0.0006085903918681013,0.0004558023083103651,3.984009998653652e-05,-8.888375522685495e-05,-0.0001585658272038314,0.00021612953943065123,-9.409705948188503e-06,-1.8454914815127452e-05,-0.0005384481697410813,0.00031990903576991064,0.0003428616979562285,8.316909647124652e-05,-2.9944220577587903e-05,-0.00017290982990155037,0.00012956164574451457,-0.00023850185789804586,-7.535990384094522e-05,3.061378880676581e-05,-0.00016511917079842925,0.0005408375982715039,8.961188172093793e-05,4.784206655565466e-05,6.0691895137434843e-05,-0.00044055963965598896,0.0003207956555314033,-0.0001365335738922791,0.002401491570675149,-0.0006710139134188422,0.0021399498245382614,0.0005610300168932579,7.638753345120866e-06,-0.00015085739040197166,-0.0004022776708171487,0.00251108456007957,-0.00033411368967797145,0.00017987740297107708,5.9669803789847006e-05,8.937795251400419e-05
CMPI,0.0003617121574949264,0.0009819023861134292,0.00010179373545296663,1.7719821217461815e-05,0.0002329220503150723,6.923262722367108e-05,0.0023008304135510053,0.00011691645801698751,0.0015788028019225568,0.00032845811285767124,0.00018032865996739188,-0.0006085903918681013,0.0023565476402739424,-0.0010089849123945266,-0.0007992401686430061,0.00016739045104821056,0.0002987205053789712,-0.0005694577682900421,-1.198551680592228e-05,-0.00023036690397506754,0.0015130965773184257,-0.0007652680318368697,-0.0009077769850459853,-0.00042072745001709127,-0.00044313535944826195,-1.8798032008451925e-05,0.0005126977144807284,0.0005138826861547441,1.4337330487082506e-05,2.3907426367138752e-05,0.0002550279488316094,-0.0007612857293258983,-9.631792264170791e-05,0.00026716142052924936,-0.0012492330549561045,0.0013560232953170378,-0.0006439438238251405,6.41828105476632e-05,-0.007976915607203296,0.001096298668255921,-0.00462807838925069,-0.0008530218357707022,-9.069719293281457e-05,0.0003579290348419497,0.003956048979990101,-0.00497080604623438,0.001121654030509757,-0.00024513486753584995,4.0360219292152145e-05,-0.00023709780591292385
CPSI,-0.000306752544667527,-0.0005394927082506799,4.7022876524604944e-05,-8.829264232740561e-05,-0.00012791247187425185,-0.000494534824833943,0.0010367203870873414,-9.296018185403422e-05,-0.0019061018374870108,-0.000267604154875164,-0.00019469978398595444,0.0004558023083103651,-0.0010089849123945266,0.000933578546012915,-8.57348410837758e-05,-0.0001889636001365605,-0.0003370813108720468,0.0004212573787253642,-2.699568343007356e-05,-0.00010162742267405523,-0.0010272731566816373,0.0006418023176752214,0.0006672338329378152,0.00011466224562487341,-0.00018121751266841023,-0.00044865710852970474,0.00045352131594587273,-0.0004918143257705114,-0.00019023764943460614,8.427805444400445e-05,-0.00036420036641997245,0.0012103406118229056,0.00020756024353276055,0.00018578685295480462,-0.00013806302325454289,-0.0008127468297313322,0.0006726322165344006,-0.0003356722079538709,0.0042925588027148045,-0.0014659437481998583,0.004408719920169743,0.001240629326559686,-1.71918184645583e-06,-0.00030334315785554816,-0.00010251300661883649,0.005281568549060241,-0.0005944256865203383,0.00040444484971834176,0.00016279958839120515,0.00017382857902762896
CWH,6.907752995188883e-06,-0.00023142088275927023,-0.0001118301668755705,6.284836465207816e-05,-5.4950557968931686e-05,0.0003731655986390096,-0.0025053871254185666,-3.0499197832137484e-06,0.0005140755079304978,-3.0673571102932777e-06,3.9082686996490447e-05,3.984009998653652e-05,-0.0007992401686430061,-8.57348410837758e-05,0.0006361863841931927,4.3303094269559595e-05,7.715974899100635e-05,4.174627560996624e-05,3.1476130642655e-05,0.00024899421556420103,-0.00018945422804833426,-8.481264205314882e-06,7.021321887628663e-05,0.00019855813761104609,0.0004667886521925721,0.00039603726962979344,-0.0007481228303002112,5.760372546566977e-05,0.00015221079694538139,-8.874808470555359e-05,0.00013107766462116616,-0.0004963641088153762,-0.00010923793183106034,-0.00034671960376480855,0.0009978374218167965,-0.00026183555905501705,-0.00012025411526969172,0.00024118127581907584,0.0019570483746892695,0.0004784398200430592,-0.0005012015561643781,-0.0004575815252079551,6.535987442216838e-05,6.663941077027487e-06,-0.0026994368404833005,-0.001004476992565714,-0.00028300225805801465,-0.00017238363557402857,-0.00016733316629309337,1.8716565634315954e-05
EAOM,6.12109503129562e-05,9.759352571164536e-05,-1.3958099692699538e-05,2.0131917130658914e-05,2.3135845245635505e-05,0.00011363399032186686,-0.0003093821682483609,1.833732287714034e-05,0.00039981203138100867,5.3023515078724874e-05,4.0284435013497605e-05,-8.888375522685495e-05,0.00016739045104821056,-0.0001889636001365605,4.3303094269559595e-05,3.931944815259256e-05,7.013614659193069e-05,-8.194388793649142e-05,6.66173017989236e-06,3.0468336788348807e-05,0.00019620728589287413,-0.00012782184728053184,-0.0001296227995563663,-1.4573074730159336e-05,5.527115970855288e-05,0.00010546660114498558,-0.00012097404483751192,0.00010006076886998034,4.4070445134561606e-05,-2.0404233319975055e-05,7.774923914260928e-05,-0.0002608919257328542,-4.5736167719052775e-05,-5.121977744419046e-05,6.86326549996969e-05,0.00015060974865384539,-0.00013856141156819163,7.663046240544999e-05,-0.0007717393184541534,0.00031091825859642073,-0.0008963378154480286,-0.0002653059754154545,3.040856259252901e-06,6.0523725383184925e-05,-9.112769638514474e-05,-0.0010904842134880411,0.00010637369818281749,-8.744835782530981e-05,-3.92453973720216e-05,-3.3751957812513374e-05
FCTR,0.00010919361338527265,0.00017413000950974508,-2.4884310342973705e-05,3.590466458447074e-05,4.127985067766129e-05,0.0002026602068265765,-0.0005515585968716648,3.271248562888077e-05,0.0007131552275905658,9.458939282117618e-05,7.185818214395365e-05,-0.0001585658272038314,0.0002987205053789712,-0.0003370813108720468,7.715974899100635e-05,7.013614659193069e-05,0.0001251055073688245,-0.00014618602299436574,1.18795017509558e-05,5.431785371596742e-05,0.0003500418190590075,-0.00022802096914362486,-0.0002312446951461385,-2.60247406468915e-05,9.853332327348357e-05,0.00018808715663888869,-0.00021570177844246614,0.0001784909518886923,7.85962599751014e-05,-3.6386831911256564e-05,0.0001386790141728982,-0.00046533729906656586,-8.157375730101838e-05,-9.132281640079133e-05,0.00012229476719983925,0.00026871021527249543,-0.00024716372302670346,0.00013666783616324366,-0.001376983836072515,0.0005545820767522029,-0.0015989123285757648,-0.00047321696792701923,5.4154684023310955e-06,0.00010796770281149805,-0.00016218602935431616,-0.0019451809176873535,0.0001898002192667148,-0.0001559755577650233,-6.998671539619315e-05,-6.0212933860791186e-05
FELE,-0.00014113744498486403,-0.0002794017627754436,7.4551446026253464e-06,-3.283272631155877e-05,-6.625590595987156e-05,-0.0001811919599178035,0.0001592632728279425,-4.342956948742006e-05,-0.0008166875428832087,-0.00012428928517337445,-8.513992059688369e-05,0.00021612953943065123,-0.0005694577682900421,0.0004212573787253642,4.174627560996624e-05,-8.194388793649142e-05,-0.00014618602299436574,0.0002003797818138039,-8.469230615139227e-06,-1.5177417239109169e-05,-0.0004998643545461393,0.00029605892594416095,0.0003179072528237156,7.850490616820351e-05,-2.4145867645239774e-05,-0.0001570234066607065,0.00011420389490229558,-0.00022032846521444192,-6.859214024349165e-05,2.765853009673111e-05,-0.00015183953046916135,0.0004968280475540099,8.211332570308637e-05,4.163181368597e-05,6.381520072610411e-05,-0.00040980771111070406,0.0002960243071838042,-0.00012453672527248323,0.0022379167875819965,-0.0006174629269795535,0.0019770094026452935,0.0005158159372528995,7.570965505733072e-06,-0.00013959016225243556,-0.0003930252384740379,0.002316699092920743,-0.0003114379819149847,0.00016518440405168287,5.395287697755909e-05,8.287593420522518e-05
FT,7.888875865805425e-06,2.633468971118403e-06,-6.321460998239292e-06,5.079384265561502e-06,6.206418523647959e-07,2.9425994476416516e-05,-0.00014120932840954722,2.1533279760163605e-06,7.076389955731378e-05,6.462409933350074e-06,6.6085143312398144e-06,-9.409705948188503e-06,-1.198551680592228e-05,-2.699568343007356e-05,3.1476130642655e-05,6.66173017989236e-06,1.18795017509558e-05,-8.469230615139227e-06,2.1188439059599143e-06,1.399919614671337e-05,1.6607762802174045e-05,-1.6229896194141054e-05,-1.3225704323995519e-05,6.333918539825176e-06,2.6014664997516002e-05,2.9349358544501922e-05,-4.5718342320122943e-05,1.479550188389329e-05,1.171932231825692e-05,-6.175598212675833e-06,1.5037091095173377e-05,-5.2776422553938275e-05,-1.0163589950993926e-05,-2.058617448063153e-05,4.945788864131438e-05,7.97321554215732e-06,-2.2149099625179604e-05,1.9414412313674204e-05,-1.561345513473932e-05,5.825701414040016e-05,-0.0001319296943418526,-5.1734053619121367e-05,3.0588207097231348e-06,7.793486518781813e-06,-0.0001220506805830937,-0.00017669640741736038,1.6086030325833788e-06,-1.7936543200327335e-05,-1.1740108023084909e-05,-3.4259843982366274e-06
GMF,2.5282061580184514e-05,-4.844216065601255e-05,-4.612771846463352e-05,3.049118686252212e-05,-1.1516497708208815e-05,0.0001788498119244114,-0.001032185210794815,5.699795671307326e-06,0.00033681235198012725,1.8586912120402507e-05,2.9282016716703148e-05,-1.8454914815127452e-05,-0.00023036690397506754,-0.00010162742267405523,0.00024899421556420103,3.0468336788348807e-05,5.431785371596742e-05,-1.5177417239109169e-05,1.399919614671337e-05,0.0001024784423435886,3.5777208178886977e-06,-5.061860278391013e-05,-2.2479259291692937e-05,6.727187464233478e-05,0.0001914291685289572,0.0001841867948241005,-0.0003188440876874195,5.828224274237394e-05,7.210373730277647e-05,-4.0073884836961914e-05,7.688626719191849e-05,-0.0002786893163701632,-5.6991239067426944e-05,-0.00014596783771087264,0.00039080433924422074,-3.98693750361635e-05,-9.552894963506149e-05,0.00011677756708612496,0.00042957429265552395,0.00029072323545177396,-0.0005166672330976761,-0.0002661324172089513,2.5057546568658416e-05,2.49373517062622e-05,-0.0010220944769213092,-0.0007730761272194978,-6.406152392508528e-05,-9.561306411041235e-05,-7.584623509194747e-05,-5.694392619791071e-06
GOGL,0.0003471423113362857,0.0007205415474541819,-3.181678056907519e-06,7.242902684809983e-05,0.0001708754096008007,0.000396130015990065,-5.214734283801579e-05,0.00010752324206052423,0.0019442683788518408,0.0003069466192885988,0.0002046633449106059,-0.0005384481697410813,0.0015130965773184257,-0.0010272731566816373,-0.00018945422804833426,0.00019620728589287413,0.0003500418190590075,-0.0004998643545461393,1.6607762802174045e-05,3.5777208178886977e-06,0.0012585535465228664,-0.0007290048798286696,-0.0007935879639063982,-0.00022060977402729395,-3.915498433119823e-06,0.00033341442713331177,-0.00017994020312970957,0.0005355551626776753,0.0001484711210413039,-5.6146743892697334e-05,0.0003566540518506533,-0.0011578200756453888,-0.00018766053876771748,-5.553418811550875e-05,-0.000293052669982041,0.0010462916356465345,-0.000713722653898326,0.0002743483670587429,-0.005785366532006875,0.0014577739600265087,-0.004807673044947547,-0.0012099220836749584,-2.755841375514457e-05,0.0003433594604057861,0.0013363225663175057,-0.005577009546148327,0.000806564263982902,-0.000383949929714897,-0.0001103108395920628,-0.00020693826308023044
HII,-0.00021258911793373684,-0.0003934458792203821,2.369253246713152e-05,-5.630202607329339e-05,-9.329162809361187e-05,-0.00031365436007522253,0.0005191524818300924,-6.483736261983575e-05,-0.0012831510818107751,-0.00018618833909067988,-0.0001321465073955752,0.00031990903576991064,-0.0007652680318368697,0.0006418023176752214,-8.481264205314882e-06,-0.00012782184728053184,-0.00022802096914362486,0.00029605892594416095,-1.6229896194141054e-05,-5.061860278391013e-05,-0.0007290048798286696,0.000445268656268201,0.0004692592629339876,9.561764907316356e-05,-8.843037542360577e-05,-0.0002799399257609875,0.0002550445629761569,-0.0003371061206286741,-0.00011996097225813076,5.1432581941760735e-05,-0.0002425343394024871,0.0008011308825064145,0.0001354484544883199,0.00010124781268406723,-1.5797576040770773e-05,-0.0005857562420630104,0.00045771426694262205,-0.00021386966476991565,0.003139806721597408,-0.0009801735639007885,0.003023103505556306,0.000825291228697233,4.0543500976828765e-06,-0.0002102397204154221,-0.00028801587543676944,0.003589176506659787,-0.00043575788200962196,0.0002671806159134966,9.968147272254677e-05,0.00012228609366751796
HSC,-0.00022368746920442586,-0.00044437661380698155,1.1108282534536336e-05,-5.1647682269245124e-05,-0.00010537765956282835,-0.00028485784049388365,0.00023656631994706495,-6.886397620653495e-05,-0.0012913522997712243,-0.0001970430370368694,-0.00013471593645364294,0.0003428616979562285,-0.0009077769850459853,0.0006672338329378152,7.021321887628663e-05,-0.0001296227995563663,-0.0002312446951461385,0.0003179072528237156,-1.3225704323995519e-05,-2.2479259291692937e-05,-0.0007935879639063982,0.0004692592629339876,0.0005043926257645671,0.0001257060641354418,-3.531403440411879e-05,-0.0002464006778844585,0.00017628894100300184,-0.00034889950656257976,-0.00010776650792139347,4.328119006221707e-05,-0.00023986450505989772,0.0007844229066511124,0.0001294729993786134,6.379468879209514e-05,0.00010749179100822911,-0.0006512893289786408,0.00046849512434890973,-0.0001958853861303493,0.0035599678182987797,-0.0009757672493619661,0.0031307780535846236,0.0008147686367159718,1.2416251321095099e-05,-0.00022123626127304585,-0.0006401536617227034,0.0036660611296129735,-0.0004954877919455084,0.0002607567105857959,8.446436462040357e-05,0.00013149383000392328
INDF,-4.4751145237177535e-05,-0.00015975925817006574,-3.0002111174418214e-05,7.3721127680408006e-06,-3.790557251269417e-05,4.8328885814096555e-05,-0.0006747224330184914,-1.5273230791749926e-05,-0.00012128651945821141,-4.206602932045551e-05,-1.6857348481998857e-05,8.316909647124652e-05,-0.00042072745001709127,0.00011466224562487341,0.00019855813761104609,-1.4573074730159336e-05,-2.60247406468915e-05,7.850490616820351e-05,6.333918539825176e-06,6.727187464233478e-05,-0.00022060977402729395,9.561764907316356e-05,0.0001257060641354418,8.36625449237106e-05,0.00012754127946936747,6.297680317516437e-05,-0.00017939670580237614,-5.6265576807883105e-05,2.1473489721987835e-05,-1.660670384468125e-05,-1.2241635048119309e-05,2.0464197822283998e-05,-4.516158744821062e-06,-8.688421328225296e-05,0.0003108811584932614,-0.0002117924416224801,6.315092279910183e-05,2.8773980496101496e-05,0.0013096558984428514,-6.563354902391681e-05,0.0005094237149778842,3.8015850724224025e-05,2.1486573990890338e-05,-4.430934647258107e-05,-0.000914034006759208,0.0004758232621382813,-0.00018535000631557516,4.668680464264989e-06,-3.071433248714511e-05,3.289037279057065e-05
LEGH,4.4310505304368214e-05,-9.65724354363339e-05,-8.615309177218757e-05,5.635632797971171e-05,-2.2955277321537834e-05,0.0003308067938587936,-0.001927980620028978,9.743287275888463e-06,0.0006128877620514596,3.214056793641798e-05,5.298355339352372e-05,-2.9944220577587903e-05,-0.00044313535944826195,-0.00018121751266841023,0.0004667886521925721,5.527115970855288e-05,9.853332327348357e-05,-2.4145867645239774e-05,2.6014664997516002e-05,0.0001914291685289572,-3.915498433119823e-06,-8.843037542360577e-05,-3.531403440411879e-05,0.00012754127946936747,0.00035767790083279414,0.0003413060173343288,-0.000594177277240922,0.00010437752668390705,0.0001334601424507886,-7.439670455159359e-05,0.0001406419426474168,-0.0005109207372076482,-0.00010489557628026834,-0.0002722423233945734,0.0007326034032398784,-8.329951082710924e-05,-0.0001724645713188529,0.0002158635914807154,0.0008512938957247316,0.0005308773170599637,-0.0009247925843985882,-0.0004870220158950401,4.704682817882342e-05,4.3698347490840614e-05,-0.0019208221044380088,-0.0013973589265773392,-0.00012647840831253292,-0.0001753991132484273,-0.00014077359942964304,-8.895905661703215e-06
MEIP,0.00013541047806377556,0.00010059534459266058,-8.33146507002838e-05,7.334550902035096e-05,2.380506473759555e-05,0.0004227568930483642,-0.001859355951514651,3.813099283595064e-05,0.0011074944679748864,0.00011299361301757411,0.00010554234522637718,-0.00017290982990155037,-1.8798032008451925e-05,-0.00044865710852970474,0.00039603726962979344,0.00010546660114498558,0.00018808715663888869,-0.0001570234066607065,2.9349358544501922e-05,0.0001841867948241005,0.00033341442713331177,-0.0002799399257609875,-0.0002464006778844585,6.297680317516437e-05,0.0003413060173343288,0.0004160050378923338,-0.0006169280643357835,0.00024337938365739058,0.00016751760979121546,-8.625106732518564e-05,0.00023016323567993084,-0.0007992089069495977,-0.00015067546153498226,-0.0002754568707366946,0.0006227108387887009,0.0002005669897716498,-0.0003562800375118178,0.0002801129750986944,-0.0007350554503151086,0.0008986671646594316,-0.0021731335807962937,-0.0007902919573058945,3.7648535593128824e-05,0.00013381113230355034,-0.0014805377728608984,-0.0028315577771444835,9.501573592351112e-05,-0.0002707438799813032,-0.00016429474926644007,-6.39528567879391e-05
MERC,-0.00012510892635778678,5.383737692232619e-05,0.00014372925439066526,-0.0001044411092828665,1.285602138718591e-05,-0.0006087607765252888,0.003213628428027403,-3.2130677332089016e-05,-0.0013071654662204584,-9.891752245940227e-05,-0.00011842288598123456,0.00012956164574451457,0.0005126977144807284,0.00045352131594587273,-0.0007481228303002112,-0.00012097404483751192,-0.00021570177844246614,0.00011420389490229558,-4.5718342320122943e-05,-0.0003188440876874195,-0.00017994020312970957,0.0002550445629761569,0.00017628894100300184,-0.00017939670580237614,-0.000594177277240922,-0.0006169280643357835,0.0010146730869102373,-0.00025290294864379974,-0.00024391701540906223,0.00013202700635209209,-0.00028670081365768786,0.0010211016895886058,0.00020222481064240399,0.00046091977941787156,-0.001174779621655501,-1.649215123367996e-05,0.0003925150817896021,-0.000399588241234951,-0.0005584715102583877,-0.0010987233647272374,0.0022500149763614898,0.0009890809513624066,-7.414815337829183e-05,-0.00012353059406973758,0.0029960273009368705,0.003149787148526716,9.082189668042947e-05,0.0003485398645907583,0.0002504247134990107,4.544966942876573e-05
OPRA,0.0001611780126190391,0.0002786457257252559,-2.6900224425732884e-05,4.759668950683122e-05,6.606464884330775e-05,0.00026701184382129983,-0.0005938621569787401,4.874256141302622e-05,0.0010108564129510534,0.00014042812731558207,0.00010298864640862344,-0.00023850185789804586,0.0005138826861547441,-0.0004918143257705114,5.760372546566977e-05,0.00010006076886998034,0.0001784909518886923,-0.00022032846521444192,1.479550188389329e-05,5.828224274237394e-05,0.0005355551626776753,-0.0003371061206286741,-0.00034889950656257976,-5.6265576807883105e-05,0.00010437752668390705,0.00024337938365739058,-0.00025290294864379974,0.00025933672514933114,0.00010288557532823166,-4.6001793991025036e-05,0.00019379548214366632,-0.0006452398169871261,-0.00011112902691144531,-0.00010439947601284112,9.223464517759136e-05,0.00042149864522181014,-0.0003555040987932269,0.000180998174945865,-0.0022147980172070965,0.0007790734499097645,-0.0023244448887918883,-0.0006603732716263691,2.196418872563153e-06,0.00015938330047578399,3.7976329491599264e-07,-0.0027926424345839475,0.0003064637458344116,-0.00021574103136021646,-8.878029870211898e-05,-9.088732462427965e-05
QTEC,5.794798506489621e-05,4.968143385221914e-05,-3.2637657584118606e-05,2.9730500913390995e-05,1.1761939208501172e-05,0.00017105794174442752,-0.0007281132184298434,1.645794730385264e-05,0.00046111529888333107,4.860245612598478e-05,4.422129735074436e-05,-7.535990384094522e-05,1.4337330487082506e-05,-0.00019023764943460614,0.00015221079694538139,4.4070445134561606e-05,7.85962599751014e-05,-6.859214024349165e-05,1.171932231825692e-05,7.210373730277647e-05,0.0001484711210413039,-0.00011996097225813076,-0.00010776650792139347,2.1473489721987835e-05,0.0001334601424507886,0.00016751760979121546,-0.00024391701540906223,0.00010288557532823166,6.765999844483833e-05,-3.454564101850804e-05,9.515088609197305e-05,-0.0003292422540375517,-6.163327972641502e-05,-0.00010855270599217,0.0002393986092082813,9.345935379069065e-05,-0.00014960555513136864,0.0001135109456404357,-0.00037048404672656026,0.0003724495396459764,-0.0009190333722909353,-0.0003265009199532999,1.433275254633194e-05,5.726810437147227e-05,-0.0005600180868907641,-0.0011876326359714403,4.873191158325257e-05,-0.00011141701981924341,-6.585219415601983e-05,-2.798442334272878e-05
RLI,-2.49504313672166e-05,-1.2477431647491465e-05,1.8106462541724644e-05,-1.502818560033958e-05,-2.947900699940765e-06,-8.690059149672337e-05,0.00040433384273006064,-6.898007988836871e-06,-0.00021578289618917346,-2.0593776702475872e-05,-2.0310007432297542e-05,3.061378880676581e-05,2.3907426367138752e-05,8.427805444400445e-05,-8.874808470555359e-05,-2.0404233319975055e-05,-3.6386831911256564e-05,2.765853009673111e-05,-6.175598212675833e-06,-4.0073884836961914e-05,-5.6146743892697334e-05,5.1432581941760735e-05,4.328119006221707e-05,-1.660670384468125e-05,-7.439670455159359e-05,-8.625106732518564e-05,0.00013202700635209209,-4.6001793991025036e-05,-3.454564101850804e-05,1.8052558625303604e-05,-4.5465527853200974e-05,0.00015892806182942642,3.0363825524064886e-05,5.927458377131203e-05,-0.00013948008854912519,-2.9988465466366746e-05,6.826157552643481e-05,-5.742361921655154e-05,8.435994257034157e-05,-0.00017666504581962812,0.00041041328185845106,0.00015630348374831896,-8.561696159069557e-06,-2.4651584996892797e-05,0.0003399981115520705,0.0005437615918957061,-1.0135651281705829e-05,5.394764390411471e-05,3.434329378126436e-05,1.1220934004805229e-05
ROBT,0.00011636395694006215,0.00016680446383671415,-3.505010371879441e-05,4.294990855815889e-05,3.9536334329168376e-05,0.00024385206962947975,-0.0007789471464332856,3.4464452367319026e-05,0.0007962741944298891,0.0001001003366398043,7.924934468172888e-05,-0.00016511917079842925,0.0002550279488316094,-0.00036420036641997245,0.00013107766462116616,7.774923914260928e-05,0.0001386790141728982,-0.00015183953046916135,1.5037091095173377e-05,7.688626719191849e-05,0.0003566540518506533,-0.0002425343394024871,-0.00023986450505989772,-1.2241635048119309e-05,0.0001406419426474168,0.00023016323567993084,-0.00028670081365768786,0.00019379548214366632,9.515088609197305e-05,-4.5465527853200974e-05,0.00015724962798102844,-0.0005320255746091222,-9.498403939244408e-05,-0.00012370216436693781,0.00020694056000739567,0.000264778888084443,-0.00027148953091811554,0.00016363617264110846,-0.0013092259740882105,0.0006253068516186527,-0.0017348635087630958,-0.0005373830585011851,1.0802194549317366e-05,0.00011504468001147834,-0.00038092777818510195,-0.0021411192459475314,0.00017943554297151774,-0.00017879360474783195,-8.718831654226314e-05,-6.242382942172834e-05
STRS,-0.0003846542258507276,-0.0005271698163669188,0.00012687746908606642,-0.00014802787127790514,-0.00012494095820546507,-0.0008420817412051261,0.0028217186376211165,-0.00011341468476556993,-0.0026790270442864166,-0.0003299887043842062,-0.00026541816062290984,0.0005408375982715039,-0.0007612857293258983,0.0012103406118229056,-0.0004963641088153762,-0.0002608919257328542,-0.00046533729906656586,0.0004968280475540099,-5.2776422553938275e-05,-0.0002786893163701632,-0.0011578200756453888,0.0008011308825064145,0.0007844229066511124,2.0464197822283998e-05,-0.0005109207372076482,-0.0007992089069495977,0.0010211016895886058,-0.0006452398169871261,-0.0003292422540375517,0.00015892806182942642,-0.0005320255746091222,0.0018053201147394757,0.00032437859737142674,0.00044297416909564976,-0.0007829838426614867,-0.0008473989352170351,0.0009078914917333929,-0.0005641498977232873,0.004123568028814851,-0.0021113171080342705,0.00577475577322553,0.0018191054148855624,-4.220358429958844e-05,-0.00038027659619036534,0.0015278685333202416,0.007165772501892785,-0.0005636708760235268,0.0006072590805095821,0.0003044863309537778,0.00020409854432262183
TD,-6.514787357089908e-05,-7.96194495193558e-05,2.588479244103293e-05,-2.7486286794045727e-05,-1.8865932764447258e-05,-0.00015698807366400618,0.0005764053419172006,-1.9004638353405898e-05,-0.00047243713765219344,-5.5528447013668276e-05,-4.633015378096058e-05,8.961188172093793e-05,-9.631792264170791e-05,0.00020756024353276055,-0.00010923793183106034,-4.5736167719052775e-05,-8.157375730101838e-05,8.211332570308637e-05,-1.0163589950993926e-05,-5.6991239067426944e-05,-0.00018766053876771748,0.0001354484544883199,0.0001294729993786134,-4.516158744821062e-06,-0.00010489557628026834,-0.00015067546153498226,0.00020222481064240399,-0.00011112902691144531,-6.163327972641502e-05,3.0363825524064886e-05,-9.498403939244408e-05,0.00032437859737142674,5.908870283273421e-05,8.86186949562378e-05,-0.00017208709808525917,-0.00013240463052904128,0.0001579383036754167,-0.00010481973996212174,0.000616897543774555,-0.000375264767947536,0.0009940051986314245,0.0003251472467528894,-9.740140155145182e-06,-6.439981723805366e-05,0.0003659881778599227,0.00124879019431276,-8.370547169725618e-05,0.00010932937780052446,5.806507623313676e-05,3.366953549015067e-05
TIGR,-4.988934596385196e-05,4.0052564043594744e-05,6.576619382063671e-05,-4.629122568116678e-05,9.538974855016106e-06,-0.0002703761262742519,0.001470865645041572,-1.2420238073645548e-05,-0.000557202963585351,-3.875124942553238e-05,-4.987059274075208e-05,4.784206655565466e-05,0.00026716142052924936,0.00018578685295480462,-0.00034671960376480855,-5.121977744419046e-05,-9.132281640079133e-05,4.163181368597e-05,-2.058617448063153e-05,-0.00014596783771087264,-5.553418811550875e-05,0.00010124781268406723,6.379468879209514e-05,-8.688421328225296e-05,-0.0002722423233945734,-0.0002754568707366946,0.00046091977941787156,-0.00010439947601284112,-0.00010855270599217,5.927458377131203e-05,-0.00012370216436693781,0.00044297416909564976,8.86186949562378e-05,0.0002099346661382683,-0.0005443598596056417,1.4797535642947525e-05,0.00016454167660955396,-0.00017716772233946978,-0.0003793951422233207,-0.00047212039097956407,0.000927898330942622,0.0004271942563393435,-3.4551757532199785e-05,-4.924721411245899e-05,0.0014008565069436733,0.0013235974478103929,5.8830740661403876e-05,0.00015144398747822852,0.00011234871871949965,1.6397131219999072e-05
