,ADS,AJXA,ALLK,ANIP,ASX,AVUS,BBC,BBRE,BIV,BMY,CAG,CCL,CHNA,CHSCP,CNET,CRMT,CYRN,DG,DURA,ELVT,ETHO,FCEL,FCRD,FTSD,GDX,GENC,GLDD,HYDB,HYT,IDIV,IEV,INDS,INVE,IQLT,IWV,JRSH,JUST,LDSF,MCEF,MFMS,MOR,MOTS,MPW,MRO,NURE,OLN,PAPR,PEO,PETS,QADA,REMX,RFEM,RPG,SDCI,SILJ,SNGX,SRRK,TPIF,TSLA,UEPS,VNQI,WORX,ZNH,ACIU,AMBO,CF,EBF,EEFT,FCTR,FENY,HCHC,HTBK,JJG,PALL,PANL,PSCF,PY,PYS,QQQ,RDUS,SALM,SFL,TXRH,UJAN,USX,VEL,VOT,WMC,YORW,ZSL,AVNW,BOUT,FELE,MSM,NMIH,NMT,THQ,JJU,SHSP,COLIW
ADS,0.0005345403434818377,-7.096751696240044e-07,0.00017407574592551812,0.0003003432376941996,3.431854195339706e-05,0.0003153718360050418,0.0002953776906265872,0.00032721531337756663,-8.281324289829427e-06,0.00022341614064798465,0.00016470853075483395,0.0005860278304544542,4.9904872543771165e-05,5.601382902983532e-05,0.00015340090962736024,0.0006555012532869509,0.00023904916264112037,0.00030921476714560863,0.000268727474091616,0.0003327619292379258,0.0002932129935350461,0.0007307119409596342,0.0002859062734135455,-1.300730519257414e-06,0.0003987116909557357,0.000344995084661577,0.00021716130481198233,7.826191014381127e-05,0.00023372606720595187,9.620444745445417e-05,0.00025111838468172977,0.0003451560406977745,0.00021145193679468843,0.00020001621729909792,0.0003088557834918929,0.00026610193814831444,0.000299446697692909,-1.1792051885955983e-05,5.488259505110386e-05,0.0002333797717064166,0.0003702455238688849,0.000263506972242829,0.00034709019290916964,0.0005354393928942718,0.0002892764102381525,0.0009451809058971452,9.907058562379108e-05,0.0005189134834071929,0.00023886496175503237,0.00040093488965373136,7.226577725408371e-05,0.00010243163379222563,0.00027538284778606386,0.000149470316919121,0.0005853283114854146,0.0008466813554244567,9.239446713177488e-05,0.00017095122811234444,0.0008536334772446221,0.0005151748982293792,0.00011805818028818759,0.00027506714185016924,0.0002247307091487008,0.0005436833909741879,-0.0005875251464401644,0.00037659730067556046,7.29287060651381e-05,0.00034694871451812563,0.00024661556087831037,0.0004892567772890084,0.0005381736307580753,0.00031961271418010366,-3.0182120238325333e-06,-4.7481655833859654e-05,8.943755580308062e-05,0.0003018041744563561,0.0003061142300936679,-0.00015374597191050891,0.00027130157657889617,1.3282886375543265e-05,0.0002292969758359533,0.0002317044935890481,0.000781920141189811,0.00010848531584567263,0.0008132601864417394,0.00016524754864927988,0.0003066767237010446,0.00037929033322729397,0.00031696566499073305,-0.0004944101248986156,0.0003310112001118273,0.00023140649847038766,0.0004087078568331879,0.0004057281991090392,0.0002600565425873566,4.992197317388843e-05,0.00027620095032873144,2.1612788798522467e-05,0.000717846914682305,0.0002710604089664062
AJXA,-7.096751696240044e-07,0.0004695447264859117,8.490919453350173e-05,0.0005390835186115087,0.0001007056343208937,7.23518282854196e-05,0.00010192056221679942,8.174037961225373e-05,1.001607136149869e-05,0.00021134143815857006,-5.126271835291879e-05,5.636809243857595e-05,6.63341988563208e-05,3.431398941434829e-05,0.00021217422249596515,-0.0002144964772441162,0.000132341953918267,6.79438568150015e-05,0.00010773856554359987,-1.3466096356040645e-05,5.242597335827159e-05,0.0003142060503467944,9.864756818552475e-05,7.408508434050116e-06,0.00025276586660501275,0.00023497127463181764,0.0001415211271522855,4.7010704784439196e-05,3.810476744685187e-05,5.237437992438625e-05,0.000138498845218436,7.871139003929359e-05,-0.00018431762298635204,0.00011839815826789938,9.53312444186277e-05,0.00018569839016490986,8.579817385345996e-05,2.3120469920851982e-05,-5.374598654614835e-06,-1.979200617008801e-06,0.0001935436675350359,8.684689272607084e-05,0.00010212235296104006,0.00018069708564659375,9.394988737815605e-05,0.00017122243094070617,4.715890591732663e-05,-1.2322112777225338e-05,4.465233180770836e-05,4.039087888300222e-06,3.9327845738882164e-05,0.00010532608878743724,7.587864121761879e-05,3.312450389409455e-05,0.0001351531164063156,-0.0005776858916990207,-0.000580156016302616,9.542861648385661e-05,0.00031302347573803393,4.248054397759747e-05,6.925481696702512e-05,3.658900157670992e-05,0.00013677210596069536,0.00034629672300626104,-0.00022334562364230456,6.228079886849423e-05,0.00013643012730690855,0.00029722521655795335,6.196898950490582e-05,9.515974088472159e-05,6.0850321461692835e-06,2.755398000844912e-05,-6.061770002953487e-06,-8.129017627354208e-05,8.257460192175463e-05,6.370347970543039e-05,0.0001188869118348022,3.1639445626525453e-05,9.69905753453192e-05,-7.845925241910019e-05,0.0002367166445553788,4.36514812850374e-05,0.0005237128991234844,2.4932469570727968e-05,5.957748899193321e-05,-0.00013937888795638684,5.502276779511294e-05,3.659573464782656e-05,0.0001962400612981058,-0.0002467661249674563,2.516241467885703e-05,3.594018048851352e-05,0.0001212660145685528,2.981615796391909e-05,7.383493981155807e-05,-8.386911216746923e-05,0.00012297980310773665,2.6942021154414192e-05,0.00039240589805853245,9.310646428003198e-05
ALLK,0.00017407574592551812,8.490919453350173e-05,0.00037002053845905847,-0.00027433147948317387,-0.00015121811449628284,-1.5047174783024694e-06,-3.7698575287826685e-05,5.63411982249026e-05,2.0981856897218568e-05,3.2812219148262576e-05,0.00026182999761021085,0.00042377259139499455,-4.415981688214564e-05,-0.0001456411368064546,-0.00019896538411840007,-0.0002566072488417142,-0.00013532831657602415,-2.3721017728967144e-05,-1.7445058523115197e-05,7.381648429979754e-05,-1.7917768043898393e-05,-0.0002770397797339489,-6.764226892997848e-05,2.315904673369308e-06,0.00010112998408045315,-5.259702336043331e-05,0.00014174367129981058,-1.5783310258039987e-05,-2.0215770739800967e-05,-1.2942367446544951e-05,-1.123120139668174e-05,2.027668775082288e-05,0.00019451039476499343,-9.760977696697085e-06,-1.1513211794279654e-05,6.355178227612558e-05,-2.542900793162313e-05,1.1220849766304223e-05,-1.4814383708888982e-05,-1.0664957405870535e-05,0.00013723233226684776,0.0005740139818364028,-1.5956807275415286e-05,0.0003175458088038948,5.496507045917208e-05,0.0005790701700797838,-1.1024778475517071e-05,5.675434897047908e-05,0.00019175463998862506,9.943945016599195e-05,-4.725461526247726e-05,-6.294537469534001e-05,-4.806354446817526e-05,2.2551966543506264e-05,9.556817904204622e-05,0.00026312154067317014,0.0004437937219904769,-3.272116129062445e-05,0.0001216071756863481,6.748161417669931e-05,9.342887435088893e-06,0.0002908820588311571,-4.281412404736443e-05,4.116730015419643e-05,-0.00042811185672440345,0.00012024320164804251,-1.6173730766819326e-05,-0.00010425357963449629,-4.0404825690108925e-05,0.00014655525708123587,0.00020140031225235127,-1.2059217334522845e-05,-2.9475186119975905e-05,-0.0002061853212501491,0.00013819645736921446,2.4675818115633964e-05,3.7024947049976225e-05,-4.8568497863948886e-05,-0.0001118791972345547,8.395056638335057e-05,-4.71494254471311e-05,-4.3266054969019607e-05,0.0004942915659947399,-1.1547094829901957e-05,5.4194486499468535e-05,-9.10047198954258e-05,1.3680530655116169e-05,-7.3958979123749136e-06,-0.00016034900463879226,-6.171866339333199e-05,0.0002210873118244016,-2.5547938902097737e-07,-6.744320301374558e-05,2.9858767408361363e-05,-0.00010710582155440507,-4.4942584402756464e-05,-2.7846439221733888e-05,-1.8436696470438377e-05,6.204134951473367e-05,1.2786267549374205e-05
ANIP,0.0003003432376941996,0.0005390835186115087,-0.00027433147948317387,0.004321912352326925,0.0007103280236924516,0.0006398022380145232,0.0009125987171169333,0.0009464864567564114,4.3844784883519325e-05,0.0008089416559815181,-7.339592486409689e-05,0.0002690744928965884,9.33258968771622e-05,0.00010597093817369948,0.0008518895788722898,0.0008156756518150123,0.0018178732050027416,0.0005601186673871158,0.0006040544509712586,0.00039121246130954503,0.00046625468154276774,0.0033273002389565946,0.0008954716597459305,2.910063263836959e-05,0.0010244279937432748,0.0003171104215026312,-0.00039874085956431216,0.0003418063530930187,0.00021926303162978105,0.0003653733114414521,0.0006181090246921297,0.0008632084587226079,-0.0008647448925635449,0.0005649446483811306,0.000789078536272815,0.0010676009954734918,0.0006832304779587273,3.152733984239941e-06,5.836974872018907e-05,2.7134806993331403e-05,0.0005578037031189888,-0.0013135252118961465,0.0014712944632791747,0.0007718000374854991,0.0007766378090866865,0.0011677045053988795,0.00030193195168297084,0.0006599241455671885,0.00019083416879842193,0.00041208894222546347,0.0003721558484867728,0.0005379008066758947,0.0006815389387120618,0.00017568884615332724,0.0013414050719551497,-0.0018958389232594647,0.0007344284401793275,0.0004749372831928288,0.002516390053205237,0.0006096945127195335,0.00033708558084977105,0.00042694855853162066,0.0003460519605484375,0.0004616945172304757,-0.0011597699729386766,0.0004342619916489109,0.0005832288770194795,0.0015982275913526893,0.0005918326232729574,0.0008863369518970119,0.0006736332816950022,0.00038095907685892926,0.00016730995608514143,-0.0008642792254512777,0.00037210577885395314,0.0006052000628245074,-0.00024121343514657074,1.1068075438390845e-05,0.0010027929453890175,-0.0023070321666420345,0.0001482864320062312,0.0004589169022887479,0.002097108415593157,0.00018919153098814504,0.001627094499281417,0.0006868250676277693,0.0006103159096019196,0.0007122588825516184,0.001870399747885049,7.414277228143647e-05,0.0016388081879663244,0.00018404415853440692,0.0014653683750748224,0.00033284516886430233,0.000709555541695126,8.581195375535396e-05,0.0006349143291801994,0.00016808386845543416,0.00091996287029689,0.0005433185731024155
ASX,3.431854195339706e-05,0.0001007056343208937,-0.00015121811449628284,0.0007103280236924516,0.00040786657972986183,0.00018568356031632778,0.00030419535493694913,-6.761623912776408e-06,7.879679146383825e-07,0.000137858782119501,-0.00013417179892116313,0.000357244355104542,4.753091349777473e-05,4.9150189089604226e-05,0.00013686511523051899,0.0004210433928924763,0.0002850601771735909,2.4893809227839615e-05,0.00010388606140140756,0.00021116138658221372,0.00013910118717523002,0.0015387364361958101,0.00022722357779466476,4.645334268194078e-06,-2.061345628219493e-05,0.00022578652928211104,0.0004374418792236375,8.48446109338714e-05,9.918976531777781e-05,-3.810041550695572e-05,0.00021913551995957322,4.711865333664519e-05,-0.00025551434926513687,0.00022503124737991096,0.00021574655502892148,0.00013340639921734742,0.00018981697944882834,-9.128477974920004e-08,-4.486299025991878e-05,0.00014197117256970534,0.00021558085993588936,0.0002005748474568271,9.53973361840401e-05,0.0004244107300719101,-4.487600592880014e-05,0.0003309558602305174,4.508911134374053e-05,0.00016660094005652645,-9.692367758331467e-05,0.00027533961981927386,-3.529995816675664e-05,0.00025230229317541736,0.0002609214794255287,7.942032205319407e-05,5.527132826420986e-05,0.0006645582414189624,-0.00014388755677106335,0.000175949960671033,0.0008103072080915013,0.00014491045204964725,8.460967892871326e-05,0.0002951424012487171,0.0004549276927995119,0.0002995334806365777,-0.0014645355302897285,0.00023689720623886926,3.980922379505535e-05,0.0003889949881441927,0.0001472993666975757,0.0003122476962514913,0.00031850321780891146,2.4986880990673487e-05,8.177839425260898e-05,-5.806952654574321e-05,3.6202065086941306e-05,3.997099666124211e-05,-3.983199317569924e-05,-4.673238008859213e-05,0.00034828151445056015,-0.00015627980253682687,5.401310032523088e-05,0.00015850867269652353,9.644413612628673e-05,5.3838347154746825e-05,0.00017949729465000153,0.00013525301566466217,0.00018415736240939197,0.00022777513429997863,0.0003239914769708326,0.00019696345769468627,0.00018895071453014193,0.0001307608305410672,0.0002827182378376121,-2.188574787436819e-06,0.00017713448554005287,-2.6924763018769714e-05,9.366789451971646e-05,6.270773388404539e-05,7.770748329326736e-05,5.232535570156818e-05
AVUS,0.0003153718360050418,7.23518282854196e-05,-1.5047174783024694e-06,0.0006398022380145232,0.00018568356031632778,0.00027242621250006446,0.0003143731659696681,0.00023409925035083193,-5.518843008278141e-06,0.00021848655757907956,1.570822542793108e-05,0.0004043298119695946,6.978920560092617e-05,8.413482024104246e-05,0.00021333483656550602,0.0005633689957570342,0.0003492239103464023,0.00022388503067909468,0.00022480359491808475,0.0002508470024823512,0.0002398125596413601,0.0010232132845514883,0.00029081948180869564,2.2426602873925928e-06,0.0002647858404164604,0.0003200861744056368,0.0001746057724517005,9.151709941731745e-05,0.00018746926312040177,6.510514643888959e-05,0.00025398402159413627,0.000261774897442257,-8.692806496305229e-06,0.00021844673403294422,0.0002864952931303662,0.0002361370123183886,0.0002709085876327321,-7.608170079935881e-06,2.4108043024178184e-05,0.00018060945785564078,0.00029680423597875646,8.234532536926635e-05,0.0003065980997904537,0.0004268047241626849,0.00019663446541497395,0.0005993710425402453,8.893289370334379e-05,0.00036691107099814246,9.283379542935888e-05,0.00031897468606748903,8.14068009890885e-05,0.00017362308908578535,0.00027690820953101626,0.00011601076221341808,0.00040831207361495753,0.000477182300531791,-0.00013701981788702205,0.0001866630004814315,0.0008241523752203722,0.00035312781460061787,0.00011337245054472047,0.0002155671482243234,0.0002857703333672905,0.0004476022030133901,-0.0008226937120522543,0.00028415655216099296,9.140235476726249e-05,0.0004121073354198582,0.00022244479713191904,0.00039739999436225497,0.00040435068685133757,0.00022092497041934222,3.5015348132841595e-05,-5.087940840681667e-05,6.377089169132564e-05,0.00021804797806327742,0.00016150383029548112,-8.283587353488447e-05,0.0003243683905894653,-0.0001398430553254497,0.00019108685794531587,0.00021123314885826048,0.0005492585558323664,9.175561566554757e-05,0.0006029117053499853,0.00017270608322252155,0.0002612128456990719,0.0003172297756024887,0.00040160391995517296,-0.00022667256270893346,0.0002737991877314366,0.0001814800946890272,0.00040288795766243936,0.0002569817508162055,0.00025113356088532485,2.702202131533273e-05,0.00023099916377060888,4.380733013628665e-05,0.000493677063827148,0.00020366140646936064
BBC,0.0002953776906265872,0.00010192056221679942,-3.7698575287826685e-05,0.0009125987171169333,0.00030419535493694913,0.0003143731659696681,0.00045969814269336074,0.00021113666573527258,1.7075677427688948e-05,0.000259806658859362,8.041221639487868e-05,0.0006898079998814664,6.67044736828203e-05,4.741784530829584e-05,0.00010353801585345761,0.0006274900759494481,0.0006236955159767853,0.0001010776695355893,0.00019143578503102461,0.00038251210612769783,0.0002392602627822786,0.0013054934373930912,0.0003342186130030646,1.0825963531556197e-05,4.903650180565842e-05,0.0004811105039642814,0.00010885151054029081,0.00012759805317015798,0.00016639432247489346,3.25384348633136e-05,0.0003111588113643928,0.0002440902294195326,-1.1446994663647332e-05,0.0002705868605253378,0.00034490086830795357,0.00031922333467382553,0.00029970908687167305,-1.189260784310962e-05,-5.269763992310485e-05,0.0001813596230248346,0.00033056391358422175,-8.156694011849795e-05,0.0003349078440589532,0.0006847459203029719,0.00015307793224128942,0.0007404355332850627,7.848620042752464e-05,0.00031693359797275116,8.105939487228978e-05,0.00046263305118471294,3.670160083698737e-05,0.00023049619641879864,0.00036171383678667055,9.044360303973962e-05,0.00019417860484110473,0.00040178019486750616,-0.0002637836545469888,0.00021569065968637325,0.0009529758587262936,0.00037001615778983434,0.00011351897527238854,0.00044482195800764443,0.0003944010029516656,0.00044331887117232655,-0.0016488057349434847,0.0003672955993750511,1.5694290606874688e-05,0.000591313014565279,0.00023133802196764492,0.0005476642763128345,0.0005390164489725279,0.00014636288359086815,7.413572835675655e-05,-0.0004365400707368674,0.00010733561776883435,0.00015441030098495734,0.000160875418134742,-3.463475382410684e-05,0.00043965168135330906,2.4027679378040246e-06,0.00019224354010684625,0.000237512191928956,0.0005042155654335291,9.704247829547703e-05,0.0006103346526912801,0.00018919860139423336,0.0003186826391780807,0.00032484841473627937,0.00046931494370238867,0.00017712480382452684,0.0005108174493629431,0.00016826538060567958,0.00046314218219795333,0.00021540988068852673,0.00015611535852011035,-2.5250338478364962e-05,0.00016714863412884283,7.96204854665191e-05,0.0004127091035329382,0.00016447553606697938
BBRE,0.00032721531337756663,8.174037961225373e-05,5.63411982249026e-05,0.0009464864567564114,-6.761623912776408e-06,0.00023409925035083193,0.00021113666573527258,0.00043532138431065737,-1.8151984231849785e-06,0.0002537609193054698,8.027084642042044e-05,5.0719290885236925e-05,2.7754407724417765e-05,5.9293846302463394e-05,0.0003054161572732989,0.00036453759184233595,0.00040710208502361023,0.0003439965004004062,0.000267609562950973,0.0001304809442329553,0.00021336562558427468,0.0004840382066984655,0.0002755284735058016,2.030957644979304e-06,0.0005644472923182357,0.00010667273560223834,-0.0001946608768651245,8.28492908592502e-05,0.00013733335300956226,0.0001857177470816585,0.00017119559574928025,0.0003966406828734629,-3.219054040244022e-05,0.00012915420218079368,0.0002530205666950586,0.0003405524962537169,0.0002426257401368176,-4.86920193967492e-06,9.309342635614457e-05,5.714121997521159e-05,0.00020975728444059305,-0.0003670572626424757,0.0005342482442564993,0.0001604223744258067,0.00039362078467327765,0.000545983993188624,0.0001174746822464242,0.00037863181917313106,0.0002100539204579242,0.00012405559196369058,0.00016516827049976242,6.189275527619888e-05,0.00018022653879606174,9.103834536949638e-05,0.000705228903724015,-0.0004210737141816893,0.0003399839978413301,0.0001236527683002958,0.0006812577834434051,0.00035823028025453726,0.00010933749409617616,5.2901547025028335e-06,-4.563867441377676e-05,0.0002555647142290845,0.00048020119596460964,0.00016053635092863993,0.00020477726328703758,0.000392193624157612,0.00022062576954493318,0.00027765386030823865,0.00023675167298110487,0.0002818220662015913,-7.665892659070492e-06,-9.803761833420294e-05,0.00010035250430584667,0.0003206362252834599,0.00011446826825263942,-6.73104757088704e-05,0.000220767745641484,-0.0006092550401347607,0.00013773148673542875,0.00016454231959131936,0.0008890230166442039,8.117704036825218e-05,0.0007726327277449667,0.00020886574851544876,0.00021582608510746206,0.0002797951679866814,0.0005159139712200611,-0.00046731054507134773,0.00043767433829387396,0.00011023255977446175,0.0004654213540530919,0.0003126611184586327,0.00028614336964066095,8.403019910351892e-05,0.0002955317602943796,1.6408583408727533e-05,0.0006213267703925927,0.0002764724856282504
BIV,-8.281324289829427e-06,1.001607136149869e-05,2.0981856897218568e-05,4.3844784883519325e-05,7.879679146383825e-07,-5.518843008278141e-06,1.7075677427688948e-05,-1.8151984231849785e-06,1.0057913079038867e-05,3.825222837843568e-06,4.8743347502200833e-05,7.01430799451374e-05,-2.0354351865156937e-05,-3.457806883819151e-05,-6.09827908964198e-05,-4.185773264601049e-05,5.4031660742850785e-05,-4.724770665154993e-05,-2.2362375593565317e-05,3.528713243948083e-05,-1.75242857587841e-05,-2.9787584978940892e-05,-1.1760076554614221e-05,2.724757537230635e-06,-4.981808783679371e-05,1.3482744067684266e-05,-2.9543807443818853e-05,3.570515615694157e-06,-2.7578530174866048e-05,-1.7129132267346516e-06,-9.002819082838655e-06,-1.0042605101191589e-05,1.0927785941668768e-05,-8.598139578574103e-06,-2.005375712539103e-06,3.45982483464779e-05,-1.1620827937766686e-05,2.348353457905241e-08,-2.2708704811155477e-05,-2.0748664586314165e-05,-5.4905963603829384e-06,-8.055357583971167e-05,8.582176862568246e-06,6.618835557572152e-05,-7.776442276300777e-06,6.975981602244568e-05,-7.279055927355742e-06,-2.920202871486551e-05,2.1454437977354306e-05,2.0480988990681776e-05,-3.37266907053751e-05,-1.1712949220734682e-05,1.0308690596998792e-06,-1.660365018626503e-05,-6.439634917113359e-05,-8.37573673008487e-05,7.437558766404959e-05,-1.3888079009445657e-05,-1.0324408294023441e-05,4.027414122373436e-06,-9.346103745168428e-06,6.900864635397242e-05,-1.293248923991595e-05,-4.027030694099774e-05,-7.615798934966175e-05,1.7205051969630434e-05,-2.6911566516465534e-05,3.350361633964363e-05,-1.2755680113632686e-05,2.93036219715227e-05,2.2173994305290893e-05,-3.471485137463017e-05,1.3078835220590555e-06,-0.0001578246736646094,2.1990749945378426e-05,-2.471723962030119e-05,2.6804246577914483e-06,1.1576051216001899e-05,8.985089166191754e-07,3.653782896239822e-05,-1.8348721497340813e-05,-1.049711352474338e-05,6.735166677913096e-06,-5.344010749751468e-06,-1.3682537646913395e-05,-1.4852671418363806e-05,1.6088565855170957e-06,-1.7378048789821896e-05,-1.1637204509342167e-05,0.00010669332831476969,0.0001015682532888655,-1.9151388083093375e-05,-5.444387794146166e-06,-1.951771307800568e-05,-5.279410367135676e-05,-1.8434871195316425e-05,-3.2970520889675005e-05,4.248244481968633e-06,-2.014927980393016e-05,-1.72648597111887e-05
BMY,0.00022341614064798465,0.00021134143815857006,3.2812219148262576e-05,0.0008089416559815181,0.000137858782119501,0.00021848655757907956,0.000259806658859362,0.0002537609193054698,3.825222837843568e-06,0.0002471406170304725,1.8816434191061473e-05,0.00025968178496458503,6.73109790022206e-05,6.255948547737524e-05,0.0002383018409110633,0.00029112350412107833,0.0003768024942806871,0.0002008628412558959,0.00020573617340228096,0.00015430659930777986,0.0001833936445851324,0.0007599486008539894,0.00025167070361027584,5.597891733726882e-06,0.00032050787954470214,0.0002660641609183118,3.233410040290012e-05,8.74730640511392e-05,0.00013384965746341836,8.948374084756458e-05,0.00022127384108997357,0.0002543190926398567,-7.947267698316686e-05,0.00018678044868712218,0.00024195522463391834,0.0002695749399860871,0.00022363422591109566,2.019985967333551e-06,2.341212121033969e-05,9.34380508573293e-05,0.0002606469954675543,-4.2855283498842486e-05,0.0003315097821549875,0.00033137319454467983,0.00022545676028474127,0.0004803190176781134,8.712521036145568e-05,0.00025566480568275826,0.00010453650540234761,0.0002010642420286191,0.00010759668928344272,0.00014709933108530802,0.00021302787189782745,8.498403684501822e-05,0.0003959315611147867,-0.000136273624067629,-0.00018659195959203103,0.0001594383760913739,0.0006952100222062137,0.0002592093599118299,0.0001078000996670953,0.0001478360395273725,0.00017768164149598769,0.0003745462328478964,-0.0005212746947964543,0.00019730280560372612,0.00013771370769814813,0.00041449370866475827,0.00018341467067356818,0.0003102128981051716,0.00027242660441296964,0.00017486909786385945,2.3582704393040406e-05,-0.00012808548518216368,9.443950296616624e-05,0.00020005916250279718,0.00011872996087936987,-3.061749067857645e-05,0.00026187361295370654,-0.0002733392603899626,0.00019273169598743744,0.00015900298716894963,0.0006726798414753319,7.250015329940735e-05,0.0005089396379293642,0.00010690963749553026,0.00020464914706833513,0.0002329102604953211,0.00041567011077758994,-0.00022076682580340613,0.0002934728525477655,0.00011842901663814196,0.000367476630586667,0.00019973217021187968,0.00020531272822457673,2.7061523643978853e-06,0.0002175845468129631,4.0711966977470586e-05,0.0004787373859809691,0.00019165220150134786
CAG,0.00016470853075483395,-5.126271835291879e-05,0.00026182999761021085,-7.339592486409689e-05,-0.00013417179892116313,1.570822542793108e-05,8.041221639487868e-05,8.027084642042044e-05,4.8743347502200833e-05,1.8816434191061473e-05,0.0003929902086649052,0.0005578915672622257,-0.00011164915597521048,-0.0001989006644350603,-0.00037921661552633144,-0.00010167746141736388,0.00021167064923410488,-0.00016594636290676439,-7.812566027420874e-05,0.00025239108798414035,-3.876527905198596e-05,-0.0004118524853393106,-5.743439476670668e-05,1.0872951564808786e-05,-0.0001655201582638751,8.518284711691702e-05,-0.00016953193538786057,8.721353121239536e-06,-9.07608442264579e-05,8.723814173622379e-06,-4.1012605728356945e-05,2.9882606842388578e-05,0.0002793721407269237,-5.3571749215875984e-05,1.5494362854194765e-05,0.00018719547088854737,-2.9373851668153205e-05,-6.199549776243306e-06,-8.98592009216503e-05,-5.425146986593835e-05,3.742063499314475e-05,-0.00020887932241436653,8.675719326425972e-05,0.00044375744258602287,4.717079317625886e-05,0.0006556741259929327,-2.9692546551438777e-05,-5.6395970439762145e-06,0.00023239959349000177,0.0001974613847207538,-0.00015093762412947458,-0.00011585301726010322,7.926082661558096e-06,-5.337846511457711e-05,-0.00017262600054697308,-7.498341391769433e-05,0.0005789570395982982,-7.846206492707631e-05,-1.6668722641677285e-05,0.00015276058416437672,-4.04302658598852e-05,0.00042392883342446503,-0.00012061377558751978,-0.00013939207627294815,-0.00036073462785012647,0.00016696461235018412,-0.00015943439218381582,9.152875521783129e-05,-4.2525617426644713e-05,0.0002445118345744605,0.0002577997345262202,-8.415497961357432e-05,-1.7422999330604582e-05,-0.0007988583526432695,0.00013886955765462892,-4.866545034413374e-05,0.00011392689143902606,4.042138500854254e-06,-3.5327128402931316e-05,0.00030735930755346875,-7.770875131278489e-05,-3.20315138662036e-05,0.00024368476781607817,-1.1328077308896878e-05,0.00013845387771194473,-5.062068943805064e-05,5.537933346264026e-05,-2.9327043321159474e-05,-0.0001235761984771282,0.0003686887294859847,0.0005812848376363874,-5.4684003825351115e-05,-1.3243572868441166e-05,3.58583933728114e-05,-0.0002644324398852489,-6.554315436976768e-05,-0.00013202974729965454,4.591746750129096e-06,3.8808514482111216e-05,-3.1458621370460974e-05
CCL,0.0005860278304544542,5.636809243857595e-05,0.00042377259139499455,0.0002690744928965884,0.000357244355104542,0.0004043298119695946,0.0006898079998814664,5.0719290885236925e-05,7.01430799451374e-05,0.00025968178496458503,0.0005578915672622257,0.00219329149468156,5.868731091957864e-05,-0.00018975904299504547,-0.0005395655134014481,0.0006571141667010361,0.0007351041049039977,-0.00023398844571119814,4.417036405436211e-05,0.0007968066804980497,0.00023999488090415704,0.0015935865810076724,0.0002861830907335564,2.3663927627031534e-05,-0.0005360090917481368,0.0008073926704336721,0.00043726670306491066,0.00014824200006853365,0.0001872827008756358,-0.00019654893282750112,0.00044210526710019665,0.00011018942201420152,0.0004850055080424553,0.0004000744042578458,0.00042459611619001357,0.00031372831094229566,0.0003169471283346483,-1.604239248767485e-05,-0.0002481081725424281,0.00032181041418268696,0.0006391603014840885,0.0011813346987397564,7.713266750452063e-05,0.0017697308105935616,-3.359175055481466e-05,0.0018100544374301392,7.312094945452559e-10,0.00035408554527237166,0.000222860664223021,0.0010658581280152833,-0.0001102504015645718,0.00030337432017799054,0.0004853594136529315,0.00011555218145218335,-0.0002987078476431445,0.0018894793205725257,-0.00024578141662645484,0.00025997908409594134,0.0013438963884590837,0.0004622741223574636,0.00012066628854732004,0.0014367327752970649,0.0007773869878552589,0.0006121494687938859,-0.005136396448050873,0.0007696670689290956,-0.0002882861113906828,0.0005340763607770749,0.0001671283163340206,0.0011025635647797993,0.0012639519634016097,-1.1210906897475329e-05,0.00014197397809812283,-0.0011566838434649022,0.00031943368163041155,-3.6311672296985312e-06,0.0002186392282661491,-5.000652186048754e-05,0.0005017740353575057,0.0009093189276294867,0.00011437134150771389,0.0002526319193904341,0.0007244698103752016,9.651786429330478e-05,0.0005698481603515984,0.00012114461332478972,0.00046532003671766246,0.00035783299428180726,0.0001299392514689673,0.0010252454942874616,0.0009582982178797958,0.00022110749924054542,0.00034178318721867385,0.0001784722637310897,-0.0002071288243518891,-0.00018508829140175147,-6.425725611735191e-05,0.00012336625424723524,7.449425147757286e-05,3.1028120179900044e-05
CHNA,4.9904872543771165e-05,6.63341988563208e-05,-4.415981688214564e-05,9.33258968771622e-05,4.753091349777473e-05,6.978920560092617e-05,6.67044736828203e-05,2.7754407724417765e-05,-2.0354351865156937e-05,6.73109790022206e-05,-0.00011164915597521048,5.868731091957864e-05,0.00015083469941118782,0.00013568499699207054,0.00017693680824567583,0.00013378150105348367,0.00010048749074917876,0.00010875105844610276,7.773568073764487e-05,-9.645925657350102e-05,7.775891807547957e-05,0.00016928043287844677,0.0001013692202875003,-1.4535206253492235e-06,1.754839027288995e-05,0.00014675188655169095,-0.00013202644888297074,2.502500098829684e-05,0.00013311328386776035,-3.765229664071498e-05,0.00013776971657397717,6.136118233492365e-05,3.143441153008462e-05,0.00011762817946732279,7.198197744951629e-05,-9.535103823857531e-05,8.555314984334113e-05,-1.0887882816621252e-06,2.8285934327066515e-05,8.340778406438457e-05,0.0001072664528834145,0.00042638532242331254,3.3739456653606674e-06,-2.117037809331132e-05,4.64208216532876e-05,-0.00021037814331396963,2.452487982268148e-05,5.6090284869141175e-05,-9.486716464813905e-05,5.695392620665142e-05,0.00023653395709792168,0.00012585328797643089,6.008242569481711e-05,5.470013712532904e-05,0.0001040274384303881,1.755290019103536e-05,-0.0007890676821065792,0.00011776191156877535,0.00014285223042682647,-7.033870147264624e-05,6.538774433264866e-05,-6.988012239439711e-05,0.000137580550330296,0.00022626284255118366,-0.0009359245027189208,-3.3747426734966605e-05,7.696711260511723e-05,-2.6656337148026362e-05,5.634400099110378e-05,2.601652877551203e-05,4.7337887582750784e-05,0.00010407126339243202,4.2929886233475794e-05,0.00035390473969709746,-1.539841782608777e-05,7.079005608781198e-05,-3.7041837985178325e-05,4.908071129879394e-05,8.528624821244431e-05,-2.262257738752109e-05,0.00013206754506854456,6.326768398630468e-05,0.00014530550880002358,3.0413646638765874e-05,9.471057311801007e-05,7.546469307621703e-05,4.808880538184067e-05,5.4740450874670635e-05,0.00014119139498723092,-4.296681822212091e-05,-0.0002633486276053938,5.810235980723945e-05,8.076864825308216e-05,6.757246071610121e-05,0.00011976753929867445,1.9729997958012167e-05,0.00010265686509314067,2.1903251947053166e-05,-2.965216294338294e-05,5.245714613687498e-05
CHSCP,5.601382902983532e-05,3.431398941434829e-05,-0.0001456411368064546,0.00010597093817369948,4.9150189089604226e-05,8.413482024104246e-05,4.741784530829584e-05,5.9293846302463394e-05,-3.457806883819151e-05,6.255948547737524e-05,-0.0001989006644350603,-0.00018975904299504547,0.00013568499699207054,0.00018995163847667718,0.0002999331941412353,0.00026955757717927103,3.999041956803053e-05,0.00019489125836784428,0.0001276490770093398,-0.0001011135426074991,0.00011351726466284706,0.00019939261390363786,0.00012813679093558276,-5.752399009564056e-06,0.00014685531529368972,0.0001453511285619796,-7.411210989113623e-05,2.1660323055795405e-05,0.00015029621283562086,1.834004974949627e-05,0.00012018104647316144,0.00010030527098012149,-3.119029662514249e-05,9.574699806133913e-05,8.123009316241026e-05,-7.318302566746588e-05,0.00010936807548033986,-4.233575126269762e-06,6.904896553421482e-05,0.00010164183877863421,6.741853575467382e-05,0.0001232559714729936,5.212259064566487e-05,-0.00018038945754726736,7.911609920315438e-05,-0.0003063952987656973,4.511021374506742e-05,0.00011534699514441605,-9.782031548462132e-05,-8.795078003644755e-06,0.0002069657323306117,0.00010336489794446062,7.255198108477155e-05,6.293371158022122e-05,0.00021745488556449533,1.9481110249171217e-05,-0.0007507012400351608,0.00011201169491904427,0.00011181523882782015,1.1455124930564455e-05,6.051346853831079e-05,-0.0002489010365437574,0.00010532863193070669,0.0002663821858147369,-9.474113654457548e-05,-4.8035446380411147e-05,0.00010853372792039951,2.951773317376756e-05,9.605599574511687e-05,-3.5940846794175956e-05,-4.243487867529772e-05,0.00016653157279434576,1.776972427064023e-05,0.0004901344073635755,-7.92280598762321e-05,0.0001172732751686961,4.777868975814509e-05,9.521115950933846e-06,0.0001007401839112868,-6.724353788244652e-05,0.0001851543177960581,9.142326616955719e-05,4.2577438226749704e-05,4.3679095000888456e-05,0.0001696995209285128,8.413314685430721e-05,5.246465472272808e-05,9.731331694611529e-05,0.00018682852484328588,-0.0003128668609056031,-0.0003488379748920056,8.78440240967705e-05,0.00012301133828902322,0.00012918209660656228,0.00021457834401057956,5.598568948741987e-05,0.00016489350288930154,1.085856969536585e-05,0.00016945784018785188,0.00010020520421606987
CNET,0.00015340090962736024,0.00021217422249596515,-0.00019896538411840007,0.0008518895788722898,0.00013686511523051899,0.00021333483656550602,0.00010353801585345761,0.0003054161572732989,-6.09827908964198e-05,0.0002383018409110633,-0.00037921661552633144,-0.0005395655134014481,0.00017693680824567583,0.0002999331941412353,0.0007458934282208801,0.0004356215203495899,7.381672717106795e-05,0.0005322656679791638,0.00035940752384921765,-0.0001678980907118679,0.0002619843458548213,0.0008914996304594001,0.00032509830772686435,-1.1220433499471189e-05,0.0007563672601743289,7.613861194740286e-05,0.00010144559784475102,6.562016689759652e-05,0.0002600656900121321,0.00015950843078185996,0.00023353818928616553,0.0003366899001618347,-0.00032140107233323496,0.0002019005057094569,0.00022637853101511315,9.772793614239863e-05,0.0002731763126513225,6.597552257687383e-06,0.00019375187080820566,0.00014454993848350974,0.00020697419744626945,6.066948635097591e-05,0.0003623271790358758,-0.0003160912028056123,0.00031533562697785784,-0.000194339030879472,0.00014752878299164305,0.0003746780479321873,-5.6447005769172687e-05,-9.28479080340511e-05,0.00033154059647613374,0.00020076920315925372,0.0001660698323129827,0.00016304460331596578,0.0008728859975290332,-0.00020934568961633495,-0.0005571842948826494,0.00022271776235717285,0.0006707448192167456,0.00017989092389759015,0.00015948589925935538,-0.0004792349270953585,0.00014187080972836126,0.0005212190713987274,0.0007782037235160493,-1.7240340510012e-05,0.00038248594667238876,0.00026153154285727493,0.0002612760452681332,-5.694836054080727e-06,-5.909319573481549e-05,0.0003815975699050174,2.978567280382512e-06,0.0008905152525444617,-6.414918612548515e-05,0.0003672020518800835,4.671816797772733e-05,-7.704613525630578e-05,0.00023949977340063727,-0.0007984919262931405,0.0002931563420942755,0.00019983552982772806,0.0006209502830622471,9.566560265321241e-05,0.0005592804393743218,0.00019938697815844765,0.00014606485011990365,0.00030296726282143314,0.0005908461203727938,-0.0009832495425835125,-0.0003451295674874141,0.00019186035601168419,0.00043154239013049354,0.0002808878906466065,0.0005818352995768534,0.00013620608428033715,0.0004517613076668174,8.735237437488225e-06,0.0006406440599388939,0.0003124746716004564
CRMT,0.0006555012532869509,-0.0002144964772441162,-0.0002566072488417142,0.0008156756518150123,0.0004210433928924763,0.0005633689957570342,0.0006274900759494481,0.00036453759184233595,-4.185773264601049e-05,0.00029112350412107833,-0.00010167746141736388,0.0006571141667010361,0.00013378150105348367,0.00026955757717927103,0.0004356215203495899,0.0016330976289774199,0.0005735699647850568,0.00047377964809905247,0.00044199615776847775,0.0005690438842551855,0.0005323933960676364,0.0021814740786913795,0.0005942947109505767,-5.581275078165205e-06,0.0003514220803381908,0.0006716622595735011,0.0004485160103480161,0.00016268977803603473,0.00043351298287372977,0.00010238833433282492,0.0004746550240350093,0.00047640143681773535,6.200930776126264e-05,0.00040470452271314065,0.0005676923112443011,0.00031475166275846367,0.0005604565516967181,-3.9458707562340554e-05,6.995156154661073e-05,0.0004762564025422858,0.0004775351874972606,-6.106907661571711e-05,0.0005074478735122637,0.0006698349866909413,0.0002871268796082445,0.0009352920429208016,0.00016519726157885348,0.0008302772807666751,7.12794053200586e-05,0.0006828679310834393,0.00010669664418469014,0.0003337301459731079,0.0006001607518044517,0.00024122337903159232,0.0007206210389468714,0.0017844163415241937,-0.0003274730453346154,0.000364923122664131,0.001492020174442747,0.0007880132740235929,0.00018871606139666115,0.00026674463245608687,0.0006430407921483985,0.0008770806318656057,-0.0012807875718129315,0.0005733005480273411,7.619559908416224e-05,0.0007379426579010724,0.00047839070753602096,0.0007344152780118538,0.0007943287594579304,0.0005036420564321566,7.454569792642892e-05,0.00018759909977743785,-4.1371775249349255e-05,0.00041701686940664746,0.00040057380933606213,-0.00022900074411134956,0.0006973713877430214,7.111252998147775e-06,0.00037230697544854223,0.0004803744489057929,0.00043768166943570206,0.00020160863510049307,0.0012282318916147644,0.00045517331398791674,0.0005391002660922699,0.0007046419693695842,0.000719623077871632,-0.0005019325017098816,0.0002925019832173378,0.00043113595948903556,0.0007825675444189099,0.0005795783077825866,0.0005797551618747373,0.00013215549456106952,0.00045101961095858395,7.852456421761254e-05,0.0009410965353637879,0.00038580089820053283
CYRN,0.00023904916264112037,0.000132341953918267,-0.00013532831657602415,0.0018178732050027416,0.0002850601771735909,0.0003492239103464023,0.0006236955159767853,0.00040710208502361023,5.4031660742850785e-05,0.0003768024942806871,0.00021167064923410488,0.0007351041049039977,0.00010048749074917876,3.999041956803053e-05,7.381672717106795e-05,0.0005735699647850568,0.0013397413996703448,3.113510473633685e-05,0.00018281707621926708,0.0003892359506014135,0.00021465077726684235,0.0010139017126021496,0.0004261199331353993,2.6892514050379635e-05,-0.00010817079061430982,0.0006015773733413182,-0.0007680664497108007,0.00019253662605854698,0.00011634108944909662,8.919601183199226e-05,0.0003599552645291453,0.0003851756289763926,9.379802173163372e-06,0.0002872670592724203,0.0004178976622167625,0.0005033592567519215,0.00033124538342885673,-2.3728618428354046e-05,-0.00010825360029950021,4.479346444940559e-05,0.0002578502001866708,-0.0009263296179996656,0.0006538471250106998,0.0007162130256625397,0.00031838988514982445,0.0005992113014239305,9.156006607322604e-05,0.00019060830218311898,0.00010834063783626469,0.0004840409210144521,0.00021935221959248945,0.00024408807481584598,0.00040616067301688357,5.813333397097361e-06,8.899818079232224e-05,-0.0010876849903043116,-0.000494072211566294,0.000233157701541954,0.0008851040764300437,0.0002974102201089333,0.00012088059352022697,0.0005087323546696959,0.0001931764216962864,0.00020960070805394582,-0.002049679881322638,0.00027586805102039344,1.6890938989909447e-05,0.0008448573129677648,0.00024814628951180736,0.0006271665809378504,0.0005316302045057878,0.0001101694514933073,0.00012700053290760847,-0.00106902965355831,0.00019357115115979,0.00015841629349082245,5.259341310279305e-05,0.0001532779685123176,0.0005534492013289316,-0.0002597660685298501,0.00018266678194980794,0.00024207356315897552,0.0007273615306756251,0.00010058229916167997,0.0008273516337580036,0.0003248239944485182,0.00036436754495728686,0.00026452741108300295,0.0007960818346702878,0.0007767432534205853,0.0009776572869235676,4.497077384052826e-05,0.000659900647531015,0.00021789199320563582,3.048797645316927e-05,-3.435595008129323e-05,0.00013637842902296102,0.00012749969868502216,0.0002720558517770068,0.000170815749132893
