,AXGN,BCPC,BEP,BKN,BOKF,CENX,COMS,CSML,CWH,DAC,DOC,DSTL,EBAY,EMSH,ESXB,EWGS,EWY,GB,GJT,GRF,GSBD,HA,HTY,IBD,IDRA,INTU,IRWD,IWN,IYF,JRSH,KOIN,KOP,KURA,LILAK,LPG,LULU,MBRX,MDVL,MELI,MITT,MJ,MMT,MNKD,MORF,MPW,MSC,MTGP,NPK,ORBC,OSS,PFFR,PIRS,PPSI,PRPH,QTT,SCHI,SCR,SDP,SHYF,SLY,SONM,SWM,TPYP,TRP,UZA,VBF,VETS,WLDN,AIH,AXP,BEAM,BIO,ENOB,GII,HVBC,IGR,INDA,INSW,JT,KFRC,LAMR,MCRO,MNP,NBW,PNNTG,PRK,SCHA,TSC,TWIN,UFPI,USRT,VRA,WFC,BIP,DSL,ESGN,IWY,SIFY,SLGN,BBH
AXGN,0.001338017397644446,0.0003605959383683741,0.0008838117462810988,0.00011718508051241616,0.0018992630456506952,0.0013806204897401204,0.0007049847632930433,0.0010269607661848772,0.0031610519283280813,0.0019898990985387837,0.0006254688961869314,0.0005336355071183877,0.0002852354427407806,-2.2318388968024574e-05,0.0012167412583923962,0.00034638524152901207,0.00035698724601280655,-1.0675729237506506e-05,6.649273445948328e-05,0.00046274196024206286,0.00026094822402944354,0.0021520563591418953,0.00024003231751219324,-6.74905442386013e-05,0.0007198343058629719,0.00016105547753699623,0.0002451810759427598,0.001175869321536379,0.0007346167104468824,0.0009232002882218592,0.0004153574315299031,0.0030801381497037967,0.0005667453773463034,0.0012824577588502217,0.0008996019558335246,0.0009111615065433905,0.0,-3.558417733048422e-05,0.0002495313843101374,-0.0026144341612187694,0.0004963738067658451,0.00020194606405774361,0.0007701420582167096,0.0006688109963150954,0.0011026267719110698,0.0001921840391287634,-2.3283945164785e-05,0.0005192932130049053,0.0016673709764690522,0.001141878582583321,0.00021375149011887125,0.0021321529154717175,0.00032130762541996783,0.0005076240263191743,1.4935879748341252e-05,-1.5625490268818612e-05,-0.0002009663718432003,-0.0010010932866267547,0.0011247762298208447,0.0010831965188015371,0.0020672622059954944,0.0016489463176981856,0.0007174613222874057,0.00025945602310218117,0.00022487091324833647,0.00035218707565663813,0.0001505766021007599,0.0005012131830090458,0.0005404349967389906,0.001126701712874801,-0.0008681444544371541,6.329537695657454e-05,-0.0003236219422602675,0.0005534253807586787,0.0003942483250593224,0.0006512101302170879,0.0006176395936886498,0.00016017599904135564,0.0009391885621191597,0.0009419638501594364,0.001577786431371562,0.0001407453089937816,9.663928395948876e-05,-6.697120039373414e-06,0.0007440167963038707,0.0013478390196583197,0.0009266528086101243,0.0012233428726936195,0.0010852110841725346,0.0014606713634137659,0.0007611887958301575,0.001818369070005264,0.001030583471188184,0.0006543905948511071,0.0006246786910342481,0.0005511692367977123,0.00030760229617998296,0.0007334813911862416,0.0002603364235190315,0.0004750133727946565
BCPC,0.0003605959383683741,0.0012234673234497258,0.0003997831104404303,0.0001668096643866261,0.0010842959840623155,0.0011514464128221304,0.0017777163147120248,0.0007907907946394691,0.0014577203050885736,0.0012039284981423914,0.0006456504310556666,0.000350663891927005,5.159899957780996e-05,1.0177055348765126e-05,0.0011581335244391232,0.0004068039874490477,6.80675145791441e-05,1.6870734864439766e-05,-9.829082705588088e-05,-0.0001822967486565143,0.00016430381888867925,0.0010986541940914282,0.0003274844945913861,-1.5313701736717092e-05,0.00029258248546276146,0.00025182021229805694,0.0003335519735650597,0.0007964125823911184,0.0003660025195790386,0.0010334330335457454,0.000267289993733509,0.0017640423155314278,0.0010400820036282666,0.0003931113172804221,0.0005003641805609081,0.0005141826316388447,0.0,-0.0005519114011726378,0.00011093132671259167,0.0008048210011366903,0.0012062243402660244,0.00020120394150880845,0.0007239932498155471,0.001013953580224065,0.0007026152826877555,0.0003706572879582359,-2.356989217204647e-06,0.0003132784826208856,0.00074953632447515,0.00029474088268695417,0.00026327608852388793,0.0007612599940786864,0.00015460496611741513,3.9386635549247994e-05,0.00028671458539409115,-7.062542847556738e-07,0.0004423751570866994,-0.00029968578487912236,0.0008518070309162206,0.0007717900257861281,0.0006134963302125322,0.0011098437135004754,0.0005806475479812537,0.000297086315470404,0.00010744530081277662,0.00026148388774888717,9.926614531783008e-05,0.0011011328947635132,0.000404391838607666,0.00020544062909929185,0.0009399510690680831,0.00025251227760432715,0.0004410470844663675,0.00030380797008654876,0.00012039796021879692,0.0005630442424791743,-4.618126437831497e-05,0.00037979067765611354,0.00047558586727367973,0.0009943629494630626,0.0008593412194028124,5.80089227759853e-05,0.00018072701071910518,8.152804263146049e-05,0.0001427812195614095,0.0006825565979058113,0.0006533642013080193,0.0008415325367038183,0.0011628661040447212,0.0011391805691048605,0.0005399098902274791,0.0009744011818314691,0.00018672069982959713,0.0002837580850701921,-1.1146174494575639e-05,0.00040610068079720903,0.00022770973419498848,0.0001603861205305842,0.00017955789916217235,0.00032421066414979415
BEP,0.0008838117462810988,0.0003997831104404303,0.0012864990283827761,2.010095033255486e-05,0.002073209638489977,0.0015052449223501062,0.0010242605092096314,0.001125633295225501,0.002009072833753493,0.0014017801727792027,0.0007851534043778717,0.0006434808248337202,0.000224344204803384,-1.6288828287323217e-05,0.0012419119852991858,0.000401250399892939,0.00039233308808111534,-1.9074103669762225e-05,-3.876660128053185e-05,0.0010629661204301208,0.00016056138851470439,0.002429771805600171,0.0003500693528966631,-8.2576847335778e-05,0.0005703390850061725,0.0004509672760714714,0.0006747648450418292,0.0012349624292711007,0.0008813347095151377,0.0006752568699308921,0.0005200336383663567,0.0027981326487179783,0.0009321671667379155,0.0014818798136580161,0.0008019065296291043,0.0009488777445476499,0.0,-0.00017665866929129258,0.0002207147695698249,-0.0007908597471303113,0.0009624235959105218,0.0001386147636470148,0.0009892291350396157,0.0010345970331044718,0.0012434596736383154,-2.39304596297495e-05,-2.2363809728720238e-05,0.00040317956140592103,0.0016093633502346069,0.0009524251032293994,0.00017401894796950266,0.0021917672385865315,-6.463421958627979e-05,-9.095611033662323e-05,0.00026986148025329637,-2.461585013472453e-05,-0.0006495080141369952,-0.0013154117989978272,0.0012655523545180816,0.0011240010011813269,0.0017920297973444688,0.0016707274060233888,0.0007527743911944853,0.00043959260289126283,0.00018201892875192857,0.0003651799419036884,0.0001338396162374696,0.0008935620121595887,0.00030020446589274055,0.0012269723208550467,-0.00044086999321777466,0.0003459747239479873,-0.0005672903061963826,0.0007070877219823984,-1.259665805374855e-05,0.0007213389635549698,0.0004051307970145933,-5.832667352220029e-05,0.0003927298584764309,0.0008018568402399222,0.0014475284460151513,0.00013988128706837296,7.3090380005728e-05,-0.0002046546221909251,0.0004116985602795396,0.0014253133488909475,0.0010013157178888016,0.0014741621106320083,0.0009797360668865216,0.0015697523938067305,0.0009165087388692178,0.001895624059407466,0.0015891686029363412,0.0007809403541801458,0.0005081917200423138,0.0006041897802019644,0.00039326780257287555,0.0008802682964323151,0.00044890293370402734,0.0005944299088001205
BKN,0.00011718508051241616,0.0001668096643866261,2.010095033255486e-05,5.799940885189181e-05,0.0001560937386856113,0.00016889054255923505,0.0002481025569962296,6.673738182725591e-05,0.00026014026311659607,0.00014980469680952205,9.649933005068505e-06,2.2600309635213872e-05,4.603309218190835e-06,1.567495689838488e-06,0.00011256869468583872,5.422109270296593e-05,1.610202367889839e-05,3.4970114429744436e-06,3.5898253819864704e-05,-0.00010737181115233656,7.663892592726586e-06,0.0001617909302138858,3.878386404786292e-05,2.757655256479427e-06,0.00010201026339464603,-1.643256078960925e-05,8.191231320500156e-06,9.555101881049412e-05,1.5942889894357135e-05,0.00022550721342891994,1.5448899086149865e-05,0.0001969748092678847,8.794383538288515e-05,2.3721778034051572e-05,0.00016253511110458886,2.609640260789476e-05,0.0,-0.00014179240339005274,4.229730572519774e-06,-0.00016369794156886744,8.19092503154038e-05,7.388820941220593e-05,9.428883303881828e-05,0.00012830672831895675,4.842850781550375e-05,0.0001131805671544639,-1.0431895734043064e-06,7.192093136766607e-05,6.994889720543724e-05,0.00011555963062424358,6.354762186480505e-05,0.00013124578715347244,0.00011212206090799061,0.00014764040921525683,-6.67715194677824e-05,9.494751455426782e-06,5.4973748622698775e-05,-4.199221586461755e-06,6.096958623231066e-05,9.305110475946128e-05,0.00012206086895886208,0.00016422339431898308,6.551708952007224e-05,-1.861867388716288e-05,2.6107777178043396e-05,3.873812055200109e-05,1.9334930522521502e-05,0.00012788889612715771,0.00010384017730409822,-3.463726552895379e-06,8.847582324130496e-05,-6.262466168887931e-06,-0.00025966968840061887,3.5166355596501574e-05,9.199335830852197e-05,6.026085004414897e-05,0.00010365498364910526,9.400790114618644e-05,0.0004012038211920062,0.00014924868936089738,0.00010302028298068583,9.273748221600494e-06,4.2433133860961844e-05,3.216278790019942e-05,7.422110702589792e-05,0.00010327518357912516,6.232006539739384e-05,0.00010448275648609252,0.00022832827626622035,9.582533338544089e-05,2.6500813407001307e-05,6.1030926353450894e-05,-4.269298792440941e-05,-1.643097247313328e-05,4.788324246595262e-05,6.084718737755901e-05,7.168375971145268e-06,1.0329005247490963e-05,-4.5110330549497706e-05,1.60244335885382e-05
BOKF,0.0018992630456506952,0.0010842959840623155,0.002073209638489977,0.0001560937386856113,0.005178957486789441,0.0037312690042305627,0.0024344238383775326,0.002499309134034495,0.0035584594002476618,0.0031464739374149303,0.001572435713374245,0.0013601413389550158,0.0005016559880191857,-3.750760775489659e-05,0.002745927896056292,0.0008833625410248693,0.0010585773719181057,-5.137992576890664e-06,-2.1546732384806867e-05,0.0018083307876524705,0.0007644531463301584,0.005285442050466256,0.0005597101794293713,-0.00011099846003259428,0.0007501436382990436,0.0006684257831569762,0.0009685758681884588,0.002863545357082353,0.002032873440742578,0.0013288639819500395,0.0011357401134362618,0.0066224041960616445,0.001518012575719724,0.003371911011128148,0.0024132331753935737,0.0017110457139138733,0.0,0.00010281946471443304,0.000810297385095034,-4.4198563596109695e-05,0.0020610148264860666,0.00031360207566560156,0.002299060885677242,0.0026054295248173027,0.0025200608352978736,-0.00017541860291485174,-4.446621465164971e-05,0.0010719760746168208,0.003144911033522793,0.0020497193326001768,0.000502672523782208,0.0034060170138758,0.00023198681775881606,0.0007995306276729194,-0.0001672005682743796,5.712710909750571e-05,-0.0007503287627273236,-0.0024612540666563263,0.0022263632255609795,0.002604221383306343,0.004546980687846041,0.0038414407567242408,0.0016628888055166527,0.00045530881355834436,0.00039869300809979594,0.0006098333215050987,0.00029625384217987544,0.0027823803030614055,0.0009858764639220701,0.0033152684813078145,-0.002307818004784189,0.0004377299626078519,-0.0016788238648573455,0.0014018670255536482,0.0007919677786909129,0.0017826712290068352,0.0009382507672307369,-0.000251479020067429,0.0010710846539592452,0.002323463683690469,0.0036138607504507285,0.00029978148820098164,0.00018250880433388398,-0.0002072172711768663,0.0013243053239951846,0.003208800097317964,0.0022110034789527616,0.003218569294821286,0.0017785658342361044,0.0034708069162585286,0.00213500794747936,0.004265626333079714,0.0033606205927263723,0.001027605219198955,0.001299353375462475,0.0011697822464950764,0.0008219526928350369,0.0013020758420608277,0.000906530835774475,0.0012984652172168835
CENX,0.0013806204897401204,0.0011514464128221304,0.0015052449223501062,0.00016889054255923505,0.0037312690042305627,0.002968085133014108,0.0021230598729843776,0.0019455086634904727,0.002932641587764447,0.002636725838016759,0.0013130079746208776,0.0009982263794904916,0.000331799350258313,-2.3831233009631168e-05,0.0021522518132294863,0.0007000862578933957,0.0007928054077239213,-5.430588820969283e-06,1.743429257318475e-05,0.0009525973978329747,0.0005196694337211916,0.004080393819774191,0.0005256494995537133,-6.61526141756765e-05,0.0004355604089567509,0.00042862312265292167,0.0005520659897436493,0.0021446233544169372,0.00143390701451541,0.0012884731308519535,0.0008007524332526016,0.0051279161275897545,0.0012419655152314123,0.002192453030613093,0.0014841878900981598,0.0011529268832798664,0.0,-4.6898408777458765e-05,0.0005429074678302747,0.00015310334300731025,0.0017615368797937905,0.00035348646300413256,0.001525153214184988,0.00219880262570331,0.002085803632484738,0.00010655938281493048,-3.698101656538306e-05,0.000897202651529583,0.0023041599421787,0.0012740611807753556,0.0004399711032696947,0.0023448505804769116,-0.00012199990091486037,0.0006301975126192318,0.00011458699286056817,3.185002840385328e-05,-0.00046871351577857675,-0.0018275267687937902,0.0016993699026153202,0.0019657307272117775,0.003213117565500292,0.002922459834480575,0.0012883911337462624,0.00038036902508607675,0.00029470556348744516,0.00048360551332686714,0.00021440213407589,0.0023443949307996475,0.0009567850256232745,0.0022057740501241797,-0.0015068053113339423,0.00023042594287093772,-0.0007592656458079996,0.0010417291128484972,0.0004986337309458867,0.001380674331152517,0.0005990650673509184,-0.0001726108840859381,0.0010723663683220581,0.001909561066560798,0.00276662185664094,0.00021895005079881197,0.00016362535206775712,-0.00017280946035610773,0.0008696753350950449,0.0023289547822103102,0.001646419277073286,0.002429616070544402,0.0011526812889139661,0.00259883961129187,0.0016365624090524855,0.003411667308558768,0.002218604858905041,0.0008176869449485379,0.0009217337673154509,0.0009469497634630207,0.0005560717598944072,0.0006663576567042512,0.0006129443620195194,0.0009309944233716285
COMS,0.0007049847632930433,0.0017777163147120248,0.0010242605092096314,0.0002481025569962296,0.0024344238383775326,0.0021230598729843776,0.0035784667628006384,0.001416119900429247,0.002314154324961503,0.0018758448068963132,0.0006395892035827546,0.000679534124421264,0.0001200258555672418,-1.529251622473211e-05,0.0021520377495559124,0.0007385146641700239,0.00032700342200530134,1.0242924829642697e-05,-0.0001389307165151864,0.0006225489757311152,0.00044088880507099485,0.0030411373939549327,0.00041648664446590017,-6.331818787803433e-05,0.00045328716916226576,0.0004969164702014976,0.0008165383957013966,0.0016631576090859615,0.0009174368139684096,0.002577044142478846,0.0005074428399189975,0.0026996086976901253,0.0016140200825905694,0.0014319861479117936,0.0019726810082855407,0.0008407226051655313,0.0,-0.001287711735986124,0.00029747330736137813,0.0016407408725058756,0.0020291559003485474,0.0002902719084208074,0.0013291694819448589,0.0019144753118989237,0.0012327954784381884,0.0004270377905970822,-1.3516771943009817e-05,0.0007402766947536347,0.001444909492859119,0.0006377727245688637,0.00031658364678099546,0.001821935345044397,0.0004486536372433454,-0.0002672573619249805,-0.0008566992853239342,2.7524983697588138e-05,-0.0012085547661813353,-0.0009283329546574692,0.0014721973663886943,0.001543943121119597,0.0009681705904590714,0.0024465118763872537,0.0009173711832110549,0.0003269432680448902,0.00027168451968143125,0.0005104105861467304,5.172904765463594e-05,0.0017999525618212803,0.0005748718804906567,0.0007818390944555635,0.0005994718301625934,0.000522324930926152,0.0025359757224500236,0.0007418367932100422,0.0004670908465972916,0.000799403385759171,0.00023248913517691624,0.0007745284920922914,7.164294345116356e-05,0.0019686943512726932,0.001417103172443106,0.00012892559531013496,0.0002692751596720173,6.70634554189733e-05,0.0007019157283501162,0.002145366635750109,0.001278933287312566,0.0017539833231703516,0.0030223836544893998,0.0023186948161810013,0.001072255134880264,0.0014997606292472417,0.0010621697437698519,5.878272720724782e-05,-8.004619974144681e-05,0.000828994981217749,0.00045626522184450985,0.00039998448370475776,0.0004644279115544711,0.0006899811849724763
CSML,0.0010269607661848772,0.0007907907946394691,0.001125633295225501,6.673738182725591e-05,0.002499309134034495,0.0019455086634904727,0.001416119900429247,0.001446258296517559,0.002612187512399953,0.0021683286337900822,0.0011091968326022476,0.0007485764806686438,0.0002632564234732183,-1.2051700587544595e-05,0.001673534723447656,0.0005131436499172036,0.000494627369164619,-6.57291979662739e-06,-7.917214594179724e-05,0.0007354686721047729,0.00039704137999891704,0.002781159706017042,0.0003701738008891596,-6.878022921472313e-05,0.00036896520850463,0.0004038353704599625,0.00048233488257320815,0.0015375427040446896,0.0010357473710297708,0.0009810463971374988,0.0006005866800478455,0.0038595664064875186,0.0010044645688066646,0.0015493553799667094,0.0009524672558339812,0.000990319713609756,0.0,-8.787811769582626e-05,0.0004126977732349625,-0.0002686573707089323,0.0012166720283355132,0.00016596909771318446,0.0010992192864295565,0.0014454365521615498,0.0015601098813999143,6.01742928636352e-05,-2.482028713646928e-05,0.0005698975360526054,0.001824912793056483,0.000857412488198031,0.0002481948655864026,0.0020396575644359943,-0.0001292701257740078,0.00012468457526258826,0.0002848849926962498,-1.338712566396379e-05,-0.00011285593937542092,-0.0013043469021138553,0.0013711753407080849,0.0014145502072196194,0.0022788301620772925,0.0020425320899775785,0.0009388018122967708,0.000414996939385172,0.00021062534971369402,0.00041225660168698735,0.00014095090447654676,0.0013155314250936953,0.0005462067538354908,0.0014646079145797038,-0.0005505348415729627,0.0002621332842490769,0.0006190659483684301,0.0007305493686066867,0.00023947977548833733,0.0010211118472485377,0.0002283504846812959,1.0641213708616154e-05,0.00034222872991585,0.0012949259944911766,0.0019955228001718923,0.00015734351387549256,9.708947298587583e-05,-0.0001030261711884058,0.0005792495428002659,0.0016213261376309541,0.001231729653370069,0.0016796035367766542,0.0010247555555707505,0.0019904059827638514,0.0012043388350417373,0.002401229769575912,0.0015063368899205095,0.0007889271022222285,0.000529689594107088,0.0006870217366911975,0.00045512910388230036,0.0005247456534728124,0.0005340368286465167,0.0006972857197221967
CWH,0.0031610519283280813,0.0014577203050885736,0.002009072833753493,0.00026014026311659607,0.0035584594002476618,0.002932641587764447,0.002314154324961503,0.002612187512399953,0.00954135906953634,0.0060452303889104355,0.001989844462161561,0.0012478253513006974,0.0006262048571405082,-2.8953805730674077e-05,0.0034758749690562227,0.0009555304122516524,0.0006180063427243029,-3.501417114012013e-05,-1.932581016705123e-05,0.0004340892189328805,0.0006492329163321866,0.005018161966347325,0.0006675088306952362,-0.00019018416197802394,0.001599897831485755,0.00048081287405922897,0.0005088084571983514,0.0027572718233820352,0.0015188313732509312,0.003592612056688991,0.0008965837826962787,0.007767103421076573,0.0017915080895012732,0.002248319538690836,0.0016869940599269152,0.0022095676046439364,0.0,-0.0009588521172752963,0.0005725873513570487,-0.006865135644949972,0.0013045023351425677,0.0004718825001157769,0.001406449363996043,0.0017370122221269902,0.0030331775840368434,0.0009834477594097587,-5.703706483892227e-05,0.001257775908620533,0.004189441823575039,0.0019191851971523336,0.0003940823155393486,0.005811576124183599,0.00023761882633004214,0.00016170762756024599,0.0004412900886205075,-0.0001509925394339704,-5.6530764318287916e-05,-0.002168740871005945,0.0030027111008879307,0.002574928531750693,0.004128405804951537,0.003883586997426621,0.0017073607003206001,0.0009583680475398578,0.0005540386278430634,0.00113594679363574,0.00022795527531209634,0.0003536611434787606,0.0012382391784677381,0.0015375963675456651,0.000264640361662986,0.00025640029998339213,0.005124939518567262,0.0012154997265627153,0.0005860580369241934,0.0016284919486798416,0.0006916969299073689,0.0011355097331761598,0.0015626491453342392,0.0024636518181584246,0.0036766179572906214,0.00031478518842787247,0.0002447213636468522,9.246577193583829e-05,0.0015531098764761983,0.003103827095313272,0.0022722093062603026,0.002656734708444382,0.003517902484475502,0.0038220892024604177,0.0018849346026567802,0.004061236842847128,0.0013781326252826232,0.0019446851151256415,0.000808654758435509,0.0014891492176649006,0.0007547559307229759,0.0010213230575399303,0.000699535419518083,0.0010827788136340544
DAC,0.0019898990985387837,0.0012039284981423914,0.0014017801727792027,0.00014980469680952205,0.0031464739374149303,0.002636725838016759,0.0018758448068963132,0.0021683286337900822,0.0060452303889104355,0.004530670605533244,0.0017981823262881388,0.0010211989204592174,0.00042304635138759524,-1.0005227470476525e-05,0.0026786280553917747,0.000766097277316907,0.0007168943102193591,-2.0520301612478286e-05,-3.715914374571163e-05,0.00034050017721238483,0.0006817803770599595,0.0042669092216573445,0.000491479933406232,-0.00010945535718733905,0.0005323851941410435,0.0003593610458778397,0.00024209346931064018,0.0022457248306059024,0.0013415233320699489,0.0025471241475932436,0.0007598935311721067,0.006466128555654471,0.0011980967520994006,0.0017486381813918855,0.0013164567265478723,0.0013313890321881745,0.0,-0.0005455134923440519,0.0006830029069495002,-0.0027518123374294244,0.0011891520276471061,0.00034058659015722884,0.001094219678813018,0.0020447838569695957,0.002603885191219496,0.0005645960965847344,-4.834588010955729e-05,0.001022570140309212,0.002950329926858082,0.0009726971244030216,0.0003142512356434083,0.0036949322535694815,-0.00041502632653376024,0.00012099987265866645,0.0003105370512603713,-7.664228571252618e-05,0.00016635977172972343,-0.0017828383750233688,0.0019792882566027244,0.0020764908717152697,0.0034669463781380108,0.0030580939840537916,0.0013225729010847465,0.0005746271236256048,0.00037642184630675606,0.0008107186464935087,0.00011807609828165492,0.0009903023382746344,0.0010169927676982834,0.001574001330486271,-0.0001725395413636049,0.00012140658661113641,0.004740928731200361,0.000974860706098769,0.0005027276076927854,0.001559850284835647,0.00018215362987059712,0.000526706919421974,0.0009940552480731113,0.002092369232817121,0.0031664818557913888,0.00023946244937452998,0.00013376523145839506,-6.743818704307456e-06,0.0010855782599962418,0.0024287343457294573,0.001802797019801174,0.0022309622616687964,0.0019383989966364915,0.0030025440166016157,0.0017767528363780017,0.0034696785567605555,0.001341908934068515,0.0013478690571125634,0.0006545159488962967,0.001132116918209695,0.0005972019258200017,6.32691594755074e-05,0.0006548339910072707,0.0009097026549433546
DOC,0.0006254688961869314,0.0006456504310556666,0.0007851534043778717,9.649933005068505e-06,0.001572435713374245,0.0013130079746208776,0.0006395892035827546,0.0011091968326022476,0.001989844462161561,0.0017981823262881388,0.0012999797647531086,0.0005737030476109519,0.00017079734562874775,2.4564213136649057e-05,0.001194789586021039,0.00039557972803712485,0.00030220398826329625,3.5522634573958106e-07,-0.00011433554432455431,0.00021598614088134263,0.00023001758051672557,0.001600005663778147,0.00035561951010359483,-4.4916496593846944e-05,0.00022068800320484115,0.0003893370054596792,0.00037876761985450324,0.001022469774596187,0.0006826102400082231,0.00037020477953044633,0.00048456171664859767,0.0033501686935079474,0.0008839253057932784,0.0007585141281276556,0.00016685510496901014,0.0007500568371848534,0.0,-0.00010520437493045207,0.0003554298654688932,-7.592327613360845e-05,0.000797908235918007,0.00010989942417091475,0.0008564600645172238,0.0011805602606596995,0.001310610692879861,0.00011058480849436077,-1.61219518381841e-05,0.00025181747061298,0.0013450793982220624,0.000439303336573982,0.00020815293995954108,0.001684277525987013,-0.0004545586869651137,-8.257721771756776e-05,0.0010596320460730744,-4.373722183488098e-05,0.0011763128130474181,-0.0008771298610895467,0.000998268081000992,0.0009580799735999604,0.0019211218762045918,0.001211942477074242,0.0007345221217872991,0.0004620854969922257,0.00010378494885709003,0.0003687775576932313,0.00013385570307976606,0.0007834699910325957,0.00029797332219830193,0.0008494016344133761,0.0007895855096110161,0.0002603794448711452,0.000533259616612017,0.00048079942753905534,-9.519306257759749e-05,0.0010196841929092392,-0.0002012522464829151,-8.481722353922516e-06,0.0007106298300782051,0.0007059579129575029,0.0016088682481521974,0.00010878490929380783,6.701278256804845e-05,-8.480835539140527e-05,9.497089868885144e-05,0.0006959095466003344,0.0008872337929934083,0.0011553116793188672,0.00027202300828518995,0.0013598994621822316,0.0009438146667846061,0.0018100627417431004,0.0008251587781713873,0.001012251315409385,0.0003802800863903355,0.0004876593409402838,0.0003681104969721019,0.0001384020429946786,0.00039196002430210314,0.0004988900198717466
DSTL,0.0005336355071183877,0.000350663891927005,0.0006434808248337202,2.2600309635213872e-05,0.0013601413389550158,0.0009982263794904916,0.000679534124421264,0.0007485764806686438,0.0012478253513006974,0.0010211989204592174,0.0005737030476109519,0.00040725950800530437,0.0001454029536167653,-5.824822852760416e-06,0.0008493048795993259,0.000265859165527881,0.0002529978918580219,-3.1111335656237058e-06,-5.124275370338884e-05,0.0005021994744516776,0.0001941705692772333,0.0014182342402682617,0.00019186584762936212,-4.078381294168538e-05,0.0002530362252731563,0.00025249148877370253,0.0003348208229588315,0.000806703510181443,0.0005669163393097091,0.0003868240070855157,0.00033730275215022615,0.0019790380556670853,0.0005535044619828023,0.0008953149784000969,0.0005358297879947955,0.0005727737218553312,0.0,-2.163344337855101e-05,0.00021557336477259824,-0.00013867645321433944,0.0006292910599809638,6.594975930178391e-05,0.0006586201170240412,0.0007151620738921724,0.0007788832415164406,-2.6385078463832845e-05,-1.1788551048240844e-05,0.0002612968198134434,0.0009762485993546585,0.0005365817659575779,0.0001264124486119218,0.0011464114715898652,-7.978882636194165e-06,4.9226802590245395e-05,0.0001751764944905591,-5.520631806465097e-06,-4.442834021835962e-05,-0.0007090926737939525,0.0007401459605557737,0.0007399936780579823,0.0012462766637132167,0.0010553927418316324,0.0004974984211994243,0.00023435982148497207,0.00010778704911979514,0.00021135802260359695,8.676703025392791e-05,0.000670041387447063,0.0002265530368425266,0.0008334197749962959,-0.0002714073834063868,0.00018443382876641377,-8.331283963360515e-05,0.00039772729244654653,0.00010548045455767987,0.0005364743592019705,0.00015072955355762427,-2.038845888227927e-05,0.00017629128743767376,0.0006128790130030521,0.0010277541907084261,8.456622162227356e-05,4.984265961213615e-05,-6.51646519980439e-05,0.00029327417072144777,0.0008432985414072537,0.0006533353783517155,0.0009008999545117727,0.0005499323992989706,0.0010393711640708718,0.0006233784328436415,0.0012307190450260546,0.0008937177778883703,0.0004402583557434802,0.0003038987223218045,0.0003490445420071365,0.00025845606438148225,0.00040054141065394637,0.0002962872426220008,0.0003819350134833963
EBAY,0.0002852354427407806,5.159899957780996e-05,0.000224344204803384,4.603309218190835e-06,0.0005016559880191857,0.000331799350258313,0.0001200258555672418,0.0002632564234732183,0.0006262048571405082,0.00042304635138759524,0.00017079734562874775,0.0001454029536167653,7.745685606721275e-05,-7.46020098480495e-06,0.00029590364876354346,7.396195043473984e-05,8.623812658334756e-05,-1.919102703291881e-06,-1.3907594268229931e-05,0.00019983418589707732,7.973869889021915e-05,0.0004789516357499092,4.934001680898437e-05,-1.8061291501832088e-05,0.00014431872819640085,6.578434005875862e-05,8.384704733462159e-05,0.00029236591380739314,0.00021236546390169815,6.592342032925003e-05,0.00011919468888628361,0.0007437371369105494,0.00014514983548371787,0.00038175329327390405,0.00018014189689693772,0.00026136448819123563,0.0,0.00011137577355865987,7.049592108132964e-05,-0.00043078504623656123,0.00016702153291635894,8.402311146932596e-06,0.00021743968288412684,0.00013027503511509097,0.00025738943851322206,-3.4767881951428434e-05,-4.364795183184181e-06,9.942415698134271e-05,0.0004148604413373096,0.0002803739025362138,3.704653269446051e-05,0.00043383640352412926,7.553867887192999e-05,9.607072432816546e-05,4.990302449736013e-05,-3.683102935772752e-06,-4.248362221619429e-05,-0.00025938388284698635,0.00029457081776110993,0.00026842756653363956,0.0005180231385991252,0.0003844701513535955,0.00018305161628014713,8.399490247751123e-05,4.499776113957e-05,6.032299495938461e-05,4.207416603953403e-05,0.00017410458285968016,9.626540947277722e-05,0.00036578166142459475,-0.000333810731884549,3.663718852179153e-05,-0.00020121858282794614,0.00013448739600328523,7.6754463821525e-05,0.00015738178714919064,0.00011583085333996792,-2.8085307419681318e-05,-1.0990724678349367e-05,0.0002076068326798485,0.00039304846607857695,3.34424625691505e-05,1.0107086322711068e-05,-1.201899087107924e-05,0.00016401371841276446,0.0003158177429324995,0.00023797820566361859,0.00030283326862375266,0.00016862427105793383,0.0003772299087359796,0.0002051196779936897,0.0004966219412056032,0.00034611901874651366,0.00016695723480901302,0.00015125309806664992,0.00011012751632173074,9.102926959130326e-05,0.00024345935795706244,0.00010923658815186985,0.00013624195910454353
EMSH,-2.2318388968024574e-05,1.0177055348765126e-05,-1.6288828287323217e-05,1.567495689838488e-06,-3.750760775489659e-05,-2.3831233009631168e-05,-1.529251622473211e-05,-1.2051700587544595e-05,-2.8953805730674077e-05,-1.0005227470476525e-05,2.4564213136649057e-05,-5.824822852760416e-06,-7.46020098480495e-06,4.056847116062772e-06,-1.4613243073097702e-05,3.313426782261956e-06,-8.928736365984891e-06,1.108786152295961e-06,-5.756809462209012e-07,-3.882418989924412e-05,-7.3098128821758515e-06,-5.3869408524030504e-05,2.994629834470312e-06,1.43899431213577e-06,-5.2827766187695e-07,6.151947352016612e-06,8.73092867502389e-06,-1.965787025166082e-05,-1.803009826099906e-05,-1.9695043296392993e-06,-1.4100342369639128e-06,1.5440130360108651e-06,9.22689639516653e-06,-4.883805853528277e-05,-1.2883147104582864e-05,-1.5669693879216958e-05,0.0,-4.383284638567106e-05,5.331276800452891e-06,3.583579797526636e-05,-2.3787916813710414e-05,3.3281172487118603e-06,9.93153113521624e-06,1.628280102069009e-05,-7.500479196934799e-06,1.5448229457346944e-05,5.051194355722519e-07,-1.7166930832352157e-05,-2.551555780188382e-05,-1.932165977799729e-05,3.861116696964442e-06,1.8012655684375098e-05,-1.369165969392403e-05,-1.603431005602823e-05,4.057935572824867e-05,-8.408304928210214e-07,0.00011311912042231216,2.6910311399281633e-05,-2.2543521595659067e-05,-1.6958281797859383e-05,4.4010282323676604e-07,-3.528336018297947e-05,-6.360790640630429e-06,6.261355052854308e-07,-4.0948662080774576e-06,8.380259842961485e-06,-2.515472125584764e-07,-3.081013163905934e-05,-1.7134935680535686e-05,-4.409331331397018e-05,0.0001597471187245068,9.83448006913614e-06,1.6773689983139834e-05,-9.575571264348525e-06,-1.352813598414321e-05,1.9923401528224138e-05,-2.8058686732500955e-05,2.044577524229405e-05,8.992270472783311e-05,-2.4923570210282442e-05,-1.0757961514414946e-05,-1.8838799241790468e-06,3.5920200456733406e-06,5.36771400687334e-06,-2.7346757045727734e-05,-4.7527361039724065e-05,-1.1898375472654982e-05,-1.7130171079676887e-05,-1.3113359083178473e-06,-2.5354002389157897e-05,-7.78534488461881e-06,-5.05281706792001e-05,-4.7627244369160313e-05,1.7644859886867808e-05,-9.59668210639711e-06,-3.2883556469991414e-06,6.173616577580085e-08,-3.794095109533787e-05,-1.2008772172636576e-05,-7.97088963204187e-06
ESXB,0.0012167412583923962,0.0011581335244391232,0.0012419119852991858,0.00011256869468583872,0.002745927896056292,0.0021522518132294863,0.0021520377495559124,0.001673534723447656,0.0034758749690562227,0.0026786280553917747,0.001194789586021039,0.0008493048795993259,0.00029590364876354346,-1.4613243073097702e-05,0.002157873857477832,0.0006553327270933463,0.0004616360286896846,-2.6662802711029597e-06,-0.00015273627178754938,0.0007867261384326946,0.0005067826972944454,0.0031399616517078484,0.0004112075845352424,-9.148266443756873e-05,0.0005505167096833089,0.0005117786607600652,0.000657857753694976,0.0018097512135160235,0.0011496402797478978,0.0016699755673041264,0.0006689807385705234,0.004251618909960095,0.0013556439429893298,0.0017513596519839463,0.0013860418931146005,0.0012291878742993869,0.0,-0.0004518213524836031,0.0004581712421797874,-0.0003817389560076078,0.0015347243840903274,0.00017495360722804288,0.0013276769817679984,0.0016194723335114871,0.0016960686154255035,0.00018855217594990014,-2.3839848867978245e-05,0.000678678433752067,0.0021360779738077043,0.0009721056554704256,0.00026804161435914597,0.0025380218427854175,0.00012179640400626499,-6.760674782971432e-05,4.4359242353718365e-05,-2.4007635858513655e-05,-0.0002743575322436219,-0.0013381174743858596,0.001706871735811055,0.0016744184202354838,0.002282049855803875,0.0024530286540819703,0.0010844436287651012,0.000515249582344972,0.00027186568056197086,0.0005414423962191019,0.00013572039330912678,0.0013452440774022957,0.0005799462599186916,0.0014239050550519869,-7.988981174081775e-05,0.0004036300674510902,0.001958353587762032,0.0008129023846252536,0.0003540861742491664,0.001104431910562018,0.00020357337821665523,0.000368871276156441,9.820275178823104e-05,0.0016689370448517526,0.002153410252607847,0.00017483208988001072,0.00015561652610159634,-1.580775450783736e-05,0.0007575316001645435,0.00200480560047588,0.0014629597046006352,0.0018815039619908816,0.0019719541393197785,0.002471145337558578,0.001334504274141842,0.002452611406192206,0.0014878663619037205,0.0007933272754540407,0.00037304045499259074,0.0008278064405156946,0.0005532263751001788,0.0006408229260481925,0.0006293536288147358,0.0008069881717327494
EWGS,0.00034638524152901207,0.0004068039874490477,0.000401250399892939,5.422109270296593e-05,0.0008833625410248693,0.0007000862578933957,0.0007385146641700239,0.0005131436499172036,0.0009555304122516524,0.000766097277316907,0.00039557972803712485,0.000265859165527881,7.396195043473984e-05,3.313426782261956e-06,0.0006553327270933463,0.00022929383861130615,0.00014997695559217957,1.4289512754757155e-06,-2.8604371233684194e-05,0.0002120484398519035,0.00013623663837439837,0.0009893828533256664,0.00014754291550804447,-2.519618323695235e-05,0.0001993483257633451,0.00017916028435083334,0.00026142922319552064,0.0005638264768480282,0.00034541591762809174,0.0005748677311103066,0.00021776932347836335,0.0013339384450713574,0.0004666611720776827,0.000503650986608356,0.0005110686614948474,0.00034422271869502763,0.0,-0.000292476117430221,0.00015443453164360696,2.6005229077663688e-05,0.00046662526959397076,8.870635239183498e-05,0.0004893646856388242,0.0006130214301130872,0.0005239146710691503,0.00010162876749368251,-7.248274133803619e-06,0.0002012354655808147,0.0006195106797584879,0.0003180136433556735,0.00011171067988279141,0.0008786737783836161,4.022106848075833e-05,-1.5056411362128381e-05,2.2925969467877343e-05,-1.2985133474045867e-06,4.6773314591546966e-05,-0.00040400932044790057,0.0004916708176663614,0.0005214185107187899,0.0007523105119862186,0.0007632439290799436,0.0003404762535661929,0.0001426779489805556,8.517818042410513e-05,0.00019469772143050748,4.59664932873155e-05,0.00043994819407462525,0.0001653701499706477,0.00039433892251170797,0.00026740730553263895,0.00015742171778456115,0.00039254495758725,0.0002666043651732902,0.00010683234884953931,0.0003996316956291824,7.229775435694621e-05,0.00015843919873702187,0.00036827194097769364,0.0005052830454841378,0.0006665447524919953,5.514891677195707e-05,6.821745816458158e-05,-3.850962805993222e-06,0.00020395962885820583,0.0006005394323649777,0.0004524812213507187,0.0006188248696227415,0.0006883816434197546,0.0007421555827810295,0.00041459840084528206,0.0006717441267544371,0.00043666402539191553,0.0002552171110142277,0.00012870841782190877,0.0002761607638913505,0.00017703859331861626,0.00014893618899865105,0.00016016106274810562,0.00024845838487373814
EWY,0.00035698724601280655,6.80675145791441e-05,0.00039233308808111534,1.610202367889839e-05,0.0010585773719181057,0.0007928054077239213,0.00032700342200530134,0.000494627369164619,0.0006180063427243029,0.0007168943102193591,0.00030220398826329625,0.0002529978918580219,8.623812658334756e-05,-8.928736365984891e-06,0.0004616360286896846,0.00014997695559217957,0.00033829226971210776,-9.58800939404464e-06,6.290999836738043e-05,0.00034757781829040805,0.00018694227892921152,0.0013962382806755034,7.544390680689955e-05,-1.4116305385743544e-05,-8.529143599499459e-05,4.258452583775186e-05,2.5895691849658457e-05,0.0005751425231010883,0.00042356657632183515,0.00043048722139571953,0.00019932797689491371,0.001461285523365114,4.701522809691643e-05,0.0006224506989942709,0.0005034984631411666,0.0001175409928761348,0.0,4.312935129972008e-06,0.00022587873364512,5.7858002614483094e-05,0.00021386480903386198,9.726934068888732e-05,0.0002547550367847023,0.000692879996949645,0.0006492240631329534,-2.1930811759709953e-05,-1.6863546472487786e-05,0.00029667146907887446,0.0005660188289337151,0.00021020259896638478,7.095050460808664e-05,0.0006274763875460109,-0.00025660899203495654,0.00016542421650680766,-0.0002214340002799172,1.5945326264022808e-05,-0.00042618645695721854,-0.0006097141730738983,0.00025589064946197074,0.0005066826784708851,0.001002308015089121,0.0007941155435022629,0.0002648816945710392,-2.2891946438568292e-05,8.32373245433985e-05,0.0001308169236247722,5.038206539740995e-06,0.0005213148145034461,0.0002668313922417458,0.0007101633906679263,-0.0008034757491417692,-4.05401274453938e-05,0.0005226823722241856,0.0003038001021483259,0.0001930014001507411,0.0003874993036030646,0.00017336748095064493,-0.0001365113667906892,0.0003476716146758841,0.00048600724061960887,0.0008117637063439708,6.400325112565687e-05,-3.988380393666822e-06,-9.38912403354987e-05,0.0003110074694475321,0.0007438732948635958,0.00040800376260588316,0.0006607836274454353,0.00010549796081784474,0.000626271341290906,0.0005006155456069825,0.000934372438928002,0.000706961977440591,0.00015112669226702757,0.0003110790100668062,0.00026103022964374704,0.0001205550292547234,-0.00010399780799176036,0.00016077366218443097,0.0002378853473555726
