,AGZ,APPN,AUMN,BCBP,CCOI,CVS,CYCCP,DBP,DWSN,FANG,FAX,FTF,GIM,GLAD,GROM,GSLD,IBTK,JHX,JPSE,MD,NDAQ,NSTG,OIS,PCRX,RFG,SOXX,TADS,TECL,TEN,TER,TLK,UEPS,WFC,WHLM,WWR,XLC,YPF,ZIONL,AWK,BNED,CHEF,DXR,ESXB,JPS,ONEY,VBR,BPMC,IDT,OMF,IDNA
AGZ,1.662250003294915e-06,1.9317854820888317e-05,6.1587610351987745e-06,2.208535901449194e-06,5.450481188729309e-06,7.721628598904597e-06,-1.2539504114900594e-05,6.0725960914524575e-06,3.877825772821794e-05,1.3631727065154585e-05,2.056027626406027e-06,-2.5188338991991694e-06,3.995743295032937e-06,6.017941690453766e-06,0.0001644453437036691,5.991930967534844e-06,1.6820224743509338e-07,7.462106900969514e-07,1.0105382535184234e-05,2.897640157566452e-05,1.2910928456341382e-05,2.1295619425954955e-05,4.5047406018887955e-06,1.8012135405114865e-05,9.260321446862229e-06,7.257070652061434e-06,4.749085174203886e-06,4.2911005119465124e-05,-2.724351457666935e-06,5.3123770619335225e-06,7.044376405768399e-06,1.2371131992413062e-06,1.1031599495679334e-05,-2.227004258455467e-05,4.921594653842344e-05,9.175189163610302e-06,-4.757391821174352e-06,9.206851269436874e-07,9.079830752078519e-06,2.4136045112452986e-05,7.888182182834587e-06,-1.672843102275261e-05,4.025969983923575e-06,7.911705850387677e-06,5.958423385184941e-06,7.134050942656587e-06,-5.116213001915622e-06,3.577768805329482e-05,9.81997651771887e-06,3.934018075880577e-06
APPN,1.9317854820888317e-05,0.0009680950430683373,0.0004794503467059872,-1.2215651909187845e-05,0.00044645808528386883,-7.956897352410203e-05,-0.00022386943881041156,0.0001748804821983944,0.0007384712265451158,0.0001894236349176271,3.729886163295358e-05,4.6531451546397345e-05,2.1041451824872716e-05,8.549484989776011e-05,0.0025333726772277256,0.00019345839450349677,-5.584539646694667e-06,0.00020699136715519626,0.0003161188356076142,0.0008291541626887622,0.000501281058457281,0.0004968632850319678,0.00018861974703523034,0.000290106742954427,0.0003614527663918349,0.0003610490157488712,0.0001538598101106306,0.0014864079643111545,0.0004474467365230099,0.0002317860691497843,0.00011909994598884042,-0.0002033897073878269,0.0004447603028215831,0.00027982682709054883,0.001213193651786232,0.00038263096132138796,0.00044270552252331715,5.203735175648326e-05,0.0004045855358531999,-0.00012192511943838247,0.0007769345634872512,-0.0003692991051308527,0.00022175874295197605,0.00012847638106294382,0.0002796292236830743,0.000297820719053262,0.0001734948196111061,0.0009903566613918909,0.00038522059169652676,0.00017133257027822414
AUMN,6.1587610351987745e-06,0.0004794503467059872,0.000833756675045145,0.00020808603658798683,0.00015784795704804633,0.00012584633987489858,-0.00014422714777968167,0.00034701886039344984,0.0003751865240365303,0.000839097490369489,9.888328399903668e-05,6.166131151550894e-05,5.9102797482867636e-05,0.00010539985546517691,0.002633432088460869,8.579054330761601e-05,-1.2613474327726433e-05,9.552382472241433e-05,0.0003943937673490713,0.0009212734393810031,0.00026123866833893206,0.0005440197370772935,0.0008690256490311641,0.0001351395723898661,0.00030350745892829435,0.00028096093315266085,0.00014442001723980475,0.0007571099718684094,0.0006106885734716066,0.00028432429271096817,0.00026658339499454074,-0.0001314683158093921,0.0005924685924910486,0.00031308452484066093,0.001204339953983695,0.00016871557675200087,0.0006563762539812625,-3.7021904519501146e-05,0.00020044749396096436,-0.0010276824003000366,0.0010261300818397998,-0.0001393659267365436,0.0002614990516233525,0.0001281565046828708,0.00044147520044583884,0.00039339161387688264,0.00023091126888564691,0.0006731899606319219,0.0005150632602412704,0.00020503190255072694
BCBP,2.208535901449194e-06,-1.2215651909187845e-05,0.00020808603658798683,0.00023174611648938356,-1.8488252406178543e-06,0.0001528601111205692,1.4005780903615498e-06,5.888552664771448e-05,-0.0004498441171767435,0.0003418648724059061,7.020569515249516e-05,-8.918064912113622e-05,-8.453122267485873e-06,0.00015280968387980688,0.0013846039101496875,-2.0240793947583864e-05,-7.048109559154223e-07,-3.37420829397978e-05,6.229275443672252e-05,0.0002747403426272455,-3.611056209454634e-05,0.00013616120558583708,0.00011166710315555606,2.1321372233877098e-06,1.990000107102146e-05,-1.7492104069138775e-05,8.647212113120239e-06,-8.279686744558415e-05,-1.0677248495096868e-05,9.418315319185283e-05,8.91365585207217e-05,5.636020431236784e-05,0.0001454131994688354,0.00017906423803272387,0.0004529019699812325,-0.00010846902259316506,-8.074097765876802e-07,4.013496619393495e-05,1.2328971633412641e-05,-0.0001739433768619208,-2.047738684681891e-05,-2.8675485537323823e-05,0.00015636615068366196,1.4617754843309351e-05,9.410384061517113e-05,6.715290480689947e-05,-0.00020807815197462927,5.429743668187834e-05,5.769910365697439e-05,1.8032159758626758e-05
CCOI,5.450481188729309e-06,0.00044645808528386883,0.00015784795704804633,-1.8488252406178543e-06,0.0003550375208962817,-9.258130864080452e-05,-5.743731063737281e-05,1.4646628477689834e-05,0.00018576578949693645,0.00011663186481370101,1.5984779282042834e-05,2.8067422088248594e-05,1.2160236547220316e-05,8.859668644913434e-05,0.00065302114659656,6.777586648397158e-05,-6.451562378747131e-07,8.00827180100536e-05,7.822695400588454e-05,0.00024180176189747297,0.0001938156819295971,0.00018869570730498187,0.0001810975049768228,7.59261468764983e-05,0.00011884080628919952,0.00013114225155490294,3.946909776596711e-05,0.0005694771191196846,4.646618389900867e-05,6.726549355924122e-05,-1.0883177751843757e-05,-0.00021065253245671866,0.00017506558111465056,-0.00015095331235638365,0.000633658533980004,0.0001205327676292669,0.00010809217315968412,2.7984242628928716e-05,0.0001717762495904279,5.424840621159611e-05,0.0001142699474294148,-0.00021978133016165138,9.380089875361117e-05,1.758923010948446e-05,5.736378703902857e-05,6.713700141380671e-05,2.687032714647767e-05,0.0007384873401491586,0.00010890813864577076,4.3969900481988216e-05
CVS,7.721628598904597e-06,-7.956897352410203e-05,0.00012584633987489858,0.0001528601111205692,-9.258130864080452e-05,0.0002021920405771252,-3.3258190043800574e-05,9.031981675768007e-05,-4.807536597639816e-05,0.0003623758896806925,0.00010167709504145094,-3.1329329869869455e-05,3.711798495209753e-05,0.00011820352680501952,0.0014296740528779597,1.1249011223300152e-05,4.769791080890468e-06,-4.967094053108887e-05,0.00010350374587686048,0.00024341489845963694,-4.734487889731151e-05,0.00025556505864478025,0.00022594129783995437,0.00014079530353275352,4.723700369832458e-05,-2.823208076499571e-05,1.925038738034594e-05,-9.30663294809676e-05,6.166348951943983e-05,2.7969388595253716e-05,0.00015235804093754646,0.00011896788400520194,0.00012594783669839523,9.15312703572217e-05,0.0002595425130020928,-5.754928867211696e-05,-0.00010676930216832014,3.3392990067433875e-05,-5.7012319993263314e-05,-0.00013068693744757421,0.0001362814098554694,-5.5402811441319664e-05,0.00010146724990583131,6.415023557170899e-05,0.00010861907478248026,8.847441082726685e-05,3.527463623973632e-05,5.0751502173796886e-05,0.00010487958233613954,3.1496825901359006e-05
CYCCP,-1.2539504114900594e-05,-0.00022386943881041156,-0.00014422714777968167,1.4005780903615498e-06,-5.743731063737281e-05,-3.3258190043800574e-05,0.00018978567490613604,-7.775768587612343e-05,-0.00043661643762406293,-2.125233159718564e-05,-2.4960067840603084e-05,-1.2094004120134772e-05,-4.1563210070986426e-05,6.997990180488816e-07,-0.0020777791866070233,-5.634668297388973e-05,3.5216328612362802e-06,6.661042179281312e-06,-8.76029817271652e-05,-0.0002906921883724307,-0.0001517201585440688,-0.00021944039985032467,9.472843416408823e-05,-7.173605168100686e-05,-9.887193284388318e-05,-0.0001249436603580727,-5.562957861461018e-05,-0.0005783164965936825,-0.00016589334322813094,-0.00010670190412847481,-8.735977799300581e-05,7.899338800490117e-05,-6.153223543557335e-05,0.00038983094586952737,-0.0005738938452401013,-0.00011770996949499844,-0.00014007634157481782,2.1539091806249484e-05,-0.00011433640763028742,-2.2303059719511376e-05,-1.1377051208516471e-05,0.00024060564105293306,-4.9222910774177794e-05,-8.344970258579054e-05,-3.8758529282344126e-05,-5.7508523114120535e-05,1.1346363938093003e-06,0.00014073373664551795,-8.939151219273049e-05,-4.349840692069445e-05
DBP,6.0725960914524575e-06,0.0001748804821983944,0.00034701886039344984,5.888552664771448e-05,1.4646628477689834e-05,9.031981675768007e-05,-7.775768587612343e-05,0.0001886072104965325,0.0003611561268684251,0.00041731525608487094,4.200556621570375e-05,6.281760008383715e-05,5.130549937133209e-05,3.632568305460802e-05,0.000976347179261807,5.182697101752372e-05,-4.091776995416582e-06,2.8362566160276254e-05,0.0002067674563565249,0.0004198865235270004,0.00011244829559838196,0.00030676923591594377,0.0005332398631445858,0.00014183306326081204,0.00014498970374418342,0.00011254240024202571,7.181277789977108e-05,0.00028360970098027056,0.00028106133994165055,8.119605488922946e-05,0.00014369514621613265,-4.9792381798210504e-06,0.0002981298263289389,8.733998621925712e-05,0.0004793499246051148,0.00010180297356592551,0.0003067629667872306,-2.8587064593957335e-05,4.973615939512813e-05,-0.00048622575318562174,0.00058618233459324,-5.880722147893625e-05,0.00010513142954725338,8.605764701252115e-05,0.00021464531033484096,0.00019451278961979222,0.00015733351245617323,0.0004150832798223686,0.0002596315044040678,9.923367403691811e-05
DWSN,3.877825772821794e-05,0.0007384712265451158,0.0003751865240365303,-0.0004498441171767435,0.00018576578949693645,-4.807536597639816e-05,-0.00043661643762406293,0.0003611561268684251,0.00309565347306873,0.00047076217799204965,6.88094204626628e-05,0.00033243815173603406,0.0002483537946349677,-0.00020553600147305186,0.003328643114517242,0.00029990071887437466,5.262588866148e-06,0.0001791000760274111,0.0005108113421586082,0.0007402925726978988,0.0005634046702422752,0.0008383245771682507,0.0009493799746528154,0.0006666060256821237,0.000504386054780174,0.0005110659362494836,0.00022926289262292652,0.0019331993549129365,0.000771509862260382,0.00013217719700899707,0.0003293799882928757,-0.00030709802617205693,0.0003314690211489353,-0.0008535948441422093,0.0007613388875070535,0.0006818142824003393,0.0001679640531969022,-0.00014899006391946404,0.00023548234308909792,-2.2324573587659908e-05,0.001453442988203608,-0.00044474743880532807,-0.00023771400202011523,0.0003208661067846541,0.00037262862704755896,0.0004149674904795927,0.001315518536030524,0.0012551710142182585,0.0007395191046411092,0.0002838849315066602
FANG,1.3631727065154585e-05,0.0001894236349176271,0.000839097490369489,0.0003418648724059061,0.00011663186481370101,0.0003623758896806925,-2.125233159718564e-05,0.00041731525608487094,0.00047076217799204965,0.001698034919544738,0.00022947121072554484,4.6969898939636905e-05,0.0001726726801552165,0.0002391171339093895,0.002289730184448877,5.815232792536162e-05,-5.232105014163019e-07,6.769638439219167e-05,0.0005239073272734578,0.0009148966739024068,8.772234188993802e-05,0.0007586841371498076,0.0018685924192890686,0.0003668205146618467,0.0003117565613247178,0.00011723080022048825,0.00013840210923509317,0.00011353642766396432,0.0003191491974921904,0.00012869104728220054,0.00038320265805798876,-2.8772035176786876e-05,0.0008210090679658607,0.00014811427615092857,0.0011261825109945458,1.2980872454698089e-05,0.0001587175346727521,-2.5631519740903668e-05,-5.79874619284295e-06,-0.0009765585673395361,0.0012733967858976404,-4.6783828497522495e-05,0.00021918466582394584,0.00014264361886364053,0.000596172322505865,0.0004989635498551467,0.0006089120990861896,0.0018166854182836765,0.0006360800633953213,0.0002325617800578117
FAX,2.056027626406027e-06,3.729886163295358e-05,9.888328399903668e-05,7.020569515249516e-05,1.5984779282042834e-05,0.00010167709504145094,-2.4960067840603084e-05,4.200556621570375e-05,6.88094204626628e-05,0.00022947121072554484,0.00014927358595838135,1.1841701467096503e-05,3.432954343707334e-05,6.392616506576344e-05,0.0012960076009483877,3.594171086314992e-05,7.498265193975951e-06,9.899971925605952e-06,9.040938711611065e-05,0.00013161897256855728,-1.3638598018904979e-05,0.00025819315230471445,9.06225378639859e-05,0.00010833524090883854,8.811112735762516e-05,1.9411644865321364e-05,2.0261298169376797e-05,0.0001011191360983053,0.0002450074078187181,3.1907468167906153e-05,0.0001533102527668174,-3.687501167025076e-06,4.11877272792511e-05,0.00019092423098473576,5.6826220463150354e-05,-4.983978071983965e-06,-0.0001905374577265096,5.706792598425839e-05,-3.095045023819502e-05,-0.00012944703259996508,0.00015922364368365933,-0.00010884600864025127,5.6627957562456714e-05,4.222587915344641e-05,9.624863265779114e-05,8.411327437320594e-05,0.0003896984669980567,-0.00014647395484605185,0.00011270770273754115,4.204143698517311e-05
FTF,-2.5188338991991694e-06,4.6531451546397345e-05,6.166131151550894e-05,-8.918064912113622e-05,2.8067422088248594e-05,-3.1329329869869455e-05,-1.2094004120134772e-05,6.281760008383715e-05,0.00033243815173603406,4.6969898939636905e-05,1.1841701467096503e-05,0.00013033832844708778,3.373102643315679e-05,-2.410090395186045e-05,-0.0005907497857011183,3.5271316762430686e-05,1.3232538785317837e-06,-6.733284309360615e-07,5.382854312905887e-05,1.113797259330788e-05,2.2690191800477804e-05,0.00015370696969123528,0.00031885485994111407,7.463878911232057e-05,4.651209076178679e-05,4.196605327307705e-05,1.3523604671339965e-05,3.7060088817552225e-05,0.00021575575265818554,-4.333032025524104e-05,4.247435783240543e-05,-4.975767289936851e-05,6.668759780896965e-05,-5.10142560181349e-05,-4.213943865487693e-05,8.1762985489814e-05,0.0001781778187110143,-2.456767811013166e-05,-4.157566922150846e-05,-0.0003249080803931127,0.0003153059950358658,-4.1525047179367434e-05,7.532280074105264e-06,3.7008944886533405e-05,4.2067867214429474e-05,4.3318666683778774e-05,0.0002351740991224128,0.0001484599935184989,0.00010193662137330532,2.9033303721946002e-05
GIM,3.995743295032937e-06,2.1041451824872716e-05,5.9102797482867636e-05,-8.453122267485873e-06,1.2160236547220316e-05,3.711798495209753e-05,-4.1563210070986426e-05,5.130549937133209e-05,0.0002483537946349677,0.0001726726801552165,3.432954343707334e-05,3.373102643315679e-05,4.808489158312525e-05,-1.0286223006355377e-05,0.00031464733367452316,1.5053541131895071e-05,4.235207729319806e-08,1.5170752184556772e-07,6.372347976087722e-05,6.075496777825289e-05,2.0374626063827166e-05,0.00011971626659509091,0.00023672650115166263,5.979930813062659e-05,4.1301459650442176e-05,1.3755554775952224e-05,2.170124163039822e-05,5.4119082404915995e-05,5.45448168349316e-05,-1.5694221102887232e-05,5.3005652645210544e-05,-2.7036756999733043e-05,7.673105146204525e-05,-0.0002024097064342381,0.00010792709594356486,2.770311386063282e-05,7.1127191621504385e-06,-1.892878453626385e-05,-1.451120625794349e-05,-7.532576589756366e-05,0.00011778195216642077,-6.161799125437618e-05,-5.438097108581271e-06,2.954967035073823e-05,5.0568282455151175e-05,4.740903286103502e-05,0.00017248367205986248,0.00015503469469381795,5.971253806101343e-05,2.570016948586555e-05
GLAD,6.017941690453766e-06,8.549484989776011e-05,0.00010539985546517691,0.00015280968387980688,8.859668644913434e-05,0.00011820352680501952,6.997990180488816e-07,3.632568305460802e-05,-0.00020553600147305186,0.0002391171339093895,6.392616506576344e-05,-2.410090395186045e-05,-1.0286223006355377e-05,0.00022543851525225547,0.0012400749159738463,3.422578582305348e-05,8.062988117558716e-06,-4.341808042606915e-05,5.355524054282023e-05,0.0002824715553644644,1.2410199413800602e-06,0.000265586965642569,0.00014278807076167457,0.00015644813564293295,4.3600880654019715e-05,1.4186287800690361e-05,-5.576181827839414e-07,6.987508155356953e-05,-1.2332289054651962e-05,6.018125198587753e-05,8.495113011432286e-05,3.9812235603246464e-05,0.00011450012469031159,0.0001757287658998321,0.0004930158265938103,-3.514953679250686e-05,-8.375150471169479e-05,7.011148984630721e-05,1.2451973991227769e-05,-1.602168371820648e-05,5.439930817762023e-05,-0.00011116326480983212,0.00016198470150503069,5.2906257425036736e-05,5.5732295110694326e-05,4.593511505650142e-05,-0.00021415291720522584,0.00041564758615713726,0.00010931829718453399,1.3673261186563535e-05
GROM,0.0001644453437036691,0.0025333726772277256,0.002633432088460869,0.0013846039101496875,0.00065302114659656,0.0014296740528779597,-0.0020777791866070233,0.000976347179261807,0.003328643114517242,0.002289730184448877,0.0012960076009483877,-0.0005907497857011183,0.00031464733367452316,0.0012400749159738463,0.040897877075969064,0.0007777451054614386,3.365032679758479e-05,-9.102161411514705e-05,0.0014509952943192411,0.005224069962188947,0.001473991753366953,0.0038847796516975623,-0.002052124560079498,0.001441172728732701,0.001626456158634358,0.0017100341178937332,0.0006693121615449871,0.007802673381728947,0.002704853795568865,0.002356751990877949,0.00209789293958361,-0.0007006472044089536,0.0005803961973376831,-0.001218945698487409,0.008331642546605166,0.0007891874821077091,-0.0010820447752530437,0.00038643598019259557,0.0014506016783152375,0.0008420188238928455,0.00020206009031204953,-0.003005416716484587,0.001063660694511286,0.0011919706939027865,0.0011632071315831227,0.0012143839663212787,0.0006825047554196498,-0.002439443135808276,0.0020587144681236645,0.0007687923214464042
GSLD,5.991930967534844e-06,0.00019345839450349677,8.579054330761601e-05,-2.0240793947583864e-05,6.777586648397158e-05,1.1249011223300152e-05,-5.634668297388973e-05,5.182697101752372e-05,0.00029990071887437466,5.815232792536162e-05,3.594171086314992e-05,3.5271316762430686e-05,1.5053541131895071e-05,3.422578582305348e-05,0.0007777451054614386,6.316859147717678e-05,3.0822049007136196e-06,3.643554494112175e-05,9.010346077378083e-05,0.00020136453276031936,0.00010170189708073831,0.0001942160060133971,6.947110001483169e-05,0.0001399373120343474,0.0001002287502195057,8.584359944882116e-05,3.599013009642835e-05,0.00034936283000484776,0.00016610434489277936,4.259439985711459e-05,7.025247718921206e-05,-1.738520336854116e-05,8.180081264149988e-05,0.00012126260456154624,0.00020714841995745923,0.00010357292514241907,2.5944010703996748e-05,2.3348944476268313e-05,6.052587627103733e-05,-2.6813835307614008e-05,0.0002610705112025737,-9.806573309767738e-05,4.23972447544976e-05,5.560080545237649e-05,7.563580007686942e-05,8.091581062029609e-05,0.00014395675478449217,0.00020613546256337766,0.0001303832031319882,4.725974198118839e-05
IBTK,1.6820224743509338e-07,-5.584539646694667e-06,-1.2613474327726433e-05,-7.048109559154223e-07,-6.451562378747131e-07,4.769791080890468e-06,3.5216328612362802e-06,-4.091776995416582e-06,5.262588866148e-06,-5.232105014163019e-07,7.498265193975951e-06,1.3232538785317837e-06,4.235207729319806e-08,8.062988117558716e-06,3.365032679758479e-05,3.0822049007136196e-06,1.2856496300969735e-06,-1.7437436389672056e-06,-1.1079272779161108e-06,-5.052304914505325e-06,-5.70405571378799e-06,1.246705888406166e-05,-6.104415789273558e-06,1.3761744119941188e-05,1.143795580742208e-06,-2.5949383817246165e-06,-2.1004377913552357e-06,-4.276702465209463e-06,3.0649352894896177e-06,-3.1978337391812725e-06,5.847868735888572e-06,4.612303794138126e-06,-9.474930585598456e-06,1.957299877906106e-05,-1.9056702153715672e-05,-1.4820398981254338e-06,-3.264099387050922e-05,6.361882348965921e-06,-6.6165935795125405e-06,1.8057065224320817e-05,3.504318827377917e-07,-3.3615944272732633e-06,-1.1570451061556555e-06,2.419931199675935e-06,-1.7372902371359712e-06,-1.4642884021633272e-06,1.795550641003148e-05,1.7297924730280174e-06,3.332581053562736e-06,-7.490465205325043e-07
JHX,7.462106900969514e-07,0.00020699136715519626,9.552382472241433e-05,-3.37420829397978e-05,8.00827180100536e-05,-4.967094053108887e-05,6.661042179281312e-06,2.8362566160276254e-05,0.0001791000760274111,6.769638439219167e-05,9.899971925605952e-06,-6.733284309360615e-07,1.5170752184556772e-07,-4.341808042606915e-05,-9.102161411514705e-05,3.643554494112175e-05,-1.7437436389672056e-06,0.00010740472821290937,8.796238250052672e-05,0.0001121299311183091,0.00010919753915863886,1.536962285990588e-05,8.609255588013853e-05,4.772012864894832e-05,9.406849143983443e-05,7.233797041198138e-05,3.953486383891611e-05,0.00027238846367494965,0.00011261767830598635,3.1024127781215716e-05,1.01352256413884e-05,-3.143180097035652e-05,0.00010608338065252422,0.00030764523659842277,-1.627334168264917e-05,9.187147860061005e-05,3.4166897760804266e-05,1.3454584593298271e-05,8.821621237833181e-05,-2.205085212414504e-05,0.0003195422858400336,3.081775039735287e-05,-1.081695352509288e-05,-2.856667047036596e-06,0.00010447382675696646,9.941986550350372e-05,0.0002398685419498503,0.00028785266816701153,9.787759072178229e-05,5.380166273260754e-05
JPSE,1.0105382535184234e-05,0.0003161188356076142,0.0003943937673490713,6.229275443672252e-05,7.822695400588454e-05,0.00010350374587686048,-8.76029817271652e-05,0.0002067674563565249,0.0005108113421586082,0.0005239073272734578,9.040938711611065e-05,5.382854312905887e-05,6.372347976087722e-05,5.355524054282023e-05,0.0014509952943192411,9.010346077378083e-05,-1.1079272779161108e-06,8.796238250052672e-05,0.0002807301070945186,0.0005338859912873988,0.0001776255128116456,0.00040750268757478055,0.0005926214764019264,0.0002379928750150736,0.00022419934436101332,0.00015400868746667863,9.895490578591044e-05,0.0004943384001559019,0.0003550921907903597,0.00010136753848982957,0.00019085376548195256,-1.1967875363471705e-05,0.00036709195862003643,0.0002760432103465887,0.000533137773803948,0.00015450176866434726,0.0002063360532902552,4.882323210359977e-06,9.647488445447739e-05,-0.0004172211347997713,0.0007737467765789584,-9.449337568555709e-05,0.00011489860365297762,0.00010387119198977402,0.0002910080256362829,0.0002680258374083629,0.00036509735704727997,0.0006436949808203699,0.00034281733206793373,0.0001373718164976282
MD,2.897640157566452e-05,0.0008291541626887622,0.0009212734393810031,0.0002747403426272455,0.00024180176189747297,0.00024341489845963694,-0.0002906921883724307,0.0004198865235270004,0.0007402925726978988,0.0009148966739024068,0.00013161897256855728,1.113797259330788e-05,6.075496777825289e-05,0.0002824715553644644,0.005224069962188947,0.00020136453276031936,-5.052304914505325e-06,0.0001121299311183091,0.0005338859912873988,0.0014459922532874434,0.00046097635131827394,0.0009003039247314319,0.0007380746567003048,0.00046316056812319265,0.0004560868927881833,0.00041205661459049763,0.00020462919571401854,0.0014629020410016145,0.0006432868906751704,0.0004079238956529359,0.0003821568061069041,-4.2047785708498134e-05,0.0007316102102588458,0.0004798452637850705,0.0019262360981241924,0.0003159847154481568,0.0005746101557109692,3.7497304160734505e-05,0.0003604105276465218,-0.0006741452677885841,0.0012365744063502018,-0.0003604156926558325,0.000397263645679513,0.0002571716543281583,0.000535048139323056,0.0005055545464073495,1.3200022266713003e-05,0.0011688550370052982,0.0007011215440673638,0.0002636012275414778
NDAQ,1.2910928456341382e-05,0.000501281058457281,0.00026123866833893206,-3.611056209454634e-05,0.0001938156819295971,-4.734487889731151e-05,-0.0001517201585440688,0.00011244829559838196,0.0005634046702422752,8.772234188993802e-05,-1.3638598018904979e-05,2.2690191800477804e-05,2.0374626063827166e-05,1.2410199413800602e-06,0.001473991753366953,0.00010170189708073831,-5.70405571378799e-06,0.00010919753915863886,0.0001776255128116456,0.00046097635131827394,0.00029178816946655084,0.00022806333512048255,9.637296257165563e-05,0.00014892726044807468,0.00019310608341319146,0.00021299663677596883,9.286509506381721e-05,0.000864003844648882,0.00021475645683392166,0.00013795660774965974,5.571001990058913e-05,-0.00010599660819713253,0.00023184510265287107,1.900820893068118e-05,0.0006695182592520372,0.00023116861018835673,0.0002806514500244314,-6.2119776533726565e-06,0.0002318083990779079,-2.422625296206061e-05,0.00042869071198913845,-0.00017836760273868055,7.460076892589635e-05,7.933023100310605e-05,0.00015047212719789593,0.00016372083532142424,5.956165521210046e-05,0.0005164984674995344,0.00021542627477084543,9.828406237536141e-05
NSTG,2.1295619425954955e-05,0.0004968632850319678,0.0005440197370772935,0.00013616120558583708,0.00018869570730498187,0.00025556505864478025,-0.00021944039985032467,0.00030676923591594377,0.0008383245771682507,0.0007586841371498076,0.00025819315230471445,0.00015370696969123528,0.00011971626659509091,0.000265586965642569,0.0038847796516975623,0.0001942160060133971,1.246705888406166e-05,1.536962285990588e-05,0.00040750268757478055,0.0009003039247314319,0.00022806333512048255,0.0010050496000883918,0.0007906498375927293,0.0005278170587159358,0.0003611280368138502,0.00024164940047689246,0.00012858667806289222,0.0008772810377552049,0.0007072658581449904,0.00015918290285895983,0.00041915748183626346,-4.4881756862643894e-05,0.00046663572875566385,0.00018299588553918355,0.0011440872119372635,0.00022753243357260985,0.00014628824300176206,7.883939963218574e-05,7.927774415200536e-05,-0.0006217862872705274,0.0009764438188830962,-0.0004509897084461715,0.0003023352717625782,0.0002463653324971807,0.0003696577110765999,0.00035386581225334296,0.0005564150505791521,0.0007214031423599825,0.0005552373050854284,0.00018634614835859605
OIS,4.5047406018887955e-06,0.00018861974703523034,0.0008690256490311641,0.00011166710315555606,0.0001810975049768228,0.00022594129783995437,9.472843416408823e-05,0.0005332398631445858,0.0009493799746528154,0.0018685924192890686,9.06225378639859e-05,0.00031885485994111407,0.00023672650115166263,0.00014278807076167457,-0.002052124560079498,6.947110001483169e-05,-6.104415789273558e-06,8.609255588013853e-05,0.0005926214764019264,0.0007380746567003048,9.637296257165563e-05,0.0007906498375927293,0.0030112077359169646,0.0004664239245714775,0.0003022462404112981,8.252190839827361e-05,0.00014221672864420373,-0.00035582684018509793,0.00032694409017768153,-0.00013171351748038658,0.000275973386393895,-5.621505198851858e-05,0.0011222648111405417,-5.2841552430836256e-05,0.0008286089101450058,0.0001356707251404265,0.0007446662221687924,-0.0001376965224587011,-0.00013533250671281342,-0.0016436138300445035,0.0020093876417997822,0.00011097430347279335,0.00019462160119290987,0.00014058319018763098,0.0006595891231314121,0.0005530009722883387,0.000754750483504145,0.0030517035928950167,0.0007341046588321403,0.0002538044040126815
PCRX,1.8012135405114865e-05,0.000290106742954427,0.0001351395723898661,2.1321372233877098e-06,7.59261468764983e-05,0.00014079530353275352,-7.173605168100686e-05,0.00014183306326081204,0.0006666060256821237,0.0003668205146618467,0.00010833524090883854,7.463878911232057e-05,5.979930813062659e-05,0.00015644813564293295,0.001441172728732701,0.0001399373120343474,1.3761744119941188e-05,4.772012864894832e-05,0.0002379928750150736,0.00046316056812319265,0.00014892726044807468,0.0005278170587159358,0.0004664239245714775,0.0004592328110106316,0.0002116654606355142,0.00011011285004352272,7.030569637403516e-05,0.0004734877676413006,0.00023239751215607638,1.5418945942512658e-05,0.00019829937243035577,9.172943348619062e-05,0.00025684031430058815,0.00034660159002849095,0.0003805572136116195,0.00017711573011843426,-0.00011722108991089924,7.227702977861184e-05,3.7616644832622134e-05,-4.015696577357146e-06,0.0007070472339182146,-0.00016028781136318953,0.00010528954850113075,0.0001471343532919049,0.0002092277572925645,0.0002071794287924947,0.00032537776651397974,0.0008897074952370486,0.00032812036505940365,0.00010418477325802935
RFG,9.260321446862229e-06,0.0003614527663918349,0.00030350745892829435,1.990000107102146e-05,0.00011884080628919952,4.723700369832458e-05,-9.887193284388318e-05,0.00014498970374418342,0.000504386054780174,0.0003117565613247178,8.811112735762516e-05,4.651209076178679e-05,4.1301459650442176e-05,4.3600880654019715e-05,0.001626456158634358,0.0001002287502195057,1.143795580742208e-06,9.406849143983443e-05,0.00022419934436101332,0.0004560868927881833,0.00019310608341319146,0.0003611280368138502,0.0003022462404112981,0.0002116654606355142,0.00021353071426766763,0.0001716484530602859,8.641588667656082e-05,0.000628776793725999,0.0003639803939404305,0.0001159316220087915,0.0001618194578995426,-5.2500478962918896e-05,0.00024750094786423464,0.00027680956167860585,0.0004625814150842232,0.0001720114653800721,0.00011944416524274516,2.5231297974477855e-05,0.00012537013115006225,-0.0002394891858151268,0.0006068914795970247,-0.00013978224329225272,9.002138567389569e-05,9.30647277935831e-05,0.00022256872434481877,0.00021454926538093142,0.00036251787120434843,0.00041895182469710925,0.0002919879907885557,0.00011772181958831415
SOXX,7.257070652061434e-06,0.0003610490157488712,0.00028096093315266085,-1.7492104069138775e-05,0.00013114225155490294,-2.823208076499571e-05,-0.0001249436603580727,0.00011254240024202571,0.0005110659362494836,0.00011723080022048825,1.9411644865321364e-05,4.196605327307705e-05,1.3755554775952224e-05,1.4186287800690361e-05,0.0017100341178937332,8.584359944882116e-05,-2.5949383817246165e-06,7.233797041198138e-05,0.00015400868746667863,0.00041205661459049763,0.00021299663677596883,0.00024164940047689246,8.252190839827361e-05,0.00011011285004352272,0.0001716484530602859,0.00021065183297593135,7.371882556100507e-05,0.000750823353720206,0.00031763250256419673,0.0001681597866637355,9.773819131204862e-05,-0.0001224684333351362,0.00014507405002327843,7.82571977991907e-05,0.0005461382997884969,0.00018349066040125733,0.0002120056095258794,-1.0435164450240391e-05,0.00016992300256407367,-0.00016588104588621046,0.0004085956382076521,-0.00014263721474261793,5.112223743729634e-05,8.018611232841543e-05,0.00014397476442759615,0.00014876589624778774,0.00014748056807979142,0.0002257292132126963,0.00024608702258537295,9.554976360771081e-05
TADS,4.749085174203886e-06,0.0001538598101106306,0.00014442001723980475,8.647212113120239e-06,3.946909776596711e-05,1.925038738034594e-05,-5.562957861461018e-05,7.181277789977108e-05,0.00022926289262292652,0.00013840210923509317,2.0261298169376797e-05,1.3523604671339965e-05,2.170124163039822e-05,-5.576181827839414e-07,0.0006693121615449871,3.599013009642835e-05,-2.1004377913552357e-06,3.953486383891611e-05,9.895490578591044e-05,0.00020462919571401854,9.286509506381721e-05,0.00012858667806289222,0.00014221672864420373,7.030569637403516e-05,8.641588667656082e-05,7.371882556100507e-05,4.1986597304098645e-05,0.00027113991575564817,0.00013001853592243024,5.1226422290738857e-05,5.825047931859174e-05,-2.1570117417645768e-05,0.00012381673372739553,4.390925959104855e-05,0.00023762469113130228,7.590736575935373e-05,0.00010517057729638466,-5.1189857458659776e-06,6.360771309213916e-05,-0.00011052819782566409,0.0002470569273226557,-5.3988245571496927e-05,3.4716071372635264e-05,3.8193918668433654e-05,9.618028977296699e-05,9.30132427302342e-05,0.00010935622222894303,0.00018055422946687265,0.00011360799136147761,5.057744943934994e-05
TECL,4.2911005119465124e-05,0.0014864079643111545,0.0007571099718684094,-8.279686744558415e-05,0.0005694771191196846,-9.30663294809676e-05,-0.0005783164965936825,0.00028360970098027056,0.0019331993549129365,0.00011353642766396432,0.0001011191360983053,3.7060088817552225e-05,5.4119082404915995e-05,6.987508155356953e-05,0.007802673381728947,0.00034936283000484776,-4.276702465209463e-06,0.00027238846367494965,0.0004943384001559019,0.0014629020410016145,0.000864003844648882,0.0008772810377552049,-0.00035582684018509793,0.0004734877676413006,0.000628776793725999,0.000750823353720206,0.00027113991575564817,0.0031222119333875163,0.0009247191699996267,0.0006029157138995022,0.0003235103465518006,-0.0004355781405245803,0.0003709668520132282,-4.7295715257997463e-05,0.0021569183072934262,0.0006979653784049555,0.00039014651804388466,3.336978463196801e-05,0.0007209086555092561,0.00022320458383626697,0.0009339260460037124,-0.0007608167685299609,0.0001702689771614482,0.0003032053359557644,0.00038779005686979777,0.00044662823984201834,0.0004280737507071413,0.0005964779791402306,0.000719290666764217,0.0003017689813139831
TEN,-2.724351457666935e-06,0.0004474467365230099,0.0006106885734716066,-1.0677248495096868e-05,4.646618389900867e-05,6.166348951943983e-05,-0.00016589334322813094,0.00028106133994165055,0.000771509862260382,0.0003191491974921904,0.0002450074078187181,0.00021575575265818554,5.45448168349316e-05,-1.2332289054651962e-05,0.002704853795568865,0.00016610434489277936,3.0649352894896177e-06,0.00011261767830598635,0.0003550921907903597,0.0006432868906751704,0.00021475645683392166,0.0007072658581449904,0.00032694409017768153,0.00023239751215607638,0.0003639803939404305,0.00031763250256419673,0.00013001853592243024,0.0009247191699996267,0.001225897697558425,0.00022600644708982228,0.0003962134606520693,-0.00011816539329747241,0.0002575222196533813,0.000820148124802714,0.0003208979973000038,0.00028442897728424857,0.0004133261427149965,4.3287860253273896e-05,8.779390640678972e-05,-0.0011404776197880154,0.0011939140205593686,-0.00023533396935296758,0.000183970630508411,0.00017014306090176975,0.0003771901707100637,0.00035811941745534834,0.001038533211266605,-0.000562533699861928,0.000534695332776527,0.00020872038939572104
TER,5.3123770619335225e-06,0.0002317860691497843,0.00028432429271096817,9.418315319185283e-05,6.726549355924122e-05,2.7969388595253716e-05,-0.00010670190412847481,8.119605488922946e-05,0.00013217719700899707,0.00012869104728220054,3.1907468167906153e-05,-4.333032025524104e-05,-1.5694221102887232e-05,6.018125198587753e-05,0.002356751990877949,4.259439985711459e-05,-3.1978337391812725e-06,3.1024127781215716e-05,0.00010136753848982957,0.0004079238956529359,0.00013795660774965974,0.00015918290285895983,-0.00013171351748038658,1.5418945942512658e-05,0.0001159316220087915,0.0001681597866637355,5.1226422290738857e-05,0.0006029157138995022,0.00022600644708982228,0.000222137029002367,9.8817929254879e-05,-8.554601749658549e-05,7.43714080763499e-05,0.00012508227812490176,0.0005964507963451357,7.471336449428561e-05,0.00011321860297231467,3.985326993016663e-06,0.00015690488609204346,-0.00010433777382676538,0.000142264598626833,-0.00010642885018031777,7.386801406698276e-05,5.6282258420551926e-05,0.00011123460731841908,0.0001073606599674733,-5.544223346648836e-05,-9.931750871202694e-05,0.00018052970926615757,6.862848755489624e-05
TLK,7.044376405768399e-06,0.00011909994598884042,0.00026658339499454074,8.91365585207217e-05,-1.0883177751843757e-05,0.00015235804093754646,-8.735977799300581e-05,0.00014369514621613265,0.0003293799882928757,0.00038320265805798876,0.0001533102527668174,4.247435783240543e-05,5.3005652645210544e-05,8.495113011432286e-05,0.00209789293958361,7.025247718921206e-05,5.847868735888572e-06,1.01352256413884e-05,0.00019085376548195256,0.0003821568061069041,5.571001990058913e-05,0.00041915748183626346,0.000275973386393895,0.00019829937243035577,0.0001618194578995426,9.773819131204862e-05,5.825047931859174e-05,0.0003235103465518006,0.0003962134606520693,9.8817929254879e-05,0.0002319375479565077,1.1047550726459304e-05,0.00016037193156414535,0.00022746373978580639,0.0003372757488099834,6.556604267598643e-05,-2.4981068003482823e-05,3.617556865814125e-05,5.251103509769888e-06,-0.0003335314345251958,0.00045099956318298955,-0.00014154368339517993,0.00010138041204658337,0.00010388495147927518,0.0001938649047707557,0.00017676393989402803,0.00039556635622433543,-8.869428186774809e-06,0.00025970162864189823,9.29497444480845e-05
UEPS,1.2371131992413062e-06,-0.0002033897073878269,-0.0001314683158093921,5.636020431236784e-05,-0.00021065253245671866,0.00011896788400520194,7.899338800490117e-05,-4.9792381798210504e-06,-0.00030709802617205693,-2.8772035176786876e-05,-3.687501167025076e-06,-4.975767289936851e-05,-2.7036756999733043e-05,3.9812235603246464e-05,-0.0007006472044089536,-1.738520336854116e-05,4.612303794138126e-06,-3.143180097035652e-05,-1.1967875363471705e-05,-4.2047785708498134e-05,-0.00010599660819713253,-4.4881756862643894e-05,-5.621505198851858e-05,9.172943348619062e-05,-5.2500478962918896e-05,-0.0001224684333351362,-2.1570117417645768e-05,-0.0004355781405245803,-0.00011816539329747241,-8.554601749658549e-05,1.1047550726459304e-05,0.0002729184588584662,2.4514303089901546e-06,0.00047958731344283935,-0.000363297709869461,-7.531614986275366e-05,-0.00010665994992917645,4.708385820820001e-05,-0.00010089283442523263,5.33717475862988e-05,7.94716798304853e-05,0.00015998464323514026,3.8669780987170746e-05,1.7462142587254782e-06,5.691069320089782e-06,-4.188120213567396e-06,-0.0001552882269019416,-6.665879989086189e-05,-5.531772384030486e-05,-2.5750129957965087e-05
WFC,1.1031599495679334e-05,0.0004447603028215831,0.0005924685924910486,0.0001454131994688354,0.00017506558111465056,0.00012594783669839523,-6.153223543557335e-05,0.0002981298263289389,0.0003314690211489353,0.0008210090679658607,4.11877272792511e-05,6.668759780896965e-05,7.673105146204525e-05,0.00011450012469031159,0.0005803961973376831,8.180081264149988e-05,-9.474930585598456e-06,0.00010608338065252422,0.00036709195862003643,0.0007316102102588458,0.00023184510265287107,0.00046663572875566385,0.0011222648111405417,0.00025684031430058815,0.00024750094786423464,0.00014507405002327843,0.00012381673372739553,0.0003709668520132282,0.0002575222196533813,7.43714080763499e-05,0.00016037193156414535,2.4514303089901546e-06,0.0006781134074343495,0.00027088239303226137,0.000936052829783371,0.00015558838838554856,0.0005677889246645592,-1.7451885857544098e-05,0.00013362239873600452,-0.0007399280273678193,0.0010391772217616146,-6.948849582847176e-05,0.00024938214505850045,0.0001005667983232481,0.00039312566732136085,0.0003510789019890385,0.00011802282726905445,0.0014033194904037572,0.0003957607882617933,0.00016232753088667268
WHLM,-2.227004258455467e-05,0.00027982682709054883,0.00031308452484066093,0.00017906423803272387,-0.00015095331235638365,9.15312703572217e-05,0.00038983094586952737,8.733998621925712e-05,-0.0008535948441422093,0.00014811427615092857,0.00019092423098473576,-5.10142560181349e-05,-0.0002024097064342381,0.0001757287658998321,-0.001218945698487409,0.00012126260456154624,1.957299877906106e-05,0.00030764523659842277,0.0002760432103465887,0.0004798452637850705,1.900820893068118e-05,0.00018299588553918355,-5.2841552430836256e-05,0.00034660159002849095,0.00027680956167860585,7.82571977991907e-05,4.390925959104855e-05,-4.7295715257997463e-05,0.000820148124802714,0.00012508227812490176,0.00022746373978580639,0.00047958731344283935,0.00027088239303226137,0.003681261497799969,-0.0010660714178813775,7.798786320161834e-05,-0.00012558088674738177,0.00030702659504500406,3.567543688817594e-05,-0.0007685624264336657,0.0017131088151458181,0.0005635331530069658,0.0002652921716766256,-8.243140725773901e-06,0.00048632161686710764,0.0004090819216888635,0.0007024505509001285,0.00016437608259921828,0.0004665891540051295,0.000170701504880025
WWR,4.921594653842344e-05,0.001213193651786232,0.001204339953983695,0.0004529019699812325,0.000633658533980004,0.0002595425130020928,-0.0005738938452401013,0.0004793499246051148,0.0007613388875070535,0.0011261825109945458,5.6826220463150354e-05,-4.213943865487693e-05,0.00010792709594356486,0.0004930158265938103,0.008331642546605166,0.00020714841995745923,-1.9056702153715672e-05,-1.627334168264917e-05,0.000533137773803948,0.0019262360981241924,0.0006695182592520372,0.0011440872119372635,0.0008286089101450058,0.0003805572136116195,0.0004625814150842232,0.0005461382997884969,0.00023762469113130228,0.0021569183072934262,0.0003208979973000038,0.0005964507963451357,0.0003372757488099834,-0.000363297709869461,0.000936052829783371,-0.0010660714178813775,0.0038013370117999925,0.0003307248671882908,0.0009883968367409078,-3.803602483553195e-05,0.000601448592537373,-0.0004944602539145791,0.0005353427885474687,-0.0008828379664058765,0.0006131545572939545,0.0003250037418266109,0.00044161515774380887,0.0004411905773477136,-0.0009235417909305883,0.0017618434520517226,0.0006680082677877863,0.00024283497663414857
