,ACHC,AFI,AIHS,AIN,AKR,ANIK,ATNI,AVD,AVRO,AWF,BAH,BBEU,BNTC,BOH,BTZ,CBD,CETXP,CFBK,CID,CMCTP,CNI,CVU,DMRE,DRQ,EGLX,EXR,FIZZ,GD,GHSI,GMOM,HALO,HAYN,HCCI,HRZN,IDHD,IOSP,JFR,JMIN,KRNY,KSS,LBTYA,LILA,LMT,LOV,MBB,MMSI,MNR,NNVC,NSYS,NUO,NVO,OPER,PBI,QVAL,RVLV,RYAAY,RYH,RZG,SFE,SMAR,SPTM,SQQQ,STC,STM,STRO,STSA,SVA,TCTL,TEI,TPOR,USIG,USWS,UTES,WTS,AVNS,CATY,CELP,CMRE,CSPI,DOOO,DTH,DVLU,EUDG,FALN,GSSC,JELD,JHSC,SRT,SSB,WMS,BOOT,IQI,JAGG,JHML,NTRA,ONTO,PANW,SFYX,THD,NTCT
ACHC,8.480742271018629e-05,6.216001682449651e-06,0.00014143702544188702,4.900304450251694e-05,1.3611092280440636e-07,9.495268754757234e-05,8.654686823451396e-05,5.673864293073125e-05,8.833199064728989e-05,2.6165008348733168e-05,2.7929998824262367e-05,4.993663283749782e-05,8.282384379252679e-05,8.033388129036163e-05,-9.910720024392375e-06,5.973202684441123e-05,0.00034060746278728526,1.841633755801036e-05,4.1168049079320065e-05,0.0,6.177354092304653e-05,-7.68662616180964e-05,8.009017424816809e-05,0.0001363806379753411,4.300622905388081e-07,-4.766361961095175e-05,8.373094228976072e-05,6.434935602961915e-05,-5.615057282081811e-05,5.151155288932735e-05,8.547775321026623e-05,-7.529562890644613e-06,6.0962949935179654e-05,1.5550964765975288e-05,2.7050543470254477e-05,0.00012143639027471163,3.541299257694925e-05,5.2256116545268976e-05,0.00013187175636050877,0.00012697770153012884,2.0935425291848046e-05,8.505888977517313e-05,3.8740645711129204e-05,0.0001651279441484397,-5.43289758614532e-07,6.827846601676133e-05,8.140571706713586e-06,-0.0031589787229283264,-4.807092082650443e-05,1.1746949890203469e-06,3.6399978326431966e-05,1.7724116689540294e-08,7.437450594419034e-05,8.083759747904524e-05,-8.607363478779565e-05,0.00010962055848615235,6.90708868891845e-05,9.63371512821827e-05,4.6921232676171394e-05,0.0001457858990062366,7.493855698660893e-05,-0.00024025590357980897,3.613050424000111e-05,0.00022848351932076762,-1.3194052499739281e-05,0.00022237450633237111,0.0,5.433722018709015e-05,4.5696940489552276e-05,0.00019402717351264708,-6.565908878287973e-06,0.00022111347939873506,2.8671621565416447e-05,8.784171614893374e-05,4.071063438481398e-05,7.117440848084552e-05,4.5450903607859246e-05,-0.00028631602756170026,4.309129748231432e-05,6.73709774849204e-05,6.138268880080298e-05,5.9676471553386944e-05,5.8442289902521104e-05,2.785229475236791e-05,7.362219279910374e-05,0.00011019363154774476,7.096171435279061e-05,7.499629792827165e-05,0.00011180026015190022,8.238550982048854e-05,0.0001668125888270351,8.72311909770891e-07,-1.712932329324248e-05,7.504999097140446e-05,4.707014188986468e-05,5.027259426202186e-05,6.400561303328747e-05,8.327856756205847e-05,4.836434220964265e-05,4.821602801084022e-05
AFI,6.216001682449651e-06,0.0003813532608358114,2.6452278918392414e-05,-0.00013128505906139832,-5.240652835039227e-05,-0.00010770604047049576,0.00016033178133906278,2.6329883280248603e-05,0.0012298070853482318,-5.684500030019403e-06,-1.0458996046656584e-05,2.1318908548641663e-05,5.7377586319438384e-05,6.36566937271333e-05,1.1728137413395929e-05,0.0002512508841394945,0.00033726243177252963,2.2656817463877878e-05,2.9934841564830784e-05,0.0,-3.8532543353978974e-05,5.776359950069566e-05,3.2734979068934326e-05,0.00011978989756414061,0.00020108504451521935,-4.886674257347003e-05,0.00010241252542578365,-7.274343373207816e-05,-2.0984121298496263e-05,1.6083745703588724e-05,-8.787594686983962e-05,0.00011547202781453795,-6.914551827985481e-05,-2.862064973365808e-05,7.908560708108075e-06,1.26684288291384e-05,6.529325300380559e-06,-9.350713587100649e-07,-0.0001381546684886492,-2.8861796679260628e-05,3.533132345701884e-05,-0.0001589988828711984,-1.4005624320191574e-05,3.4540507639384235e-05,-4.930365799136829e-06,8.586423845180218e-05,-5.748967527350683e-05,-0.0042205382126766335,-0.00024879510011298545,-2.001499579792929e-05,1.3728479817679138e-06,6.234103854005547e-08,-0.0001569874885140321,-3.111931229259402e-05,9.148320129099421e-05,5.576103985566761e-05,1.2078808881167459e-05,-3.030520734433178e-06,-8.019895186026531e-05,9.007534225073693e-05,-3.6736125751457636e-06,-4.207317245234629e-05,-3.493820092906444e-05,-7.294654385439201e-05,0.00030399841712533545,0.00044067905791047993,0.0,8.502430325252522e-06,1.4921408148356754e-05,-0.00026261127018317347,-9.096461627300807e-06,0.0002897424939820826,-2.0024807408451756e-05,5.9379214742212275e-05,0.00015453636146779185,8.044764720020254e-05,-0.0003341361312512244,-7.169141629942911e-05,0.00014895400279589508,8.06197359921949e-05,2.4816707451022488e-05,2.750645827593457e-05,1.2157220084103234e-05,2.3056021107240126e-05,-1.3698633312085296e-05,6.549642296844399e-05,2.147545983155784e-05,-8.29193444216562e-05,-8.965756381080337e-05,-0.00014882826588640983,-5.7704571487093415e-05,9.082116203462582e-06,-1.694061122860935e-05,8.208111910038791e-07,-7.123879680922389e-05,5.999342018536488e-05,1.445552676595802e-05,0.00016592493183819907,1.3969665818006026e-05,-3.4675326413990525e-05
AIHS,0.00014143702544188702,2.6452278918392414e-05,0.00442974350963134,0.0006148398008886672,0.0001004922000798397,0.0010451981233737544,0.0006293878325876972,0.000672978794242798,0.0026093329403841315,2.896846237814875e-05,0.0003136515484429825,1.8386416544041227e-05,0.0004687233397771557,0.0003089574699676936,-9.40305399463197e-05,0.00016016263221897047,0.002170971820696418,-0.00010074579020520047,-4.502314200486937e-05,0.0,0.0003438409143129914,0.0005995048893125504,7.957169093798127e-05,0.0003197559788430595,-0.000698558406326763,4.2813668609103566e-05,-0.00011466948917913167,-9.038078080839308e-05,0.0005441041228884989,3.998661333019268e-05,0.000787086813473455,0.0002650684663603246,0.0004438077078799155,0.0002283374126322422,5.036760610189679e-05,4.6277248920921464e-05,-9.999774904986991e-05,0.00012716394623085652,-0.00019096928238101886,0.0002123925394465216,-5.471453517034442e-05,-5.196797625462474e-05,-3.3154954226505234e-05,-0.0001334545817274636,-5.251655390226893e-06,0.0005070734672380033,-0.000226882186997938,-0.007690864604258736,0.0007701506027727649,-2.227423301323635e-05,0.00018314112513143145,1.2796406090327747e-06,0.0015816482791033777,0.00027050002412225033,0.0008910016640430955,0.0001596875501017965,0.0002551269770246127,0.0002564398566547064,-0.00027300672085729086,0.0002968896455877937,0.00022533920610050495,-0.0007609638015431384,-7.583633421020995e-05,0.00010762538791803607,0.000793350644657295,0.004193909940168222,0.0,0.00012240791658749866,0.0001807635549122931,0.0004604999749652244,-2.4621250776500162e-05,-4.240717838701951e-05,-1.8722058743764777e-06,-4.628350200659289e-05,0.0006030125380120562,4.865492346983201e-05,0.0002988654352179088,0.0012823931071387171,0.0006355668335308286,-0.000127040408697613,0.00010217837371608648,0.00026015901591930894,2.7515158930987552e-05,0.000100374201971438,0.0002450528991587936,-0.0008238885533625842,0.00020718909965436845,1.6472328644573436e-05,-0.0005145831569858964,0.00020070180524395427,0.000844145856078958,-5.160614423380935e-05,-3.453886516594498e-05,0.00018506725754836346,0.0005716761809506525,0.0005598183574985533,0.00010679435422026051,0.00047074218062245494,-5.859092968326421e-05,5.5129937896205056e-05
AIN,4.900304450251694e-05,-0.00013128505906139832,0.0006148398008886672,0.0003827553492604033,8.322032857467512e-05,0.0002831544141667268,0.00015546288281738808,9.474083060385866e-05,2.0177953118867007e-05,5.163397407314385e-05,0.0001505426585342271,9.018654243192062e-05,0.00038379809914740115,0.0001364402261242396,-4.708869586199735e-05,7.572586188095392e-05,-0.00037257903937714835,-3.8163843603670833e-05,6.178627621758031e-05,0.0,0.00022051862429506964,-5.843951079408272e-05,0.00010057442307519965,0.00011779160928368191,-0.00036258822932516634,8.214186553344438e-05,5.362305196027389e-05,0.00017439092387951265,0.00032658388283643474,6.846101518842824e-05,0.0002002115340817402,8.213945143345657e-05,0.00018267871631816763,6.520620706231503e-05,9.695420643352893e-05,0.00015119012694312108,1.3610653638698932e-05,7.76754516052903e-05,0.0002430384095479984,0.0001783522490996682,0.00011372926937736095,0.00012379044060698607,0.000143418280295936,-0.00019824890456046705,1.038940975237842e-06,0.00028021093705818075,7.405461665029554e-05,-0.0006651184602608552,5.431470046283471e-06,1.1902416229624034e-05,4.8155907582158857e-05,-4.898411177431156e-08,0.0003967353179248194,0.00015302221535278533,0.00024580009006553734,-9.86098214125061e-06,9.902819785304543e-05,0.00017183091929854258,5.756501962041106e-05,0.00010916039209357928,0.00012250844893622623,-0.00042040194481970033,0.0001037091014863305,0.0004478421471127437,-0.00011805345853712665,0.0014614163972286667,0.0,8.833770524732661e-05,1.7127475199793216e-08,0.0005751048995380282,-1.733263802719373e-05,4.576019384221389e-05,2.0835505968899007e-05,7.958308822819031e-06,7.888880706063332e-05,5.451408977752525e-05,3.1284958514576135e-05,0.0005578877200741117,0.0003714221333058297,7.447065135950985e-05,0.0001028449873370857,8.375194236326842e-05,7.764655957864072e-05,5.2426435434571574e-05,0.00012031830629763733,-0.00023543445779776679,0.00011161239414740237,0.0002992464543522107,5.288137583553643e-05,0.0001296491619768712,0.00025962432972893255,2.913109063818572e-05,-2.556477521866789e-05,0.00012086995619643944,7.875891917057473e-05,0.0001611158186027988,8.421429239105888e-05,0.00015178632357781024,3.562280723718451e-05,0.00010927162439594394
AKR,1.3611092280440636e-07,-5.240652835039227e-05,0.0001004922000798397,8.322032857467512e-05,0.000152927241190994,0.0001199361483059993,2.4052326663659033e-05,9.266585597085108e-06,-0.0001781394181751919,1.99546686551534e-05,3.3674871056184514e-05,2.3297391666585433e-05,-0.0002583935933075691,1.6946919547541905e-05,7.1466808314240985e-06,0.00014372818865424945,-0.0007378969145361873,2.608666871929851e-05,-4.066234705515695e-06,0.0,5.265601655330598e-05,7.437631032205968e-05,4.5998712827097766e-05,0.0001338859200218095,-0.00022124286146323933,1.036199578102239e-05,6.389207649016292e-05,7.460412779758178e-05,2.865759848035052e-07,1.856454952071361e-05,3.599567345597227e-05,3.219672099594233e-05,9.202179558825958e-08,3.966261725194735e-05,4.3456768586437386e-05,2.6815992503690765e-05,2.9487397026634196e-05,1.2772450098321718e-05,-7.229444368794593e-06,3.334812273198572e-05,-2.5262792355526236e-05,-5.391809035531251e-05,3.0814996423395285e-05,-0.00023094273000062948,1.3538667072733095e-07,9.519807751836933e-05,2.5461687319440368e-05,-0.0005774937699646053,0.00011389510185426533,5.679003065157431e-06,4.3105758295283466e-05,-1.246037651570801e-07,0.00030447019303056255,5.9201029430509385e-05,-0.00016663026985565442,-3.319055177782804e-05,2.1201518925024945e-05,4.396292583105062e-05,3.520357376833931e-05,-6.288454913331745e-05,2.552419521008262e-05,-0.000130006687063376,1.0693866715967097e-05,0.00030259723516785165,0.00010825007099801286,0.00031222736012749937,0.0,2.6709709800500817e-05,-5.101082131784593e-06,0.0003032708042438859,-2.221605982642116e-06,-5.4751961490156845e-05,8.969556325744254e-06,-4.211487941762483e-05,-4.9787874858954435e-05,-3.059188369124935e-05,-7.38377667076074e-05,-0.00029164829160871226,0.00015393818226751835,3.501198657338141e-05,3.566333879130618e-05,3.381348524221753e-05,9.129875380627942e-06,7.259136525465392e-07,2.8939616958466576e-05,1.9001140706028368e-05,1.9514386038799837e-05,1.887352107036465e-05,7.924566429397386e-05,1.5966893535366336e-05,1.0698481028981036e-05,8.853890662150125e-06,-3.2219884781925523e-06,2.6351468140917506e-05,2.3768582830915075e-05,5.3675287133314247e-05,5.241443033080333e-05,4.212091577926675e-05,4.7454537651784764e-05,1.2225063000024108e-05
ANIK,9.495268754757234e-05,-0.00010770604047049576,0.0010451981233737544,0.0002831544141667268,0.0001199361483059993,0.0007580408313176987,0.00017871279832947897,0.00019027868321396064,0.0005745771348379446,-1.804701298224019e-06,6.402172522320308e-05,1.600373209005836e-05,0.00013482600510625518,0.0001144895141573885,-6.2524181983488e-05,-9.405789152321829e-06,-0.00041199955839416643,-7.782996638400132e-05,4.702179927099933e-06,0.0,3.4475051068970156e-05,9.216840814004379e-05,0.00011144250267972164,-8.385410875364536e-05,-0.0007459340178266891,-0.000118676594023828,0.0002066400494691414,0.00017737699733482606,-0.00014338445956697124,3.813840382985861e-05,0.00034881003375389005,1.0266649166249274e-05,0.00016887190354195156,-2.1203010635567253e-05,2.6003796109845617e-05,0.00013355224023238785,5.090170077968469e-05,5.680273530337449e-05,0.00018502674233196562,0.0002349793264730746,2.0758517825222423e-05,1.3964819395758715e-05,6.714043776281731e-05,-0.0003348781452626377,5.461867732865035e-07,0.00019343156900861834,1.1108019693548852e-05,-0.00358345278943137,0.0005873649184173474,1.467784979147451e-05,6.723466968394728e-06,5.199677550735565e-07,0.0004373952069357044,0.00018700871869889037,6.258924047697323e-05,3.561721200498583e-05,0.00019001861765215793,0.00020542831478648576,1.2396993389667823e-05,-4.742654942479123e-05,9.282093458005611e-05,-0.00027362238709277196,3.6379030280092905e-05,0.00039193755207918345,-0.00018236260070260196,0.0023211206142833584,0.0,6.5575214561276e-05,0.00011889536722536193,0.00043136547210865335,1.8111054645957126e-06,0.0004356529874241897,-1.4114100020658443e-06,-4.821220743799385e-05,0.00019965472914459896,2.764752126730535e-05,6.173787978228626e-05,2.0234708061051228e-05,-0.00016099515897660641,-8.673478029437303e-06,5.972567738790817e-05,9.535298269925218e-05,2.7882453370023055e-06,6.838609692012682e-06,0.00013734832392303003,-4.554457194991406e-05,9.064445097437977e-05,8.555692748612132e-05,-0.00032732019185608584,0.00019768710408124288,0.0003435387840168957,-2.629850244015757e-06,-1.0748421464132777e-05,8.142595626900726e-05,0.0002517644028084099,6.541694218254234e-05,3.372438188604713e-05,0.00015920331461464902,-6.460104799897119e-05,-2.0747638417385468e-05
ATNI,8.654686823451396e-05,0.00016033178133906278,0.0006293878325876972,0.00015546288281738808,2.4052326663659033e-05,0.00017871279832947897,0.00025082219446395025,0.0001296978473367827,0.0008570994446631903,3.526779425794312e-05,9.861839490785553e-05,7.40070055576106e-05,0.00027631546557662674,0.00017051449562951201,-2.5795201630054043e-05,0.00021180147203304618,0.00045288214564796444,-4.146508449280318e-06,5.573519628852729e-05,0.0,0.00013397327713576474,4.3764619152944096e-06,9.965678463347615e-05,0.000225334670235069,-6.563462965520435e-05,-7.556270210220157e-06,0.0001356757309316107,6.645982960190262e-05,0.0001569740438590316,6.873841746417223e-05,0.00013635780351097966,0.00011980792796152742,0.00011314740049837152,3.399534579472976e-05,6.248416485675254e-05,0.00015808021586370617,1.9702751805881295e-05,7.242895345212302e-05,0.00010238899770045198,0.00014670299240812935,9.113512472502225e-05,8.77191079089675e-06,8.154415410947037e-05,-3.102003381902744e-07,-3.2984122657512055e-06,0.00024351090716638802,-1.0234627146366162e-05,-0.004680550921752233,-0.00011118948053601339,-5.508289992785405e-06,5.16996920726004e-05,1.462024633187914e-07,0.00021158456693221752,0.00011128764466114641,0.00011830561789860386,9.072925028046598e-05,0.00010106418591735231,0.0001480658329253288,3.4429310136221964e-06,0.00018420984217605837,0.00010834205236104395,-0.00038386913500714273,5.092772151482636e-05,0.00031837873914897897,0.0001567174138660176,0.001094471374339302,0.0,7.950290614014496e-05,3.648020150974896e-05,0.00024275847756370617,-1.895280623526149e-05,0.0003299410310827713,2.231538097794671e-05,9.52674374271988e-05,0.00016471229506113364,0.000117674511485507,-0.00010943491308391618,4.5254639963935886e-05,0.0002771467458718246,0.00011548388598411294,9.67919521028448e-05,0.000101403737906947,6.869480523139747e-05,5.5786782799160864e-05,0.00010527666805668416,-2.9026722093532534e-05,0.00011467244771073084,0.00012463964104223284,2.190395434238843e-05,4.0043047721125374e-05,0.00022267394678084172,1.3434358858577035e-05,-3.3052912580304166e-05,0.00010755472693912311,4.128208760975021e-05,0.00017808822767015315,9.285672900629735e-05,0.00024050562325222068,4.134891282960112e-05,5.6484904114256345e-05
AVD,5.673864293073125e-05,2.6329883280248603e-05,0.000672978794242798,9.474083060385866e-05,9.266585597085108e-06,0.00019027868321396064,0.0001296978473367827,0.00011946788996448649,0.0004785081579050857,1.3696405024889657e-05,5.029212067688924e-05,2.4789279646027834e-05,9.342604575284546e-05,7.64999442589467e-05,-1.6587765634731225e-05,5.914231790193277e-05,0.00043623854958223685,-4.1372660880833175e-06,1.3768225107768933e-05,0.0,6.507464471630726e-05,5.334107996880953e-05,5.071801240905036e-05,0.00010111733397243688,-9.878914728227812e-05,-2.5533184367531e-05,2.69240830801484e-05,1.1937146202823522e-05,2.7339738886856363e-05,2.825526319760928e-05,0.0001426797701634265,3.402241233350806e-05,7.979873032560068e-05,3.406381395584977e-05,1.744318381049286e-05,5.6124152774218806e-05,4.361841171656166e-06,3.8920227283980184e-05,2.0351472899198417e-05,8.41282358869357e-05,-2.7837828560612252e-06,1.9484920346217126e-05,7.529184500673505e-06,5.8187235948460996e-05,-1.1210448243704695e-06,9.845862530206865e-05,-3.16805228744195e-05,-0.0027756850154921683,8.532892655760853e-05,-3.735848664359266e-06,4.0106430532597426e-05,1.88733554956854e-07,0.00024180457364043602,7.115321614913501e-05,9.153268406188924e-05,7.600023950511061e-05,6.851691740864256e-05,7.614449468211096e-05,-2.477770653650604e-05,0.00010768118230953086,6.188665511560942e-05,-0.00020671367922644592,-6.034548349572137e-07,0.00010195297951068493,0.00011605088267098902,0.0007449620804308849,0.0,4.047626271922913e-05,5.0745927701282645e-05,0.00012875792476201993,-5.812605691677234e-06,0.00011027827418913597,8.751946842220122e-06,3.104749940908218e-05,0.00011379441756583845,3.95717198784773e-05,4.0064852525502695e-05,4.342798406811099e-05,0.0001038204863516588,1.2131224553140594e-05,4.125837280139462e-05,6.292620923552791e-05,2.9392634008957035e-05,2.5979226471742245e-05,6.402766715349959e-05,-5.9200991559979966e-05,5.9085856445373884e-05,2.4780303643297023e-05,-3.910445667967353e-05,5.566703558578216e-05,0.00018722039269575158,-6.745784440794535e-06,-1.2398540369038641e-05,5.649614889849197e-05,0.00010261632204821577,9.476886840550569e-05,4.047440954951253e-05,0.00010674293021034388,1.2734803373544659e-05,2.3634934350824458e-05
AVRO,8.833199064728989e-05,0.0012298070853482318,0.0026093329403841315,2.0177953118867007e-05,-0.0001781394181751919,0.0005745771348379446,0.0008570994446631903,0.0004785081579050857,0.005991385556635332,-1.6659592717021684e-05,0.00010059758837825498,0.00011965476430198505,0.0005868154904991586,0.0003243438835345325,-4.5160725066144245e-05,0.0008690545720229982,0.0011300296080792656,-1.1349912730163584e-05,0.00013986395977881662,0.0,-1.363831791995679e-05,0.00045775429846873946,0.0002770906058208533,0.00030592955129615367,-0.0002540235697241519,-0.00027446401233373866,0.0003044719535246208,-0.00018489041121276496,-8.505396897605975e-05,9.206477214696692e-05,0.00023694197970180997,0.00044726544276556333,-8.650311858187576e-06,-2.995455860941309e-05,6.659685543951874e-05,2.9930885089921737e-05,2.452677730876587e-05,6.190728543656066e-05,-0.0004945873572568034,0.00012099248916170265,3.618230574657732e-05,-0.0005323673112505738,-6.959938134623021e-05,-3.886442402127557e-05,-1.552884900726546e-05,0.000573716996789764,-0.00027279490689702387,-0.020280611364738084,-0.0001689329465100508,-7.515508741614105e-05,6.893593498835797e-05,8.331144814244834e-07,0.0003914125048297642,0.00010647166647050952,0.0011459938360411336,0.00030809301000320373,0.0002853542625043531,0.00017817632216728338,-0.00048574961305542446,0.00047250181482311974,0.00011614935440684818,-0.0005897859395093194,-0.0001921446424890138,-0.00026300035439626694,0.0011684133175354783,0.006001494408767574,0.0,0.00011904169765760114,0.00025766107525386023,-0.000523328654059049,-3.0073812735594236e-05,0.0010637232727973092,-0.0001385199324434878,5.3410451870362395e-05,0.0010334634883610466,0.0002661445758686425,-0.0010844417133321603,0.001065962878322994,0.0008084097597241431,0.00013366295408753702,0.00016353044268656097,0.00024153722989374136,8.472578392275305e-05,0.0001307872143753541,0.00010107976221711112,-0.00037849836645601734,0.00019247793819019026,-0.00019225153484963623,-0.0009341087866105442,-0.0003521149491292352,0.00038754399071934235,1.919679128524448e-05,-6.987017987541299e-05,0.00010778308860993789,0.00025655951842117145,0.00036728980376721595,4.413161500347746e-05,0.0007945478184302817,-1.6500634154979208e-05,-0.00010460673502904766
AWF,2.6165008348733168e-05,-5.684500030019403e-06,2.896846237814875e-05,5.163397407314385e-05,1.99546686551534e-05,-1.804701298224019e-06,3.526779425794312e-05,1.3696405024889657e-05,-1.6659592717021684e-05,2.4917732176709814e-05,2.695791313720272e-05,4.567503262035818e-05,-5.418129231652951e-06,3.0158476047166515e-05,1.6869778908064503e-06,8.593741280712651e-05,-0.00011610791739139918,2.8199184006608746e-05,3.446808783592434e-05,0.0,6.137958362702484e-05,-3.9310638888093317e-05,5.9555066685109374e-05,0.00011857818491103611,-1.1762089579596664e-05,-1.164078890607473e-06,1.4428815851910005e-05,4.1864687890719766e-05,8.54020500878058e-06,3.3675256566290334e-05,2.020369954338914e-05,6.781094966465992e-06,1.3591552121789991e-05,3.124811815304665e-05,3.497768469936628e-05,4.661694980304023e-05,2.218338332657254e-05,2.7052753602720986e-05,4.5891214240485295e-05,5.3741535978528445e-05,-1.8538894959938376e-06,3.810028490101571e-05,2.4750674577114998e-05,6.619619035857137e-05,1.633179276625851e-07,5.930970632597963e-05,1.7287360142728877e-05,-0.0014961601586247683,-8.813388832388758e-05,-4.3282251739070396e-07,3.6454966036853505e-05,-1.5560737123526326e-07,0.0001154730383712145,4.4255908085943696e-05,-1.0212494469531689e-05,4.656157891511696e-05,2.5575674089887237e-05,4.1367048189213794e-05,1.954429262843665e-05,9.085266037174487e-05,4.235272524364631e-05,-0.0001653143240765029,1.5135144051560722e-05,0.00014895746932426016,4.7125512632567635e-05,0.00021262521781295542,0.0,3.591079739346557e-05,1.2577323679902635e-05,0.0001723284168882895,-4.982387071436218e-06,4.985448369407428e-07,9.153274618359386e-06,2.5898791437321202e-05,5.962317040818481e-06,2.203134067601838e-05,-2.754548236310637e-05,-6.311478212592428e-05,0.00016994161059811832,4.286987027869348e-05,4.531464974434884e-05,3.391642158732608e-05,4.6602528830676466e-05,2.1222599383562905e-05,3.2008362185266705e-05,5.375895077688924e-06,3.758774691146622e-05,6.486073402532171e-05,0.00010937619766360207,1.856521420101371e-05,6.701193080262619e-05,8.304819652287241e-06,-9.880383128623521e-06,4.4268171496759695e-05,1.7418581880044993e-05,3.695716674126172e-05,4.3672839897521064e-05,4.078604282758307e-05,5.634415225062601e-05,4.491936929854668e-05
BAH,2.7929998824262367e-05,-1.0458996046656584e-05,0.0003136515484429825,0.0001505426585342271,3.3674871056184514e-05,6.402172522320308e-05,9.861839490785553e-05,5.029212067688924e-05,0.00010059758837825498,2.695791313720272e-05,7.747705816166318e-05,4.155293668612932e-05,0.00018240657184188317,8.184422950845529e-05,-1.6501131553301096e-05,6.9976246524236e-05,9.893414246100103e-05,-9.69008381012754e-06,2.5425247124190233e-05,0.0,0.00011551791077479953,-1.4327770975665491e-05,3.4792780043521836e-05,0.00011394463690559977,-5.629234460216697e-05,5.3639955178009915e-05,2.4139743971967962e-05,5.3940388636925154e-05,0.00020287729570210187,3.316489210566677e-05,7.50264950008733e-05,6.301670065935736e-05,8.530838380799941e-05,3.989597157475027e-05,4.49056203023651e-05,7.820919624958594e-05,-2.8071660895443577e-06,3.9309241277116266e-05,8.839675456576263e-05,6.809229931611315e-05,6.34647543056378e-05,4.419031431722809e-05,6.459148698844377e-05,-5.176874830780327e-05,-6.135124263997885e-07,0.0001404086773881517,1.9328110494297155e-05,-0.0006136962927657956,-7.030825212218934e-05,2.0661093456698035e-06,3.097868954222313e-05,-4.591411242668915e-09,0.0001686264267255899,6.055588385535371e-05,9.223759853842774e-05,4.735853644259779e-06,3.393306125330961e-05,7.418407519476718e-05,2.4446619585875884e-05,7.603344048144995e-05,5.995341602691755e-05,-0.00020881732509709424,4.854446972085472e-05,0.00020298747489777647,2.6807463886940396e-05,0.0004244752093450038,0.0,4.1005417921236407e-05,-1.1576629087696832e-05,0.0002241455851715104,-1.1569260725128187e-05,2.9085164797101513e-05,1.809764727698025e-05,3.192080723503554e-05,3.3776833446801635e-05,4.159739561662485e-05,5.545683794689647e-06,0.00019222933340209522,0.00020996095539866207,5.229568162756253e-05,4.936645799878407e-05,4.385982514243593e-05,3.752010044942884e-05,3.0008833688148072e-05,5.520639391025121e-05,-9.217843515279018e-05,5.671498133161941e-05,0.00012358619904952252,7.022949059738673e-05,4.11035699175971e-05,0.00011009631348901983,1.1519375467559068e-05,-1.5377382092567894e-05,5.959553656132805e-05,8.04827084010325e-06,0.00010701908732538759,5.1414994236947125e-05,9.42624442684539e-05,2.535112216091903e-05,5.466934426032883e-05
BBEU,4.993663283749782e-05,2.1318908548641663e-05,1.8386416544041227e-05,9.018654243192062e-05,2.3297391666585433e-05,1.600373209005836e-05,7.40070055576106e-05,2.4789279646027834e-05,0.00011965476430198505,4.567503262035818e-05,4.155293668612932e-05,9.513064414638019e-05,2.3678603169409078e-06,5.376678466846472e-05,2.0524295897271555e-06,0.0001828414221077513,-0.00034366340130231095,5.555885462900268e-05,7.840185481170655e-05,0.0,0.00010056913653751184,-8.569342063380477e-05,0.00013372111921556933,0.0002072029475294388,-5.521016040599523e-05,-2.6781515124210343e-05,4.2395526875847065e-05,8.63232279290691e-05,-3.719504857970582e-05,6.868355807578748e-05,3.317651433148409e-05,9.484842823619589e-06,1.0484109803605791e-05,4.774502375328234e-05,6.865888497133297e-05,8.646640623948246e-05,5.241674037343255e-05,5.0472950311106426e-05,8.466505808321278e-05,0.00011154712343125793,-8.069246606686904e-06,6.257070297755066e-05,4.4407694500752125e-05,0.00013323008071865577,3.33981440293548e-07,0.00011571984471591891,3.430684701452899e-05,-0.003556162933591957,-0.00017612448433910102,-2.3539184844899393e-06,6.491654718978265e-05,-3.187235463551497e-07,0.00019389201807300103,8.689871712108827e-05,1.804454500110452e-05,0.00010198550569484617,6.1022546721504595e-05,8.225003448651466e-05,2.4176098284770886e-05,0.00018608303217684688,7.989220337342483e-05,-0.00032007736797691103,2.1230049364764146e-05,0.0002674874581505111,8.118140964850684e-05,0.0006673180517000579,0.0,7.203036948119378e-05,3.877799426185296e-05,0.0003106634540263312,-8.452870226965602e-06,4.7455140497435936e-05,7.357452898525852e-06,4.391412106496995e-05,4.3402167554380386e-05,4.724858459125564e-05,-0.00010474492927100802,-8.394328354204884e-05,0.0003292287432716682,8.437227773997059e-05,9.214730825356782e-05,6.677919263783673e-05,9.534521284059937e-05,4.217140206950051e-05,5.938162049617667e-05,1.3560053860144218e-05,7.360516893114328e-05,0.00012336121144640433,0.00016774463960197173,2.3222720200589405e-05,0.00013011233773835753,1.9110798261461976e-05,-1.975279320368512e-05,8.433107830640843e-05,4.3459994995963814e-05,5.292866607205463e-05,7.743774390765366e-05,8.747513616105107e-05,0.00010850982184064843,8.044094796901174e-05
BNTC,8.282384379252679e-05,5.7377586319438384e-05,0.0004687233397771557,0.00038379809914740115,-0.0002583935933075691,0.00013482600510625518,0.00027631546557662674,9.342604575284546e-05,0.0005868154904991586,-5.418129231652951e-06,0.00018240657184188317,2.3678603169409078e-06,0.0017139861671990719,0.0002937104715632758,-0.0001266927642991081,-0.00036902488923232603,0.0021845176072010104,-0.00024936116067166784,4.162343643893077e-05,0.0,0.0001888053963631393,-0.00029685562900256206,-0.00011854144675024879,-0.000301766963614273,0.00016304441482730954,0.00019679372789765183,0.00011033278701084262,8.892270547923792e-05,0.0008701554998075508,2.4425012187951614e-05,0.00019029891246488456,0.00017451152665243905,0.0003961915887141053,-9.756638507428713e-05,2.870750619905433e-06,0.00029308521369501736,-0.00011497632914398109,8.390543380671001e-05,0.000553832816218133,0.0001742737222501653,0.000495601213146489,0.0002809039275464618,0.00025702575964889134,-7.541799262744644e-05,-3.123235548617226e-06,0.00027219247387498356,5.95868118859655e-05,0.0039944323551861175,-0.00031387721468712827,1.5127782105355529e-05,-0.0001410882074377534,8.29528594950036e-07,-0.0006338014331569768,3.926431672175424e-05,0.0006914750805756665,-8.929387612897639e-05,6.813326220903798e-05,0.0001969223012428767,8.997840205640095e-05,0.00013123494205334688,9.672105319039702e-05,-0.00012530066122967343,0.0002544549115835484,1.7493696242675984e-05,-0.0007097220121555847,0.0005441822082990671,0.0,2.4998106361862623e-05,-9.704326476539629e-05,-0.00010443173063378096,-3.395524512284241e-05,0.0006763635761038427,5.526497200586109e-05,0.00021475911451996474,0.0002112712247046199,0.00025904243149459463,0.0002741663469107549,0.0015824219592266396,-0.00021860090112867857,0.00010267156677699401,1.69941305169561e-05,1.8932758095303773e-06,3.2715781390465446e-06,5.975028228930508e-05,0.00012270071323730816,-0.0002882927769357106,0.00012005080121331919,0.0004570800162344913,-0.0002251705170634227,0.0001780524990411266,0.000262546890498406,2.6062512395945696e-05,-3.969044732078235e-05,9.272306180972827e-05,-0.00015498223485098264,0.00018675637621419865,-2.0101864452492257e-05,0.00022544722534653422,-0.00022054562136005152,7.580500729939841e-05
BOH,8.033388129036163e-05,6.36566937271333e-05,0.0003089574699676936,0.0001364402261242396,1.6946919547541905e-05,0.0001144895141573885,0.00017051449562951201,7.64999442589467e-05,0.0003243438835345325,3.0158476047166515e-05,8.184422950845529e-05,5.376678466846472e-05,0.0002937104715632758,0.00014555151330347818,-2.579711762142743e-05,9.726894859679578e-05,0.0004828070768939756,-1.70261053762677e-05,4.0168824685539515e-05,0.0,0.00011848740459908962,-5.929860895622983e-05,5.840074200321957e-05,0.00015571099747855373,-6.861578373902539e-06,1.5920453619920713e-05,0.00012220740222594967,7.952499466455643e-05,0.00017168122805374822,5.552731843572282e-05,0.00010402241042334757,7.792926185958579e-05,0.00011901793833752772,1.72384298237247e-05,4.617506243997516e-05,0.00016446949462301647,1.2413437579675073e-05,6.400869876597949e-05,0.0001703089617797354,0.000133795617503281,0.0001119181818981102,6.369386742829716e-05,9.35871299559441e-05,8.039378160214528e-06,-2.1236436442399816e-06,0.0001778046829388173,1.5438367396588704e-05,-0.002506163477320045,-0.00011032112382671484,2.086850444515882e-06,2.7165521042947166e-05,1.2934719070521472e-07,7.433017803165587e-05,8.993359042042587e-05,1.6408994167454506e-05,5.6136375570161246e-05,7.174435810913178e-05,0.00013030697194878118,5.397673897652072e-05,0.0001303289911383043,9.046858977860099e-05,-0.0002894520061901202,7.782198092750491e-05,0.0003107558115341926,-7.3685336989773895e-06,0.00043247960831411993,0.0,6.110870514200594e-05,7.503216162613514e-06,0.00022865617289681995,-1.6167168152169624e-05,0.0002965525397689303,3.671859725556875e-05,0.00010411009211848807,7.250787448837313e-05,0.0001061299386043945,-2.1612253385153292e-07,-3.565780669721353e-05,0.00012817923564351725,0.00010549327716186059,7.248966537653816e-05,6.938605468828494e-05,5.2266282056138066e-05,4.056891848449131e-05,9.230432424181527e-05,2.8497141721868258e-05,9.305137903900808e-05,0.00014347767608446777,8.34975077146318e-05,7.39072608562134e-05,0.00017378994415742475,1.1243871440963409e-05,-2.651688949293751e-05,9.072935611290732e-05,-3.379419163256497e-06,0.00013195210510932374,7.806205854449625e-05,0.00016535335603363769,2.2546929793355147e-05,5.7093285084559506e-05
BTZ,-9.910720024392375e-06,1.1728137413395929e-05,-9.40305399463197e-05,-4.708869586199735e-05,7.1466808314240985e-06,-6.2524181983488e-05,-2.5795201630054043e-05,-1.6587765634731225e-05,-4.5160725066144245e-05,1.6869778908064503e-06,-1.6501131553301096e-05,2.0524295897271555e-06,-0.0001266927642991081,-2.579711762142743e-05,1.3413139268172188e-05,3.547003225915145e-05,-0.00011227410409187499,2.5209433277079347e-05,-2.099019980637719e-08,0.0,-1.3652308278450362e-05,1.3115167045254788e-05,5.785953065598279e-06,3.532874819424593e-05,4.407717768453887e-05,-8.702408436620465e-06,-2.06314784659899e-05,-1.883777641746398e-05,-5.525195049748512e-05,-1.8816794074821825e-06,-3.642756406464481e-05,-1.1532810385770864e-05,-4.009541509509063e-05,9.518152408430985e-06,-3.7133816302978676e-07,-2.7569842271616517e-05,6.100316357197813e-06,-8.065895313761812e-06,-5.2750042699638775e-05,-2.516421166753365e-05,-3.7255047936346714e-05,-2.057338279627626e-05,-2.3071598184236905e-05,4.024965942022492e-05,1.0117187883649898e-07,-2.868221567338665e-05,-6.264671321653384e-06,-0.00026989357252812533,-2.796089121481601e-05,-2.7479033167948597e-06,1.1839279909913534e-05,-9.968110849985029e-08,1.8094185512486195e-05,-1.354289646710552e-05,-4.696862282406391e-05,1.0599218364718924e-05,-1.5144098386817381e-05,-2.5731915819443374e-05,-9.498938585389746e-06,4.70915224340305e-06,-1.0440568113039227e-05,1.6212834914030026e-05,-2.152836386691538e-05,-2.6526364185237234e-05,7.23086262650146e-05,-0.00016330675547524104,0.0,-3.7700155250126595e-06,1.6051484767726518e-06,-2.1094010248867725e-05,1.9076372171373993e-06,-7.074781230530954e-05,-4.170347816516511e-06,-8.665914150026216e-06,-2.1906872405543887e-05,-1.678339317241514e-05,-3.0656852827329704e-05,-0.0001131880598561382,3.886192261263291e-05,-3.708850366205216e-06,-2.0741621108139508e-06,-3.7024925109290273e-06,3.191726913432068e-06,-2.6486517992324236e-06,-1.6308878593362777e-05,2.385451398898487e-05,-1.1730181790360803e-05,-3.698521056633252e-05,4.026457844055996e-05,-2.7761265066261997e-05,-3.631480993059514e-05,-1.3327827947323187e-06,2.6083626305071123e-06,-9.278306122372438e-06,-4.0699655867091295e-06,-1.5041164575842165e-05,1.35869966438979e-06,-2.109342564681175e-05,2.3549949880747268e-05,-1.9512000946339764e-06
CBD,5.973202684441123e-05,0.0002512508841394945,0.00016016263221897047,7.572586188095392e-05,0.00014372818865424945,-9.405789152321829e-06,0.00021180147203304618,5.914231790193277e-05,0.0008690545720229982,8.593741280712651e-05,6.9976246524236e-05,0.0001828414221077513,-0.00036902488923232603,9.726894859679578e-05,3.547003225915145e-05,0.0006262761396707523,-0.001109749409486352,0.00015877683936508851,0.00013461510541707065,0.0,0.0001628526850197875,2.0552381087609093e-05,0.00027636789309185586,0.0005643292115175423,-0.00011237913522832069,-7.22075775807361e-05,0.00013017019575676698,0.00010927561561629617,-0.00013484284596836603,0.00012646231775937096,-8.953091236893805e-06,0.00010751554306988473,-8.343008009173059e-05,0.00011444344914471144,0.00014880354190942172,0.00010348774373145028,0.00011307478928067698,7.479864697117063e-05,-7.50399774811173e-05,0.00013706044339615618,-8.06994935373806e-05,-9.374477709308461e-05,4.106254101296932e-05,8.083441020239619e-05,-2.3641993835151846e-06,0.00028343599352998735,1.8126606895822306e-05,-0.009185019998998753,-0.000347519400050212,-1.7650611012970185e-05,0.00016233994428311053,-6.888289689500747e-07,0.0005555013506294669,0.0001462785926854976,-5.9721137294948576e-05,0.00018005310663388196,0.00010036033303185773,0.00012003247624038103,-2.1766579215669752e-05,0.0003042526330725403,0.00012799795354331153,-0.0006180754775903774,-2.5640690954559903e-05,0.0005505287794886759,0.0005663935621641707,0.0015478045897521847,0.0,0.00013414111705198307,7.341596239605722e-05,0.0005377285101607339,-1.7811628661347334e-05,5.731468610626001e-05,-7.11410703567476e-06,3.972601838673705e-05,0.00011656857076857894,6.362218552084923e-05,-0.0004881041837022597,-0.000478622020849885,0.0008403461515609099,0.0001903063086650693,0.00018494283635956635,0.00014873251340836343,0.00016657738976808784,7.900086183844388e-05,8.26298947044933e-05,5.540553304903827e-05,0.00012652937078931647,9.061627242737374e-05,0.00029506526711985955,-9.419841669213914e-05,0.00013567549472796544,3.943322757554805e-05,-3.946593476608807e-05,0.0001386691564992613,6.054926572350481e-05,0.0001571490416032925,0.00017173086954309718,0.00025270420585258256,0.0002504499774309013,0.00010904879065226929
CETXP,0.00034060746278728526,0.00033726243177252963,0.002170971820696418,-0.00037257903937714835,-0.0007378969145361873,-0.00041199955839416643,0.00045288214564796444,0.00043623854958223685,0.0011300296080792656,-0.00011610791739139918,9.893414246100103e-05,-0.00034366340130231095,0.0021845176072010104,0.0004828070768939756,-0.00011227410409187499,-0.001109749409486352,0.011196749419939794,-0.0003404954610505136,-0.00026050314333390587,0.0,2.6784945852887722e-05,-7.190949784113468e-05,-0.0006718870435596858,-0.00019672646773608352,0.0022294594426674652,0.00021647150215551626,-0.00011685484675117691,-0.0006377249456532777,0.0011461470739131622,-0.00012955137999458053,0.0003438644958640415,0.000138720794515375,0.0006729640547979199,-0.00011410238238639064,-0.00036831643292553243,0.0003450893143521751,-0.0004011437860508858,9.134612877248023e-05,0.0003183611940349167,-4.4989148824545914e-05,0.0005412577228772389,0.00044802612476381063,-4.3636563818561575e-05,0.001446578485294153,-1.6898040342561617e-05,-0.00028614397290112385,-0.00040357151025521246,0.004375545193128046,-0.0003059725180127664,-2.256389878989083e-05,-0.00018709934585659887,3.144033537675315e-06,-0.0015150167482729199,-0.00023671950041742512,0.00012881776730419258,0.00023960717369391217,-9.989061060456473e-05,2.0909836320636986e-05,3.89747396180651e-05,0.00039901099964214824,4.895956499046646e-05,0.00044061779131259236,0.0001842533579017507,-0.0011651971481681407,-0.00022136836455549628,-0.006112720685965372,0.0,-0.00014560923864741473,-0.00010582249858429704,-0.001820500132094169,-4.136096906971043e-05,0.0011667980648763288,0.000253824407368812,0.00078839342973156,0.00018762673902138682,0.0004905668975829554,0.0015880869280311917,7.742727347791104e-05,-0.001658801961294924,-5.663159591978486e-05,-0.0002543081188677851,-3.772884889349411e-05,-0.00020836678976497198,2.6949712735808434e-05,0.00011856325385509807,0.00026698926016737205,7.879127463506247e-05,-0.0002246922932692791,-5.470301692344981e-05,0.0003387365201726808,0.0004716070767364668,-0.00017301685072246663,-3.0414547811039848e-05,9.103118678668391e-06,-0.0002578357980984232,0.00041474867506178755,-7.099857322771768e-05,0.0001877259402959056,-0.0004883136750877307,-6.20693951492152e-05
