,ACWV,ADX,AIRTP,AKTX,AMS,BRF,BRW,CDLX,CM,CWI,ENTA,EPAC,ESNT,EUDG,FAZ,FBZ,FDEV,FDUS,FJNK,FLLA,FNDA,GLPI,GYRO,HAFC,ICL,IGMS,IJR,IMUX,INDI,IPGP,IRBO,JBHT,JRO,KULR,LOGI,MARPS,MOO,MOTI,PDEX,PMD,PRI,PRTG,QMOM,RVPH,SAIL,SCHM,SCPL,SVM,SZNE,TAK,TR,TRMD,TWNKW,TX,UAL,UBER,UMPQ,VFL,VLDR,VUZI,WHLRP,WIX,WLDN,XME,AFTY,AGNCP,ANIK,BSCP,BWA,CHIM,CHSCN,CLR,DYHG,EJAN,ESGU,GSSC,HCI,IKNX,KNX,PFEB,PPT,PSCU,RBNC,SMLV,THFF,TSLA,UDR,VALU,BMRN,CIA,CLOU,GOOGL,LOWC,PRMW,SBFG,ACRX,FITBI,FOF,REAL,TALO
ACWV,2.6928391702939822e-05,2.0127390360276434e-05,4.315375751904619e-05,2.690324481191259e-05,-0.00013146235721172583,-7.072145013947886e-06,3.620135420645977e-05,-1.813302127427579e-05,-5.00357487384691e-06,1.839304855497202e-05,1.3290930706632873e-06,2.8702859454324658e-05,-9.927185910450495e-05,1.5116312610263771e-05,0.00021323424019816038,1.3786226314392196e-05,4.401480871113352e-05,-1.091215903785194e-06,3.47907439541206e-05,1.003900537864703e-05,-2.052649377632278e-05,5.22308244770834e-06,6.260881320832852e-05,-6.13089027287168e-05,1.1389653449081065e-05,-1.767357423215954e-05,-1.846184058068612e-05,-4.2895424992098624e-05,1.1984849618454674e-05,-8.840769068035245e-06,6.822659920312471e-06,3.7224621472688424e-05,2.259432298972351e-05,0.00011734583980903702,8.095073360860223e-06,0.000125127637793288,-4.1947435489635277e-07,-9.676173095203007e-06,2.9957288628851062e-05,2.9208191168740654e-05,-6.468193266894606e-05,8.15875699867958e-05,1.0338537306403239e-05,4.902905443330205e-05,7.08479487915892e-05,-2.1850370419221527e-06,0.00014557262189006617,4.76349968666664e-06,1.4515186555120772e-05,4.649256732093571e-05,6.515740806722706e-06,-5.283722465991136e-05,-1.403822690576962e-06,-3.451913020936227e-05,-0.00011286373690657788,-5.551827919719105e-05,-6.248077121836774e-05,4.4212353302125135e-05,0.00046489655478619465,0.0002476331822026034,6.570744196877198e-05,6.557791557996433e-05,-8.509911634698225e-05,-3.253176468393276e-05,-6.028066154119778e-05,2.211293978874215e-05,-0.00010765373499495634,4.261596347024344e-05,1.4414350110588552e-05,2.62117096638145e-05,5.7519924136743254e-05,-0.00010790758833664378,4.868342158054077e-05,3.036770576681289e-05,-8.180731227929139e-07,-2.0082349712066514e-05,-1.5851852054690243e-05,0.00014358012118186077,6.136134714196646e-05,1.090323728936674e-05,4.579326606594308e-05,1.408468451912023e-05,-0.0001462236280208342,-2.987039711289031e-05,-6.104921775871153e-05,-9.810955628525983e-05,2.399453704965047e-06,1.5557506831819525e-05,3.824609653411239e-05,-1.4631159307887987e-05,3.08933501882506e-05,1.8942333692304826e-05,3.499776467648742e-06,2.5811658897131206e-06,-8.592454348748708e-05,0.00012485834619595885,3.569886134428163e-05,1.6979499649613243e-05,8.131275255840845e-05,-6.727212840567643e-05
ADX,2.0127390360276434e-05,2.703868451598828e-05,3.0377698920606998e-05,-2.1614416373984197e-05,-5.39774981026924e-05,-3.462646197425453e-05,2.372492385804411e-05,-0.00011064122555122661,8.341759577074705e-06,7.572925517896936e-07,-7.0765776917855805e-06,2.4556245877873837e-05,-7.216387461336125e-05,2.7468047949875624e-06,0.00014065395084733183,-2.6335392456893563e-05,3.510032396854385e-05,6.731921659061535e-07,2.553256136397364e-05,-1.5660461679336534e-05,-9.431613611217559e-06,3.08207521855132e-06,4.870262155022111e-05,-2.759695902847641e-05,3.242219194256902e-05,6.397902569933106e-05,-3.0395899471929335e-06,-9.212658828851491e-05,-1.1059579206953518e-05,-1.0119956773625826e-05,-1.0891004594579108e-05,2.6473238760369418e-05,2.6182213591240724e-05,0.0001734554462062622,-1.8244123567648786e-07,0.0002091071519376513,3.4314207813708446e-07,-1.738011958675612e-05,1.345760233408951e-05,3.468492541748858e-05,-3.4029577824886364e-05,-8.537744604521185e-06,1.22161294078325e-05,3.1029750068529664e-05,4.27812476293821e-05,2.1248847515822064e-06,9.811002898934651e-05,3.156227440639174e-05,2.186751388737173e-05,3.698851546223315e-05,3.659701151411723e-05,-9.335329543642249e-05,8.669768720547318e-05,-1.0281086199930468e-05,-0.00011639621541010736,-2.3795713181593095e-05,-3.815390602148205e-05,2.4836879292644227e-05,0.00026885514364971395,0.00028950069456051364,1.476443760770026e-05,5.817017848456263e-05,-1.0659342575814236e-05,-2.0476998944715323e-05,-0.00011485037989252206,-8.22442167105867e-06,-1.535991154890884e-05,2.90770011195882e-05,2.9839685774399425e-05,-2.023009289857419e-05,2.8299872290092508e-05,4.3995729319396896e-05,4.2064554071104334e-05,8.183655283785207e-06,-5.511093338526409e-07,-2.7805671858655503e-06,-6.995315191332957e-06,-0.00010244182508044401,5.132999387875642e-05,1.1673942478539207e-05,3.205446795193044e-05,1.15861785413782e-05,-0.00010896140520596904,-1.9535497531019244e-05,-2.5730952644977463e-05,-7.519099072779503e-05,6.5150262378916255e-06,6.527698651686392e-06,3.824286664837795e-05,1.6203041691097742e-05,1.716257926239165e-05,8.340193716258102e-06,-3.6464957126083033e-06,2.1755148986027306e-05,-5.308525616693012e-05,0.00017144661807440712,-1.1761093420281401e-05,2.1502797750944512e-05,6.166755919531484e-05,-6.458202842009348e-05
AIRTP,4.315375751904619e-05,3.0377698920606998e-05,8.867730602822412e-05,7.135864037108522e-06,-0.00015688444986525953,-2.5907232129961836e-05,5.995569878724254e-05,9.26724290464342e-05,-2.642539515139463e-05,8.463578956658046e-06,5.929451312871546e-05,-1.0544087696121321e-05,-0.0001969968347941637,1.591373433663994e-05,0.00044727623087988116,2.6309841744553466e-05,6.333713675042683e-05,2.793092603728946e-05,6.872225804898176e-05,-8.929878368391524e-06,-4.8480626790083035e-05,-2.298616127229596e-06,0.0001280410848560678,-0.00014230078095429214,1.7961011670816584e-06,2.4674586813034542e-06,-4.4408814380451895e-05,-0.00018019643268035068,2.6454362237112096e-05,2.6653042287998615e-06,9.910184022284971e-06,8.328589493098088e-05,4.7807188810291944e-05,0.00027557413240684525,4.737327327814078e-05,0.00019961634529797279,-1.1669801413843932e-05,-3.6917023665391186e-05,9.198437141154852e-05,6.912917840704072e-05,-0.00012775924698697533,0.00019508090175188322,3.1428220914806825e-05,0.0001025942937697472,0.00012993911058760624,-8.098758507224912e-06,0.00024566190250010605,8.288525884569313e-05,2.7388620576415592e-05,7.382159524588718e-05,1.2978144844255076e-05,-3.403992558250307e-05,-0.00014670386152378857,-0.00012090577859712409,-0.00028195626262780956,-9.38270410878142e-05,-0.00010093314990506752,8.945449393230452e-05,0.0003440420335321849,0.00025483239267934984,0.0002012059430330875,0.00010777203714590554,-0.00017681381629340736,-4.80748438068283e-05,-0.0001664171540152299,3.919503632429604e-05,-0.00017286973472804834,8.565231400436274e-05,8.542994709032203e-06,-6.102927197218101e-06,9.606481775216048e-05,-0.0003112918963467399,9.07059926857148e-05,4.4293858723832945e-05,-6.956685603631007e-07,-4.2409115831951425e-05,-1.97883484627817e-07,0.00020541225029403336,0.00011431322553485631,3.212505323439401e-05,6.972844262825146e-05,2.957686246975212e-05,-0.0002942816169660238,-6.121776328938e-05,-9.159484984790439e-05,-0.0002052542842811022,-5.372073647817808e-07,3.248476056172724e-06,4.983286804069536e-05,-1.0964936684123433e-05,5.3065196369400864e-05,2.8226388708670304e-05,-2.785643184056297e-06,2.0643991091875668e-05,-0.00026870638561221795,0.0002727130516242393,6.195343994246878e-05,3.117067816233774e-05,4.277593245587375e-05,-6.872896563104253e-05
AKTX,2.690324481191259e-05,-2.1614416373984197e-05,7.135864037108522e-06,0.0019146585704797026,-0.0010182052867792782,0.0005429581044342203,-8.330597876956269e-05,-0.0010643512318365361,-0.00025064333614255416,-2.029232423547546e-05,0.0002951603117022809,-0.0004920496758579391,-0.000612398478491229,4.1580919413269176e-05,-3.609493429454689e-05,0.0005544260838033354,-2.0247116483282947e-05,-0.0001902643597977659,1.3555742020634998e-05,0.00031270302337304493,-0.0001712045926618049,0.0003004874304353181,0.0006051032024457255,-0.0009071140618912973,-0.0007165033738150379,-0.0005003547778263923,-0.0002035037907327633,-0.0006763644950085589,8.353231762807293e-05,-0.0006985475425959517,-0.00014469249945237456,-0.00039923854143943295,2.900910245890373e-05,0.0009227121630222648,-0.0003186698364315901,-0.0017201574550800725,-3.732238789303411e-05,-4.240376839408871e-05,0.00018837974906004643,0.0015773689980047127,-0.0003888349002215701,-0.0001671481393235785,-7.776469747806896e-05,1.0422299287728506e-05,0.0011581864150284457,-4.882575228399679e-05,3.1569025271417245e-05,-0.00047498855710914313,-1.3595700318182097e-05,-0.0001800152735640607,-5.472231727101187e-05,5.111262915195705e-05,0.0006623320851687029,-0.0004785705040032717,0.00035815019381681856,-0.0006108922982540596,-0.00031458397346212065,7.621555152389505e-05,-0.0021320257992700365,-0.0006686600510811843,6.336986187436552e-05,0.00019179819600734127,-9.389396816334172e-05,-0.00033429382743230225,6.508474084775378e-05,0.0002630792241250088,0.00015036751775323156,-7.2822319863028695e-06,-0.0005407316967783326,-0.0003546551878077734,0.00016616205394649712,-0.0006780429690755297,-6.011896621678012e-05,-1.629087595745532e-05,1.8972970685755733e-06,-0.00018886834383246296,-0.00039732217201876184,0.0007365918761559074,-0.00039295381751314467,-1.7159320865999328e-05,0.00010123580070188223,0.00020817283940792347,-0.00026905322517840435,-0.00011454997137624533,-0.0006447502797260176,-0.00039690140833726923,0.0006581476983004579,0.0007476630946221031,0.00023789967430333154,-0.000579881090481388,0.0003210058156764897,4.390334582499754e-05,1.5429963552461287e-07,-9.387253032006049e-05,0.0009677713967544326,-1.5381732471489573e-05,0.00041690608048148376,8.64674903273903e-05,0.0014083569219847005,-0.00033002657848033067
AMS,-0.00013146235721172583,-5.39774981026924e-05,-0.00015688444986525953,-0.0010182052867792782,0.002718705196001838,-0.0004067723306074497,-0.00021216556679258964,0.0013107667554247504,-2.4855509956619262e-05,-0.00015237194388765697,0.0001253732451957561,0.00013169095513827683,0.0004223335479743455,-0.00017091223844223794,-0.000426148444501683,-0.0004426219781853118,-0.00016121193331085433,8.160868221634445e-05,-0.0001074071630852399,-0.0002992719163897565,-3.7362232265451183e-06,-7.2980379869276e-05,0.00021391729619360167,0.0001134248823969032,0.00010226992441610651,0.0005287202272344872,-1.5546591907300548e-05,0.0003246741306245413,-8.876076117352122e-05,0.0007082117388545877,8.164544490980088e-05,-0.0004292228574346088,-2.9501183582378582e-05,0.0003222983365752576,0.00032793137294274895,0.0013335871277295205,2.516905208225705e-05,-3.5554193410162586e-05,0.000397000308249481,-0.00024627324531965086,-1.1928382903587552e-05,-0.00012975795141204364,0.00017030752271231592,-0.00015857190401560785,-0.0008686433614110314,-7.756270060124259e-06,-0.0005105803525562346,-0.0003316337892511689,-1.229634011166604e-05,-0.00019456199668007313,-1.0154654467034808e-05,0.00039310529748575764,-0.0010530040360499547,0.00014287424431210505,-0.00048706812739366924,0.00015955793325508706,-7.388725164981873e-05,-0.0002737959042507326,0.0016165438904012788,-0.0021976833008414774,-0.0007163625014175333,-0.00023769282299504601,0.00013130164522227777,7.648154839022611e-05,0.0002588470128696141,-0.00050188506149207,0.0011290098816871548,-0.00013642480348395822,1.5407853841340252e-05,0.00024640455144066465,-0.0005123825213986848,0.0006534986036960893,-0.00018398532950261829,-8.779035867493571e-05,1.5996893525807337e-05,8.276421082862834e-05,0.0004371081993010116,-0.0010363187673868527,-0.00010030254258790633,-2.2563521938468313e-05,-0.0003257439601009402,-9.879540327299434e-05,-0.00016548909145076325,-3.8265168919860176e-05,0.0001441800169865373,0.0009342697756147996,7.785047217059017e-05,-0.0004573113431984247,-0.0002596493196280869,-4.0633121441263935e-05,-0.0001899895783838652,5.811766316696615e-05,-3.854759985310854e-05,0.0003419785383824453,-0.0002988040793320969,-0.0010646048913690864,-0.000514028981954251,-0.000181373387883269,-0.0013486164035063392,-0.00015688516545827298
BRF,-7.072145013947886e-06,-3.462646197425453e-05,-2.5907232129961836e-05,0.0005429581044342203,-0.0004067723306074497,0.0002198995658700042,-2.9719775454454587e-05,-0.00023156522769151713,-6.959570769273368e-05,2.2011826392527552e-05,6.29193083687027e-05,-0.0001602441820677417,-0.00013119573720226166,2.616510517602465e-05,-0.00012037529388676085,0.00020475156767151822,-3.933825101915934e-05,-9.527713530361554e-05,-1.337865625159614e-05,0.00013196528449701498,-4.3800655438190776e-05,5.214179231868892e-05,3.33182910843253e-05,-0.0002256399988704997,-0.00020930891785124906,-0.00023094068199945155,-6.005854145069055e-05,7.622587387161192e-05,2.8541862850682858e-05,-0.00017435971331671504,-9.89637711360056e-06,-8.547729369905903e-05,-3.05253782078564e-05,-0.00017402828144480754,-8.73784519382049e-05,-0.0007634608723130997,-1.61696916545713e-05,2.929891731779067e-05,-3.374772398969471e-05,0.0003103844078734609,-6.890565031003296e-05,-9.579160383278306e-05,-2.633912345836125e-05,-2.9136648484132214e-05,0.00028844457785830234,-1.8175017842453912e-05,-5.9612758149362074e-05,-8.082057365231791e-05,-3.630903858501549e-05,-7.819020074088619e-05,-0.00010192029480080895,8.338140522235894e-05,-4.459295912420599e-05,-0.00014429490724290474,0.00019283888397608173,-5.3943579142875965e-05,-7.43052988704496e-05,2.3454664023425763e-06,-0.0010675322979876703,-0.0003529563074991389,6.785501108645896e-05,2.8265171617009213e-05,-4.9872453829538964e-05,-9.31046584114041e-05,0.00026691889196652565,0.00012918267132199914,-8.496180323066247e-05,-2.6435536019402438e-05,-0.0002000810387285357,2.640469737438814e-05,4.686961093545572e-05,-0.000376556291767852,-6.027546008241262e-05,1.1799577164617518e-05,1.2632223878852327e-06,-6.341574129273122e-05,-0.00016916427931789796,0.00040245240469267377,-0.0001201730205341927,-1.91341520958246e-05,1.5039057669753677e-05,4.1365286754006934e-05,8.461053854048607e-05,-2.540433115633037e-05,-0.00017267668055565333,-0.00010914172350020603,0.0001093043457054705,0.0001452841861626508,4.9878230900706174e-05,-0.00017375818824497583,9.03047527002669e-05,-7.928795298557307e-06,1.3653420078421719e-05,-6.756921538881894e-05,0.0002477646707916073,-0.00017717315505144538,0.00015523403247840362,7.477409523997946e-07,0.00046266540239023725,-2.2784579690447375e-05
BRW,3.620135420645977e-05,2.372492385804411e-05,5.995569878724254e-05,-8.330597876956269e-05,-0.00021216556679258964,-2.9719775454454587e-05,6.449762062342169e-05,4.9876393267813613e-05,1.558699143687101e-05,3.505269078875528e-05,-2.959138894397348e-05,7.635083831544305e-05,-8.871825487087703e-05,2.4554875087140428e-05,0.0002858416912206444,-2.11997468266119e-06,6.31729016344662e-05,1.820263522262574e-05,4.5665387122240396e-05,4.207280205660119e-06,-7.095628316142638e-06,-1.9572184014834337e-05,2.0903339953152295e-05,1.46920539367576e-05,8.297911614780304e-05,-4.872566001289327e-05,-3.225653120724476e-06,3.502667519297015e-05,2.368220603193973e-05,2.1308647702905148e-05,2.3488154281795302e-05,0.00011148864019623928,1.991320209261344e-05,1.1773239304459584e-05,1.8742741672427454e-05,0.00019310472448649598,5.684206203400288e-06,2.8065649985423775e-06,2.6775963346906284e-06,-0.00012367885845359145,-4.4032843782184654e-05,0.00015653586498097096,2.6940553868768514e-06,6.807697228616021e-05,1.5206628794805158e-05,9.722623238087789e-08,0.0001968170845803137,3.130268735224561e-05,1.7081129005322874e-05,8.169805998665509e-05,7.725020140726163e-06,-6.907241509084493e-05,-2.4317455391263762e-05,-7.435938267399412e-07,-0.0001131681075635879,-2.668488411315975e-05,-3.477304157920073e-05,6.313899991553926e-05,0.0006860926171443127,0.0003891195339199029,0.0001114525049813486,5.742996895053693e-05,-0.000117412540855495,-9.913795850849698e-07,-5.929587072337934e-05,3.6209528093827035e-05,-0.0002293410180587471,5.984273357860891e-05,6.885634885118833e-05,6.51467325898404e-05,8.807853607083083e-05,-0.00016828078249505783,7.082851315840805e-05,4.943670739376109e-05,-2.1097002361133274e-06,-1.424162588496897e-05,-8.109719115933635e-07,0.0002516219515609659,0.0001208204907611145,1.4980485635840307e-05,6.300473656065026e-05,-1.4471848249404945e-06,-0.00014277878833405944,-1.9693548266801784e-05,-1.9686535176124717e-05,-8.547772039894858e-05,-6.840633184859692e-05,-2.5674871857082398e-05,2.9926413371893835e-05,2.732345913899454e-05,7.13059448313316e-06,1.8239130159693363e-05,8.335503647446243e-06,-1.455137071663118e-05,-0.00018359386667176472,0.00018297827277172682,4.2257844003786394e-05,1.5602626591249468e-05,1.3119482039583606e-05,-1.8562249590110924e-05
CDLX,-1.813302127427579e-05,-0.00011064122555122661,9.26724290464342e-05,-0.0010643512318365361,0.0013107667554247504,-0.00023156522769151713,4.9876393267813613e-05,0.0027632091480164628,-9.032355447520637e-05,6.821921561148273e-05,0.00015868713783881083,0.0002162897142634924,0.000330871110621104,9.601203853612772e-06,0.0007814375080874115,-4.0362870428144476e-05,-1.2862991516442335e-05,0.0002199983185520471,5.112452846056047e-05,-9.397638599917546e-05,-7.572072861441205e-05,-0.00015235374476629487,-8.814707982546045e-05,-9.260568206413706e-06,-2.7499993245175925e-05,-0.00018094028982407523,-0.00010960998712693244,0.00046453304910772385,0.00017085517780518957,0.0007657129510292711,0.00030533139907283646,6.601791944025793e-05,-2.2044570249716467e-05,-0.0006409871128171071,0.0005774108809630303,0.0006522971626803358,-3.302532351863109e-05,-2.432726184462437e-05,0.00045543103513594966,-0.0007812633068213392,-0.00017239737626313786,0.0012850408604903813,0.00017148724229497188,0.00016927432994328316,-0.0006852926405205025,-2.2974435242758796e-05,0.000255808848751065,9.144160701306429e-05,-9.279455805951191e-05,9.209097574007258e-05,-0.0003182333280694399,0.0008740404425000975,-0.0022292542588997102,-0.00011792258671438988,-0.0006553746225487142,-6.080703761437802e-05,-0.0001343084020402981,7.489305402941692e-05,0.0036720632906321856,-0.00139278246983946,0.00046523519519854075,-0.0001268535948138467,-0.0008077241458263108,5.1155073420412213e-05,0.00033450314981008436,-8.349494250241173e-05,-0.0003940159600863943,0.00011216653351683224,5.4051248742260955e-05,0.000594656237806331,-7.391462375185934e-05,-0.0009698914357126844,3.764687052785749e-05,0.00015481943541580955,4.949847823753264e-06,-5.529475635962961e-05,0.0004684881191842684,0.0016981591214357023,0.0001644456921923262,1.6834666828518742e-05,-0.0001129444273080178,-9.349867686437127e-05,-0.00046063952324521104,-9.703509821456683e-05,4.9659803921219843e-05,4.79034688919048e-05,-0.00028359061376830594,-0.0005097486719966433,-0.00033102741340107234,8.2719044273842e-06,-4.606331058187722e-05,0.00012597929360096084,3.4290578472752066e-05,4.4855470422503235e-05,-0.0012321755348246052,-0.0010307128321821173,7.596689985746496e-05,-0.00016432547625178442,-0.0015286287444915493,8.508312476545047e-05
CM,-5.00357487384691e-06,8.341759577074705e-06,-2.642539515139463e-05,-0.00025064333614255416,-2.4855509956619262e-05,-6.959570769273368e-05,1.558699143687101e-05,-9.032355447520637e-05,7.952376056238817e-05,1.7836274813779938e-05,-0.00013171146771412517,0.0001370463784317604,0.00017477501317728888,1.8854157415716185e-06,-0.00018512970897334888,-9.772354069307996e-05,1.2136996775481706e-05,2.2043367260966544e-05,-2.5319717674275103e-05,-2.844619065915818e-05,7.12143294363849e-05,-3.148310308058561e-05,-0.00015803326786177106,0.0002728537633255607,0.0001606090822139298,3.6553987945470075e-05,7.941077897765429e-05,0.00015390732648608865,-2.043985909942111e-05,3.3989424085125526e-05,1.4221862092052303e-06,7.274336982185789e-05,-1.903254419052399e-05,-0.00022409977283836303,-2.770751416840493e-05,0.0001981292560110778,2.3675699768638887e-05,3.1128215576418266e-05,-0.00012081372613756023,-0.0002988070397271679,0.00014471796385035447,-5.2647327413351496e-05,-3.517823535375507e-05,-3.476578940041123e-05,-0.00019712279315280013,1.9041706600327416e-05,-5.011514972914537e-05,1.43859540315649e-06,3.7765754167556e-06,3.598595016191768e-05,4.837323845989664e-05,-0.00010195081658366592,0.0002787864171133205,0.00019452200906178968,0.0001722853066927163,9.895758844592688e-05,0.00012977877928681107,-2.940320273031235e-05,0.0004980293491339833,0.0003950380408163933,-0.00011617462314437164,-6.734026012252626e-05,0.00012922597832405524,9.251144237082965e-05,-2.3449509867166796e-05,-3.824758231806345e-05,-3.1139144434359744e-05,-2.4871518165791947e-05,0.00014287268890080364,1.532435028281438e-05,-1.850234275823122e-05,0.00036020631481792944,-2.6137312447879498e-08,-1.148408299576751e-05,-2.8593207569488236e-06,6.16255328767943e-05,4.3038724126862175e-05,-0.00017572073734727867,3.503688240696746e-05,-1.225444955386861e-05,-7.584229210510308e-06,-4.52953758408361e-05,0.00019034231608484008,6.925829705701071e-05,0.00016089097177060418,0.00013791376634187665,-0.00011081906487291941,-5.374996644618078e-05,-3.127030611993454e-05,0.00012475473154495117,-8.259852714380369e-05,-1.9674714007275262e-05,5.1552649610245596e-06,-2.7980337001195148e-05,6.702360336443968e-05,3.3529707318370877e-05,-7.341594424163604e-05,-5.5733531563810985e-06,-0.00014084103824651116,8.549524752561942e-05
CWI,1.839304855497202e-05,7.572925517896936e-07,8.463578956658046e-06,-2.029232423547546e-05,-0.00015237194388765697,2.2011826392527552e-05,3.505269078875528e-05,6.821921561148273e-05,1.7836274813779938e-05,6.84171175751969e-05,-8.348295189961623e-05,0.0001256197731804695,1.220239996861209e-05,3.4837296218604745e-05,6.686282528742663e-05,2.2302870498728213e-05,3.836672024711587e-05,-4.431621820056631e-05,1.1137703995315014e-05,5.753764601489152e-05,5.063667709407263e-07,-7.947051006634899e-06,-5.622121462438763e-05,2.5807139038975698e-05,3.4205065937631605e-05,-0.00011517753752402994,-4.323514840332235e-06,0.0002852610016150517,1.6793128619264416e-05,4.374316014338503e-05,4.854860277974525e-05,2.2171637170321877e-05,-1.4410833294357557e-05,-0.00027268443197429816,7.998430152489827e-06,6.490190973473445e-05,1.078822341974035e-05,3.897980268719368e-05,-3.98065248310486e-05,-0.00014134719060364992,-1.958518479924332e-05,7.20763192527068e-05,5.548362327380194e-07,1.2095431553956807e-05,-3.677119107285659e-05,1.5120971408284606e-06,0.00011603913678387843,-7.088399783428967e-05,-1.4377728527305189e-05,4.420665054776743e-05,-6.240345461623328e-05,-2.4372857253110427e-05,-7.606915629410749e-05,5.4579733183835944e-05,2.6336637745684096e-05,4.229416355606934e-06,-6.178965133688823e-05,1.3187532483336462e-05,0.0011797799331407792,0.0002819973574821496,-1.640590953443795e-05,3.727001848044702e-05,-0.00010021825071307722,-3.102136244621147e-05,0.00018159863813138055,3.254585606269082e-05,-0.00019842132975704435,1.4452221571354376e-05,2.3640723543323424e-05,0.0002055321240867438,4.391543636511471e-05,-5.3251567608858985e-05,1.3469198416683402e-05,5.6594416233397176e-05,-1.0682480965369104e-06,-1.184000485144379e-05,-3.6949698885584064e-05,0.00040384080639965927,4.775959452964102e-05,-1.6259442903468168e-05,3.468345572773663e-05,-1.3572876490901568e-05,-1.651266963264543e-05,-1.297019344922507e-05,-5.5764117806287976e-05,-2.1135512182779634e-05,-5.391687049502219e-05,-2.819776081112604e-05,1.7612260728183042e-05,-3.150417352763333e-05,1.9479959348801243e-05,2.279211540860174e-05,2.5122023954796366e-05,-3.736400301207405e-05,-7.188914684093876e-06,-0.00014894661498838398,4.9350178494532394e-05,-1.3652567625921137e-05,0.00010391173014762005,-8.386901778173391e-05
ENTA,1.3290930706632873e-06,-7.0765776917855805e-06,5.929451312871546e-05,0.0002951603117022809,0.0001253732451957561,6.29193083687027e-05,-2.959138894397348e-05,0.00015868713783881083,-0.00013171146771412517,-8.348295189961623e-05,0.0002821375392461012,-0.00031879183576540574,-0.00031731210265612176,-2.9475696977390327e-05,0.00036218898528828113,0.00011794332935779697,-3.940600957768592e-05,2.0692271328148068e-05,4.9770837811831846e-05,-2.3772813591296942e-05,-0.00011479293786687701,2.515707088096158e-05,0.000270639738350634,-0.0004274078346108517,-0.00022715023932282614,6.068716994963558e-05,-0.00012045600242072046,-0.0004677617919309872,2.094140144655388e-05,-5.3498779279853424e-05,-3.180234909178735e-05,-5.766242419961557e-05,4.871878532649391e-05,0.0005368490785386273,6.523461881564522e-05,-0.00027830706388430295,-4.984409623020541e-05,-8.398736351129681e-05,0.00021395382366341052,0.0004824311885552866,-0.00021253432853511237,6.989134775498826e-05,6.520853229055037e-05,7.147225949252315e-05,0.0003130764777781791,-3.228008992959731e-05,3.504548838289482e-05,0.00014884949659130917,1.2596612079763483e-05,-6.601052983585126e-05,-2.3896071357667824e-05,0.0001709836417865297,-0.0004941907138985985,-0.0003718666281371515,-0.0003874934044073378,-0.00011332332250643261,-0.000146791296422688,5.835628488477489e-05,-0.0019042056176362418,-0.000778006744050334,0.0002867123878651377,8.839530139598277e-05,-0.0001608646123411834,-0.0001042373323101387,-0.0001436926806460105,4.631651324550653e-05,0.00012093361515637842,5.1296544730704146e-05,-0.00021620911715694571,-0.00017822559923402412,1.7824117849110666e-05,-0.0006450739432553421,1.468315228022135e-05,-1.5689627176854784e-05,5.115606771674175e-06,-9.026641225872587e-05,-2.7989542651311143e-05,-5.469780038189759e-05,-2.838019491176358e-05,4.552283278360739e-05,-2.1878069348131715e-06,7.623252317503735e-05,-0.0003202515660083092,-0.00010586438166453209,-0.00017991712855392944,-0.00024004735051024067,0.0001550608335286383,4.7611466397630364e-05,3.416647048103276e-05,-0.00012741805324142659,0.00010468826576150628,6.895078482972959e-06,-3.048372012100674e-05,7.966781642697603e-05,-0.0002678231027674343,0.00018279093212527083,7.309692307552337e-05,2.4155301226822997e-05,7.544392096970439e-05,-2.2324532728402297e-05
EPAC,2.8702859454324658e-05,2.4556245877873837e-05,-1.0544087696121321e-05,-0.0004920496758579391,0.00013169095513827683,-0.0001602441820677417,7.635083831544305e-05,0.0002162897142634924,0.0001370463784317604,0.0001256197731804695,-0.00031879183576540574,0.0005137550172159685,0.0002923233874230791,4.0822411875157423e-05,-6.529649596297066e-05,-0.000177279155147563,0.00011488368094461324,1.3259592602355302e-05,-1.2407335648859741e-05,8.944645095494854e-06,0.00010184675827210625,-2.7500373517081652e-05,-0.00012368638426753817,0.0004431287619606386,0.00032186596033248585,-0.0001345708114498587,0.00010403159182127168,0.0006268143526203447,2.0522657298550913e-05,0.00020820157400295444,9.247839879023088e-05,6.129958719314807e-05,-3.1018816219736636e-05,-0.00039468001793807584,7.6225034341209045e-06,0.0007870335471525299,7.590513569451912e-05,9.175094460975228e-05,-8.292719763557814e-05,-0.0006332905059833458,0.0001105129521864236,0.00021740850288856777,-4.331038435540026e-05,-6.084456423370557e-06,-0.0004417097037068713,3.0442315963185277e-05,0.00017544692516516364,-0.0003571031190788414,3.199322582749996e-06,0.00014564297455968564,2.309748110832718e-05,-0.00016574387221832728,0.00036024962234743854,0.00043827472990431657,0.00022818619744147456,-1.0039202406666363e-05,4.7635317510857e-05,-2.3438925013467555e-05,0.004105041102275401,0.0008589589793705755,-0.00036215828454488517,-6.160761699278002e-05,-2.0464426448224382e-05,9.888439163088398e-05,0.00016211979372082858,-0.00010069819538732884,-0.000213101462697203,3.4555838754140653e-06,0.0003131457089761811,0.000362069138215982,1.1959336449213731e-05,0.0005851191544013859,4.453086507143863e-05,8.500579740905375e-05,-5.5420336652282695e-06,7.97444069336395e-05,0.0001240559243681242,0.00048373030821868157,0.00014058436234885868,-4.328213711417639e-05,3.254976715445004e-05,-9.409052366892727e-05,3.22936428379417e-05,7.063343299592115e-05,0.00012027846270255584,0.0003728766988391358,-0.00017029296259229545,-9.690238921841877e-05,-4.404890397860376e-05,8.541132140141271e-05,-0.00012184867327421285,6.056731706366195e-05,4.511403700362872e-05,-5.0668371003248166e-05,9.708283193636637e-05,-0.0002951275538665943,-7.98546694635693e-05,-4.8058746905597795e-05,-0.0002965409524461894,-0.00011148954706267737
ESNT,-9.927185910450495e-05,-7.216387461336125e-05,-0.0001969968347941637,-0.000612398478491229,0.0004223335479743455,-0.00013119573720226166,-8.871825487087703e-05,0.000330871110621104,0.00017477501317728888,1.220239996861209e-05,-0.00031731210265612176,0.0002923233874230791,0.000992847272343158,-1.7482109999020725e-05,-0.0011329620281508045,-0.00019835923990367565,-0.00010770039204087738,0.00011011290402814079,-0.0001898162870348342,-5.738130240551851e-05,0.00023166689196185033,-1.315372600558741e-05,-0.0006650392241561955,0.0007702412401913916,9.400748882265372e-05,0.00011573577565772519,0.00023851348375462765,0.00015787324360084845,-5.0724669593210635e-05,9.403907965911204e-05,8.147619742225529e-06,-7.352724221148785e-05,-9.843612729511221e-05,-0.0008389923619199581,2.1047236512050996e-06,1.6166940655296305e-05,3.085120153562002e-05,4.1817815593220845e-05,-0.00025490541516431177,-0.0006169876464670296,0.0005504810479934403,-4.166813922831833e-06,-0.0001011473633383508,-0.00020961419661197234,-0.0006771512280656045,6.947231128061468e-05,-0.0005159508687255144,1.3327074058372822e-06,-7.635582198883692e-05,-3.631419259117145e-05,4.782440170082467e-05,0.00015911135288830156,0.0006484757967886429,0.0005897898807021133,0.0008447002266392962,0.00016348690031797337,0.0005056294388275117,-0.00018540472022832437,0.0014564306100077547,0.000408765880911423,-0.0003835383469985095,-0.00037756930208620194,0.0004564161828518308,0.0002769682345889079,-6.866807800069558e-05,-0.00017930665424568376,0.0002944387235597107,-0.0001919140942443804,0.0002798678723492325,-0.00012257479265052778,-0.00025507263338923913,0.0015530460729547796,-0.00014190081166741585,-0.00014136358276914873,-7.076168436210818e-06,0.0002237287357571757,0.00027948733331216246,-0.0004248503758003177,-0.00028754798237118264,-8.228628153550908e-05,-0.0001884830953900923,-0.00013010927566911327,0.0009019383693961141,0.000276384209784846,0.0005590807273453466,0.0003327384200552704,-0.00016381600646919446,-3.714671295875211e-05,-0.00027411341003017326,0.0003428772938950285,-0.0002185756507818045,-6.453137593207075e-05,1.1093509620693348e-05,-0.00012902778387834636,0.0006011644784297489,-0.0006516281523257436,-0.00018642526312960208,-6.127192484989112e-05,-0.0007881699597399425,0.0003079871535738924
EUDG,1.5116312610263771e-05,2.7468047949875624e-06,1.591373433663994e-05,4.1580919413269176e-05,-0.00017091223844223794,2.616510517602465e-05,2.4554875087140428e-05,9.601203853612772e-06,1.8854157415716185e-06,3.4837296218604745e-05,-2.9475696977390327e-05,4.0822411875157423e-05,-1.7482109999020725e-05,2.2928955474354704e-05,7.838021861931467e-05,3.4930455202649296e-05,2.4514676778013005e-05,-1.9623012768266613e-05,1.315564120734182e-05,3.722206995961147e-05,-6.532693762602629e-06,3.5191873473261154e-06,-2.599722923031572e-05,-2.0116095131368693e-05,-1.0496585430259511e-05,-6.319134347332187e-05,-8.242097313066e-06,6.88374609844622e-05,1.2531407642385499e-05,-9.892492156027313e-06,1.861977383593834e-05,2.1192002768250865e-05,2.49200062314332e-07,-9.936220685048004e-05,1.3556160442031496e-06,-1.9868830423318987e-05,-6.788255624126539e-07,9.7992045397431e-06,-1.632647024560185e-05,-2.1678888782932866e-05,-2.1047474609277535e-05,6.09040880718162e-05,-6.751755548469346e-08,1.971648967870942e-05,3.551870234970155e-05,5.667854154082084e-07,8.695486435701471e-05,-1.2509038178883228e-06,-6.138773602697938e-06,2.9393378693680833e-05,-3.024265759459951e-05,-1.2023549317685474e-05,-2.170459497201203e-05,-5.869471158504816e-07,1.43494991822762e-06,-2.1530434562632402e-05,-3.610800220987952e-05,2.3237813440166182e-05,0.0004878322625989927,0.00021806608481962186,4.603300856492875e-05,3.608758672259891e-05,-6.759927551627149e-05,-2.6984575491169758e-05,4.547477034603029e-05,3.559677704462216e-05,-0.00013119701126361493,1.7359416309104832e-05,8.385178739618807e-07,7.131208566684472e-05,4.154927279864686e-05,-6.104511935455915e-05,1.8504491134343136e-05,2.8327217604129446e-05,-1.0369562895296587e-06,-1.266372882326704e-05,-2.9225670807888077e-05,0.00023539930027000457,2.0164846450426856e-05,-4.066155216749089e-06,2.9595710134264696e-05,3.445596080161633e-06,-2.5517328462621658e-05,-1.0921443437747516e-05,-4.208296233538007e-05,-8.656774040090064e-05,-1.645028402148287e-05,1.1911473728685811e-05,1.8487501756745843e-05,-1.5634175086114575e-05,2.7723019338586656e-05,1.0884731000524467e-05,1.1700558697082738e-05,-2.7362648908089802e-05,-6.744608906142432e-06,-2.0562228919134253e-05,5.05866992361802e-05,4.210920888169819e-06,9.718107123893674e-05,-4.3843015827661054e-05
FAZ,0.00021323424019816038,0.00014065395084733183,0.00044727623087988116,-3.609493429454689e-05,-0.000426148444501683,-0.00012037529388676085,0.0002858416912206444,0.0007814375080874115,-0.00018512970897334888,6.686282528742663e-05,0.00036218898528828113,-6.529649596297066e-05,-0.0011329620281508045,7.838021861931467e-05,0.0024405158079634894,0.00014048436116659196,0.0003014157596581125,4.68151504118325e-05,0.00036999398841789115,-2.738711472898097e-05,-0.00032242831430176277,-5.31248078046486e-05,0.0007131643108560129,-0.0009306821334229916,-2.7588629150307218e-05,3.0623793320384355e-05,-0.0003143269552010872,-0.0005357386604725556,0.0001229780495757609,0.00020606546754688347,0.00012162917441713319,0.0003458138441097398,0.00023037509676786935,0.0011901675503504902,0.00034700907094874103,0.0011724609405500332,-7.287914953703112e-05,-0.0001653206109777761,0.0005417065685857148,0.0003369852557617962,-0.0007973370983145484,0.0009127907511294388,0.0002498189565556584,0.0005193327865848813,0.0006143171358784083,-6.419491829569024e-05,0.0012877687321967797,0.00041299503599224617,0.00011748410456789701,0.0003353972885634814,-7.773222902795134e-05,-7.701951250117315e-05,-0.0014962961822195585,-0.0007553565286579685,-0.0017699947908741097,-0.00037006191450035205,-0.0007368116343098711,0.0004271743561452369,0.002038876831434542,0.0007575795182144392,0.001008931728082279,0.0006346105141848514,-0.0010777942845156133,-0.00036113696076929563,-0.00045687070155817923,0.00018913342820705436,-0.0008767573785634433,0.0004424960733430304,-9.13326956230242e-05,0.0002998741611328089,0.00044608008372404176,-0.0019882581394376113,0.00042585645117206575,0.00028499940438906984,3.1236244482317527e-06,-0.00027867346776413966,-6.052311536898999e-05,0.0012315923198100577,0.0006361663129751931,0.0001584391222127282,0.00033377133541171724,0.00015169375513764214,-0.0016722833343174644,-0.0004182108367786131,-0.0006440674512975779,-0.001032229523696768,-1.57035391431625e-05,-0.00016274992152909442,0.0002754093573671976,-0.00019266982394023027,0.0003320530311891012,0.00017124916254930098,-1.1192116339096996e-06,0.00018103809447727053,-0.0016345480924828883,0.001052551333097337,0.00030156130832900664,0.00010985360501001425,0.00029344110982946564,-0.0005259829624894106
FBZ,1.3786226314392196e-05,-2.6335392456893563e-05,2.6309841744553466e-05,0.0005544260838033354,-0.0004426219781853118,0.00020475156767151822,-2.11997468266119e-06,-4.0362870428144476e-05,-9.772354069307996e-05,2.2302870498728213e-05,0.00011794332935779697,-0.000177279155147563,-0.00019835923990367565,3.4930455202649296e-05,0.00014048436116659196,0.00023585303615089974,-9.965961602747924e-06,-5.760460323664573e-05,2.1980940802371774e-05,0.00012610750789955594,-7.499308026480769e-05,6.364237812261633e-05,0.00010315082449521334,-0.0003295682069082853,-0.00026297781631267735,-0.00023236620862681902,-9.064799913785259e-05,-0.00012122401969821687,5.42068075020952e-05,-0.00017007384844363067,-5.298604107429059e-07,-6.258348068278537e-05,7.937509141055933e-07,2.354560080739221e-05,-3.479055458746449e-05,-0.000682747665988461,-2.9979331967695133e-05,-8.496022979821897e-06,5.9543187000805156e-05,0.00039420437404676003,-0.00014550285708057168,0.00010544749489398768,-3.950647744476035e-06,3.697698194937511e-05,0.00036412283480857517,-2.1463318221207778e-05,7.814228651088652e-05,-2.4180699485699945e-05,-2.8074621021146623e-05,-3.8536241742082405e-05,-0.00010187986307223254,0.00013433617378939556,-0.00017247464470720013,-0.00022666223517096607,3.3902563800191004e-05,-0.00015757094412720214,-0.0001253109615025876,5.8838994463374694e-05,-0.0007125542582096247,-0.00026482634907677006,0.00021833783216561342,7.742963740500513e-05,-0.00017854495801371628,-0.0001225631402533901,0.00012101466903515081,0.00014590294945387647,-0.00016169798296433906,2.334220277432028e-05,-0.00020491641014029057,-1.1388528309036833e-05,9.104946795105985e-05,-0.0005292219078589551,-8.708069167773519e-06,2.932277552494002e-05,6.483996433025068e-07,-8.696759446425817e-05,-0.00013314107661501206,0.0005945144558861608,-9.152587538873088e-05,-1.0277840064871546e-06,4.3016388535687506e-05,6.309590971408683e-05,-9.447523209731708e-05,-5.7692235982302285e-05,-0.00022167801291745877,-0.00027238384678063363,0.00013273530607113928,0.00016967367267917193,5.43133151765939e-05,-0.0001804809133900675,0.0001303059371230546,1.4959992049471378e-05,1.0778851960006841e-05,-6.0903641347991014e-05,0.00010014662584115344,-8.200529476885849e-05,0.00020816013250019757,1.764925720873217e-05,0.00040715920281577013,-6.08230274482415e-05
FDEV,4.401480871113352e-05,3.510032396854385e-05,6.333713675042683e-05,-2.0247116483282947e-05,-0.00016121193331085433,-3.933825101915934e-05,6.31729016344662e-05,-1.2862991516442335e-05,1.2136996775481706e-05,3.836672024711587e-05,-3.940600957768592e-05,0.00011488368094461324,-0.00010770039204087738,2.4514676778013005e-05,0.0003014157596581125,-9.965961602747924e-06,8.35424766607102e-05,1.0986488124672538e-05,4.891925499116094e-05,9.782766764896045e-06,-1.2603175780265997e-05,9.665480791129377e-06,0.00010029312131913216,-2.0014776892805894e-05,6.781775568164595e-05,-4.762052556885928e-05,-8.698996784580493e-06,-1.0123745712393275e-05,2.3395183803097175e-05,6.3539845389107435e-06,1.628622238817104e-05,6.0716967145301744e-05,3.150913841010336e-05,0.00018134892962417453,4.4117691265221576e-06,0.00030443816841464283,1.3400723314453272e-05,-4.108231070595857e-06,4.323208047207211e-05,-3.109960700409267e-05,-7.939391029575425e-05,0.00016111589037000023,2.614311317185037e-06,7.285068255599172e-05,4.5216544741185965e-05,1.4250980132448821e-06,0.00023543181247295434,-6.917311688893996e-05,2.6578942392123297e-05,8.933750758585416e-05,3.0037544288555057e-05,-0.00010777381527689984,0.00010928240279168214,1.9400967285328963e-05,-0.00011794297448012839,-0.00010389536978569417,-7.423439278626729e-05,6.292295361412093e-05,0.0012670099643094159,0.00046997698473156093,2.9881482519110172e-05,7.888654248792234e-05,-0.0001159960634195598,-2.4287471853068075e-05,-9.927613877623736e-05,1.134626659214745e-05,-0.000166800581895461,6.369409957162573e-05,7.536260559773715e-05,6.063977928991473e-05,8.654381363734023e-05,-5.5648199394327594e-05,8.069640019292653e-05,5.2234210594215455e-05,-2.230611211283438e-06,-1.5103613462932236e-05,5.154260055176975e-06,0.00025874714643588185,0.00010795443640061876,1.1443051709071172e-05,7.19231468945771e-05,8.080187174473199e-06,-0.00022167959846702958,-2.875614913706293e-05,-6.57895059674299e-05,-6.347325908848552e-05,-8.223962318714399e-06,2.603212073849646e-05,4.852895904139335e-05,-9.05289930863155e-06,1.9993512801312935e-05,3.802321801324874e-05,9.132526702075642e-06,-1.4202924945243982e-06,-9.323657309942318e-05,0.00016704277769176817,3.6226524723257326e-05,2.0153838771427644e-05,5.70675278365765e-05,-0.00010692078545534494
