,AFSM,AMWD,AVGO,BBC,BPTH,CGEN,CHIX,COW,CWBR,DENN,EDRY,ELTK,EMD,ENVA,EXD,EXPO,HEWU,IBDQ,IQI,ITEQ,IWD,KRNY,LFT,MKTY,MOD,NRZ,NVT,OBLG,OPRX,ORBC,ORTX,RYJ,SDP,SHY,SPRO,SQM,UAPR,WBIG,AQNB,BLD,BNOV,FLRT,GLADL,HYRE,IMAX,CHH,PRF,TPYP,BDRY,NAOV
AFSM,9.014349888818583e-05,0.00014846484223470462,-3.229926679979544e-05,7.60225355887461e-05,0.00019665809192007073,-0.00031919140003396274,3.960517502234636e-05,7.539655726349293e-05,4.539499860454731e-05,-4.012005720243931e-06,0.00021681822276658184,0.0002577755283710083,0.00018723457470598703,9.133508512089793e-05,0.00012660549585314745,1.4470566540479711e-05,5.1575682857118595e-05,0.00011687381824747869,0.00014257590081513712,6.307038250342884e-05,3.0223223932354337e-05,1.2438671412780721e-05,0.000172899813833118,-3.767186846090113e-05,-3.2354411757650487e-05,8.557636865824863e-05,4.5233593914486336e-05,0.0013068009259316182,3.97445450859077e-05,0.00013257316223648833,-9.814029067692692e-05,6.594771106066736e-05,-6.380489375198708e-05,7.792896635737414e-05,8.74846409530422e-05,0.00014460942638224095,4.312857313367535e-05,6.661883807289382e-05,0.00014764777469372388,0.00022117262476078114,2.8134465894439976e-05,9.893195548159293e-05,0.00011377920355650228,0.0002757687216600801,5.482770440802512e-06,3.745774128598907e-05,1.0533280615778185e-05,0.00018244707715495516,0.00018644079879978154,6.544558382738488e-05
AMWD,0.00014846484223470462,0.0012223751785372106,-0.00017674709345164404,0.00041287645240552484,-8.308217002720033e-05,-0.0006836822303931561,0.00012135715284059612,0.00018255404739311144,0.0006006707735804698,-2.6173368334478012e-05,0.0010512115550652197,-0.00014103003888046048,0.00016966756078805987,-3.7501308342110775e-05,0.0005192297172254995,-2.7368100312936698e-05,-3.8509831482037336e-05,0.0004587365814517899,0.00046263551279412507,6.103759887625483e-05,2.9878155530187153e-05,-0.0002982631668609684,0.0006069923407468746,-0.00011206746179544929,-0.00030129980588172695,-1.7914359384761898e-05,0.00010778706865050747,0.0049428436559867525,-0.0011034670027419342,0.0005994827655452092,0.0008741475593103832,0.00010259968312191155,0.00019340136016532449,0.0004538113676956,5.8914410182279376e-05,0.0003076299997756689,0.00018487581347597477,0.0004108548009521143,0.000616523009638089,0.0006183365544132162,0.00014445876800157068,0.0005612747637323858,0.00038332414913919404,0.0012332237116756645,-0.0001911527698274145,2.791089612997233e-05,-2.776142401814089e-05,0.00011676668227873305,0.00020942511623830984,0.0003218299935799267
AVGO,-3.229926679979544e-05,-0.00017674709345164404,6.288922372837877e-05,-3.079295766338563e-05,6.893751432075993e-05,1.518837453997338e-05,-0.00011732081973200716,-0.00015323684282160556,-0.00015714579907491363,8.90274670093186e-05,-0.00031234565454043065,-0.0001400460642848924,-0.00010411753977954966,1.8477172461234515e-05,-0.00013672586203255144,-5.657687750842957e-05,6.185769840304227e-06,-0.00020858934383120967,-0.00019534918822755547,-4.108998085728225e-05,-2.8739077894173034e-06,-2.9355891724347025e-05,-0.000245593676483468,-1.9847871623536627e-05,0.0001515744721300574,-2.622388590380699e-05,1.1052616201506902e-05,-0.0009533416862686523,-0.0001989421459039716,-9.534977354354175e-05,3.060205358112736e-05,3.6563687739692873e-06,-0.00048497588069316554,-0.00024893936349281966,8.933530194252855e-05,-7.302072575177752e-05,-0.00011936935493652982,-0.00024112187603049978,-0.00022350329041243477,-2.271374579659554e-05,-8.546690767282647e-05,-0.00026913405372738997,-0.00018869017035377138,-0.00034350358337910045,-4.8107925135600785e-06,-3.956582341812153e-05,1.2067808714040564e-05,-4.154108285786592e-05,-0.00011627188077665988,-0.0002381176202390255
BBC,7.60225355887461e-05,0.00041287645240552484,-3.079295766338563e-05,0.00042082412784222783,-3.8737357053918447e-05,-0.0007866826853815074,1.9032972256791125e-06,-2.83333121137784e-05,-0.00011776140784686259,0.00014448801359532578,0.0002848636861103008,-0.00016117281675848567,8.669046401896039e-05,2.675466713551085e-05,0.00024163413884687227,-0.0001587783086305203,-7.292235796545184e-06,0.0001481751794248196,0.00011879245524682506,6.309461231715397e-05,2.665559453031975e-05,-4.998010325355261e-05,0.00015982433364494862,-0.00038310473581567477,3.024614252482203e-05,0.00015325955028597525,4.790289399617544e-05,0.0001368653171779246,-0.001041384083645941,9.428425136217953e-05,0.0009108108247219993,0.00014992735174536884,-0.0002381032763770206,5.8056826679095554e-05,0.00021657814507042793,0.00023078184807558393,1.3741254997750613e-05,-1.3141221063679001e-05,-3.517804970989909e-05,0.00021454960462769104,2.399930890955684e-06,8.20315335098869e-05,9.88132476244554e-05,4.5809527825993885e-05,-0.00017969159732588163,4.6016591265969156e-07,9.783297955275779e-06,0.00028178943679139847,4.416881076689813e-05,-6.716959330562587e-05
BPTH,0.00019665809192007073,-8.308217002720033e-05,6.893751432075993e-05,-3.8737357053918447e-05,0.008754034092374845,0.0011811080232713845,0.0006179148074626221,0.00039972609408353284,0.0010874968361493614,-0.00029267800852719543,0.0009857297915121478,0.0008370629788390031,0.0007444796098299377,0.0002637941765262708,-0.00017279994507999767,-4.888662206360492e-05,0.0008523584907896766,0.00012203828211331279,0.00015588447644957845,0.00022160134070988742,0.00015582044785817723,0.000607969550320984,-1.8234833572307806e-05,-0.0012176003461834687,0.0018506821234513973,0.00029081664518650004,0.0001824632009426696,0.010697122393040121,-0.0028717045903322246,0.0016879915205421608,0.001381379143947994,0.0006228554928484367,0.00038503661076973704,-0.00013403595424912694,0.0010821856808577095,0.0014943345334525865,-4.0630890139126954e-05,-4.08770830419953e-05,8.939182195814478e-05,0.0010192747296641426,-0.00030247635467951995,-0.00022573676417640508,0.0003870252672384742,0.002360110898682923,0.0005892855501380468,0.00032383219936733706,0.00013417271037217352,0.0007307009364773975,0.0015761924647922961,3.4426106472690255e-05
CGEN,-0.00031919140003396274,-0.0006836822303931561,1.518837453997338e-05,-0.0007866826853815074,0.0011811080232713845,0.0033258319730025986,0.0006853421235703013,0.0005637045420501777,0.001571172653134272,0.00015726257569066636,0.000312019420731105,-0.0009317215853676876,-0.0002902777967941002,-0.00032548847591695626,-0.00019744499800614207,0.0007538164863642611,-0.00016044063428963915,0.0005893098180444561,0.0005560604737668645,-0.00018667787567091,-0.00018405761405455046,0.00023434206249452975,-6.790216808839024e-05,0.0003959562851946355,-0.00014583686748013736,-0.0005124118982372255,-0.0004747506092380692,-0.0001851130353510521,0.0010413022259215597,7.12055909841373e-05,-0.0002098334969884749,-0.0007210265280396347,0.0033762309405848036,0.0010213024424168015,-0.00023993649970762527,-0.0003514782118845874,0.00047283491887538766,0.0010452944214375732,0.0004700282029421953,-0.0012376871854146384,0.00027078365223784633,0.000796146056652934,0.0006642554701340208,-9.535790757401417e-05,0.000794361676980216,0.0001970890123131844,-0.00012448293280489095,-0.0017437183971966386,-0.00015571431905123283,0.0011885761467495695
CHIX,3.960517502234636e-05,0.00012135715284059612,-0.00011732081973200716,1.9032972256791125e-06,0.0006179148074626221,0.0006853421235703013,0.0006452276773395718,0.0006195115277923361,0.0008009809372444793,8.492460599312615e-05,0.0006347601663281121,-8.255960928747196e-05,0.00036072190900832834,2.4676841579460612e-05,0.00029775502205584323,0.0004707265514040548,4.94041851144358e-05,0.0009480937494994958,0.0008809754271029149,0.00014835797104193423,-1.4259062756554544e-05,0.0002813076744868456,0.0005684690530562587,-0.0003006473265333295,-0.00014230427594775553,-5.788248149529685e-06,-0.00026288766729931824,0.0018405661715996365,0.0005276910575761206,0.0003316598920424765,0.0006672845988253012,-0.0001338298374870579,0.0027120050673250036,0.0011188673754424542,0.0002749901009255837,0.00023332446804559006,0.00051154973075709,0.0010527684550907645,0.000671130719877041,-0.00035993199179083405,0.00028297369133671477,0.0010599839464710448,0.0009279834475873188,0.0005791501448144934,0.00044925342624841204,0.00018393764497735837,-5.293289513973168e-05,-0.0003190972788100656,0.00059299135785904,0.0011321685615337958
COW,7.539655726349293e-05,0.00018255404739311144,-0.00015323684282160556,-2.83333121137784e-05,0.00039972609408353284,0.0005637045420501777,0.0006195115277923361,0.0006874003198270634,0.0007009272870555384,-6.809284464888603e-05,0.0007724788921480692,0.00021965262707405534,0.00042750105593692474,4.038927815796917e-05,0.0003652946972244845,0.0004191758388682952,3.9487077534655376e-05,0.00098497928596969,0.0009318840044223859,0.00016289729295353167,-1.0544130517580341e-05,0.0002452310525198594,0.0006526652637631056,4.2576151387361936e-05,-0.00024392535061821933,1.7619761018292365e-05,-0.0001794050591969908,0.002501336148849725,0.0008115613246149976,0.00035396027916429835,0.00042801754635067536,-0.00011672696337634612,0.0028080888856239932,0.001170124415855327,8.267680950469917e-05,0.0002504563127924497,0.0005423951902758151,0.0011074400160524219,0.0007861950039586833,-0.00033389171380423274,0.0003185626298307897,0.0011332849084176233,0.000952973685830262,0.0007757068224072525,0.0004625769721523331,0.00020657665086764,-5.496143958183427e-05,-0.00019636649809524627,0.0005628225798897099,0.0011731859577774637
CWBR,4.539499860454731e-05,0.0006006707735804698,-0.00015714579907491363,-0.00011776140784686259,0.0010874968361493614,0.001571172653134272,0.0008009809372444793,0.0007009272870555384,0.002170684958689172,0.0004955666500078289,0.001572689903351834,-0.0006503045582567391,0.0002987669662950894,-8.077490013153707e-05,0.0005643265547208312,0.0008341645796051936,-0.00011886223025107648,0.0011064511677546312,0.0011726419389532989,1.807697297229797e-05,-7.622734168627938e-05,5.8522608249162103e-05,0.0008610532868070623,-0.0003740591383593195,-0.0006232382790154522,-0.00020764998281552698,-0.00038112887937915543,0.005128922216561685,0.00022751591359880226,0.000621010987916331,-0.00015262765057375146,-0.0005272631703353159,0.0023535118490596585,0.0013515997140230145,0.0002548388345618911,0.00018301687468527786,0.0006361050386294704,0.0012850674944777153,0.0011136304042270433,-2.697448261590378e-05,0.00042745395967312325,0.0012554273716448084,0.001106192535268306,0.0010009884455540604,0.0004219104243746969,0.0002719091260658686,-0.00010691746964279708,-0.001257277502526167,0.0004215495210477442,0.0013611570952893107
DENN,-4.012005720243931e-06,-2.6173368334478012e-05,8.90274670093186e-05,0.00014448801359532578,-0.00029267800852719543,0.00015726257569066636,8.492460599312615e-05,-6.809284464888603e-05,0.0004955666500078289,0.0008236032243201742,-0.00011127697793020349,-0.0009856712587333267,-5.617812933079416e-05,0.00011556536445235001,0.00011587749831866102,0.0002842537136340062,-0.0001254240932921406,0.00023565436771970198,0.0003025527900764604,-5.274770009030706e-05,-4.321973536888666e-05,-0.0001217923784923272,-0.00016447050082891008,-0.00038115480368787203,-3.693920833801567e-05,-0.00010239484247636529,-0.00020224591541471998,-0.001446753000799667,-0.0006636616548913213,-8.36146093328964e-05,0.0006206047219009843,-0.0002685758204924898,-2.1844279962841785e-05,0.00020829457773342738,0.0006601912769289358,-0.00011680463221444428,7.426679782961292e-05,0.00010331404884629042,-3.603529595166846e-05,-0.00013690158957382247,4.3551439148104115e-05,8.99729696124169e-05,0.00023285344969542008,-0.000930392710770856,0.0002023385057980348,2.5880057109546092e-05,-3.287872521739306e-05,-0.000749860987071942,-0.00015527281756971841,0.00013907088450842422
EDRY,0.00021681822276658184,0.0010512115550652197,-0.00031234565454043065,0.0002848636861103008,0.0009857297915121478,0.000312019420731105,0.0006347601663281121,0.0007724788921480692,0.001572689903351834,-0.00011127697793020349,0.002875643792412692,0.0007117264332194924,0.0005730641093230175,-0.0002060352346503411,0.0010754287606731298,0.0002382104318218374,-0.0002013089418544639,0.0009530684117330605,0.0010268663262345456,0.00010831815088928811,-4.050162318424662e-05,0.00013234694215574755,0.0014924205008360492,3.2858091341228285e-06,-0.0011252783351571364,0.0003537254409003347,3.904963816638836e-06,0.006029746618193305,1.7216566946551086e-05,0.0005048505077563765,-0.0012555788317541792,-0.0002623656111117052,0.0011469360860114498,0.0010906418304241423,-0.0007800241131858825,0.0006438764211452159,0.0005924741218353005,0.0009935172356607721,0.0010808256051734243,0.0004562580993397055,0.0004994572261535059,0.0011160613788778204,0.0008678125086755969,0.0017507591589681923,-0.0002675191879257802,0.00038562287738182877,-6.626785084760568e-05,-0.00018599696606795807,0.00012195640265129216,0.0009135114026329137
ELTK,0.0002577755283710083,-0.00014103003888046048,-0.0001400460642848924,-0.00016117281675848567,0.0008370629788390031,-0.0009317215853676876,-8.255960928747196e-05,0.00021965262707405534,-0.0006503045582567391,-0.0009856712587333267,0.0007117264332194924,0.0024118398228641018,0.0006422829975957286,0.00014241860564507668,0.0001385099237062844,-0.0002892630746521363,0.0002518928690190393,-0.00025440417656278117,-0.00019381890431106454,0.00021762203935884867,0.00012344753268553078,0.0003715358358937956,0.000639091185084862,0.0004591175110523106,-0.0002533311701398565,0.0005424842667044447,0.00036394487383773746,0.0032642671799769834,0.0019020249959844694,5.7190491634122545e-05,-0.0026340171001381237,0.00038784611518477097,-0.0009894633201577914,-0.0003602760590147412,-0.0008676140374699622,0.0004537467638391654,-6.26848916317611e-05,-0.0002480368032335971,0.00020490921735462497,0.0007141443822925616,1.3916001076163335e-05,-0.00019830789749762065,-0.00022801236809436343,0.0013551470753641426,-0.000340845516202697,0.0001249407493298526,9.06900425105099e-05,0.0014300376645834086,0.0005019528446933528,-0.00026774107924686775
EMD,0.00018723457470598703,0.00016966756078805987,-0.00010411753977954966,8.669046401896039e-05,0.0007444796098299377,-0.0002902777967941002,0.00036072190900832834,0.00042750105593692474,0.0002987669662950894,-5.617812933079416e-05,0.0005730641093230175,0.0006422829975957286,0.0005512135019863596,0.0002036670400518262,0.00030536516994774835,0.00022554130699213424,0.00015999149853814093,0.0005960585959175983,0.000606594758344222,0.00020571999901800183,6.0303957219678035e-05,0.0002306833395752642,0.0005539639999685319,-0.00019294630125185077,-7.032209516646479e-05,0.00019849326329570067,-2.7514822941961986e-05,0.002920737193539803,0.000594035706036483,0.00034527172472829286,-7.550567127536441e-05,0.00010102405482370017,0.0011232070038272343,0.0005946934819059692,0.00025178462917490116,0.0003824261268014982,0.0002929446033612721,0.0005581090025348358,0.0005254206505374469,0.00021386691495704972,0.00016147913856298519,0.0006087610787647232,0.000592230287736726,0.0007523470745822874,0.0002304941871481513,0.00015501653724190193,7.1670896169526605e-06,0.00032328426380170023,0.0006788626390108549,0.0006053236276969742
ENVA,9.133508512089793e-05,-3.7501308342110775e-05,1.8477172461234515e-05,2.675466713551085e-05,0.0002637941765262708,-0.00032548847591695626,2.4676841579460612e-05,4.038927815796917e-05,-8.077490013153707e-05,0.00011556536445235001,-0.0002060352346503411,0.00014241860564507668,0.0002036670400518262,0.0002034411759983726,2.033704278782497e-06,7.176978713630341e-05,0.00011502589754055691,0.00012379183252972674,0.00015519307073593298,7.701760352444514e-05,4.222783234968174e-05,1.311251297581892e-05,-3.204237788344743e-05,-4.261228322099526e-05,0.00018885016631980852,2.8833033703513328e-05,1.9903664522303696e-05,0.0009000701936861162,8.150662948671293e-05,0.00013947690825571367,0.00022504296804091127,8.784128900990475e-05,7.431796817511269e-05,6.233338672229994e-05,0.00038897416236403383,9.814798338169595e-05,1.9328823990257403e-05,4.7133288444644754e-05,8.475836204379782e-05,0.0001420296262608149,-2.097172122126069e-05,5.617803970807917e-05,0.00014195946149084612,1.085730714636701e-05,0.00019717348489765727,1.596847237014409e-05,1.7902041902535084e-05,0.00014468401779931797,0.00029468484041189554,8.084853024221406e-05
EXD,0.00012660549585314745,0.0005192297172254995,-0.00013672586203255144,0.00024163413884687227,-0.00017279994507999767,-0.00019744499800614207,0.00029775502205584323,0.0003652946972244845,0.0005643265547208312,0.00011587749831866102,0.0010754287606731298,0.0001385099237062844,0.00030536516994774835,2.033704278782497e-06,0.0005368954442729762,0.00015206983842641807,-0.000102638624287677,0.0006087205383986106,0.0006307885480936655,8.71317114491405e-05,-1.0914752087498295e-05,1.079979634335467e-05,0.0006469475125256342,-1.175613797155204e-05,-0.0004928950971838523,0.0001437659468969821,-2.9822830474355595e-05,0.0020400374269100886,-1.0441750130086861e-05,0.00019228333868532514,-1.924595670650276e-05,-0.00010735291995090674,0.0008558921952044324,0.000660974147899837,-9.38996511541957e-05,0.0002509719962513735,0.00032460798348482004,0.0005723573519489057,0.0005295120113681355,0.00011234530757962596,0.0002504992357199613,0.000663391116105595,0.0005443772114933932,0.0005167040853441684,-9.280073765137854e-06,0.0001569168130802284,-3.78920338096714e-05,-9.137727706030335e-05,0.00010850734524510511,0.0005466148596650652
EXPO,1.4470566540479711e-05,-2.7368100312936698e-05,-5.657687750842957e-05,-0.0001587783086305203,-4.888662206360492e-05,0.0007538164863642611,0.0004707265514040548,0.0004191758388682952,0.0008341645796051936,0.0002842537136340062,0.0002382104318218374,-0.0002892630746521363,0.00022554130699213424,7.176978713630341e-05,0.00015206983842641807,0.0005736023918297307,-6.218496158263646e-06,0.0006983560372136962,0.0006975811963695162,7.206864738674874e-05,-2.5133701020501703e-05,0.00015211885031658038,0.0003562326366640299,-0.00022044357028834776,-0.0002439269081496664,-0.00013231269949186495,-0.00029953983583438974,0.0010432698327449057,0.000953360383583584,0.00015914743125372636,2.8896536397455572e-05,-0.0002628800669327644,0.0019070981499533482,0.0008540590354586463,0.0003517818358584669,-4.0609048573927456e-05,0.00038859827094783647,0.0008166265167429616,0.0005722921090301956,-0.0002951017506700206,0.0002328247046483971,0.0007887264343053656,0.0006997778558449085,0.0001487130539624243,0.0004323231210900953,0.0001130826872478335,-5.473327453791897e-05,-0.0006028079717725638,0.00042767805646470305,0.0009183382242567775
HEWU,5.1575682857118595e-05,-3.8509831482037336e-05,6.185769840304227e-06,-7.292235796545184e-06,0.0008523584907896766,-0.00016044063428963915,4.94041851144358e-05,3.9487077534655376e-05,-0.00011886223025107648,-0.0001254240932921406,-0.0002013089418544639,0.0002518928690190393,0.00015999149853814093,0.00011502589754055691,-0.000102638624287677,-6.218496158263646e-06,0.0001882367869169042,2.2566610636535637e-05,4.004206747529748e-06,8.283147355902315e-05,5.3904621455640554e-05,0.0001009459032716711,-2.799525074846465e-05,-0.0001984062891206309,0.0003417753762498723,3.527581444491874e-05,3.1753411130817744e-05,0.0013483244565269997,-6.0727261662225195e-05,0.00022904812533160296,0.0003305132686814812,0.00019221961815801816,0.00015482835567322194,-2.895412417251601e-05,0.00027733925721488116,0.00017347448086004396,-2.2614696482641143e-05,-6.505017063687101e-07,2.4519477787430293e-05,0.00016877518067844413,-6.904063243030008e-05,-8.054152441571723e-06,5.6111081661692964e-05,0.0003524862203986396,0.0001213300447621823,-4.180310893464499e-06,3.101499582567463e-05,0.0003289742000283725,0.00040797632332114655,2.7117965448776078e-05
IBDQ,0.00011687381824747869,0.0004587365814517899,-0.00020858934383120967,0.0001481751794248196,0.00012203828211331279,0.0005893098180444561,0.0009480937494994958,0.00098497928596969,0.0011064511677546312,0.00023565436771970198,0.0009530684117330605,-0.00025440417656278117,0.0005960585959175983,0.00012379183252972674,0.0006087205383986106,0.0006983560372136962,2.2566610636535637e-05,0.0016625513784850928,0.001569845923653409,0.00024814604270734464,-1.9377848180008346e-05,0.0002456480985874526,0.0008950919255308797,-0.00016372973976530594,-0.0002958751790274862,-5.553844271020214e-05,-0.0003445204623577762,0.0031802038305583534,0.0006297849056931084,0.0005641631928009706,0.0016153927393823407,-0.0001968022044110711,0.004435308003347569,0.0019211518937695298,0.000552139266890093,0.00033008859991908715,0.0008549270074097983,0.0017688195988232798,0.0011893242344231056,-0.0005556413532022557,0.0004848422114625917,0.0018427325534505397,0.0015883881338980838,0.0008214879371544534,0.0007850844806118936,0.00027211096688894325,-9.852623956220873e-05,-0.0004933137175059065,0.0008527353307455975,0.0018694475763625109
IQI,0.00014257590081513712,0.00046263551279412507,-0.00019534918822755547,0.00011879245524682506,0.00015588447644957845,0.0005560604737668645,0.0008809754271029149,0.0009318840044223859,0.0011726419389532989,0.0003025527900764604,0.0010268663262345456,-0.00019381890431106454,0.000606594758344222,0.00015519307073593298,0.0006307885480936655,0.0006975811963695162,4.004206747529748e-06,0.001569845923653409,0.0015270753292856436,0.00022478589359401733,-1.987306476313606e-05,0.0001897680866865802,0.0008758077885863673,-7.169153154606843e-05,-0.00035759788474000904,-4.7553829500651e-05,-0.0003068203935332021,0.003552365970298487,0.0006488318655949313,0.000556639447961978,0.001229976845012054,-0.00023573454498560087,0.003946069102043884,0.001800411339569501,0.0005284177144423832,0.0003177697034132485,0.0008091949287937802,0.001651667693701874,0.0011811747690617098,-0.00042276196096281736,0.00047344622895333907,0.0017192041993789214,0.0015060573855079286,0.0007826534572210801,0.0007522599140604622,0.000281121859334272,-9.428960441397174e-05,-0.0005488523955184979,0.000772908688221226,0.0017470999418903446
ITEQ,6.307038250342884e-05,6.103759887625483e-05,-4.108998085728225e-05,6.309461231715397e-05,0.00022160134070988742,-0.00018667787567091,0.00014835797104193423,0.00016289729295353167,1.807697297229797e-05,-5.274770009030706e-05,0.00010831815088928811,0.00021762203935884867,0.00020571999901800183,7.701760352444514e-05,8.71317114491405e-05,7.206864738674874e-05,8.283147355902315e-05,0.00024814604270734464,0.00022478589359401733,9.621767846800695e-05,3.021645355495215e-05,0.00011289084777864261,0.00019901379826536307,-0.00015568558263459386,3.330744682308444e-05,7.665064904538079e-05,-2.433271956334466e-05,0.0008279658749883861,0.0002017948155124644,0.00012831762656596746,0.00020631032035580367,8.374922723167522e-05,0.000584830707330399,0.00024821429110173036,0.00014640914506329172,0.0001492787036008525,0.00011418446617191725,0.00023428251421608366,0.00017680844713109314,4.045520919125989e-05,5.122027622674713e-05,0.0002609096051290486,0.0002416523587408205,0.0002809882186504533,9.224534142059653e-05,4.071586061157857e-05,5.254267296298764e-06,0.0002001322818221353,0.000319847992702859,0.0002551142093942927
IWD,3.0223223932354337e-05,2.9878155530187153e-05,-2.8739077894173034e-06,2.665559453031975e-05,0.00015582044785817723,-0.00018405761405455046,-1.4259062756554544e-05,-1.0544130517580341e-05,-7.622734168627938e-05,-4.321973536888666e-05,-4.050162318424662e-05,0.00012344753268553078,6.0303957219678035e-05,4.222783234968174e-05,-1.0914752087498295e-05,-2.5133701020501703e-05,5.3904621455640554e-05,-1.9377848180008346e-05,-1.987306476313606e-05,3.021645355495215e-05,2.246579505290641e-05,1.7458734881526818e-05,1.6728593931799666e-05,-7.474114711580577e-05,7.099723309068693e-05,3.340927803539356e-05,2.6710331680684284e-05,0.00044047145554316006,-1.5934456712324504e-05,5.733864038343814e-05,2.5146977198055577e-05,7.599685116638764e-05,-0.0001294137073430702,-4.9969218340353185e-05,6.907965321319781e-05,5.8938181082035126e-05,-2.3671926557145466e-05,-4.138683599347408e-05,8.535417083693966e-07,0.00011497702013507063,-2.46425020881136e-05,-3.1860026923571306e-05,-1.3939252162712028e-05,0.00012108422032229003,-1.3700133071325397e-05,-8.314619844954705e-06,1.3165142991918917e-05,0.0001586680172876487,0.00011872365424811789,-4.0038914111314345e-05
KRNY,1.2438671412780721e-05,-0.0002982631668609684,-2.9355891724347025e-05,-4.998010325355261e-05,0.000607969550320984,0.00023434206249452975,0.0002813076744868456,0.0002452310525198594,5.8522608249162103e-05,-0.0001217923784923272,0.00013234694215574755,0.0003715358358937956,0.0002306833395752642,1.311251297581892e-05,1.079979634335467e-05,0.00015211885031658038,0.0001009459032716711,0.0002456480985874526,0.0001897680866865802,0.00011289084777864261,1.7458734881526818e-05,0.00036407144243221276,0.00025760376240982854,-0.0003843102725117267,1.4102261661766705e-05,0.00016266183526657043,-0.00013153283596158756,-0.0004768032746726847,0.0006989076984663632,-3.1927090390886664e-05,-0.0002535220450009285,3.504580611783301e-05,0.0009373970483036427,0.0002861158073504313,1.3013400211973688e-05,0.0001608643065100167,0.00015632315158263998,0.0002858662924352483,8.352903503298603e-05,-0.00018130119706260704,7.383126281810345e-05,0.0002663154438839598,0.00025799070316256034,0.0001584379965367846,8.871102338733636e-05,8.428721887561243e-05,8.929991310766827e-06,0.00018553719316374254,0.00038528651378115487,0.0003413530836891827
LFT,0.000172899813833118,0.0006069923407468746,-0.000245593676483468,0.00015982433364494862,-1.8234833572307806e-05,-6.790216808839024e-05,0.0005684690530562587,0.0006526652637631056,0.0008610532868070623,-0.00016447050082891008,0.0014924205008360492,0.000639091185084862,0.0005539639999685319,-3.204237788344743e-05,0.0006469475125256342,0.0003562326366640299,-2.799525074846465e-05,0.0008950919255308797,0.0008758077885863673,0.00019901379826536307,1.6728593931799666e-05,0.00025760376240982854,0.0011590578512112918,-0.00029545822015888663,-0.0007506704964027212,0.00023693510844867102,-0.00013158294247943173,0.0035047685290701337,0.0010151810599381655,0.000305019450894229,-0.0006803997852574526,-8.125697977947977e-05,0.0016847262596024512,0.0010260303162238317,-0.0002666051470300436,0.00037195473371747683,0.0005183649590943944,0.000974348049957078,0.0009008332467148171,0.0001925568656758662,0.0003842663522813979,0.0010819045167321652,0.0008246354644711463,0.0012513024330508408,-4.708705065798974e-05,0.0002160005007004573,-4.144009955846096e-05,0.00011125438544152595,0.0005652365486122205,0.0009850538932469712
MKTY,-3.767186846090113e-05,-0.00011206746179544929,-1.9847871623536627e-05,-0.00038310473581567477,-0.0012176003461834687,0.0003959562851946355,-0.0003006473265333295,4.2576151387361936e-05,-0.0003740591383593195,-0.00038115480368787203,3.2858091341228285e-06,0.0004591175110523106,-0.00019294630125185077,-4.261228322099526e-05,-1.175613797155204e-05,-0.00022044357028834776,-0.0001984062891206309,-0.00016372973976530594,-7.169153154606843e-05,-0.00015568558263459386,-7.474114711580577e-05,-0.0003843102725117267,-0.00029545822015888663,0.0019452516170849143,-0.00027168247760957876,-0.0002185819079919147,0.00031408208217764065,0.0005187373142030449,0.0007732594356239731,-0.0001319788884738448,-0.0007485801322302458,-0.00019665546445399656,0.0002001312391150201,-4.039610637407667e-05,-0.0008429869658253353,-0.0003286028372783355,-1.4088153308503172e-05,-2.0062335642587236e-05,0.00015332086113385322,-0.00036066459898187247,5.668905883648451e-05,-4.8094460560858755e-05,-0.0001818196823643626,-7.413775321915149e-05,0.00024496289462735147,3.037581619823072e-05,-4.1864029371040184e-05,-0.0002462116303346282,-0.0007636643377118977,-7.298633875281945e-05
MOD,-3.2354411757650487e-05,-0.00030129980588172695,0.0001515744721300574,3.024614252482203e-05,0.0018506821234513973,-0.00014583686748013736,-0.00014230427594775553,-0.00024392535061821933,-0.0006232382790154522,-3.693920833801567e-05,-0.0011252783351571364,-0.0002533311701398565,-7.032209516646479e-05,0.00018885016631980852,-0.0004928950971838523,-0.0002439269081496664,0.0003417753762498723,-0.0002958751790274862,-0.00035759788474000904,3.330744682308444e-05,7.099723309068693e-05,1.4102261661766705e-05,-0.0007506704964027212,-0.00027168247760957876,0.0011874812324174221,-9.993363209574332e-05,0.00010865932599410933,0.0003732499026959986,-0.0014173938721867068,0.0003435961993736308,0.0019057709884999407,0.0003999201600297802,-0.00012360963005427845,-0.0004488087204250897,0.0007965088995146105,0.0001872871702444801,-0.0002697320364754028,-0.00041106580523725834,-0.0004719382388404198,4.192749615031034e-05,-0.00032996985084411933,-0.0004754386418726682,-0.0002099298673962418,-0.0001176561825385448,0.0003356639170139111,-0.00011006351328528627,6.566317944039731e-05,0.0004231627515626446,0.00038507527474735477,-0.000380557626277366
NRZ,8.557636865824863e-05,-1.7914359384761898e-05,-2.622388590380699e-05,0.00015325955028597525,0.00029081664518650004,-0.0005124118982372255,-5.788248149529685e-06,1.7619761018292365e-05,-0.00020764998281552698,-0.00010239484247636529,0.0003537254409003347,0.0005424842667044447,0.00019849326329570067,2.8833033703513328e-05,0.0001437659468969821,-0.00013231269949186495,3.527581444491874e-05,-5.553844271020214e-05,-4.7553829500651e-05,7.665064904538079e-05,3.340927803539356e-05,0.00016266183526657043,0.00023693510844867102,-0.0002185819079919147,-9.993363209574332e-05,0.0002825265595127928,6.968244767755911e-05,-0.00016438479967687862,7.754024515569112e-05,-8.418237213057275e-05,-0.0005562816610236241,0.00011953326187445811,-0.0005663297832792559,-0.0001355308044945432,-0.00015984841484369887,0.00022130254676155177,-2.5840704431723514e-05,-0.00014925493251877013,-8.600418465559253e-05,0.00022270029691839595,4.190487883243267e-06,-0.00010905571472680581,-6.571986696595813e-05,0.00011960283292454261,-0.00023310589639871865,5.289222888475693e-05,3.191667279590465e-05,0.00044803290385417625,7.884210249889785e-05,-0.00017238875925961331
NVT,4.5233593914486336e-05,0.00010778706865050747,1.1052616201506902e-05,4.790289399617544e-05,0.0001824632009426696,-0.0004747506092380692,-0.00026288766729931824,-0.0001794050591969908,-0.00038112887937915543,-0.00020224591541471998,3.904963816638836e-06,0.00036394487383773746,-2.7514822941961986e-05,1.9903664522303696e-05,-2.9822830474355595e-05,-0.00029953983583438974,3.1753411130817744e-05,-0.0003445204623577762,-0.0003068203935332021,-2.433271956334466e-05,2.6710331680684284e-05,-0.00013153283596158756,-0.00013158294247943173,0.00031408208217764065,0.00010865932599410933,6.968244767755911e-05,0.00022633806760438037,0.000814325824688857,-0.00040002076767873905,3.9300782833426724e-05,-0.00022625954872643718,0.00015653104105766585,-0.0011051205769062073,-0.00043905108451476995,-0.000202829423766127,7.464074075520047e-05,-0.00019535437973594737,-0.0004103941209831432,-0.00017160002579776193,0.0003117319699028179,-0.00011199598067750105,-0.00038958157397186603,-0.00033764935378527444,0.00017302840343865123,-0.00018163880563636185,-3.636312141036423e-05,3.260795059497604e-05,0.00037506621084266306,-0.0001635567553610823,-0.000466565379532792
OBLG,0.0013068009259316182,0.0049428436559867525,-0.0009533416862686523,0.0001368653171779246,0.010697122393040121,-0.0001851130353510521,0.0018405661715996365,0.002501336148849725,0.005128922216561685,-0.001446753000799667,0.006029746618193305,0.0032642671799769834,0.002920737193539803,0.0009000701936861162,0.0020400374269100886,0.0010432698327449057,0.0013483244565269997,0.0031802038305583534,0.003552365970298487,0.0008279658749883861,0.00044047145554316006,-0.0004768032746726847,0.0035047685290701337,0.0005187373142030449,0.0003732499026959986,-0.00016438479967687862,0.000814325824688857,0.04819105492941153,-0.0018329094773622766,0.005756069819081614,0.0012906340526204843,0.0009647037096445646,0.0045924479745493366,0.0031841916315161057,0.0013907616156676943,0.0030419335642984475,0.001443885937945003,0.003362475159000022,0.005101700518309797,0.00442758526633119,0.0007087709930446779,0.0036514324276233083,0.0033366562153549885,0.011120707877477836,0.0014323343034393838,0.0008191604224094451,8.324710074175149e-06,0.0012895663498222387,0.004556516152603987,0.003366587549780297
OPRX,3.97445450859077e-05,-0.0011034670027419342,-0.0001989421459039716,-0.001041384083645941,-0.0028717045903322246,0.0010413022259215597,0.0005276910575761206,0.0008115613246149976,0.00022751591359880226,-0.0006636616548913213,1.7216566946551086e-05,0.0019020249959844694,0.000594035706036483,8.150662948671293e-05,-1.0441750130086861e-05,0.000953360383583584,-6.0727261662225195e-05,0.0006297849056931084,0.0006488318655949313,0.0002017948155124644,-1.5934456712324504e-05,0.0006989076984663632,0.0010151810599381655,0.0007732594356239731,-0.0014173938721867068,7.754024515569112e-05,-0.00040002076767873905,-0.0018329094773622766,0.006665506999818389,-0.0007437028326329878,-0.004569843739483162,-0.00048769964811439567,0.0027180797584060125,0.0010359375030703681,-0.001045220460944042,-0.0005914411516558293,0.0005924206683765956,0.001157307457246215,0.0009930557156133891,-0.0007564525810067394,0.0005141876991454287,0.0010802393570678841,0.0006229016458778162,0.0002785120421396872,0.0003576064559249845,0.00016641223872689405,-5.846024142454925e-05,-0.0001331589474646435,0.000629382591004024,0.0013893513151505695
ORBC,0.00013257316223648833,0.0005994827655452092,-9.534977354354175e-05,9.428425136217953e-05,0.0016879915205421608,7.12055909841373e-05,0.0003316598920424765,0.00035396027916429835,0.000621010987916331,-8.36146093328964e-05,0.0005048505077563765,5.7190491634122545e-05,0.00034527172472829286,0.00013947690825571367,0.00019228333868532514,0.00015914743125372636,0.00022904812533160296,0.0005641631928009706,0.000556639447961978,0.00012831762656596746,5.733864038343814e-05,-3.1927090390886664e-05,0.000305019450894229,-0.0001319788884738448,0.0003435961993736308,-8.418237213057275e-05,3.9300782833426724e-05,0.005756069819081614,-0.0007437028326329878,0.0008348908802254527,0.001221620437384493,0.00017687835973083865,0.0012810008950958247,0.000571526909164847,0.000511295839552534,0.0004326371809277661,0.00022968653508380108,0.0005678909832136441,0.0006075710856124473,0.000371372039226946,6.45645958680696e-05,0.0005980876443664434,0.0005861913224525844,0.0012889540515661144,0.0003677895981076183,9.195494203578282e-05,-3.222926348597715e-06,0.0001107464004982675,0.0007179119487838096,0.0005869844551775414
ORTX,-9.814029067692692e-05,0.0008741475593103832,3.060205358112736e-05,0.0009108108247219993,0.001381379143947994,-0.0002098334969884749,0.0006672845988253012,0.00042801754635067536,-0.00015262765057375146,0.0006206047219009843,-0.0012555788317541792,-0.0026340171001381237,-7.550567127536441e-05,0.00022504296804091127,-1.924595670650276e-05,2.8896536397455572e-05,0.0003305132686814812,0.0016153927393823407,0.001229976845012054,0.00020631032035580367,2.5146977198055577e-05,-0.0002535220450009285,-0.0006803997852574526,-0.0007485801322302458,0.0019057709884999407,-0.0005562816610236241,-0.00022625954872643718,0.0012906340526204843,-0.004569843739483162,0.001221620437384493,0.0088793886634101,0.0004999726598696703,0.005576428669532962,0.001679515733827677,0.0023833269688238717,0.00048277665675049234,0.0005072726744974072,0.0014221359904837353,0.00028340745653213583,-0.0010548502993748222,-4.9714479908861205e-05,0.0015368470859324502,0.0015332971380971256,-4.4448023679404295e-05,0.0013669808331641029,-8.257967119180184e-05,-6.914878296629299e-05,-0.00022617044433599078,0.0009576234514505602,0.0014561240636038432
RYJ,6.594771106066736e-05,0.00010259968312191155,3.6563687739692873e-06,0.00014992735174536884,0.0006228554928484367,-0.0007210265280396347,-0.0001338298374870579,-0.00011672696337634612,-0.0005272631703353159,-0.0002685758204924898,-0.0002623656111117052,0.00038784611518477097,0.00010102405482370017,8.784128900990475e-05,-0.00010735291995090674,-0.0002628800669327644,0.00019221961815801816,-0.0001968022044110711,-0.00023573454498560087,8.374922723167522e-05,7.599685116638764e-05,3.504580611783301e-05,-8.125697977947977e-05,-0.00019665546445399656,0.0003999201600297802,0.00011953326187445811,0.00015653104105766585,0.0009647037096445646,-0.00048769964811439567,0.00017687835973083865,0.0004999726598696703,0.00035047303263675616,-0.0005519365522093462,-0.00031812620316167884,0.00015289909138454228,0.0002199698685738191,-0.00015859273184779625,-0.00028403906188378356,-0.00016733315006475642,0.00033407336631117914,-0.0001477528862265361,-0.00024662616710718584,-0.00018389914087048526,0.0003776804041654417,-0.0001110258065119414,-6.346336781068277e-05,5.379132890579945e-05,0.0006967941307715794,0.00029467358451574675,-0.00030787889278952637
SDP,-6.380489375198708e-05,0.00019340136016532449,-0.00048497588069316554,-0.0002381032763770206,0.00038503661076973704,0.0033762309405848036,0.0027120050673250036,0.0028080888856239932,0.0023535118490596585,-2.1844279962841785e-05,0.0011469360860114498,-0.0009894633201577914,0.0011232070038272343,7.431796817511269e-05,0.0008558921952044324,0.0019070981499533482,0.00015482835567322194,0.004435308003347569,0.003946069102043884,0.000584830707330399,-0.0001294137073430702,0.0009373970483036427,0.0016847262596024512,0.0002001312391150201,-0.00012360963005427845,-0.0005663297832792559,-0.0011051205769062073,0.0045924479745493366,0.0027180797584060125,0.0012810008950958247,0.005576428669532962,-0.0005519365522093462,0.01490530300194077,0.005428400525612545,0.0011817265197718477,0.00044123293380478237,0.0023646555894181473,0.005120902581212937,0.0029202972323954506,-0.0029286920990950114,0.0012253177006081042,0.0051386661086931015,0.00428279514517655,0.0018042278592854807,0.0027350137765888823,0.0006345683358465283,-0.00030087833907552376,-0.0015833844448910645,0.00225742974092294,0.005490474290511804
SHY,7.792896635737414e-05,0.0004538113676956,-0.00024893936349281966,5.8056826679095554e-05,-0.00013403595424912694,0.0010213024424168015,0.0011188673754424542,0.001170124415855327,0.0013515997140230145,0.00020829457773342738,0.0010906418304241423,-0.0003602760590147412,0.0005946934819059692,6.233338672229994e-05,0.000660974147899837,0.0008540590354586463,-2.895412417251601e-05,0.0019211518937695298,0.001800411339569501,0.00024821429110173036,-4.9969218340353185e-05,0.0002861158073504313,0.0010260303162238317,-4.039610637407667e-05,-0.0004488087204250897,-0.0001355308044945432,-0.00043905108451476995,0.0031841916315161057,0.0010359375030703681,0.000571526909164847,0.001679515733827677,-0.00031812620316167884,0.005428400525612545,0.002287023926715539,0.0004571988116485106,0.0002629961147507007,0.0010205741612122753,0.002125027929629252,0.0014034770068107683,-0.0008236602450833035,0.0005939650148410713,0.002188634708157392,0.0018322757871334409,0.0009078974351273353,0.0009261901238195456,0.00031117662082770953,-0.00013150779679439693,-0.000741825556298178,0.0008727884475880924,0.002247172212067291
SPRO,8.74846409530422e-05,5.8914410182279376e-05,8.933530194252855e-05,0.00021657814507042793,0.0010821856808577095,-0.00023993649970762527,0.0002749901009255837,8.267680950469917e-05,0.0002548388345618911,0.0006601912769289358,-0.0007800241131858825,-0.0008676140374699622,0.00025178462917490116,0.00038897416236403383,-9.38996511541957e-05,0.0003517818358584669,0.00027733925721488116,0.000552139266890093,0.0005284177144423832,0.00014640914506329172,6.907965321319781e-05,1.3013400211973688e-05,-0.0002666051470300436,-0.0008429869658253353,0.0007965088995146105,-0.00015984841484369887,-0.000202829423766127,0.0013907616156676943,-0.001045220460944042,0.000511295839552534,0.0023833269688238717,0.00015289909138454228,0.0011817265197718477,0.0004571988116485106,0.001549031551587449,0.0002001477863077404,0.0001288481716289058,0.000380592266490467,0.0001468068733079639,4.301749147763844e-05,-7.108183272952224e-05,0.0003780485740262121,0.000594933331736738,-0.00022797047701163638,0.0006467717754744516,-1.8131150955116767e-05,1.0504383940176416e-05,-0.00017275219602939985,0.0008286997787991776,0.0004877262882054659
