,AGX,ATOM,AUTL,BH,BNDC,CHSCO,CLNN,CLS,EBTC,EPS,EWT,EWW,GDMA,GHC,HCXZ,HNDL,HSKA,IONS,LORL,NEO,PDCE,PWB,QQEW,RMNI,ROOF,SPXB,TDTT,TVE,VPC,WASH,CBRE,CFBK,CVLT,DMB,INFR,IWS,LIVN,MLPA,MNRO,NAIL,NVO,PATK,SWZ,THRM,YXI,BP,CALF,FC,LDOS,GOOD
AGX,0.0008027232363691641,0.0002460365952309149,-0.0001310652746116805,0.0007471024602641505,0.0001393676350397686,0.00033534752623154694,9.271500829801255e-05,0.0011950073144494661,-0.00021813619602021863,0.00011415770322993659,-4.6882748316419385e-05,0.00038500515659232857,0.00010111006509086662,0.00037759007090445084,0.00023679426181817534,9.884681659351637e-05,0.00015032534754817856,-0.0002715789134899672,-0.0013107910069623304,-0.00023113069186009836,-0.0006347734057651679,-0.00011329806844451497,-7.126882596059049e-05,0.0004084996679845107,0.0008065268523770187,0.00010604476448802108,0.00014238715832820022,0.00012954693140950494,-0.000118952944591425,0.0007707404176236133,0.0003457326078014952,0.0006162408088228843,-0.00033516402809441584,9.198507278911861e-05,0.00022028673410966882,0.0003543689232116905,0.0002760314016730207,0.00019222425985058995,0.00030492757813853534,0.002579584382764508,-6.6745736771934485e-06,0.0010430040965825225,0.00017489209131213586,0.00037394647653677814,8.755988055751259e-05,0.0001460647744870946,0.0005185576920903132,-0.0003083775104989581,0.0001819911472089358,-0.0005449346626206779
ATOM,0.0002460365952309149,0.00473961346796848,-0.0016772544511929246,0.003088550295151775,-0.0007554383635326707,-0.0004567003862424781,-0.0007756006013426488,0.004361378859005137,0.005544918879052234,5.199736944220385e-05,-0.00027770304490238354,0.0006945949635033294,-0.00024381433272216795,0.0011358045725799642,-0.000589033187523707,-0.0004740661755717953,0.0005042459507722578,-0.0008285507865249677,-0.0021223156277053313,0.004558790193033454,0.001313118355700539,-5.8009985164363526e-06,0.0001388174665332657,0.0015154217454160196,0.0008344523148053904,-0.0005506442648332509,-0.0006980461421877495,-0.0006053981604979713,0.0007895220465408373,0.0006261528091701179,0.0016871334841011645,0.0016048256823081794,0.0006650437476812375,-0.00033623080353822275,-0.0003068521817388665,0.0003466000320376507,-0.001739498650902615,0.0012187029871276506,0.0013287984315438499,0.004187392965305958,-0.0014890036642768167,0.0011855503286574323,-0.0004166836741220355,0.0007959601966634584,-0.0015904428149934274,0.0014724620828676716,0.0012639689680773612,0.0021488242714147415,-2.925105087306037e-05,0.0026947306571686353
AUTL,-0.0001310652746116805,-0.0016772544511929246,0.0031833423643079835,0.0005492222828098135,4.971136290053769e-05,-0.0002066318657074534,-2.5343632136512776e-05,-0.0038077463389837164,-0.0005601452438203661,-5.0430537521254574e-06,0.00031214379544705444,0.0009997517436262926,8.052387548409187e-05,-7.992493830662369e-05,-4.0559171787341285e-05,-0.00013487451168139717,-5.1979371698382995e-06,0.001193438944109444,-0.003914401959646213,-0.0004562492163565953,-0.0007271761448307514,-2.370406039703228e-05,0.0001522041428994128,-0.001199682336877266,-8.465893789109567e-05,1.1868457294353753e-05,7.800652644662499e-05,4.725390483383137e-05,-0.0005701554695155336,0.00032150582193769134,-0.00015694260994752101,-0.0011894180487511494,-0.00045813027917206053,-5.863124997944729e-06,0.00029230647827460936,0.0001694668060580614,2.6745627735064777e-05,0.00016302413645048045,0.0001564159680464849,0.0010429558365077155,0.0002929027620487781,0.0010861905104959013,9.75906353505439e-05,0.00028441906103021284,-0.0004398314146893907,0.0006131663760516678,-4.4997084049236066e-05,-0.00025120132114493144,0.000617986081317939,-0.003795809513656441
BH,0.0007471024602641505,0.003088550295151775,0.0005492222828098135,0.0047946052156611334,-0.0009865340232827796,-0.0006198155258010619,-0.0011170577667431341,0.0034987453067605516,0.004095501450527252,0.00016704830451295567,-1.4220405851127546e-05,0.002069217431986857,-0.0004229262583475808,0.0019896576868834647,-0.0005278467015401195,-0.0007383010043486062,0.0005387979123689663,-0.0008056319085212902,-0.004727283250745938,0.00329462835463032,0.0028451960442368446,-0.00028203310751875714,0.00013433639909202127,0.0015682599700523312,0.0019022324600692809,-0.0008172389116433446,-0.0009411956384902339,-0.0008832632682926277,0.00014096072284067518,0.0016641881807088212,0.0025151162177659623,0.0019042486133853296,-0.00022882235278880137,-0.000603261434704022,-2.1572915252048666e-05,0.0008603630436905014,-0.0018643516658772706,0.0021479639564977652,0.0023887151783070276,0.008142812432037266,-0.001770174866217332,0.003955374397939581,-0.0006219952536794753,0.0015535412423349866,-0.0026635206296075267,0.001863604131059734,0.0019801448589089154,0.0019924630878166557,-1.5359884873654317e-05,0.0015962438512170036
BNDC,0.0001393676350397686,-0.0007554383635326707,4.971136290053769e-05,-0.0009865340232827796,0.000369641004763559,0.0003237678520224985,0.0003805305137024105,-0.000832660519139862,-0.0010962179984609105,6.231271249180852e-07,-1.01067361009299e-06,-0.00034352198274904914,0.00020070578542792205,-0.00044571029663300975,0.0002476829256895079,0.0002558488579149328,-6.729858455927866e-05,0.00027079938237211494,0.00020827388580767572,-0.0008994435158589415,-0.0014003968055010172,4.569034126016534e-05,-4.5790200435110085e-05,-0.00040918262131783443,-0.0002257439142530004,0.0003058803717270719,0.00036579398369584136,0.00034305444342833233,-0.00011423902584556782,-0.00010843959403669682,-0.0006098721885337976,-0.00041785688643840497,-8.026121056445623e-05,0.00023950965603192732,0.0001351015211049443,-7.573051608458206e-05,0.0006534970252985934,-0.0005523712066807321,-0.0005740719478088853,-0.0011036871001712076,0.0005462653555913092,-0.000655747238261373,0.0002978751019777454,-0.00025834343554002225,0.0008050829088292437,-0.000355425113966164,-0.0003454048297842406,-0.0007065266654869694,0.00020439558595701656,-0.0012169569941840922
CHSCO,0.00033534752623154694,-0.0004567003862424781,-0.0002066318657074534,-0.0006198155258010619,0.0003237678520224985,0.0003587779029721087,0.0003246412479402076,-7.653862487808766e-05,-0.0009401695375586126,3.215577714108017e-05,-3.1975889843818874e-05,-0.000233702536321041,0.0001756305915933783,-0.00023873596582240449,0.0002648296479960437,0.00023654815866815264,-1.6801369315485112e-05,4.96055297952532e-05,0.00011977335423199182,-0.0007866269490068628,-0.001185135235670912,3.508300006098678e-06,-6.825918733577031e-05,-0.00012626445815929786,5.1622623319762994e-05,0.0002659968719436384,0.0003184986415667012,0.00029853043139081996,-9.094240624357351e-05,0.00010163731885304424,-0.00037420838394593733,-7.6347516453016e-05,-0.00013309467973273987,0.00021005126849003812,0.00014630177130535684,2.4823582550640457e-05,0.0005935256505973265,-0.0003899800774875779,-0.0003757630690816918,-0.0002461103036297984,0.00040914905218976584,-0.0002940023051285937,0.0002704527155018693,-0.00012210278322898334,0.0006841428372694828,-0.00029672593946168126,-0.00012995040763114554,-0.0006331483629340809,0.00015646836467052887,-0.0008208090568812422
CLNN,9.271500829801255e-05,-0.0007756006013426488,-2.5343632136512776e-05,-0.0011170577667431341,0.0003805305137024105,0.0003246412479402076,0.00039756441389582537,-0.0008658195112951955,-0.001134874897361416,-7.530018242344399e-06,-6.11652675229344e-06,-0.0004202790579335564,0.00020308075735250657,-0.0004980720894318974,0.00024675866294842546,0.00026791005666994733,-8.254200288118324e-05,0.0002736831416314178,0.00042771522796592604,-0.0009274875320797941,-0.0014170015460530881,5.7230378819600064e-05,-4.772481984208814e-05,-0.0004306566789582557,-0.00029590175508983576,0.00031629996809212814,0.00037538024222641766,0.00035300427146733925,-9.717097361838479e-05,-0.00018034146692217908,-0.0006679526917512682,-0.0004552784645672247,-4.855242051622781e-05,0.0002473360196657148,0.00011915034259909785,-0.0001109704789330828,0.0006727835886608984,-0.0006044268023858171,-0.0006354975261381592,-0.0013889265814453918,0.0005720326801052118,-0.0008013417093625711,0.00030027941038907415,-0.00030937484856776695,0.0008597747274239819,-0.0004056056471442392,-0.00040327106110541166,-0.0007207257117128993,0.00018578774952782875,-0.0011448308965433392
CLS,0.0011950073144494661,0.004361378859005137,-0.0038077463389837164,0.0034987453067605516,-0.000832660519139862,-7.653862487808766e-05,-0.0008658195112951955,0.008572498224791404,0.0032742639564968218,0.00020867841175845533,-0.0004184249902575896,0.0005701562805207676,-0.00046363600447007813,0.0020051960274394985,-0.00022131140441922833,-0.00038954011362243027,0.0004638023451898722,-0.0025277332110578135,0.0012800890868906397,0.002589377964312069,0.0035387407068966756,-0.0003046825718524963,-0.00016420769238617848,0.0031666400970246636,0.0021679008624146453,-0.0006739292529737989,-0.0008468626030609008,-0.0007733180091427594,0.0007205643448066954,0.0013396358791466516,0.0024887286225911435,0.003552674245345723,0.00011719372812535558,-0.0004950222236286327,-0.00029591113684689487,0.0006646674908742516,-0.0013542708243435885,0.0017074464052163833,0.001977393816002751,0.006583432000044188,-0.0018495682255906282,0.0025264432384590513,-0.0006201051871730066,0.0010846207376801285,-0.0016104254368947413,0.0005933662302682148,0.0019422358760690305,0.0016866051351730096,-0.0009071162143144512,0.006500358512054529
EBTC,-0.00021813619602021863,0.005544918879052234,-0.0005601452438203661,0.004095501450527252,-0.0010962179984609105,-0.0009401695375586126,-0.001134874897361416,0.0032742639564968218,0.007541480666707152,-1.106415186551908e-06,-0.0001928163868295636,0.001247445336338053,-0.0003491298235465391,0.0012854098582643077,-0.0009799399119391188,-0.0007825495646340932,0.0006060349778630279,-0.00033499078129291325,-0.004241999311425077,0.006235056066328142,0.0017590171671965033,5.2884741058001256e-05,0.00031788489888743903,0.0012003990196023896,0.0006062071114082718,-0.0008125700634734923,-0.0010027035213026395,-0.0008826992607504829,0.0008684949582319039,0.0005617169195856115,0.0020266667679817766,0.0012008650352464867,0.0008913145537719856,-0.0005168581699003402,-0.0004026519790468308,0.0003505455384368955,-0.0025557541462165583,0.0016409737883879623,0.0017199824916471593,0.004748173354590203,-0.0018919321996977488,0.0015510498823237283,-0.000622311842297979,0.00101841347025155,-0.002469427039216023,0.0022795299040211524,0.0014021275671311304,0.00302622798505042,0.00018956347171571186,0.0020067199253243533
EPS,0.00011415770322993659,5.199736944220385e-05,-5.0430537521254574e-06,0.00016704830451295567,6.231271249180852e-07,3.215577714108017e-05,-7.530018242344399e-06,0.00020867841175845533,-1.106415186551908e-06,1.7571463470245274e-05,-4.422731792471726e-06,8.25130144484537e-05,2.9549601385326267e-06,8.368037459776853e-05,2.378317063350102e-05,1.3186851559673364e-07,2.445212891819627e-05,-5.46624128754164e-05,-0.00021021591127340632,-9.25054284416953e-06,-6.169133608342156e-06,-2.1435982837643123e-05,-8.817019742556057e-06,8.079533440477204e-05,0.00013751062784623144,-1.6643292556425857e-06,9.221168985592774e-07,-2.453195873604837e-07,-1.798593447904575e-05,0.0001252986036218844,8.615260415885849e-05,0.0001135967122510666,-5.3579702357311034e-05,-7.567294749549177e-07,2.7730484617473467e-05,5.909513711043833e-05,9.331530548637883e-06,6.207109964273393e-05,8.059864760397146e-05,0.0004572921362456393,-2.9129569284085142e-05,0.00020642587250135078,8.781042477652436e-06,7.231718905640063e-05,-3.414111159802712e-05,3.803964293360604e-05,9.724244009648274e-05,-1.4382560866604305e-05,1.4329618877575864e-05,-2.2700751176928788e-05
EWT,-4.6882748316419385e-05,-0.00027770304490238354,0.00031214379544705444,-1.4220405851127546e-05,-1.01067361009299e-06,-3.1975889843818874e-05,-6.11652675229344e-06,-0.0004184249902575896,-0.0001928163868295636,-4.422731792471726e-06,3.726180835947358e-05,7.15080866317208e-05,-5.1594493707062114e-06,-1.812811050465586e-05,-3.7776875446164867e-06,-1.5535541130764787e-05,-1.9823177008646872e-05,0.0001022118239733963,-0.0001882281959289183,-0.00015776650783114646,4.2175032977212075e-05,-5.0133160937865274e-06,1.015903766995664e-05,-0.00012322771594391828,-3.285820065654649e-05,-6.542061607271118e-06,-1.3914114552592925e-06,-5.584168253696292e-06,-6.682659458568619e-05,-5.149855098233165e-06,-3.2732385248087945e-05,-0.00012852749761527776,-5.348803440390806e-05,-1.1031025826991521e-05,1.9119158340802897e-05,-8.664079436589878e-07,1.3312844499360474e-05,9.477724341138475e-06,4.518824070346378e-06,-4.234023298542696e-05,3.561428809868662e-05,7.939457041005375e-05,-6.8635473994073035e-06,4.990251168650538e-06,-4.236561530672838e-05,9.054993054924755e-06,-3.456403865588068e-05,-4.3788140852562254e-05,2.2197024343932534e-05,-0.0002718279066074509
EWW,0.00038500515659232857,0.0006945949635033294,0.0009997517436262926,0.002069217431986857,-0.00034352198274904914,-0.000233702536321041,-0.0004202790579335564,0.0005701562805207676,0.001247445336338053,8.25130144484537e-05,7.15080866317208e-05,0.0011042200115734787,-0.00013409777954436278,0.000811686426353193,-0.00016421228584320133,-0.0003002090890100494,0.00021740450007079243,-7.459016037969705e-05,-0.0028943662238687215,0.000988485597647768,0.0008896256853905744,-0.00014050643655238228,7.116467970050047e-05,0.0003738876514057817,0.0008510565800048831,-0.00029685285779570487,-0.0003213810868847867,-0.0003108235439854746,-0.00012737787968384662,0.0008441600032229472,0.0009802568522450821,0.0005421633200665762,-0.0002830029495240069,-0.00022481701672926035,0.00010249153800170313,0.0004296379993965264,-0.0006419860603251656,0.0009003376727119749,0.0010100901340368577,0.003783727210102116,-0.0005996831828817238,0.001986283442352495,-0.000194388095458079,0.0007240953831055695,-0.0011174449976705109,0.0008523298382576424,0.0008261873727496241,0.0006185660475705871,0.00015158026835790993,-0.0003712372080898268
GDMA,0.00010111006509086662,-0.00024381433272216795,8.052387548409187e-05,-0.0004229262583475808,0.00020070578542792205,0.0001756305915933783,0.00020308075735250657,-0.00046363600447007813,-0.0003491298235465391,2.9549601385326267e-06,-5.1594493707062114e-06,-0.00013409777954436278,0.0001254077663957258,-0.00023170686120105928,0.00012158368303686842,0.00013324416281511529,-8.397159827542464e-06,0.00019528563772801673,-0.0002337209758599221,-0.0002848341443577775,-0.000917335783052087,3.2011755709542946e-05,-1.139460112407901e-05,-0.00023889142561503332,-0.00010651375910243946,0.00017066993858912125,0.00020428359211934377,0.0001942140357426331,-4.6919739956577574e-05,-1.6903769994532643e-05,-0.00030659207202408473,-0.00023978331983473243,-2.3896703141988305e-05,0.00014047536374324983,8.427847339476708e-05,-2.003166400638205e-05,0.0003176858171183815,-0.0002841738990308371,-0.00029232105169539656,-0.00041101514315572526,0.000281206986707338,-0.0003184819650802224,0.00018003270011080906,-0.00010609573256473242,0.0004131719493058589,-9.743227790393464e-05,-0.00014991690754024547,-0.00033393918334012444,0.00017533137059806827,-0.0008499335651077646
GHC,0.00037759007090445084,0.0011358045725799642,-7.992493830662369e-05,0.0019896576868834647,-0.00044571029663300975,-0.00023873596582240449,-0.0004980720894318974,0.0020051960274394985,0.0012854098582643077,8.368037459776853e-05,-1.812811050465586e-05,0.000811686426353193,-0.00023170686120105928,0.0009435293946130144,-0.0001841028325167725,-0.00030976229638649824,0.00019543054288335984,-0.000595468021482546,-0.0012304280222458267,0.0010141428313658245,0.001692386512983576,-0.00016023814264917532,1.156092810983374e-05,0.0008848164026991391,0.0009354518765053776,-0.00038019072378309154,-0.00044035884273687325,-0.00041886143067874085,4.717285185291573e-05,0.000731650739290103,0.0011523078602466222,0.0010532206183555758,-0.0001662495779972466,-0.0002961828507572081,-3.064228022633377e-05,0.000374804724300913,-0.0007427076745806718,0.0009688563908275335,0.0010841014658365172,0.0035240199271764764,-0.000800516344103067,0.0017920102500379404,-0.00032179927160145633,0.0006588826890679783,-0.001140741924461999,0.0006030457135567048,0.0008831036115261718,0.0007798399137884191,-0.00018648878371723887,0.001382107748125853
HCXZ,0.00023679426181817534,-0.000589033187523707,-4.0559171787341285e-05,-0.0005278467015401195,0.0002476829256895079,0.0002648296479960437,0.00024675866294842546,-0.00022131140441922833,-0.0009799399119391188,2.378317063350102e-05,-3.7776875446164867e-06,-0.00016421228584320133,0.00012158368303686842,-0.0001841028325167725,0.0002138110860642893,0.00017737030460431922,-3.715519814457408e-05,4.681162368394422e-05,0.0001930936047281119,-0.0008180273249342138,-0.0007836584473979441,-8.34499940480626e-06,-5.7799628665556834e-05,-0.00013238449816870484,3.667548970308963e-05,0.00019722685921005326,0.0002397322256649266,0.0002206368528309218,-0.00011594236568679444,6.928245202664695e-05,-0.0003041905091965284,-9.356086018973206e-05,-0.00015092514509923064,0.00014840522947810907,0.00011912462243186426,1.4879451434143276e-05,0.00048774260818885734,-0.0002937524560738244,-0.00028449124155321905,-0.00025494682436322697,0.0003362691963293696,-0.00017492059766826152,0.00019317168859944036,-0.00010121244500110409,0.0005132495844207346,-0.00027991578492847995,-0.00012471896176897404,-0.0005424135369354855,9.047407358817791e-05,-0.00064118833281647
HNDL,9.884681659351637e-05,-0.0004740661755717953,-0.00013487451168139717,-0.0007383010043486062,0.0002558488579149328,0.00023654815866815264,0.00026791005666994733,-0.00038954011362243027,-0.0007825495646340932,1.3186851559673364e-07,-1.5535541130764787e-05,-0.0003002090890100494,0.00013324416281511529,-0.00030976229638649824,0.00017737030460431922,0.00018662154068038757,-5.198436082179914e-05,0.00012082867196079117,0.0004060138776183367,-0.0006425022974962383,-0.0009137956384268638,3.1923484170832854e-05,-4.2046893662427734e-05,-0.0002230642041688503,-0.00015708310948568872,0.0002123680261513559,0.00025071148640234487,0.000235957035917456,-5.3843559807290915e-05,-0.00010013731305931093,-0.00042321895380190486,-0.00023048945535989802,-3.6383213407967784e-05,0.00016580948098683426,7.762926022400444e-05,-6.55419899385689e-05,0.00046207619057197195,-0.0003974003950515342,-0.000412981469416184,-0.00086003714448411,0.000370003896576461,-0.0005206744374211992,0.00019993514515605874,-0.00020138164063437822,0.0005892890552452651,-0.0002966963332009168,-0.00024642121909003293,-0.000490106557128989,0.0001000911939012568,-0.0006254882222122803
HSKA,0.00015032534754817856,0.0005042459507722578,-5.1979371698382995e-06,0.0005387979123689663,-6.729858455927866e-05,-1.6801369315485112e-05,-8.254200288118324e-05,0.0004638023451898722,0.0006060349778630279,2.445212891819627e-05,-1.9823177008646872e-05,0.00021740450007079243,-8.397159827542464e-06,0.00019543054288335984,-3.715519814457408e-05,-5.198436082179914e-05,8.570420108865715e-05,-6.299975783974723e-05,-0.0007433375793507467,0.0004901755101403446,1.1155465300136034e-05,-2.0795555539192258e-05,1.6122492932502253e-05,0.0001689635387407224,0.00022703048548401215,-5.0126002357251e-05,-5.782724897966391e-05,-5.066032524311035e-05,3.792912052040568e-05,0.00022367402304013015,0.00025271770280157086,0.00021420009365607622,-4.542161485589192e-06,-2.7261614531466464e-05,1.8051694146046365e-05,0.00011158386737723188,-0.0001677594677353444,0.00019274740917254099,0.00022401256546675897,0.001003809059814285,-0.00016409907221410773,0.0003905932239422198,-1.6665501305425523e-05,0.00017810898894939594,-0.00021282920211058295,0.0002469711862203175,0.0002360156825037032,0.00019708468627548808,6.817372436505183e-05,-1.909947700619614e-05
IONS,-0.0002715789134899672,-0.0008285507865249677,0.001193438944109444,-0.0008056319085212902,0.00027079938237211494,4.96055297952532e-05,0.0002736831416314178,-0.0025277332110578135,-0.00033499078129291325,-5.46624128754164e-05,0.0001022118239733963,-7.459016037969705e-05,0.00019528563772801673,-0.000595468021482546,4.681162368394422e-05,0.00012082867196079117,-6.299975783974723e-05,0.0008716058706528733,-0.0012294407595933368,-0.00024138465252586443,-0.0015677948520000983,0.00011493300296710664,7.945675087422892e-05,-0.0009818313561019544,-0.000613357165385266,0.00023343445748824615,0.00028994315427370956,0.00027390726537796677,-0.00016226143608050149,-0.00029779870628335683,-0.0007077058889578188,-0.001087074618708982,2.944959720001175e-05,0.00019282627536699234,0.00011898090646285556,-0.00014873748245936385,0.0003404659326453094,-0.0005055511436920575,-0.000577006935775645,-0.0015350008850905192,0.0005346421673009458,-0.0007230135722569751,0.0002530003715590551,-0.0002523335485976841,0.0004781641640559826,5.141378056781716e-05,-0.0004940145893463264,-0.0004007486314505132,0.0004469012071548453,-0.002436930776249983
LORL,-0.0013107910069623304,-0.0021223156277053313,-0.003914401959646213,-0.004727283250745938,0.00020827388580767572,0.00011977335423199182,0.00042771522796592604,0.0012800890868906397,-0.004241999311425077,-0.00021021591127340632,-0.0001882281959289183,-0.0028943662238687215,-0.0002337209758599221,-0.0012304280222458267,0.0001930936047281119,0.0004060138776183367,-0.0007433375793507467,-0.0012294407595933368,0.011726415465527306,-0.0034283424888232254,0.002342598830636542,0.00014892692863731423,-0.000315393099679834,0.0003645984801673079,-0.0016927554274145111,0.0001475869376374698,8.22050435118524e-05,7.045826947266044e-05,0.00040824159013677516,-0.0023113475499837305,-0.0015289553760680227,-3.670760681812697e-05,0.000597844524120645,1.3304901183398027e-05,-0.0006419840621006389,-0.001146216448821796,0.0009544005092046268,-0.0014212980600157225,-0.0016719354447874942,-0.009384656157699334,0.0006397296134061993,-0.004177624872387918,-0.00026906601048911087,-0.0017330763719730319,0.0017325066497441868,-0.0027908432217345755,-0.0017733251380825648,-0.0009271326207429429,-0.0016537199260779176,0.006174008560964362
NEO,-0.00023113069186009836,0.004558790193033454,-0.0004562492163565953,0.00329462835463032,-0.0008994435158589415,-0.0007866269490068628,-0.0009274875320797941,0.002589377964312069,0.006235056066328142,-9.25054284416953e-06,-0.00015776650783114646,0.000988485597647768,-0.0002848341443577775,0.0010141428313658245,-0.0008180273249342138,-0.0006425022974962383,0.0004901755101403446,-0.00024138465252586443,-0.0034283424888232254,0.005159149237004198,0.0014171425322344626,5.56772253337754e-05,0.00026730341550597656,0.0009440826242445761,0.00043111450354426224,-0.0006646615259877843,-0.0008218840853814272,-0.0007223407889856459,0.0007260448582960196,0.0004046068262029677,0.001623808586521353,0.0009286198325302478,0.0007632762915019347,-0.00042141553763889945,-0.00034297454082002376,0.0002612384736080041,-0.002107967008866287,0.0013169496211576763,0.001373120833337109,0.0036965814899069106,-0.0015407380689597945,0.0011717198008925202,-0.0005114915447790158,0.0008044667383068452,-0.002011186677089369,0.0018669761515962774,0.001108257574306354,0.0024994951847553547,0.00015890193703664167,0.0016318822585507352
PDCE,-0.0006347734057651679,0.001313118355700539,-0.0007271761448307514,0.0028451960442368446,-0.0014003968055010172,-0.001185135235670912,-0.0014170015460530881,0.0035387407068966756,0.0017590171671965033,-6.169133608342156e-06,4.2175032977212075e-05,0.0008896256853905744,-0.000917335783052087,0.001692386512983576,-0.0007836584473979441,-0.0009137956384268638,1.1155465300136034e-05,-0.0015677948520000983,0.002342598830636542,0.0014171425322344626,0.006831091117841153,-0.0002696500063447241,3.0992124447210835e-05,0.001817448108031528,0.0008689820450130715,-0.0012060653183186079,-0.0014407293654168623,-0.0013780512162165292,0.00026569787330815497,0.00015552002155461188,0.002179129247019388,0.001853533637154566,4.8113975194966776e-05,-0.0010102298156683205,-0.0005852666945257997,0.00015390368468825552,-0.0021037017135873875,0.002016110632995314,0.002085810946338881,0.0029097421797786896,-0.0019573757989512696,0.002370053319373322,-0.001296656553757873,0.0007344478905578968,-0.0028584943645591073,0.00046131126346924257,0.0010626997125183875,0.0021771415149126013,-0.0013858485328232346,0.006439878715872955
PWB,-0.00011329806844451497,-5.8009985164363526e-06,-2.370406039703228e-05,-0.00028203310751875714,4.569034126016534e-05,3.508300006098678e-06,5.7230378819600064e-05,-0.0003046825718524963,5.2884741058001256e-05,-2.1435982837643123e-05,-5.0133160937865274e-06,-0.00014050643655238228,3.2011755709542946e-05,-0.00016023814264917532,-8.34499940480626e-06,3.1923484170832854e-05,-2.0795555539192258e-05,0.00011493300296710664,0.00014892692863731423,5.56772253337754e-05,-0.0002696500063447241,4.044193548661606e-05,1.2099720522093882e-05,-0.00014465894235424337,-0.0001996655448030918,4.477301876445228e-05,4.8252322457741727e-05,4.927664711052156e-05,3.397859355329702e-05,-0.0001589412757762405,-0.00017250635121354336,-0.00018719162256773976,8.672447115284152e-05,3.96758550217e-05,-1.8725011414986135e-05,-7.76194520430597e-05,4.410703844659821e-05,-0.00014687009898218555,-0.00017168778229961337,-0.0006427593078164313,9.131947617980369e-05,-0.00035974751542652394,3.769999013103481e-05,-0.0001120995557071873,0.00014266982521528418,-4.1763033375208345e-05,-0.00014636138704066226,-2.9680639907372063e-05,3.938609395758073e-05,-0.00017411644123445927
QQEW,-7.126882596059049e-05,0.0001388174665332657,0.0001522041428994128,0.00013433639909202127,-4.5790200435110085e-05,-6.825918733577031e-05,-4.772481984208814e-05,-0.00016420769238617848,0.00031788489888743903,-8.817019742556057e-06,1.015903766995664e-05,7.116467970050047e-05,-1.139460112407901e-05,1.156092810983374e-05,-5.7799628665556834e-05,-4.2046893662427734e-05,1.6122492932502253e-05,7.945675087422892e-05,-0.000315393099679834,0.00026730341550597656,3.0992124447210835e-05,1.2099720522093882e-05,2.7363232239568067e-05,-5.2604665004323445e-05,-4.4707614597951224e-05,-3.393247202541556e-05,-3.994023454828123e-05,-3.559387498967503e-05,1.7420080810788148e-05,-1.7142907070067938e-05,3.970235957793492e-05,-6.796665947098683e-05,4.229477454455204e-05,-2.195957091743054e-05,-1.4967095213583397e-05,-3.282840561101542e-06,-0.00011786436916425819,5.123354707667062e-05,4.544665563346268e-05,5.124908319701316e-05,-5.4023001143659367e-05,2.7027126052272014e-05,-2.523024591972134e-05,2.655563957811367e-05,-0.00011679432135463432,0.0001205266212617248,1.3663089168416497e-05,0.00012980058153005036,3.8636929352271626e-05,-0.00011673684418394265
RMNI,0.0004084996679845107,0.0015154217454160196,-0.001199682336877266,0.0015682599700523312,-0.00040918262131783443,-0.00012626445815929786,-0.0004306566789582557,0.0031666400970246636,0.0012003990196023896,8.079533440477204e-05,-0.00012322771594391828,0.0003738876514057817,-0.00023889142561503332,0.0008848164026991391,-0.00013238449816870484,-0.0002230642041688503,0.0001689635387407224,-0.0009818313561019544,0.0003645984801673079,0.0009440826242445761,0.001817448108031528,-0.00014465894235424337,-5.2604665004323445e-05,0.0012327426459585883,0.0008970597892737163,-0.0003416281617111188,-0.0004169954295780459,-0.00038904110291974203,0.00022410659302195534,0.0005595669484767214,0.0010889367505965415,0.001388033087513652,-1.8373146108375505e-05,-0.0002641662311944936,-0.00012289567471939405,0.0002832616721555577,-0.0006405553966633199,0.0008120995757625931,0.0009210663012541931,0.002820964812312009,-0.0008091232877258386,0.0012616593673897075,-0.0003227830475708533,0.0004919878405859381,-0.000852836723407287,0.00028515028584994806,0.0008109900163231872,0.0007425704373298558,-0.00040468299630076613,0.002615075982383466
ROOF,0.0008065268523770187,0.0008344523148053904,-8.465893789109567e-05,0.0019022324600692809,-0.0002257439142530004,5.1622623319762994e-05,-0.00029590175508983576,0.0021679008624146453,0.0006062071114082718,0.00013751062784623144,-3.285820065654649e-05,0.0008510565800048831,-0.00010651375910243946,0.0009354518765053776,3.667548970308963e-05,-0.00015708310948568872,0.00022703048548401215,-0.000613357165385266,-0.0016927554274145111,0.00043111450354426224,0.0008689820450130715,-0.0001996655448030918,-4.4707614597951224e-05,0.0008970597892737163,0.00122127230086873,-0.00020529947285251174,-0.00022256199655743103,-0.00021823135543010483,-7.505384132359119e-05,0.0010446015712614653,0.0010533824296162866,0.0011602017841288968,-0.0003783255493322293,-0.00015836334975373974,0.0001315205950218742,0.0005076583993555225,-0.0003237779450263359,0.0008300842784659206,0.0009887834282413964,0.004244311249443651,-0.0005663053412589105,0.0020277408071221995,-0.00012170319470434525,0.0007223118686890041,-0.000765228005286332,0.0004953735893585392,0.0009722110508897736,0.0003134243523197918,-3.230774636487425e-05,0.0006319852470909344
SPXB,0.00010604476448802108,-0.0005506442648332509,1.1868457294353753e-05,-0.0008172389116433446,0.0003058803717270719,0.0002659968719436384,0.00031629996809212814,-0.0006739292529737989,-0.0008125700634734923,-1.6643292556425857e-06,-6.542061607271118e-06,-0.00029685285779570487,0.00017066993858912125,-0.00038019072378309154,0.00019722685921005326,0.0002123680261513559,-5.0126002357251e-05,0.00023343445748824615,0.0001475869376374698,-0.0006646615259877843,-0.0012060653183186079,4.477301876445228e-05,-3.393247202541556e-05,-0.0003416281617111188,-0.00020529947285251174,0.0002556145405704666,0.00030422590323431854,0.0002868619528708209,-7.724673887032461e-05,-0.00010274529497085406,-0.0005105699437218589,-0.00035358782211204385,-4.267084200818451e-05,0.00020273965383807205,0.00010644544884673726,-6.867719127117377e-05,0.0005269011144175223,-0.0004666000756741808,-0.00048657519784595045,-0.0009478854582794476,0.0004485709060358964,-0.0005851981725405735,0.0002506540925501335,-0.00021972755135485768,0.0006725997842456552,-0.0002771531999986416,-0.0002901563397428549,-0.0005620021725990271,0.00018049227952429833,-0.0010146456905285007
TDTT,0.00014238715832820022,-0.0006980461421877495,7.800652644662499e-05,-0.0009411956384902339,0.00036579398369584136,0.0003184986415667012,0.00037538024222641766,-0.0008468626030609008,-0.0010027035213026395,9.221168985592774e-07,-1.3914114552592925e-06,-0.0003213810868847867,0.00020428359211934377,-0.00044035884273687325,0.0002397322256649266,0.00025071148640234487,-5.782724897966391e-05,0.00028994315427370956,8.22050435118524e-05,-0.0008218840853814272,-0.0014407293654168623,4.8252322457741727e-05,-3.994023454828123e-05,-0.0004169954295780459,-0.00022256199655743103,0.00030422590323431854,0.0003639948252216643,0.0003422095409880379,-0.00010918266065337988,-9.599773012606332e-05,-0.0005982471660952929,-0.00042530223533712936,-7.250482843551373e-05,0.00024046647050263988,0.00013742086381073854,-6.910027869395006e-05,0.0006336262372804014,-0.000542522796822329,-0.0005633736597139475,-0.0010391702998105374,0.0005370460651288057,-0.0006389764648559854,0.0003009051864962787,-0.00024534634519481085,0.0007879053796037688,-0.0003183682974849884,-0.00033218624726151806,-0.000682407031073165,0.00022559971553760269,-0.0012797922245683059
TVE,0.00012954693140950494,-0.0006053981604979713,4.725390483383137e-05,-0.0008832632682926277,0.00034305444342833233,0.00029853043139081996,0.00035300427146733925,-0.0007733180091427594,-0.0008826992607504829,-2.453195873604837e-07,-5.584168253696292e-06,-0.0003108235439854746,0.0001942140357426331,-0.00041886143067874085,0.0002206368528309218,0.000235957035917456,-5.066032524311035e-05,0.00027390726537796677,7.045826947266044e-05,-0.0007223407889856459,-0.0013780512162165292,4.927664711052156e-05,-3.559387498967503e-05,-0.00038904110291974203,-0.00021823135543010483,0.0002868619528708209,0.0003422095409880379,0.0003227091345763254,-9.077846506954019e-05,-9.740578725496877e-05,-0.0005634915611551744,-0.00039938492419695526,-5.316481563217323e-05,0.00022832477832518763,0.00012523926023987996,-6.826259190620849e-05,0.0005861815315596305,-0.0005144613185120694,-0.0005350224974864703,-0.0009936609359835055,0.000500700678273702,-0.0006256690649626555,0.0002846231820708389,-0.00023374151417566793,0.000743821092571611,-0.0002897635990254023,-0.0003131246665305013,-0.0006261560746471818,0.00021696311738266338,-0.0011954647561956324
VPC,-0.000118952944591425,0.0007895220465408373,-0.0005701554695155336,0.00014096072284067518,-0.00011423902584556782,-9.094240624357351e-05,-9.717097361838479e-05,0.0007205643448066954,0.0008684949582319039,-1.798593447904575e-05,-6.682659458568619e-05,-0.00012737787968384662,-4.6919739956577574e-05,4.717285185291573e-05,-0.00011594236568679444,-5.3843559807290915e-05,3.792912052040568e-05,-0.00016226143608050149,0.00040824159013677516,0.0007260448582960196,0.00026569787330815497,3.397859355329702e-05,1.7420080810788148e-05,0.00022410659302195534,-7.505384132359119e-05,-7.724673887032461e-05,-0.00010918266065337988,-9.077846506954019e-05,0.0002015313161705723,-0.0001286922815181373,0.00013138352741697934,0.00018726682849706116,0.00022489246082827037,-4.5708564754758384e-05,-0.00011574905626193395,-5.5200329832430384e-05,-0.0002675345919109552,6.542450080168096e-05,5.454940066666146e-05,-0.0001817708596352706,-0.0002018288635952161,-0.00025144130371574595,-8.200865271214264e-05,-2.2169280225926784e-05,-0.000130891008038796,9.3801946016755e-05,4.3178648697094446e-05,0.0003583192776601005,-8.795199576880096e-05,0.0008145960053427279
WASH,0.0007707404176236133,0.0006261528091701179,0.00032150582193769134,0.0016641881807088212,-0.00010843959403669682,0.00010163731885304424,-0.00018034146692217908,0.0013396358791466516,0.0005617169195856115,0.0001252986036218844,-5.149855098233165e-06,0.0008441600032229472,-1.6903769994532643e-05,0.000731650739290103,6.928245202664695e-05,-0.00010013731305931093,0.00022367402304013015,-0.00029779870628335683,-0.0023113475499837305,0.0004046068262029677,0.00015552002155461188,-0.0001589412757762405,-1.7142907070067938e-05,0.0005595669484767214,0.0010446015712614653,-0.00010274529497085406,-9.599773012606332e-05,-9.740578725496877e-05,-0.0001286922815181373,0.0009906387108582831,0.0008096177806471873,0.0007973384002230014,-0.00037266900654122135,-7.045864469458676e-05,0.00019214082291423934,0.0004782440708768473,-0.00018166319827066485,0.0006442319247507668,0.0007843212294447135,0.0038672814830722586,-0.0003663991970265588,0.001803266092782404,-3.2736051696588484e-06,0.0006549328663965567,-0.0005654734684142153,0.0005467778053564296,0.0008287195752453828,0.00015515927296305348,0.00016802733485078296,-0.00035617018886178873
CBRE,0.0003457326078014952,0.0016871334841011645,-0.00015694260994752101,0.0025151162177659623,-0.0006098721885337976,-0.00037420838394593733,-0.0006679526917512682,0.0024887286225911435,0.0020266667679817766,8.615260415885849e-05,-3.2732385248087945e-05,0.0009802568522450821,-0.00030659207202408473,0.0011523078602466222,-0.0003041905091965284,-0.00042321895380190486,0.00025271770280157086,-0.0007077058889578188,-0.0015289553760680227,0.001623808586521353,0.002179129247019388,-0.00017250635121354336,3.970235957793492e-05,0.0010889367505965415,0.0010533824296162866,-0.0005105699437218589,-0.0005982471660952929,-0.0005634915611551744,0.00013138352741697934,0.0008096177806471873,0.0014497760420256103,0.0012645736947863135,-9.632533558323896e-05,-0.00039107781768578625,-8.919515402523373e-05,0.0004230434886943019,-0.0010671602067721907,0.0012216177156508798,0.0013501978160910177,0.004158420084925024,-0.0010656102044544888,0.0020805265574217135,-0.00043814549042539916,0.0007963183099814705,-0.0015032439726624784,0.0008319974144134895,0.0010733295552274576,0.0011474297318989847,-0.00023430106848920006,0.0018603298676917854
CFBK,0.0006162408088228843,0.0016048256823081794,-0.0011894180487511494,0.0019042486133853296,-0.00041785688643840497,-7.6347516453016e-05,-0.0004552784645672247,0.003552674245345723,0.0012008650352464867,0.0001135967122510666,-0.00012852749761527776,0.0005421633200665762,-0.00023978331983473243,0.0010532206183555758,-9.356086018973206e-05,-0.00023048945535989802,0.00021420009365607622,-0.001087074618708982,-3.670760681812697e-05,0.0009286198325302478,0.001853533637154566,-0.00018719162256773976,-6.796665947098683e-05,0.001388033087513652,0.0011602017841288968,-0.00035358782211204385,-0.00042530223533712936,-0.00039938492419695526,0.00018726682849706116,0.0007973384002230014,0.0012645736947863135,0.001605091000398375,-0.00012273033094352127,-0.00027327223933708517,-7.302200438662006e-05,0.00039610998032693016,-0.0006373768898050009,0.0009442333839365226,0.0010883131847755248,0.003703997517946472,-0.0008753002378364928,0.0016741866265142721,-0.0003154298309582556,0.0006345252615445964,-0.0009408606297674272,0.0003627027089722432,0.000999868714032329,0.0007283136216238158,-0.00038435024433481523,0.0025927053453976695
CVLT,-0.00033516402809441584,0.0006650437476812375,-0.00045813027917206053,-0.00022882235278880137,-8.026121056445623e-05,-0.00013309467973273987,-4.855242051622781e-05,0.00011719372812535558,0.0008913145537719856,-5.3579702357311034e-05,-5.348803440390806e-05,-0.0002830029495240069,-2.3896703141988305e-05,-0.0001662495779972466,-0.00015092514509923064,-3.6383213407967784e-05,-4.542161485589192e-06,2.944959720001175e-05,0.000597844524120645,0.0007632762915019347,4.8113975194966776e-05,8.672447115284152e-05,4.229477454455204e-05,-1.8373146108375505e-05,-0.0003783255493322293,-4.267084200818451e-05,-7.250482843551373e-05,-5.316481563217323e-05,0.00022489246082827037,-0.00037266900654122135,-9.632533558323896e-05,-0.00012273033094352127,0.0003311559894707018,-1.6385871696722674e-05,-0.00014942088479414256,-0.0001714635588611562,-0.0002462939331686903,-0.00010428281890169301,-0.0001543091920514948,-0.0011214448893501212,-9.210903856351053e-05,-0.0007029240781574965,-6.086680944692798e-05,-0.00017359405914092965,-6.899008566691369e-06,4.589230670858706e-05,-0.00017387402046158416,0.0003448467013131616,-5.101353941305246e-05,0.0005660160552170034
DMB,9.198507278911861e-05,-0.00033623080353822275,-5.863124997944729e-06,-0.000603261434704022,0.00023950965603192732,0.00021005126849003812,0.0002473360196657148,-0.0004950222236286327,-0.0005168581699003402,-7.567294749549177e-07,-1.1031025826991521e-05,-0.00022481701672926035,0.00014047536374324983,-0.0002961828507572081,0.00014840522947810907,0.00016580948098683426,-2.7261614531466464e-05,0.00019282627536699234,1.3304901183398027e-05,-0.00042141553763889945,-0.0010102298156683205,3.96758550217e-05,-2.195957091743054e-05,-0.0002641662311944936,-0.00015836334975373974,0.00020273965383807205,0.00024046647050263988,0.00022832477832518763,-4.5708564754758384e-05,-7.045864469458676e-05,-0.00039107781768578625,-0.00027327223933708517,-1.6385871696722674e-05,0.00016411828981135993,8.379993587189628e-05,-4.8732893567698716e-05,0.00039576452925333,-0.0003636783475462121,-0.0003783593975695146,-0.0006890736840180984,0.000342566728530708,-0.00046430502773827834,0.00020368283429211335,-0.00016326339733108242,0.0005239531840720285,-0.00018264942040674536,-0.00021383258679003316,-0.000414471528183437,0.00016313361149292169,-0.0008354284224957159
