,ABBV,ALIM,AMAT,AMZN,AZUL,BHC,BOCH,BRW,BX,CCON,CDE,CLMT,CLR,CMA,CMS,CRS,CUT,CVS,DAC,DAVA,DOV,DX,EOD,EQX,FDEM,FSTX,GHC,GLOP,GMS,GOF,GSL,HSIC,HTBI,IDT,JSD,KRTX,LSCC,LTPZ,MMM,NRUC,OIL,OUSA,PAM,PJP,PNRG,PQSG,PWZ,RDFI,SAMG,SELB,SHOO,SII,SLYG,SND,SNUG,SONM,SSD,STMP,TECK,TERM,THCX,TMTSU,TXN,URBN,VMO,WEBL,WSTG,XES,XLNX,ZEN,ZSAN,AGBAU,ARCC,BEAM,BIBL,CASA,CORT,DVYA,DWMC,EFSC,FARO,FLQM,GNAF,HKIB,IBTD,ICF,IRS,KBH,NHI,PILL,PRNT,SBRA,SCHZ,BKCC,BOIL,LEGR,MUR,NACP,AFB,SPSK
ABBV,0.0016588444993637995,-0.00021332154505875503,0.000221752557086601,0.0010451109574091079,-0.00038729844679950294,0.0010600853073559418,-0.003169660492615926,-0.00020083905992353252,0.0009176223111951014,0.0006748106036660081,-0.002558136364995773,0.0007972162271250458,0.0005342093943927429,-0.002571854524142337,-0.00031507633903927475,-0.0009372416697833725,-0.0003809534085484306,-0.0003720340205424684,-0.0007866746090025363,0.00044083463653175295,-0.0007981784697366451,-5.193308144394111e-05,0.00012960178006311411,-0.0014283426851209474,0.0001772707973093623,0.0004405025672187069,4.530238731493254e-06,-0.0004820972135506951,0.00029663287930177073,0.0002805601536148688,-0.0007718950743872807,-0.00020759164412295547,-0.000903539164254559,-0.0005019657889914096,5.812951252255925e-05,0.00042901607189937366,0.000500131317474144,0.00022478627423331679,-0.000875253943840232,8.789819126803436e-05,0.0006911036063266289,0.00012555617347698492,-0.0004660036334893445,0.001224773549952739,-0.00012713510339264097,-0.00016370003013792627,9.669410621391947e-05,5.233932126945453e-05,0.0009134563618331213,0.0013531440722166365,-0.00046277624267634736,-0.000995718748007527,-0.00022669698247813143,-0.001507617976713346,0.00021037426332215148,-0.0008168940030122377,-0.0006262529772505961,0.000300061526658071,-0.001357919761384289,-2.234278186664905e-05,-0.0022484819328220424,-8.069928973228895e-05,0.00031342631573051655,-0.001369959803787589,3.231756612374521e-05,0.0019555738695705193,3.792360085281118e-05,-0.00040217970544952146,0.0008062478840587669,0.001049149051538943,0.0002857267029765581,-0.0002858538933867042,1.4956778764891699e-05,0.0005798655678182217,-0.0001735357605406946,-0.000123947530279604,0.00034554008619315686,7.474373657219268e-05,0.0009231912514316372,-0.000982593487049271,-0.0006050996656788503,-0.00017002716555240485,-0.0005672787448399646,-0.00021515752860604286,1.620941901808558e-05,-8.818305471339512e-05,-0.0001616529422778909,0.0016470145601005846,-0.00036711481832274185,0.0028415498640617953,-0.0002163343719042486,-4.275833191061128e-05,0.0001441668087224931,-0.0005677366305353179,0.001131117424505256,-0.00011758292783624178,0.0008038958321847666,2.2146040549948945e-05,0.0003367171154570279,0.00012993415932291793
ALIM,-0.00021332154505875503,0.00013199273941825367,0.00027859862245255474,-2.4525261477171932e-05,0.0004749533635505163,-4.38361971874662e-05,0.000504104399957893,0.00011123203996015377,0.0001495867824306677,-6.912547143938465e-05,0.0008287510311757935,0.00034086510953127986,0.00032553585553556053,0.0006784141834639203,5.045557747586181e-05,0.0003583235983757331,0.00011055349966147013,-9.220715148611514e-05,0.0001556141850461951,0.00012939338410205444,0.00023107958144833688,2.5249211202410102e-05,2.331961965283074e-05,0.0006205434697850546,2.6395865929344885e-05,0.00041549626083985824,0.0002983136315177449,0.0004007215924515694,9.98224071527756e-05,4.3464857424178874e-05,-1.8821713319541233e-05,0.0001940987199226558,0.00025263635727283104,0.00037603333678106886,8.488629970187704e-06,-0.00018494826330197462,-9.135896183458912e-05,4.0453872678942483e-05,0.0001778084668926489,2.587171613952733e-05,-7.140158046278605e-05,1.4763604785217811e-06,3.637625137393163e-05,-0.00012976259347677855,8.485918915518756e-05,0.00010654986848612302,-1.0376167229714943e-05,2.0278582438980758e-05,0.00020873270165548306,-0.00013082113325903186,0.00016852714797422732,0.00037816171890918307,0.0001428852738343483,0.00025895556456706454,1.360440069265454e-05,0.001182520372455548,9.085531560219482e-05,0.0006620198626463394,8.568453194563061e-05,7.689967998926293e-05,0.0006354354940481033,2.9243752686471484e-06,8.11877010629377e-06,0.0003304621142319622,2.653037866543291e-05,4.256368521248793e-05,-1.7014609351601892e-05,0.00014530406207860936,-0.00017192958291144077,-0.00021079540258773323,-0.00014569469982850033,3.557054758990461e-05,7.145342639755252e-05,0.00017896961499050794,7.277682764204425e-05,0.00019470533663025876,-0.00010532866391981418,2.9154842405427816e-05,6.595192096261215e-05,0.0003355837745677749,0.00021799901162079468,5.758526982870465e-05,1.7355837457259565e-06,3.1002843278502995e-05,-1.5958496402654086e-07,5.857677671284163e-06,0.000216032132998533,-0.00022758622362446275,3.768718254461874e-05,-0.00028856066691840466,0.00012988210919072745,7.866029569205828e-05,-1.0018466254800107e-05,3.857410441401548e-05,-0.00023899361628433856,7.007428092565852e-05,-0.00020039428053939614,3.799259637360927e-05,-4.604449082785988e-05,-2.2147776798277886e-05
AMAT,0.000221752557086601,0.00027859862245255474,0.000931991986420074,0.00046445136593055783,0.0011831762524130986,0.00039922555861817083,-0.00010701052746227879,0.00022377759199185203,0.0009127287953123113,0.0001440664953766099,0.0011261066015598182,0.0014453067619610953,0.0012454637980305093,0.0006906082005073814,-8.586388745963062e-06,0.0005768942868607846,0.00013500945320754518,-0.00046694131658355214,6.37712556883384e-05,0.0006042894799210784,0.0002760701537806023,4.637570197050839e-05,0.00013958926071083624,0.0010992708653785833,0.00016845664331683428,0.0014766824624437033,0.0008782801448354172,0.0009327907179350173,0.0004423401272071724,0.00027170632150631287,-0.00044449660012133463,0.0004554602122070104,0.0002893552786014718,0.0008752527205857183,5.5027620347006064e-05,-0.00030715263708136053,-6.304683292581351e-06,0.00023479548970300657,7.841765339645796e-05,0.00012039799594514907,0.00015277421088471046,7.206788073634869e-05,-0.00013443246177189956,0.000248690341126728,0.00017259282112672302,0.00023786918853077078,1.83907930989144e-05,8.589768452582497e-05,0.0010893688174769688,0.0003327671194607984,0.0002667976624388135,0.0006013802119539645,0.0003102659787575388,5.169466479764971e-06,0.00014969666484189204,0.0030509526356953536,-4.388401671327853e-05,0.0021259416451325985,-0.0004597432311852063,0.00021812868908410276,0.0007025952161639828,-3.2538845628695064e-05,0.00018285455742354984,0.00028548272436825146,9.465194906809797e-05,0.0011305965780844661,-3.179047519803624e-05,0.00022921207984131234,-9.537518716070013e-05,-7.612264544442856e-05,-0.00028352066644128307,-4.1474101524451535e-05,0.0002175192617858456,0.0008181491752715393,0.000129584984839692,0.0005165322945980172,-0.00012739587445592763,0.00012844392810942406,0.0006639742084679279,0.0004965532805136747,0.0003470444977936424,8.703986376073724e-05,-0.00028643756531671093,-1.941532710862443e-05,7.918418418178622e-06,-2.217563575414108e-05,0.0005218972729761091,0.0001853192392746914,-6.79060603723754e-05,0.0006222730822316504,0.0002756376647756123,0.00022606190289786864,4.441810471447097e-05,-0.00017987576411110113,-0.00014007039651605654,0.00014920767346566564,-0.00017647663947556038,0.0001267258971087772,3.9491145156868986e-05,2.157674276192949e-06
AMZN,0.0010451109574091079,-2.4525261477171932e-05,0.00046445136593055783,0.0007881386087289466,0.00010568802971744058,0.0006656117077379125,-0.0016615129800676978,-3.837965465293617e-05,0.0008881178047143078,0.0004578249709044811,-0.001085752137025543,0.0012243855601032777,0.0008641220019543943,-0.0011621683115513983,-0.00015751355782597673,-0.00031441676403833247,-0.0001393877205561184,-0.0004227333117164027,-0.00037509789518352216,0.0004647947363803859,-0.00032904726290245557,-2.184388869938777e-05,0.00015755400592807735,-0.00039122934588580144,0.00016528571551832188,0.0009918112062800833,0.00031521152682170207,6.859224200612201e-05,0.00031389261530479417,0.00026431544825140045,-0.0005715083531500889,-1.4574720691268939e-05,-0.0003599374094704685,0.00020426067849732598,5.5984459345186153e-05,0.0002512628865637556,0.00033079096415473486,0.00022167942892984405,-0.0004564381747747583,9.062157725104147e-05,0.0005175664983316382,0.0001224011973902487,-0.00033920183417475333,0.0008253249801761479,-8.998296736525033e-05,4.737801830304772e-05,5.899590426276158e-05,5.832718931365975e-05,0.0009825794311976968,0.0010739338301964901,-0.00011750275182606878,-0.0003655919165853617,2.2504507184928326e-05,-0.0007720740414649083,0.00019041361091092187,0.0005851996237981787,-0.0003167679215553492,0.0011222227922145678,-0.001068453269998564,8.962713398098078e-05,-0.001150846570493371,-5.768447061921478e-05,0.00023937482734736812,-0.0005924044514670126,5.401139614801923e-05,0.001579804231949884,2.63472050195821e-06,-9.809518495452244e-05,0.00041730109424391407,0.0006269694827950907,5.354184688619035e-05,-0.00017971510200985612,8.650705432532407e-05,0.00060318507293014,-2.4165740870339886e-05,0.00016623104530031838,0.00019077477256546944,0.00012008919127062036,0.0007626450588356705,-0.00030518352423662443,-0.00012010739819257447,-3.546556266642955e-05,-0.00044230983110981546,-0.00013519441353129533,1.2922672750654709e-05,-2.1116593032046073e-05,-0.00010745648345759176,0.0011020639067702653,-0.00017701422347504164,0.0019883672908990306,4.56782414493774e-06,0.00016872049792964332,0.00010061558045904496,-0.00041384233471820355,0.000497981662776097,8.398215338995723e-06,0.00041167279636532993,8.365662954851923e-05,0.00022711168533198902,8.151208271278661e-05
AZUL,-0.00038729844679950294,0.0004749533635505163,0.0011831762524130986,0.00010568802971744058,0.002480549416979296,0.0008063653318855048,-0.00046273619874332393,0.000404988228547206,0.0006774401814309056,-0.00018206818058772166,0.0026242320095413115,-0.00012949161327734522,0.0007060896823524091,0.001381592116012565,-9.423524650472133e-05,0.0010072314213343517,9.438861892815255e-05,-0.00020193710238206695,-2.640766392723335e-05,0.0007114829482708874,0.00044372219817999083,0.0001465139578907695,-9.861076013634304e-05,0.0017717322440843888,0.00014561563588310863,0.0003300987092446652,0.0012260182339159714,0.001378123430087324,0.0006142079282928745,0.00023086214177629646,-0.0005649549163045475,0.0011359836728479743,0.00031635383068815434,6.693131404891472e-05,3.370940281872323e-05,-0.00142760008802347,-0.0005273870629568093,0.00018064494201887782,0.00028958942264155916,0.0001566694118986714,-0.0005251067446597668,-0.00012654756785986584,0.00015522731680967796,-0.0003404210561670398,0.0008662643324899816,-2.7634284402840654e-05,1.3645475832228897e-05,0.00011824637211912435,0.0006747877911992499,-0.0013400973842006723,0.00014577223863221302,0.001256876342931795,0.00020310225827220295,-0.00012880935049234453,1.29490418705518e-05,0.004792240839930177,-0.00026804541525420674,0.001436164908401798,0.0007696772848417695,0.000129581233885675,0.002601799396225084,-1.821068160429173e-05,0.00018489044277772472,0.00020722664989061813,0.00010764907580776218,0.00047482074593583826,-2.5117945194555677e-07,8.629741142615943e-05,-0.00033667358124543964,-0.0008650389106446017,-0.00042801960486467486,5.08002326221838e-05,0.000295002855900457,0.001090182987338623,2.6634074475079582e-05,0.00037092474085035146,-0.000580873747688351,-7.970816259522013e-05,0.0006242138336419646,0.00043935899275671206,-6.44029008587823e-05,-4.7607276080501125e-05,-8.84270828194607e-05,8.521824439831446e-05,-6.44610478098606e-07,-0.0002756944024861959,0.0022681323291865924,-0.0010007316026031153,-0.00039112257836068935,-0.0011508508060104072,0.0002363907825717757,-0.0005020779775248421,-4.692572875721296e-06,0.00012864724151398193,0.00014864002529788243,8.233170220199952e-05,-0.0006308543282295936,-2.1687710347785328e-05,-0.00021146277441390533,-8.901869915314695e-05
BHC,0.0010600853073559418,-4.38361971874662e-05,0.00039922555861817083,0.0006656117077379125,0.0008063653318855048,0.0014538338732499037,-0.003574811949324099,-4.169833822620853e-05,0.00062188870490172,0.0003481763604449443,-0.0011980080527496963,-0.0008877327822785919,-0.00010116219599035169,-0.0019842244216638208,-0.0004059152379761815,-0.0005715094878225169,-0.00043992839894153066,-7.403335296092476e-05,-0.0008967103502033949,0.0005055238257903606,-0.000667884704836889,4.357408663718557e-05,-0.00011845880747010392,-0.0008727871149610303,0.0001434606323604169,-0.000824465650351516,0.0002793164612884527,-0.00012294518397395476,0.0004371078598471368,0.00022191774169393337,-0.0008693198321593726,0.00043232179184806785,-0.0009172244503810857,-0.0013946073559999077,3.320334002929997e-05,-0.000660163351854345,-1.2406565328718235e-05,0.0001548947698164127,-0.0006861533131151598,0.00011573336511449793,1.1555943983522993e-05,-7.724057070390464e-05,-0.00017293005305734203,0.0006358353132006135,0.0005511729623820911,-0.00045271112128883136,9.215379356687772e-05,7.849395410965255e-05,0.00042314697936282153,-0.0003265286720681511,-0.0006148796045807222,-0.00040747912915440514,-0.00036426480402758105,-0.001669740969163851,6.459812320314706e-05,0.000656936036842826,-0.000858590343095946,-0.0005642289606787097,-0.000112037624352919,-0.0001297996352031076,-0.0004452390364847973,-6.507699555098595e-05,0.0003058130434333718,-0.001497280154336287,3.7980867475731966e-05,0.0012390665336283798,7.288835413945223e-05,-0.0005719588801955209,0.0005871264410192711,0.00028407238249853156,0.0001699358849614098,-0.0001951055518602858,7.460648637616342e-05,0.0007943079462021533,-0.0002907410819266714,-0.0003154920115271772,-9.189604985745217e-05,-0.00014326851611001385,0.0008443847828682379,-0.0010994858487054792,-0.0010575583736251314,-0.00031535791346915914,-0.0003551225291414918,-0.00011259040165314552,7.258501326787621e-06,-0.00034197180484205774,0.0015414472821040888,0.00047289868905225457,-0.0006919811325133814,0.0010641777336062941,-0.0002827473113673092,-0.0007921768968653945,9.384675315697301e-05,-0.00025379523881857534,0.0014527727621366897,-0.00019926806267622836,0.00037801960845841023,-0.00013681609125114238,8.805081309094228e-05,4.075091195594966e-05
BOCH,-0.003169660492615926,0.000504104399957893,-0.00010701052746227879,-0.0016615129800676978,-0.00046273619874332393,-0.003574811949324099,0.009992321390754259,0.00043644187558068817,-0.0010328846523783779,-0.0010408916863242535,0.005361722688203051,0.0030969653148856615,0.0012052084048627839,0.00676056684816898,0.0011133119148912804,0.0024407484377906817,0.0013752710888443086,-9.519191134952019e-05,0.0025939379549496325,-0.0008099439255028103,0.00228240050513077,-2.5620625219570376e-05,0.00034618668314149683,0.003947662893207351,-0.0002619381907080607,0.0031796094890329052,0.00023886111808747382,0.001503179232451773,-0.0007348298512272929,-0.0003974073007372822,0.0020050808294660998,-0.00042998710652188463,0.0029361123642001976,0.004422091878511677,-5.382563717308548e-05,0.000989139359124079,-0.0002555332158381046,-0.00024758240226393396,0.0021669177762251145,-0.00019643059267719442,-0.0002558740865937067,0.00018363975355239326,0.0005258024172644816,-0.0019113041023709016,-0.0010395459386614762,0.0013888757623538306,-0.00025002661478121257,-0.00012486925029508644,-0.0003873834453712411,0.0003476780472486192,0.0019628526777185494,0.002115526869843251,0.001291189672299411,0.004738412440231025,-0.0001154560990303232,0.0020236152447571463,0.002306374002681997,0.003310737094398654,0.0005489117389321826,0.0005369690738631315,0.0030030247642989583,0.00016358857199728807,-0.0007017140840787986,0.004544573036529999,-1.0333691518722033e-05,-0.002828134255874736,-0.00022342987235302736,0.001790829780083333,-0.0019147954308453088,-0.0013233461517862168,-0.0008435130192050627,0.0005718796873524948,3.88002694565981e-05,-0.0013434522285117362,0.0009064314800736792,0.0013299995671840203,-0.00010727218151869043,0.0004232282536811127,-0.0018078944976886303,0.0036158747708287756,0.003156189422599112,0.0009186487490449774,0.0008525628894118225,0.00036252024907389667,-1.7893283059894113e-05,0.0008241887926158658,-0.002975202837521407,-0.0018304137299519122,0.0017492314495554404,-0.00342956679963264,0.001060069114540135,0.0021014906602595147,-0.0002539081552453156,0.000724794190243933,-0.004160122025677714,0.0006818967238677064,-0.0015081656219392379,0.0004356735486604975,-0.00035245171170146923,-0.0001651056069110074
BRW,-0.00020083905992353252,0.00011123203996015377,0.00022377759199185203,-3.837965465293617e-05,0.000404988228547206,-4.169833822620853e-05,0.00043644187558068817,9.425209795126043e-05,0.0001042523108373897,-6.88592362134677e-05,0.0007178561599379386,0.00023702804656876492,0.00024468167853438125,0.0005850024793568941,4.2853034045286655e-05,0.00030478222576351067,9.239646926208142e-05,-6.475162224731204e-05,0.000132650372076381,9.956671832283513e-05,0.00019720454772398065,2.242086135585434e-05,1.3185963134105142e-05,0.000524223409768119,1.8504534500691402e-05,0.00030795560269483794,0.00024378227543404366,0.0003332090767800367,7.878520212748956e-05,3.0560153895363845e-05,-7.338966077610763e-06,0.0001685336599500058,0.00021347836590389078,0.00029361982332330424,5.712640897752124e-06,-0.0001710468648542589,-8.75667957638587e-05,2.8637375930680368e-05,0.0001563174547352915,2.014917494755817e-05,-7.65252358386495e-05,-3.574170707068303e-06,3.9513456805696506e-05,-0.00012836834262952047,8.049342454603773e-05,8.288036582760637e-05,-9.569358809144181e-06,1.606255437316257e-05,0.00014866581190714007,-0.0001482070979320595,0.00013842917842417563,0.00032496931507129526,0.00011522760392787751,0.0002234758418565319,6.047347507208032e-06,0.0009825921608070064,7.67776299897088e-05,0.0005139324222985216,0.00010510030169884097,6.027612892630489e-05,0.0005660329411430058,3.572041940287556e-06,2.608071182760327e-06,0.00027976438036893855,2.099490610518134e-05,-9.18278654764029e-07,-1.3556106583743288e-05,0.00011877426177222798,-0.00015124494978002828,-0.000194104111427692,-0.00012224638451022564,3.345550889469622e-05,5.812561658105854e-05,0.0001400738969841993,5.8637743630995846e-05,0.00015471702915095185,-9.571123281016059e-05,1.901284383852887e-05,4.052295333814132e-05,0.00027936189100598926,0.0001750557819869193,4.595206977754115e-05,1.1638778681239139e-05,2.9124005448817925e-05,-4.670369102799083e-07,1.7096849185331463e-06,0.0002025813828027757,-0.00022134431787792575,2.94915874828717e-05,-0.00029436286508903805,0.00010580289759121106,5.167258534772863e-05,-1.058771570918687e-05,4.284034127257093e-05,-0.00020035382581102645,5.6360381674029556e-05,-0.00017736944944118222,2.7686087809034328e-05,-4.5001749248473605e-05,-2.077277293251811e-05
BX,0.0009176223111951014,0.0001495867824306677,0.0009127287953123113,0.0008881178047143078,0.0006774401814309056,0.00062188870490172,-0.0010328846523783779,0.0001042523108373897,0.0012507017014979625,0.0004470467069827265,-0.0001345049902222457,0.002094060753161175,0.0015336441716579559,-0.00034510570075301666,-8.705134175839835e-05,0.00014310074423485398,1.951544802506213e-05,-0.0006475229646570298,-0.00016773030299343099,0.0007029256284979118,-3.4208985149466326e-05,1.3200152063765662e-06,0.0002425777163724566,0.00042825583352247825,0.0002278165695969946,0.0018933424950915612,0.000763950895022422,0.0006333433791407181,0.00048081776935905924,0.0003667993291517971,-0.000650513936558874,0.00019280985569574213,-1.7220452108293302e-05,0.0009103567927485458,7.824324817733838e-05,0.00014259922525994566,0.00029669803094812034,0.0003163671104852284,-0.0002637076109892257,0.00013603211284249865,0.0005560809544671822,0.00016468765295830765,-0.00036025595218454294,0.0007981469604278684,-6.0645520487032786e-05,0.00025100083708133017,5.048809040326866e-05,9.194568342366529e-05,0.001470211599676743,0.001215203123293818,0.0001433834996635462,8.709096009733297e-05,0.00025836022407207666,-0.00044613203259050014,0.0002510738921370655,0.0022401267247075334,-0.00018457742357181708,0.0023574906161199977,-0.0012204899949928402,0.00022952186485796438,-0.0005561104298003356,-6.17119947553214e-05,0.00027914584530168386,-0.000143298256464678,9.925236833252982e-05,0.0019127056701758755,-2.728902948244287e-05,0.00013224430439117516,0.00023301527506837698,0.00047865797729547394,-0.00014502219603962385,-0.0001578729843786976,0.0001960170769391857,0.0009118293712049674,9.81719849276757e-05,0.0005031871717195531,0.00011029024182726031,0.00020583046488993948,0.0009569074220657102,0.00018212342353624816,0.0002543008307399966,6.639310499377805e-05,-0.0005164433513071903,-0.00011684596558588651,1.528401100684663e-05,1.8524531279125742e-05,-1.6188671688400234e-05,0.001034544310043694,-9.739075492077921e-05,0.0020059940754565838,0.00020953869559056198,0.000403896492038538,0.00010324124003477839,-0.0004425841863418176,0.0001509046178861749,0.00012563222584381436,0.00021086240215205076,0.00017096756322893626,0.00021536395190382886,6.881234403037898e-05
CCON,0.0006748106036660081,-6.912547143938465e-05,0.0001440664953766099,0.0004578249709044811,-0.00018206818058772166,0.0003481763604449443,-0.0010408916863242535,-6.88592362134677e-05,0.0004470467069827265,0.00029150881460335987,-0.0009555070617728294,0.0006533708728713476,0.0003962834437354266,-0.0008954305162495896,-9.618318005731256e-05,-0.00031513412831869373,-0.00010892687480001546,-0.000215843482571747,-0.0002480084739024975,0.00020233378671873073,-0.0002644527855180731,-2.6562498026396294e-05,9.309215666118164e-05,-0.0004580731551440003,8.231271167668028e-05,0.00047535733858694763,5.059495608241652e-05,-0.00012266542745966027,0.00012613165377351238,0.00013149992309380347,-0.0002953557852083637,-0.00011541371463139901,-0.0002790975037489971,4.00857066153415e-05,2.8908406257361253e-05,0.0002690395466222083,0.00024265527340882953,0.00011027059510174589,-0.00031881563397786724,3.824258116705937e-05,0.00034738507502526836,7.863755826931129e-05,-0.00021424331223333042,0.000527264727795131,-0.00012138776946668138,8.039186659234505e-06,3.562757274931891e-05,2.284579350090282e-05,0.0004904684695378925,0.0007324089166935712,-0.0001108118234800657,-0.0003639069236200058,-2.7557547106923778e-05,-0.0004937855063433237,0.00010747481287533498,-0.00018249570317200879,-0.0001865966052767189,0.00043578579876911666,-0.0006859529199848156,2.912288897109618e-05,-0.0009535742524850971,-3.31042760557304e-05,0.00012677043123274733,-0.00042351877516947283,1.972171355678968e-05,0.0008836241046606763,4.9407026343356775e-06,-9.13017666032108e-05,0.0002976657483562288,0.0004593361769507251,8.594545700325921e-05,-0.00011486836956692056,1.845198460483852e-05,0.0002503516671402556,-3.0183725603385613e-05,3.5791587704569875e-05,0.00016705766740527755,6.896126364707869e-05,0.00039378971623763785,-0.0002711069617673669,-0.00010956067186678617,-2.9281591009177185e-05,-0.00025278939225367367,-9.008151473857446e-05,7.601207028302329e-06,3.0897591737906287e-06,-0.0002419258020061987,0.0007476948143070621,-8.716723271069297e-05,0.0012853557969762204,-3.741905088572814e-05,0.00011281126231302634,6.091182889835375e-05,-0.00025658114727366763,0.00032888941235461645,-1.4014686901921392e-05,0.00031773076515075635,4.248360541006685e-05,0.000154227650105618,5.726206140307974e-05
CDE,-0.002558136364995773,0.0008287510311757935,0.0011261066015598182,-0.001085752137025543,0.0026242320095413115,-0.0011980080527496963,0.005361722688203051,0.0007178561599379386,-0.0001345049902222457,-0.0009555070617728294,0.006333888278427215,0.0009035784488728375,0.0010666083129347863,0.005632932421109298,0.0005350165021690578,0.002583374770239924,0.0008836605852393521,-9.789210623272438e-05,0.0014767893990204385,0.00020917944063996593,0.0018468686024571406,0.00016839201293442915,-6.926779105341619e-06,0.004293467639547872,-3.8138780771641594e-05,0.0015891076985735753,0.0014216037048086262,0.0023633864864697545,0.00020106739863963292,-5.2236787560642975e-05,0.000628000462159729,0.001117110535475819,0.002049067558200995,0.002273238503849885,-1.3199578904659414e-05,-0.0012756568740974574,-0.0008981748962469091,-1.473071024944989e-05,0.0016630600372892301,4.193853647305933e-05,-0.0009788481724514967,-0.00010806803488415124,0.0006049539677208031,-0.0017548497618470288,0.0005191586831615843,0.0006643526122136615,-0.00013949320323393654,4.822527623778368e-05,0.00015396139770713894,-0.0018708851869338053,0.0012379101705107564,0.002730977565473258,0.0008956647896289406,0.0026418401119660305,-0.00012927564488015837,0.006408181032278961,0.0010186623617041957,0.00289657776815717,0.0016625849651855664,0.00038967378652165195,0.005117404389227529,8.887517105392526e-05,-0.00025235829358304,0.0028559181488436603,9.691362799909965e-05,-0.0016081737939801053,-0.00011695313777446675,0.0010705707504365782,-0.0015705610900104794,-0.001978163461892029,-0.0009620357417477874,0.000435223287386715,0.00032766461593287016,0.00031613179186044493,0.0005105225750566259,0.0010486311258438292,-0.0008219491214127939,7.17561586342645e-05,-0.0005416650741295363,0.0025203610646744885,0.0016092729733269734,0.00043476058773738574,0.0005338788869649907,0.00034756861272348363,-1.5759479888407315e-05,0.00011192832225788784,0.0011712847757518621,-0.0026110276019016615,0.000524047658979199,-0.00400840417373507,0.000823249866496008,0.00042197706695736904,-0.0001815493981552589,0.0007098588420967105,-0.002197613460631939,0.00044531634301418234,-0.001703045695321256,0.00016248893591777684,-0.000531420857950261,-0.00022608402718342558
CLMT,0.0007972162271250458,0.00034086510953127986,0.0014453067619610953,0.0012243855601032777,-0.00012949161327734522,-0.0008877327822785919,0.0030969653148856615,0.00023702804656876492,0.002094060753161175,0.0006533708728713476,0.0009035784488728375,0.006873116824708946,0.003966923295431373,0.0019082850293836947,0.0004403707547411388,0.001029148887995243,0.0007244439920140141,-0.0015135707592054363,0.0009919019833077958,0.000848395600623773,0.0008602607901391017,-0.00010164656799826372,0.0008415041582637466,0.002058526871812711,0.0003281494368910365,0.006138913243647016,0.0012386231670278576,0.0014995756883376858,0.0004042742232221296,0.0005435835779294291,-0.00017202070599312905,-0.00046394738327481513,0.001330724321312332,0.004555786499331889,0.00014216954795393718,0.0017671515542552745,0.00091939490062866,0.0005312356351106175,0.0003314900352263631,0.00013115046053282438,0.0015540518158664515,0.0005809200891642446,-0.0006991742575204528,0.001147778691776096,-0.001243713952491998,0.0013754880051714664,-1.8328828852907652e-05,8.518294125446025e-05,0.0029792934923646257,0.004000786115511797,0.001310471857558774,0.0005625004456471314,0.0011977068792355114,0.0015193115801739277,0.0005460864223317946,0.0035943834274433394,0.0009472124705326038,0.006659181942459799,-0.003179361461818152,0.0007694645194813029,-0.001377773267621234,-5.257774988275732e-05,0.0001944796031414508,0.0019493744377334637,0.00017094032215909344,0.002884172237342864,-0.00018624434712120975,0.001228187419305692,-0.00024267106173090229,0.0010049526780920358,-0.000540350505869994,-0.00011310654298896904,0.00031796830383955905,0.0008398869566383912,0.0007088794352792437,0.0017145627164594634,0.0005747017227463094,0.0007807917723865181,0.0009921434193432953,0.0021066033916286634,0.0023513982078269373,0.0006836646382241933,-0.0007559445241478579,-0.00014582772883983664,2.8325374170485734e-05,0.0006576940927977191,-0.003042083474181699,0.0021818614820375963,0.0009397901704953764,0.0038032066259472896,0.0009336578726494169,0.0024268306280894277,0.00012041073852706868,-0.0007781850784797104,-0.0019466421763396414,0.0006215217552236164,0.0001034911865706668,0.0006658180850623565,0.00047144351779101524,0.00013591994041371275
CLR,0.0005342093943927429,0.00032553585553556053,0.0012454637980305093,0.0008641220019543943,0.0007060896823524091,-0.00010116219599035169,0.0012052084048627839,0.00024468167853438125,0.0015336441716579559,0.0003962834437354266,0.0010666083129347863,0.003966923295431373,0.002559850771192135,0.0012211133417968075,0.00017905780328509734,0.0008031275890296284,0.0003953050363849134,-0.000975475188699026,0.00045565631768596535,0.0007761175255444803,0.000536408124435491,-1.5439182229369238e-05,0.00046208986284247266,0.0015818125344000046,0.00025775471041442706,0.0036576975348566903,0.001114700623983675,0.0012522835858016167,0.00047274413876387906,0.0004218562614458906,-0.00038440953079913224,8.938080535359711e-05,0.0007480835518892307,0.0025499245399524012,9.94894170026429e-05,0.0005824536861355882,0.00041007530149977006,0.0003909874139914783,0.00017439709644274167,0.00013807808637317722,0.0007960043845907966,0.00030403222500773725,-0.0004048455035637303,0.0006942592735341415,-0.00043404727418407335,0.0007523517065476954,6.386404669555821e-06,9.458977662384061e-05,0.0020357179441536162,0.0019991938136269217,0.0007354171319026893,0.0006137182025563543,0.0007203489739005029,0.0006300635794528298,0.0003415765043206983,0.00354205371929247,0.000369828003431504,0.0043053766047920945,-0.0017231943407233718,0.0004781084704182132,-0.00019920046283665254,-4.621414630997436e-05,0.00021210284720895865,0.0010043878708568552,0.00013728769536259602,0.0020468466736591412,-0.0001012076601284913,0.0006764227841219176,-0.00014835570896670525,0.00041548422637687307,-0.00041413979944375414,-8.357707499901781e-05,0.00028131163514743423,0.0009154275173556891,0.0003900953925944227,0.0010834103943043408,0.00017656737113477518,0.00042692378782186976,0.0008898354526433046,0.0012204573719345182,0.0012391995881354044,0.0003513928218813795,-0.0005313776783150638,-8.173000281784092e-05,1.794890788887748e-05,0.0002707824032114403,-0.0009928684130106546,0.0011152824917442941,0.00035731809041052284,0.002138642143422545,0.0005826031469277871,0.001207117528413566,8.518432510231806e-05,-0.0004715553626566589,-0.0009141930710758188,0.0003661091671924503,-5.006248409147172e-05,0.00037425253165387554,0.00024014937618780096,6.402654383569058e-05
CMA,-0.002571854524142337,0.0006784141834639203,0.0006906082005073814,-0.0011621683115513983,0.001381592116012565,-0.0019842244216638208,0.00676056684816898,0.0005850024793568941,-0.00034510570075301666,-0.0008954305162495896,0.005632932421109298,0.0019082850293836947,0.0012211133417968075,0.005748435132205985,0.0007206510881590585,0.0024145071230936388,0.001029524766069987,-0.00015729022283773704,0.0018133466568335827,-0.00011996315988972001,0.001917861629880203,8.595968955689345e-05,0.00015288146225219776,0.0039904417686057615,-9.881887989296777e-05,0.0023089130998212586,0.0009756279118309522,0.0019805981255495097,-0.0001182553797518651,-0.000144596641200951,0.001057546052170878,0.0004894129307168279,0.0022843095789892892,0.0030732557491151046,-2.0181341661782666e-05,-0.0003318482038719845,-0.0005777941686874429,-7.110702097505798e-05,0.0017461890441953748,-3.756076240092378e-05,-0.0005975730685987684,2.5450180577628454e-05,0.000508202802035865,-0.0016466857268197595,-0.00010873381212961408,0.000933539804193698,-0.00016970474920843917,-1.10793628966228e-05,8.761683507434734e-05,-0.0008068965857201858,0.0014678128854276756,0.0023683410445652043,0.001028287019724454,0.0032666789634271743,-9.222467241362678e-05,0.004638460762544158,0.0014415635721454069,0.003148304897899905,0.0010308487825994922,0.0004497108390709467,0.003997891884887384,0.00010678374964126329,-0.00038341377357812065,0.0033446820653986417,6.109252780218873e-05,-0.001801486478420196,-0.00015458207892830834,0.0013059008820756656,-0.001600372146710428,-0.0015809405824814475,-0.0008833963315816212,0.00044984935027385506,0.0002206683202075608,-0.0002421216184113527,0.0006463331511306032,0.001154679653967836,-0.0004966301294609661,0.00022330838025731953,-0.0009022323672975118,0.002831914648697939,0.002146094346547941,0.0006047771477371024,0.0005770109552760781,0.0003241740178853991,-1.424810239771367e-05,0.00038051649503428403,-0.00047394696198726843,-0.0020780982377412785,0.000956493338480252,-0.0033849771078707258,0.0008938839929245742,0.0010837627483452693,-0.0001897495211726498,0.0006355443732446971,-0.0028231199766967268,0.000526235234997437,-0.001522382211069501,0.0002760725259432862,-0.00041478860246803794,-0.00018456159810761194
CMS,-0.00031507633903927475,5.045557747586181e-05,-8.586388745963062e-06,-0.00015751355782597673,-9.423524650472133e-05,-0.0004059152379761815,0.0011133119148912804,4.2853034045286655e-05,-8.705134175839835e-05,-9.618318005731256e-05,0.0005350165021690578,0.0004403707547411388,0.00017905780328509734,0.0007206510881590585,0.00012632654302914447,0.0002568018349666142,0.00015528929937078825,-3.098885382674432e-05,0.0002904104294112121,-8.423299515214056e-05,0.00024718241029180734,-6.904376261222937e-06,5.187675421640222e-05,0.00041922921281855485,-2.489825552829955e-05,0.00042921468736446095,2.385019670180613e-05,0.0001589257235094473,-8.178092505734583e-05,-3.720961813049785e-05,0.0002188136190420711,-7.272348969420785e-05,0.00032603948331485973,0.0005394286944774877,-3.974617597374509e-06,0.00015791797241784008,-2.925466623469346e-06,-2.0711501052092725e-05,0.00022913145297007514,-2.1357053112204216e-05,7.254985406236612e-06,3.098806720035745e-05,4.151775699558685e-05,-0.00017734636312634398,-0.00014498851603009425,0.00016937591450854087,-2.6937121613168195e-05,-1.3872652696936987e-05,-4.5344216963303734e-06,0.00012474906401552848,0.00022591190946373883,0.00021056171301412914,0.0001521616442141002,0.000527176965060205,-3.593194325720518e-06,0.0001881711684525912,0.0002635372334005421,0.000432172175826215,-6.842584316551736e-06,6.687801052793072e-05,0.00024946169937200267,1.6743027726956685e-05,-7.418402526608394e-05,0.0005077946796510379,-2.069263871906059e-07,-0.00026032652646163965,-2.659961065375137e-05,0.00020745416718302934,-0.0002002504841007981,-0.00010841311843575034,-9.03397678714421e-05,5.767645837262891e-05,4.088920763244179e-06,-0.00014731616165433096,0.00010671032822803736,0.0001616845475193344,8.093756698434442e-06,5.8701438616249995e-05,-0.00018577117518155594,0.0004082148862596944,0.0003724170116140939,0.00010888826842962807,7.935728025670965e-05,3.443879911029489e-05,-1.4205414284923804e-06,0.00010247297610736757,-0.00040291445030443056,-0.0001405729664462897,0.0002067302391290426,-0.000280623316847516,0.0001229073910411933,0.0002698956736413908,-2.47850030143776e-05,6.171822196811521e-05,-0.00047336116177202844,8.06159510532815e-05,-0.0001465837216414915,5.7145386938348024e-05,-2.5910957357580992e-05,-1.368558626855236e-05
CRS,-0.0009372416697833725,0.0003583235983757331,0.0005768942868607846,-0.00031441676403833247,0.0010072314213343517,-0.0005715094878225169,0.0024407484377906817,0.00030478222576351067,0.00014310074423485398,-0.00031513412831869373,0.002583374770239924,0.001029148887995243,0.0008031275890296284,0.0024145071230936388,0.0002568018349666142,0.0011185171925783162,0.0004213299508451162,-0.00018404359478904972,0.0006847354150695185,0.00015853946779880031,0.0008145389759970248,5.568863765401878e-05,8.003137679942598e-05,0.0018917758930938483,1.5230617859864012e-05,0.001226106368169149,0.0006740387741595247,0.0010728789358704707,0.00011312960693681215,2.969124597130551e-05,0.0002390809659866258,0.0003882216614028948,0.0009420731387974699,0.0013473262142389168,8.220135020520327e-06,-0.00032173339267968444,-0.00026294621929314534,4.393536154729559e-05,0.0006915156163863252,2.785823225208428e-05,-0.0002334084341175997,1.471273387743424e-05,0.00017136362735477935,-0.0005837741698045722,7.706251701398954e-05,0.00039851651323619553,-5.746629173025594e-05,2.6283502881385902e-05,0.00034403522187721573,-0.0003425448194216462,0.0006188303422432511,0.0011294054479482367,0.00047100606662198,0.0012009605216430697,1.46747338776444e-06,0.002852502727871147,0.0005004154117071346,0.0017860933272605024,0.000345222189317753,0.00022864235904311952,0.0018774613849088352,3.0464669857909252e-05,-8.346225585718933e-05,0.0013245985952988672,5.4113909921148474e-05,-0.00036486746590292225,-6.4670326583627e-05,0.0005448010571931773,-0.0006455721482419198,-0.0006812595508110203,-0.00043126267195410083,0.00016179816981815986,0.0001583896203630441,0.0001964604883047093,0.00027192007117729256,0.0005804510960485446,-0.000265552818304711,0.00010527045312384898,-0.00012559162813546003,0.001203906767609421,0.0008700114843262975,0.0002400536945349378,0.00014001467819906054,0.00012336454989927796,-3.5158455999965734e-06,0.00011129026871525838,0.0001477315803147223,-0.0008175020050295119,0.00030398573415915296,-0.001214831613842101,0.00041616860851567195,0.00040899843829088605,-6.0542446555732114e-05,0.00020572708366106406,-0.001065803963223246,0.00023689928706538519,-0.0006616992450790699,0.00012963718212361485,-0.0001636464691791562,-7.591360946450143e-05
CUT,-0.0003809534085484306,0.00011055349966147013,0.00013500945320754518,-0.0001393877205561184,9.438861892815255e-05,-0.00043992839894153066,0.0013752710888443086,9.239646926208142e-05,1.951544802506213e-05,-0.00010892687480001546,0.0008836605852393521,0.0007244439920140141,0.0003953050363849134,0.001029524766069987,0.00015528929937078825,0.0004213299508451162,0.00021439178716710545,-0.00010092340687208139,0.00037245828593292923,-1.3065275960398072e-05,0.0003569800735734157,1.0628990420913272e-06,7.927661958813814e-05,0.0007103956046171159,-6.9280460244358566e-06,0.0007272734649529189,0.00017059811236031126,0.00035150939742916213,-3.222998129814157e-05,-7.5763286133408e-06,0.00020585779500951933,-4.38122428483811e-06,0.0004542057809935816,0.0007861616310072509,2.5764142105573004e-06,0.00012114313857382863,-1.94706026687575e-05,7.319219737050637e-06,0.0003060934556891923,-7.936084337268973e-06,1.2542197688305023e-05,4.406646981614491e-05,4.0513138716859556e-05,-0.00020301623618355224,-0.00013705082984588406,0.00024101686221276178,-3.130496422750177e-05,-3.7600790974868454e-06,0.00014455004718230197,0.00015885513160047993,0.00032060027549402076,0.0003731870855506645,0.00023463267637289655,0.0006605103156856405,1.3851438601581463e-05,0.0007403872540838832,0.00031879794214655717,0.0008406092276317114,-4.197462255421011e-05,0.00011410853447276746,0.0004726534804400077,1.6641823881021022e-05,-6.611317581088909e-05,0.000679405883267062,1.4191948765562874e-05,-0.0001781564420644314,-3.731186599303366e-05,0.0002911517716422112,-0.0002731223434720043,-0.0001702685549231346,-0.00016001031658128607,6.90569042641109e-05,3.9716736238900354e-05,-5.59531592504584e-05,0.00015066188904587255,0.00027621119562490403,-2.168955380096478e-05,8.706504343291188e-05,-0.00013618007558186806,0.0005860670672604687,0.0005086688841161736,0.0001461702377443234,6.291515174038099e-05,4.3441638660972055e-05,-8.540020394032617e-07,0.0001184588469915798,-0.0003797377530449851,-0.00018316974306994507,0.0002408978907851542,-0.0003111740484152707,0.00019459392133226537,0.0003526001168670657,-2.598819566542517e-05,5.971621332814108e-05,-0.000608432596185626,0.00012176430328820494,-0.00022371035095952843,8.655331883248722e-05,-3.389078209481342e-05,-1.9503517324071265e-05
