,ADRE,AINC,ALRS,ARGT,ARR,AWX,BFST,BOOM,CBON,CHNG,CNMD,CODI,CVV,DALT,DFIN,DWMC,EFAS,EPV,GOGL,GOGO,HBAN,HON,HSIC,IMAX,INDY,IUSV,IWY,IYJ,L,LQDA,LSBK,MDU,MJ,MYD,NACP,NANR,NH,NUV,NVS,PFL,PI,PII,PSJ,RCEL,ROKT,ROKU,SAIA,SCYX,SHW,SKX,SMTS,SNGX,SRCE,SRDX,SSL,TC,TFLO,TSBK,TSC,UAN,VDC,VGT,VIRT,WEBS,ANF,CELH,CHMA,CIR,CLH,COWN,CUZ,EOLS,FTS,GRN,IBOC,ICD,IMOM,MCHX,NTIC,NTRA,ONEY,RYU,SJM,STAG,TIPT,VTWO,ATIF,AXON,DIT,FITB,HEXO,IEUR,OSTK,PFIS,AFMD,IDEV,SCHE,SPXV,HEWG,BEP$A
ADRE,0.00011265860137092257,7.743263888141693e-05,4.2743067765589e-05,0.00020690493806602056,-6.50316294183074e-05,-0.00022797067125002329,-5.181496673996306e-05,0.00015939181419052744,-6.251039975229019e-06,-0.00017531230837699923,5.7929190803885015e-05,-0.00012111330792786141,6.77284413191766e-05,-9.260478158197118e-06,0.00025251343789139263,1.9075675273382553e-05,1.0296879659103538e-05,-0.00013495769563737277,8.37560176513554e-05,0.00014567124503194292,5.078233551503151e-05,4.746415816223792e-05,-5.29953167526503e-06,0.00013514343515986688,0.00014260802727576657,8.453807505185098e-06,-1.6815793328512486e-05,1.6373776083235302e-05,0.0001142999135647194,-2.040066907574165e-05,-1.3723005448235688e-05,7.67021065370043e-06,0.0001278003345629893,-2.6431123820235323e-05,-3.3414950815804377e-06,-1.0449301617496749e-05,-0.0003500928518010061,-5.8956481737564874e-05,4.4176345201394845e-05,-2.9679040808395313e-05,0.00047032919156426425,6.794434114066255e-05,-7.280166380048928e-05,-6.66988920867573e-05,-3.0553162598054274e-05,-0.0004395708390165575,0.00013631691016438577,-6.64965210087287e-05,3.058654141837954e-05,8.08957536580037e-06,0.0005026504020558248,-0.0007845628482680324,4.993738359440041e-05,9.820516452727798e-06,-4.178758494530051e-05,-0.0002523087742419123,-2.8537819708572657e-05,-0.00035936218743681846,1.6103178971367445e-05,-1.8665069637028753e-06,-3.60319505171534e-05,1.1272045792038933e-05,-0.0004121275036786866,-4.1438728203534214e-05,0.00014566277701345663,-0.0004921785034336822,5.1423478976382494e-05,7.392657869086762e-05,-2.5371131478768687e-05,9.221391773236762e-05,8.996079338391637e-07,-0.0002493659022361442,-6.935977123264594e-05,0.00017591334174533094,7.711790255934164e-05,0.00040695427470628664,3.770275386697666e-05,-0.00024770337702765524,0.0001975832343148357,7.41023032742988e-05,0.00011068529182355202,-4.915666753985568e-05,-9.769255386192843e-05,-0.0001459080628480263,-6.18062652540845e-05,4.361626954685049e-06,0.00010740167227772624,-5.518451258291663e-05,0.00011985103983368152,0.00010432294879463794,8.19824570508535e-05,2.7161892852438444e-05,-0.00047312324888205645,-3.6586548343789176e-05,0.0002716713663656905,2.932760558697931e-05,0.00015094652730853427,7.042289079515278e-06,-2.500734152996067e-05,9.527260720624407e-05
AINC,7.743263888141693e-05,0.0009629337384009918,-0.00014088030259878207,0.00011444479328891587,0.00016903908246698843,0.00016038607129011638,-5.765574118608682e-06,0.00024084329501713488,8.060764488992663e-05,-0.0006003046646995836,0.0001626855369597573,0.0007500888388297148,0.0024551316793478724,9.331310708115835e-05,0.00034728991152440064,-0.00019280440706785979,6.382498948088596e-05,0.00010587216976453075,-3.0673524378052715e-05,0.00020315663461762946,0.00015326582944662898,-7.470990280210435e-05,0.0003155879863894468,-0.00021071419555829615,0.0001730807422030068,4.88595282440153e-05,-2.2204580745919236e-05,1.1597743640917295e-05,0.00015337396785236227,-7.223061407180719e-05,5.630928894068671e-05,2.1964424691490903e-05,5.6410598638074994e-05,9.675485458939307e-06,1.5279055480567237e-06,3.335845114709666e-05,-0.0015841294271194506,3.6514133006804514e-05,-5.10747876090781e-05,7.568480232347075e-05,0.0017997544083139408,0.0005007594045714406,-4.104403070417027e-05,-0.00046281148312181494,-1.6915839481155902e-05,-0.0005633225856378938,-3.581121826537177e-05,-0.00041728622724557604,-0.00017750351293645673,0.00045442010945866905,0.0001480085174782828,-0.0003382049777296899,0.00015268193426989888,0.000194660186476707,0.000281919366574825,0.00028889567597881666,3.568842640908891e-05,0.0008605173340297118,0.000234612653848995,-0.0005764072541276582,3.297070511966819e-06,3.282696194922061e-05,-0.0006993605236421335,0.0002756915292521352,0.000761335076146308,-0.0006933103066510517,0.00047054406335338925,0.0003277346964586233,0.0003567392479305131,0.0007004881734668052,-0.00016764867322248845,-0.0016873299893265079,-0.00019774073415300262,-0.00012372804589488452,6.372617119219315e-05,0.001960034995582998,8.747393158865407e-05,0.00046555817433872675,-1.1589312711275291e-05,-2.801209579180045e-05,-0.00011023516239234765,-4.0275504112340714e-05,-0.0003119351864400874,-0.0002395630935167319,-0.00039337902605660535,9.235790586881965e-05,0.0010157427788711915,0.001115095448353549,-0.000272167555788558,0.0002446184743837256,0.0008414539620670665,-1.92671166557877e-05,-0.0006141930601760799,-0.000149961578333892,-0.00010779783664331126,1.810062969704454e-05,0.00013526390240045248,1.3346071879466015e-06,-7.61818907559475e-05,9.384596360425442e-05
ALRS,4.2743067765589e-05,-0.00014088030259878207,4.808183550214008e-05,8.369691915054004e-05,-6.467541208105979e-05,-0.00014583550183224037,-2.5245013401983922e-05,3.590206547278447e-05,-1.8262012743899224e-05,2.3285171211366128e-05,-1.0172866146226051e-06,-0.00020191431288560084,-0.0004250847731480861,-2.216883599345216e-05,6.328941576429503e-05,4.577577957956878e-05,-6.714026272319495e-06,-8.837856287565128e-05,4.8292155301601173e-05,3.598476563999008e-05,-2.885216936080188e-06,3.8096126597934314e-05,-6.17566761371287e-05,0.00010809477894310896,4.0057423239415906e-05,-4.8494993089423575e-06,-4.387367442546366e-06,6.147942115520378e-06,2.9364016612569134e-05,3.1540629656058507e-06,-1.7510478224002472e-05,-2.1400793042771728e-07,5.4370083108993194e-05,-1.523889770775026e-05,-1.983570521654749e-06,-1.1551910141061793e-05,0.00011861872955758135,-3.678610540850867e-05,3.2002323638049326e-05,-2.924303367629524e-05,-9.7889444469544e-05,-5.920186712538358e-05,-2.9304507765131644e-05,5.273240988007337e-05,-1.2356322572303433e-05,-0.00011789017263102799,7.595674491610161e-05,4.431488086287852e-05,4.876010057509997e-05,-8.09377899483332e-05,0.00022766578915337058,-0.0003352921180914928,-3.2052066346337267e-06,-3.144267836813791e-05,-7.399277120015119e-05,-0.00018225162354149193,-2.1177671149981528e-05,-0.0003436216773761351,-3.572819306525872e-05,0.00010693002897794736,-1.8922741016471328e-05,-4.17124534479343e-07,-7.848749304923653e-05,-7.264995858485428e-05,-6.848618729399586e-05,-0.0001202889421187299,-6.19401328803707e-05,-2.3779974709479064e-05,-7.965557305395021e-05,-8.425246201407136e-05,3.1833553932320326e-05,0.0001891066947552199,1.7708976267302745e-06,0.00011252751156295874,2.7252222765226302e-05,-0.00016008397208306827,2.7832047623609656e-06,-0.00021297540927722484,0.00010254920624058275,4.288957863457263e-05,7.686377194436553e-05,-1.7435737771979e-05,8.748928999450893e-06,-2.9291377884258557e-05,4.2223333555592115e-05,-1.5069489294236324e-05,-0.00013553838224359852,-0.00023673315764284895,0.0001118270177584303,7.218328507949878e-06,-0.00011583309888549658,1.740529250542294e-05,-0.00012541540664229688,9.478833451494218e-06,0.0001581949812533974,1.1511949514211615e-05,5.137137751342421e-05,3.3279845278774533e-06,1.553195548253809e-06,3.083842847388702e-05
ARGT,0.00020690493806602056,0.00011444479328891587,8.369691915054004e-05,0.0003808419662152125,-0.00012595832774832467,-0.0004283605979543099,-9.607258696893858e-05,0.0002887264591661312,-1.4071805539222362e-05,-0.00030732834791764743,0.00010264066933774425,-0.000247866712217064,5.0875440518888975e-05,-2.004975156734566e-05,0.0004584550742615592,4.1318482429924256e-05,1.7178899643865776e-05,-0.00025392112440227846,0.00015651663854424858,0.0002643901390090243,8.965257323234176e-05,9.044696304072324e-05,-1.947617394403542e-05,0.000257466027805833,0.00025961802508183123,1.4212073761931017e-05,-3.0558362552926294e-05,3.006102760687879e-05,0.0002076359411779329,-3.569058054506808e-05,-2.7209696650137015e-05,1.3577374101857406e-05,0.0002356729809625794,-4.939226955067371e-05,-6.2536059049780604e-06,-2.0428166493118566e-05,-0.0006019634998806437,-0.00011062868141985743,8.3618339724915e-05,-5.744008764289414e-05,0.0008187266477675504,0.00011092589270511054,-0.0001339795570647515,-0.0001097706255846099,-5.623754216070759e-05,-0.0007993288115610498,0.00025430759384717164,-0.00011078418912024095,6.223341908853369e-05,1.1573795677582895e-06,0.0009291776514005215,-0.0014470373146614594,8.810085929700698e-05,1.2300812339487168e-05,-8.622672237070482e-05,-0.00047749192705464076,-5.409949008301338e-05,-0.000693794774289939,2.2751742163234385e-05,1.4125411536638038e-05,-6.703154776656515e-05,1.9936404219096915e-05,-0.0007441996057853827,-8.538862591127717e-05,0.0002473382414651258,-0.0008930824840497668,8.115987411101396e-05,0.00012731904781463239,-5.8016022939910396e-05,0.0001499117655046775,6.787867171200395e-06,-0.00041170901775872023,-0.0001228035505689626,0.0003305430006354456,0.00014130487684407643,0.0006961130538651817,6.736471543592995e-05,-0.0004743291183472351,0.0003673731831532607,0.00013850321403533977,0.00020896723979111652,-9.008140259614149e-05,-0.00017194759903267512,-0.00026371887665166383,-0.00010280150656237337,5.28305584381459e-06,0.0001685017933892098,-0.00013654147169964417,0.0002309353556636501,0.0001863184202852898,0.00012660396379696504,5.1042451102634586e-05,-0.0008601012565498672,-6.338412917671751e-05,0.0005079314971488192,5.3924855630076753e-05,0.0002762613601810267,1.3040625215430582e-05,-4.412707838211729e-05,0.0001741087452754675
ARR,-6.50316294183074e-05,0.00016903908246698843,-6.467541208105979e-05,-0.00012595832774832467,8.77565602530364e-05,0.00020609166219286696,3.692270329955445e-05,-6.116162175739521e-05,2.3556577566561468e-05,-1.1532749479138701e-05,-4.571175065777564e-06,0.0002657032905271244,0.0005267993042809559,2.8764887185022747e-05,-0.00010494385499856677,-5.939112692127855e-05,7.38903652528213e-06,0.0001245720683140323,-6.907990290208157e-05,-5.9880280578184204e-05,-1.5047286611178035e-06,-5.26163136755453e-05,7.806222512670321e-05,-0.00014934188036633427,-6.468370793429549e-05,5.234440750554546e-06,7.205388953882605e-06,-9.370930097799179e-06,-4.84017266358215e-05,-1.8999527048849402e-06,2.336745924595505e-05,-5.056879476986748e-07,-8.115641903242719e-05,2.1798743213273497e-05,2.8274469823927537e-06,1.5556780668094308e-05,-0.0001135662548037767,5.213196563781877e-05,-4.463444148899812e-05,3.970694816872949e-05,7.540496172314895e-05,6.74606700543147e-05,4.41375652543355e-05,-5.9464869865422204e-05,1.859619780401648e-05,0.00019237215140495688,-0.00010911536404575062,-4.8918223316473415e-05,-6.429962058654422e-05,0.00010078983947423538,-0.0003365488889794863,0.0005001197595560586,-1.0177224545491695e-06,3.848062858695231e-05,9.710665036163887e-05,0.0002542642643939462,2.9466756986008736e-05,0.00046765026740342813,4.322625037281978e-05,-0.00013404785384129203,2.7392565130969302e-05,-6.143256215897254e-07,0.00014013683824326475,9.538571067414392e-05,7.126982173595391e-05,0.0002006944912916577,7.256605859241771e-05,2.238930566212122e-05,0.000102558214239387,9.645819156551332e-05,-4.0053570562345814e-05,-0.00021222331590044376,4.77909198128511e-06,-0.0001590225068328367,-4.199694303427639e-05,0.00015987985136889233,-7.3002214104109545e-06,0.0002923689122419568,-0.00014868376903996215,-6.132310286104776e-05,-0.00010766637447438841,2.6850838186627973e-05,-1.1205528059659806e-06,5.150153934311866e-05,-4.6766071431480135e-05,1.8477391395127652e-05,0.00015930749514159946,0.00030275783089918405,-0.00015248336098452076,-1.959356560610992e-05,0.00013713635597517978,-2.4592135653029453e-05,0.0002052063555224812,-8.205806894828364e-06,-0.00022601913220922948,-1.7412474743117175e-05,-7.972867099202555e-05,-4.888791843945433e-06,5.747879281672215e-07,-4.8331750853398956e-05
AWX,-0.00022797067125002329,0.00016038607129011638,-0.00014583550183224037,-0.0004283605979543099,0.00020609166219286696,0.0005718254993691556,0.00011525367220638242,-0.0002767774592045278,4.224215554727144e-05,0.00018751916697200982,-7.439731015132778e-05,0.0005355325169391967,0.0007024448338009851,5.348127642142235e-05,-0.0004504210468824536,-0.00011037131940965636,-1.0571885411220113e-06,0.00034232592800351245,-0.00020024058373289025,-0.0002588617025779807,-6.150633963544554e-05,-0.00013345655855062923,0.00012198983521079153,-0.00037928836561425044,-0.0002624120685009468,-2.1022300601811284e-06,3.0316795173235856e-05,-3.3013411633775084e-05,-0.00020521623421626063,2.0993493921936287e-05,5.068302009873447e-05,-9.702994574146003e-06,-0.00026956526697172466,6.318900864733367e-05,8.094730473518144e-06,3.5274868669618945e-05,0.000240161154879045,0.00014615209194098592,-0.00011777797556809046,9.354658778834031e-05,-0.00043711497023849973,2.0770963139536576e-05,0.00015045287775198072,-1.0363026903531e-05,6.324940253198953e-05,0.0007984565115503494,-0.0003209826433933216,5.046551300240206e-06,-0.00013108869457176308,0.00014007788728183533,-0.001085968158932786,0.0016576765662711357,-5.9797629563715094e-05,4.5622734867758684e-05,0.00019283149237924967,0.0006716967128661604,7.702336538084377e-05,0.0011132063568477896,4.532955060066403e-05,-0.00019667932762704852,8.269362384967571e-05,-1.4068286657966226e-05,0.0006889338425914656,0.00018987131240867183,-6.429263912927159e-05,0.0008722072318510835,4.762819047354495e-05,-5.30742997532231e-05,0.0001817572109725621,3.5460438202606955e-05,-6.046890123728173e-05,-2.3765483658000125e-05,8.804774029439125e-05,-0.000441236829678033,-0.00015231529238725474,-0.00023782536248772695,-5.4837131048154116e-05,0.0007228488713416526,-0.00045119297598620526,-0.0001774654919304444,-0.000288915382194796,9.720939685441166e-05,0.00011236626412396471,0.000246708385771845,2.764681071946879e-06,2.2319955677081848e-05,0.00011096898999443705,0.0005135490327478247,-0.00036609913268645584,-0.0001508344650497837,0.0001077482290243991,-6.818593115468623e-05,0.000856658862048665,3.053131811781004e-05,-0.0006523958713047595,-6.0062874194182364e-05,-0.0002944638962117752,-1.5472340574293878e-05,3.0041728733942953e-05,-0.00018290339619077094
BFST,-5.181496673996306e-05,-5.765574118608682e-06,-2.5245013401983922e-05,-9.607258696893858e-05,3.692270329955445e-05,0.00011525367220638242,2.481053015664744e-05,-6.900126777463123e-05,5.6607649040412105e-06,6.488855583523131e-05,-2.261193116601611e-05,8.304542693258061e-05,4.787597738973994e-05,7.5296295951277315e-06,-0.00011043807036830351,-1.5529608540472787e-05,-2.873924247090413e-06,6.858812671643415e-05,-4.141703567872274e-05,-6.361787429906716e-05,-1.9472777787009135e-05,-2.535177558121519e-05,1.2911457234831879e-05,-7.211764106802179e-05,-6.312673125500718e-05,-2.475699578239578e-06,7.384749876682181e-06,-7.519498811391615e-06,-5.0115209473717686e-05,7.473012442343292e-06,8.46860456857547e-06,-2.9800660506826636e-06,-5.981029414613237e-05,1.3069952010300057e-05,1.662336574679138e-06,6.136083026420949e-06,0.00011693713473195748,2.9643380438526338e-05,-2.298999531262317e-05,1.6802793678212405e-05,-0.00016787407821942682,-1.6351737624335943e-05,3.3778701057786626e-05,1.699591582070234e-05,1.4186285048940946e-05,0.0001936014826681422,-6.694519985483883e-05,1.839197322839612e-05,-2.0581347642753833e-05,1.1006601033137504e-05,-0.00023766270944676615,0.0003674395058207498,-1.9084262913802588e-05,1.6486541426081805e-06,2.941154627267805e-05,0.00013121276643699174,1.4939883751236929e-05,0.00020161900884635084,-7.175413492606086e-08,-1.8011544153259376e-05,1.7492883968397498e-05,-4.3614773828225766e-06,0.00017589716812047913,2.903889253621721e-05,-4.529978453980271e-05,0.00021471870748474513,-9.372121705361652e-06,-2.4915042553753938e-05,2.394579399497527e-05,-2.1508168539887814e-05,-5.934646960395881e-06,6.495232470425656e-05,2.697678931223649e-05,-8.893427561356143e-05,-3.511699328894356e-05,-0.0001320380749694629,-1.5320789526705843e-05,0.00013478710323327437,-9.571026587794038e-05,-3.6671986446695367e-05,-5.7020321297347255e-05,2.239567189773173e-05,3.69000439646764e-05,6.253762726060433e-05,1.6913419780572823e-05,9.258918716877291e-07,-1.8492361518283237e-05,6.321206002198705e-05,-6.67556650768399e-05,-4.230776061932209e-05,-1.1946560065212263e-05,-1.3737237999111932e-05,0.00020812078353739486,1.2732003699092454e-05,-0.0001346129604975703,-1.355610461511095e-05,-6.839067519712589e-05,-3.3539768395505307e-06,9.56599853561637e-06,-4.2888040994845214e-05
BOOM,0.00015939181419052744,0.00024084329501713488,3.590206547278447e-05,0.0002887264591661312,-6.116162175739521e-05,-0.0002767774592045278,-6.900126777463123e-05,0.0002444587614929921,3.409275027240403e-06,-0.00031728174089063995,9.969203094310696e-05,-5.10869731320541e-05,0.00044343052605155467,1.2836314576330571e-06,0.000382334500418457,-2.7290977430879362e-06,2.2758091412379756e-05,-0.00016227451825102473,0.00010576488391504128,0.00022096866054065997,8.892997956316172e-05,5.166298708869166e-05,3.8573520115165406e-05,0.00014738805784528965,0.00021259804853553127,1.8173476903932056e-05,-2.532788485167784e-05,2.3215573868505224e-05,0.00017251103853985233,-3.7264013043766704e-05,-9.927789985059199e-06,1.3261048285579837e-05,0.00017627878450707398,-3.337713682912965e-05,-4.175654101503821e-06,-8.933086220036831e-06,-0.0006892135827538375,-7.229502235716528e-05,5.0748476034306804e-05,-2.8123705491886666e-05,0.0008785188250089334,0.000161659130401055,-0.00010170333161812714,-0.00015454393134405552,-4.2637869005271664e-05,-0.0006596101858752049,0.0001741739498626204,-0.0001477074714465629,1.4623139110193727e-05,7.62248760573733e-05,0.0006826611555853207,-0.0010810020289048717,8.773406996506218e-05,4.101353962080046e-05,-1.4290217365350817e-05,-0.0002902507945398401,-3.239456981442801e-05,-0.00034859661097700093,5.504513016078043e-05,-8.564284981471546e-05,-4.6928779688760666e-05,1.95674042916808e-05,-0.0006431380131798702,-1.4730054813189276e-05,0.0003015139560278005,-0.0007475821160017567,0.00013556315028215554,0.00014455856057380445,1.810573693896122e-05,0.00022241374527745062,-2.3011544977231505e-05,-0.0005715883976102088,-0.00011978958711631997,0.00021357991566087504,0.00011065538420319647,0.0008182727913681254,6.222702511351797e-05,-0.00025869583789612133,0.0002582733022215543,9.344829280547762e-05,0.0001297114158823894,-7.04844178166448e-05,-0.00017354553480748887,-0.0002265344127048569,-0.0001380865509025698,1.906738841290937e-05,0.00028789278247717115,8.832857699505082e-05,0.00011840000427582246,0.00017255349984382154,0.00022929717127654947,3.295429009639464e-05,-0.0007110942865683509,-6.977674579381745e-05,0.00034186082737473603,4.119648207075921e-05,0.00021811067117052238,9.457637763603492e-06,-4.389492568341867e-05,0.00013888710228368052
CBON,-6.251039975229019e-06,8.060764488992663e-05,-1.8262012743899224e-05,-1.4071805539222362e-05,2.3556577566561468e-05,4.224215554727144e-05,5.6607649040412105e-06,3.409275027240403e-06,8.271009325008131e-06,-3.5053411568840414e-05,8.253211232053035e-06,8.449567405664193e-05,0.00022103648004251158,9.816852333300691e-06,2.2034310502117893e-06,-2.0276683382504682e-05,4.72496634656173e-06,2.6026752088494877e-05,-1.2882910669698255e-05,1.5334093853768679e-06,8.229075509901522e-06,-1.2651089527666227e-05,3.0088055267911545e-05,-3.583395247949336e-05,-9.07127406237646e-07,3.548724851029436e-06,-6.061600248035167e-08,-8.764468953689069e-07,6.402593431041063e-07,-4.300704962061323e-06,6.8971334243112276e-06,1.1323314561036937e-06,-1.0024518954756435e-05,4.065100385195604e-06,5.423593800905544e-07,4.363467003898248e-06,-0.0001059646392797562,1.0461132774067401e-05,-1.0051871077564035e-05,1.061435972838459e-05,0.00011170462638380603,3.860772153121827e-05,4.878939912924644e-06,-3.521501448952966e-05,2.0764524850665262e-06,1.265174069061027e-08,-1.9650523826204726e-05,-3.099032117336877e-05,-2.022573970049599e-05,4.144355196708047e-05,-4.6320710777682835e-05,6.22960639071303e-05,8.275665766781096e-06,1.69928962484388e-05,3.131097815364281e-05,5.714772927908586e-05,6.744940342593713e-06,0.00012330488488643357,1.9970063248701436e-05,-5.357319253524083e-05,4.618390848496169e-06,1.7152350424607145e-06,-1.596704025517851e-05,3.068799436176836e-05,5.362960624974187e-05,-5.8254889063202875e-06,3.7764171646415424e-05,2.174352125662975e-05,3.632999182972643e-05,5.4345062594721184e-05,-1.5754392121688285e-05,-0.0001276468620357128,-1.0157442776393337e-05,-3.2592971464957295e-05,-3.2783719918145683e-06,0.00013424556710349726,3.653444053764516e-06,7.308479814852292e-05,-2.471945709322023e-05,-1.1479598092014496e-05,-2.3530130570088318e-05,2.121904107063953e-06,-1.7425705742110832e-05,-4.902917984363171e-06,-2.932016290667106e-05,8.09802576267839e-06,8.19510120659052e-05,0.00011067462170546943,-3.9739935804355725e-05,1.034976443032023e-05,6.87255362158032e-05,-5.047719385465766e-06,-7.210914183452944e-07,-9.618996722773949e-06,-4.256218008323989e-05,-1.8192559949699005e-06,-5.43417374294018e-06,-7.17942587012636e-07,-4.118362323187625e-06,-2.6392040609283244e-06
CHNG,-0.00017531230837699923,-0.0006003046646995836,2.3285171211366128e-05,-0.00030732834791764743,-1.1532749479138701e-05,0.00018751916697200982,6.488855583523131e-05,-0.00031728174089063995,-3.5053411568840414e-05,0.000525875177424908,-0.00015495077970104684,-0.0002510547483187683,-0.0013757499226628603,-3.816250064966194e-05,-0.0004845770422625843,7.892143298275979e-05,-4.5953758742262214e-05,0.00010524879141963652,-8.379514737130726e-05,-0.00028102749381190087,-0.00014145188991850573,-1.7250225006927345e-05,-0.00016012459566851938,-5.017377267615163e-05,-0.00026150826432657086,-3.586060440875713e-05,3.1783085774744495e-05,-2.5661129860774597e-05,-0.00021732507635340492,6.244726147090106e-05,-1.3319031965331873e-05,-2.074002698401061e-05,-0.00018229822226581595,2.6445711320360573e-05,3.182629465599382e-06,-5.1216689579273244e-06,0.0012533952384583802,5.1113302128505174e-05,-2.579165473417979e-05,-4.4927209101388906e-06,-0.001510639167908447,-0.00034521506359584447,0.00010854567630740197,0.0003237136315707154,4.539091390204956e-05,0.0008217952712096977,-0.00014382335919558022,0.0002994607374817007,5.7111643758111755e-05,-0.00024933024890609357,-0.0006780399241860477,0.0011148527117025226,-0.0001401353711879895,-0.00011439143347462792,-9.881374783728689e-05,0.00014879003939465745,1.5240336864133752e-05,-2.4918184856955556e-05,-0.00014296266359270523,0.0003062417951222232,4.1269656213876234e-05,-3.076848330452556e-05,0.0008607885778193702,-9.594541002155403e-05,-0.0005754168685376621,0.0009531483699892832,-0.00030955890777688565,-0.00026109736603285004,-0.0001578710056655433,-0.0004795265696072097,8.734897333614122e-05,0.0011875960283915781,0.00018708372969356037,-0.00014471675648780738,-0.00012566086364424508,-0.001519529926317762,-9.11392248369501e-05,5.0116003309860475e-05,-0.00022972769278340404,-7.367594982954714e-05,-7.397548157071678e-05,7.991708115253059e-05,0.00028113190206556895,0.00030051198665102433,0.0002812529817064123,-5.391838121144987e-05,-0.0006639294616965892,-0.0005222640493137158,4.918910582987467e-07,-0.0002535413210096686,-0.0005416634864085582,-2.225907110450338e-05,0.0008886748190903627,0.0001227646897054671,-0.0002674179554101975,-4.455295144907753e-05,-0.0002515156070736636,-9.109760806593346e-06,7.00299173790511e-05,-0.00016321681902504824
CNMD,5.7929190803885015e-05,0.0001626855369597573,-1.0172866146226051e-06,0.00010264066933774425,-4.571175065777564e-06,-7.439731015132778e-05,-2.261193116601611e-05,9.969203094310696e-05,8.253211232053035e-06,-0.00015495077970104684,4.638253797581675e-05,5.027675728437583e-05,0.000360138960039731,8.701180613098889e-06,0.00015330769819111748,-1.8003072448334536e-05,1.2959252406792901e-05,-4.256742177455458e-05,3.114927603471328e-05,8.882049429995308e-05,4.20988114364315e-05,9.909283224424248e-06,4.039157071976342e-05,2.8485285941489605e-05,8.346757471264955e-05,1.0161341838254251e-05,-1.0084693278791614e-05,8.465837420117124e-06,6.887774068494763e-05,-1.8351972374309074e-05,1.8229211880227044e-06,6.198593895221712e-06,6.147011995691485e-05,-9.830438723482071e-06,-1.2016363796495476e-06,1.0252199700319198e-07,-0.0003614773120040055,-1.9910669206219347e-05,1.1716158624228662e-05,-2.2835162420705965e-06,0.00044126435841920157,9.626427416188163e-05,-3.6219925135969744e-05,-9.061407650544033e-05,-1.5158872224268166e-05,-0.0002613061176292307,5.260287623634357e-05,-8.437997298390667e-05,-1.1086150470275386e-05,6.478456703402735e-05,0.00023179182759545795,-0.0003762696538931436,4.166391177193335e-05,3.0429674459304557e-05,2.0469220636792118e-05,-6.729558418355517e-05,-7.204718427362806e-06,-3.5198947119031976e-05,3.847313886996987e-05,-7.863845219764631e-05,-1.4737422531548881e-05,9.18343425500012e-06,-0.0002681162037210727,1.9775060324850952e-05,0.00016420683124690417,-0.00030103002737930193,8.522188899059345e-05,7.541556451055266e-05,3.749208621096807e-05,0.0001334669151462455,-2.2264261368975337e-05,-0.00033297281909445763,-5.593372850799297e-05,5.741316292873339e-05,4.110219770985229e-05,0.00043620831144407327,2.770135648263584e-05,-4.1494240810805236e-05,8.169010322632697e-05,2.744096592822287e-05,3.175050492103252e-05,-2.6152861783963984e-05,-8.32958565671725e-05,-9.383748990188622e-05,-7.917463952859998e-05,1.43120968113752e-05,0.00018244616060122466,0.00012735640549245306,1.374140137562049e-05,7.699762241102865e-05,0.00014819512368713142,8.84287631222078e-06,-0.00028231483341086466,-3.567086416437018e-05,9.991420422335633e-05,1.4802483477256312e-05,8.187345831103777e-05,3.1476582804923072e-06,-2.0826756157957907e-05,5.282012785586397e-05
CODI,-0.00012111330792786141,0.0007500888388297148,-0.00020191431288560084,-0.000247866712217064,0.0002657032905271244,0.0005355325169391967,8.304542693258061e-05,-5.10869731320541e-05,8.449567405664193e-05,-0.0002510547483187683,5.027675728437583e-05,0.0008935679413722972,0.0021335432204193663,0.00010126444725338005,-0.00011231842475865433,-0.00020913396968863068,4.091351885263275e-05,0.0003270401062927687,-0.0001708737179837952,-6.222052643715102e-05,5.383089548955315e-05,-0.00014934747899936847,0.0002981249131086905,-0.00042339614946867695,-8.454948127874721e-05,3.0346379615206464e-05,8.32494669733753e-06,-1.7287737510331122e-05,-5.434594269697138e-05,-3.138987241073665e-05,7.497458737330393e-05,7.045173128201989e-06,-0.0001661818361466224,5.391921428336955e-05,7.095735789530757e-06,4.8370163872782775e-05,-0.0008543354734260372,0.00013394915954851517,-0.00012209217920502622,0.00011992294083318071,0.0008468943176635337,0.0003428932909504714,8.650416324306366e-05,-0.00031025456956401584,3.6587190559927776e-05,0.00023329333202787788,-0.00026517851746570166,-0.0002688966180575807,-0.00021473986587115644,0.0004024767198667383,-0.0007212665883561264,0.001027604118926142,5.47363805777289e-05,0.00016157574415864737,0.00032948287063343836,0.0006947405700386289,8.133929257138147e-05,0.0014008582073079638,0.00018746397037527687,-0.0005248299616624909,6.444248390570131e-05,1.0855779045992366e-05,6.18956629510354e-05,0.00032318324436944574,0.0004491073212383968,0.00020389766549890596,0.0003433773084284637,0.00017419816790017909,0.00037003634814389356,0.0004844813160126654,-0.00015510630637199013,-0.0011205764862968236,-6.290343976795979e-05,-0.0004132122576042862,-7.308415128367589e-05,0.0011017503497850374,1.5859172943971503e-05,0.0008487197308265685,-0.0003474285729745637,-0.0001519794405032505,-0.0002896605746607907,4.690147608988566e-05,-0.00011921227943125473,2.9274471706878017e-05,-0.00025499197424442064,7.716838280948938e-05,0.0007473769743973928,0.0011155421522177048,-0.0004536215051056436,4.6244951391861275e-05,0.0006310526897275764,-6.395123881721714e-05,0.0002438894389301951,-7.500306708806378e-05,-0.0005618544675499948,-3.3412717658561455e-05,-0.00013340550478291343,-1.0782158319516169e-05,-2.715658540002199e-05,-7.644084173542155e-05
CVV,6.77284413191766e-05,0.0024551316793478724,-0.0004250847731480861,5.0875440518888975e-05,0.0005267993042809559,0.0007024448338009851,4.787597738973994e-05,0.00044343052605155467,0.00022103648004251158,-0.0013757499226628603,0.000360138960039731,0.0021335432204193663,0.00641774183117963,0.0002583430786374793,0.0006117846979604875,-0.0005337196861049344,0.0001564371668816888,0.0004447678621490668,-0.00018327611315725138,0.00036036999093641764,0.0003439081492866259,-0.0002556432455415903,0.0008420174663511137,-0.0007225768631476099,0.0002844730212655522,0.00011906014052829838,-3.829794922959586e-05,1.0753629235268111e-05,0.0002667927318220807,-0.00016637978049147662,0.00016580872141247168,4.880679826774156e-05,-6.381623699896924e-06,5.782572173458038e-05,8.117229384826203e-06,0.00010105415082603542,-0.003767566316512798,0.00016851946598932585,-0.0001890597698859737,0.00023655169461423185,0.004191942506404454,0.001243028390090777,-1.9954117624448734e-05,-0.0011440741073277408,-7.55514417225106e-06,-0.0009558129957153487,-0.00026092886176556224,-0.0010237867815561202,-0.0005072356113711785,0.0011932774549423494,-0.0002206520411419721,6.0617595072039177e-05,0.00034339186005263476,0.0005034205607190255,0.0007973393790816905,0.001072348543049221,0.00012926550042591898,0.0027162438836833593,0.0006015438495269242,-0.0015238373627593457,5.26375006241841e-05,7.317760245249277e-05,-0.0013494329268419678,0.0007804252714388828,0.001838229063973201,-0.001235865055182065,0.001183161529374677,0.000777633484395121,0.0009754296909976519,0.0017422612261656038,-0.00044496753731237666,-0.004163547596389674,-0.0004390229117194372,-0.0005419516151131012,7.474826846395872e-05,0.004693533726148752,0.00018565430703069492,0.001534473003743076,-0.0002714566492883861,-0.00016446574503781132,-0.00042674139438970125,-4.67328425414704e-05,-0.0007068413419195011,-0.0004564721600477446,-0.0009662048984015344,0.00023921433411791377,0.002558430472512866,0.0030196048566100433,-0.0008666473654836719,0.0005205320277971073,0.0021279540958810727,-8.411129707078686e-05,-0.00104961253001087,-0.0003524585312517125,-0.0006164638838273973,1.2185476149004074e-05,0.00017418691319488104,-5.048102481843571e-06,-0.0001712276569025404,0.00013237117145209533
DALT,-9.260478158197118e-06,9.331310708115835e-05,-2.216883599345216e-05,-2.004975156734566e-05,2.8764887185022747e-05,5.348127642142235e-05,7.5296295951277315e-06,1.2836314576330571e-06,9.816852333300691e-06,-3.816250064966194e-05,8.701180613098889e-06,0.00010126444725338005,0.0002583430786374793,1.1683017422576626e-05,-1.7204923623390003e-06,-2.41303586856046e-05,5.371501068403466e-06,3.2857677646810824e-05,-1.655332504943736e-05,-6.846045958872594e-07,8.794755078389531e-06,-1.5662104370347864e-05,3.541398682690352e-05,-4.437456810722937e-05,-3.497560027844188e-06,4.022024135867344e-06,2.1567763728480783e-07,-1.3082561981254341e-06,-1.1980416089185754e-06,-4.701066316917819e-06,8.331368028706846e-06,1.1985277938584717e-06,-1.394885437097863e-05,5.223314502959849e-06,6.937324375671218e-07,5.300983511923354e-06,-0.00011843140007772551,1.328711407059421e-05,-1.2554520638878708e-05,1.2967593448164186e-05,0.0001231192120231971,4.4166751997257904e-05,6.969749456769734e-06,-4.020493478117845e-05,2.958941011887741e-06,7.512985877453668e-06,-2.5395126155957442e-05,-3.5248567169306026e-05,-2.4266901052452972e-05,4.8517030356177265e-05,-6.29549740609512e-05,8.651897055735688e-05,8.863865428809799e-06,1.9782262673197444e-05,3.7472114558229334e-05,7.139568034415776e-05,8.405401134542881e-06,0.00015089074658006368,2.3170308939299e-05,-6.286346573673504e-05,6.036650837521226e-06,1.8214211414682243e-06,-1.1715409013765537e-05,3.6734776465447566e-05,6.04768408875925e-05,1.5563413051147417e-06,4.3458228866416964e-05,2.426601832238714e-05,4.30844424957961e-05,6.222851418996406e-05,-1.8511112383731085e-05,-0.00014560466690231947,-1.0741780715498895e-05,-4.126508050948977e-05,-5.164297220698253e-06,0.00015066347446489643,3.6460411283711237e-06,9.002735297069381e-05,-3.2391161072240495e-05,-1.4741154632099295e-05,-2.9512591468477326e-05,3.329637298642542e-06,-1.8791476183643227e-05,-3.2671825640604922e-06,-3.3367795303857324e-05,9.432739154620242e-06,9.437902235906554e-05,0.00013087411228845415,-4.869936460777295e-05,1.037117111262105e-05,7.928581793130858e-05,-6.389381458316286e-06,7.223898169230357e-06,-1.0668681927615291e-05,-5.4602427297980355e-05,-2.6360851605363997e-06,-8.954581092432569e-06,-9.629959380083803e-07,-4.408414858692983e-06,-4.723589776365078e-06
DFIN,0.00025251343789139263,0.00034728991152440064,6.328941576429503e-05,0.0004584550742615592,-0.00010494385499856677,-0.0004504210468824536,-0.00011043807036830351,0.000382334500418457,2.2034310502117893e-06,-0.0004845770422625843,0.00015330769819111748,-0.00011231842475865433,0.0006117846979604875,-1.7204923623390003e-06,0.0005991630560002045,3.4316426306886278e-06,3.391684624109329e-05,-0.00026456113850418237,0.00017087931143398963,0.0003461849387508352,0.00013642788553997184,8.588846307128794e-05,4.908654632217199e-05,0.00024493090263638895,0.0003339773770349681,2.7169676112425585e-05,-3.972424213920269e-05,3.67658851507194e-05,0.0002704797127641887,-5.6842548708660765e-05,-1.8203855789995186e-05,2.0379890743074643e-05,0.0002804499833593723,-5.3925679302337366e-05,-6.75924132425549e-06,-1.5678901435166317e-05,-0.0010412746141831284,-0.000117433334826306,8.346441609437555e-05,-4.817314026231537e-05,0.0013361694030506743,0.00023900464831879125,-0.00016146029532450505,-0.0002291294803229066,-6.770204065731833e-05,-0.0010351377017546824,0.0002808091437133869,-0.0002200082770089975,3.064330019678059e-05,0.00010385289835982431,0.0010889301296954348,-0.0017201284262792925,0.00013453340692436922,5.789786224091687e-05,-3.4338319550241e-05,-0.00047723584437897804,-5.340329577947358e-05,-0.0005939685936557724,7.878508871890874e-05,-0.00011401779035782208,-7.540291276246771e-05,3.0054747736618575e-05,-0.0010032081409036375,-3.479154119272693e-05,0.0004527650219510582,-0.001170971762960651,0.0001983729006682687,0.00021858468618235615,1.4591448806170203e-05,0.00032836006524157644,-3.0118351100648255e-05,-0.0008484350370013795,-0.000184122513212108,0.0003475733899569485,0.00017489989115016783,0.0012330487976783483,9.62635103445866e-05,-0.0004337797325406109,0.0004147156222610682,0.00015101685867283164,0.00021250967328082,-0.00011141920180381008,-0.00026571698694007935,-0.0003536373702310349,-0.00020554549623991376,2.684167874287903e-05,0.00042061404875473705,9.650778637408018e-05,0.00020092572490520478,0.000266852280823326,0.0003336911166940768,5.363594774829903e-05,-0.0011156530588995526,-0.00010584171566435711,0.0005526787862570628,6.53422049927645e-05,0.0003443507458195863,1.5115113505677957e-05,-6.731788036560334e-05,0.00021896103274812978
DWMC,1.9075675273382553e-05,-0.00019280440706785979,4.577577957956878e-05,4.1318482429924256e-05,-5.939112692127855e-05,-0.00011037131940965636,-1.5529608540472787e-05,-2.7290977430879362e-06,-2.0276683382504682e-05,7.892143298275979e-05,-1.8003072448334536e-05,-0.00020913396968863068,-0.0005337196861049344,-2.41303586856046e-05,3.4316426306886278e-06,4.9839393292198594e-05,-1.1101479626350078e-05,-6.78121002858589e-05,3.415531419781352e-05,1.3435566154459993e-06,-1.8192910340010444e-05,3.233183959012332e-05,-7.315587221735635e-05,9.16036773905767e-05,7.156065036199327e-06,-8.312826831335118e-06,-4.373864355920026e-07,2.6946568768505728e-06,2.4194447467417997e-06,9.721395199887166e-06,-1.7204333594253563e-05,-2.4796493827394366e-06,2.8753604064783387e-05,-1.0777528294693555e-05,-1.4314951324168047e-06,-1.0945734487750122e-05,0.0002448262804581354,-2.7419991179714622e-05,2.5913768691672747e-05,-2.6774133702054702e-05,-0.00025456875163015275,-9.127294162084484e-05,-1.4362818257397255e-05,8.308798933542954e-05,-6.0977701004146775e-06,-1.5307021939858968e-05,5.239525313741703e-05,7.28489946462024e-05,5.011587640770501e-05,-0.00010023072343563576,0.00012980882516724066,-0.0001783506514713188,-1.8335268839857873e-05,-4.087109351315246e-05,-7.73898557809409e-05,-0.0001473671986951781,-1.7350081044246802e-05,-0.0003115366636276329,-4.787319093356001e-05,0.00012986466252882376,-1.2453063862873322e-05,-3.7681747254388743e-06,2.4401801261564367e-05,-7.5866827274367e-05,-0.00012500415134774988,-2.9762127971813177e-06,-8.980125124547785e-05,-5.016478007664803e-05,-8.899180735984708e-05,-0.00012859682714247075,3.8239939778966314e-05,0.00030091210235167615,2.2224105445000434e-05,8.516028931010096e-05,1.0631008319759163e-05,-0.000311439108127337,-7.550315160867561e-06,-0.00018585886455602316,6.681797094120055e-05,3.0416406351693174e-05,6.091358051487093e-05,-6.854527374625079e-06,3.8866970521971745e-05,6.820185958436969e-06,6.896140739256911e-05,-1.9488330916658672e-05,-0.00019502092776466385,-0.00027033380805682977,0.00010054529256786117,-2.1475467687953872e-05,-0.00016382895019440846,1.3186042307806415e-05,-1.46935374388794e-05,2.2057190452792018e-05,0.0001126661893112501,5.431407226702389e-06,1.8425167429032367e-05,1.9859451805553105e-06,9.119069839866854e-06,9.71178031911972e-06
EFAS,1.0296879659103538e-05,6.382498948088596e-05,-6.714026272319495e-06,1.7178899643865776e-05,7.38903652528213e-06,-1.0571885411220113e-06,-2.873924247090413e-06,2.2758091412379756e-05,4.72496634656173e-06,-4.5953758742262214e-05,1.2959252406792901e-05,4.091351885263275e-05,0.0001564371668816888,5.371501068403466e-06,3.391684624109329e-05,-1.1101479626350078e-05,4.4810380506226765e-06,5.560343458226348e-08,2.15076631630681e-06,1.9741427000624095e-05,1.2024858691486977e-05,-2.3572414246884387e-06,1.9429172629356434e-05,-6.586619051137372e-06,1.7716658213188927e-05,3.4580618181523865e-06,-2.2010874242525205e-06,1.517986220506234e-06,1.5113730360386335e-05,-5.495655666586084e-06,2.8466693311619214e-06,1.742326411093655e-06,9.720265459878372e-06,-6.789882572343816e-07,-6.683215921670597e-08,1.573852975648217e-06,-0.00011580563516048892,-5.830577924416379e-07,-1.0424245880245906e-06,3.2810602675628557e-06,0.00013509063261825816,3.4534220034951656e-05,-6.092946780691358e-06,-3.210660074404089e-05,-2.5377685104786337e-06,-5.646969970447556e-05,4.380741777844653e-06,-2.925692286988591e-05,-9.588459252857384e-06,2.8739190612953712e-05,3.362334777176664e-05,-5.9167287233304915e-05,1.1947434971335108e-05,1.2619401220300077e-05,1.555838387227252e-05,5.77823785388261e-06,8.414694688985175e-07,3.624124525308631e-05,1.5416489429597083e-05,-3.604676068674075e-05,-1.542743111310623e-06,2.5947051050455662e-06,-6.362406405343e-05,1.5186820317028994e-05,5.4560096077775916e-05,-6.71310460279061e-05,3.18477339167912e-05,2.4031249020130208e-05,2.1022227589975853e-05,4.817092457768388e-05,-1.0414244280707608e-05,-0.00011735559636559664,-1.5700647194633875e-05,8.178810927213255e-07,7.717296103547434e-06,0.00014201370593982835,7.286097427748969e-06,1.702188786180171e-05,8.864586490664963e-06,1.8483491037658881e-06,-1.5055599635629243e-06,-4.897656770500577e-06,-2.419889799254661e-05,-2.202394730231365e-05,-2.7538005665530724e-05,5.972914598798462e-06,6.857342572760216e-05,6.688169939958157e-05,-1.116211758456727e-05,2.0321425678790574e-05,5.646787619152938e-05,1.1612369604934266e-07,-6.127108823161271e-05,-1.1129903881356137e-05,6.458165905742811e-06,2.55220662037513e-06,1.5762267176979202e-05,4.249725088966051e-07,-5.965669766195424e-06,1.0477102451135022e-05
