,ACWF,ADI,AFTY,AKU,ASML,AYTU,BAX,BDL,CBMB,CELH,CI,CIH,CMA,CSA,CSSE,CUK,DENN,DIAX,DTJ,ECC,EFAX,ENFR,EOI,ERJ,FLEH,FOVL,FSMD,FUBO,FXG,FXNC,GL,GPRK,HAE,IAGG,ICOW,IEFN,IEI,INM,JAN,JRI,KBWB,MAIN,MAXR,MGPI,NNDM,OFED,OXLCP,PBD,PEG,PFC,PQLC,PQSG,PTRS,RENN,RL,RRR,SBEV,SDP,SFY,SHSP,SOJC,SPVU,TCOM,TEF,TGP,TRX,TSEM,UFCS,USAU,VIXM,VSL,VVR,VVV,WIW,AGR,AMRN,B,ESGR,GURU,ITM,LGHL,MUSA,NAOV,NEO,NOW,ODT,ORC,SBSI,SDIV,SILC,SPEM,SPXS,VLDR,MASI,PFFV,SONM,ETO,VBLT,SWT,MICT
ACWF,2.1163607374242366e-05,2.5914405293087688e-05,3.5593178298518077e-05,4.613022891798202e-05,5.6657465367516654e-05,8.21723348107472e-05,2.9915111421235984e-07,3.747633127246759e-05,5.1714257632554e-05,6.777319933318554e-05,1.8862802653157016e-05,6.642255958287317e-05,-3.368150179575224e-05,1.7260368908241843e-05,-5.369799028336924e-05,-0.00012041894459493118,-7.116243764566078e-05,1.848737235328887e-05,1.7122541941015738e-05,3.35711776547146e-05,3.3263411108769934e-05,2.7572766029496386e-05,1.5331070496633073e-05,5.18961835467156e-06,1.765972260705441e-05,1.0060199495378555e-05,2.1215175962805253e-05,-6.607831479607082e-05,6.04527712003747e-06,0.00017397408137224623,5.672524809689188e-06,-4.0205682724911346e-05,1.0241706115836645e-05,3.2789421874567975e-05,4.1774557602596864e-05,6.021045929326428e-06,3.386586021737671e-05,-6.4262646567344135e-06,7.001846605052542e-06,1.8004326049739588e-05,-8.025831648280524e-06,-5.48590050009861e-05,4.3655627460464454e-05,0.00014081905940030264,0.0008847084012817213,6.225071455482695e-05,2.212021035203032e-05,5.646619610047558e-05,2.5431382958941713e-05,4.0635143849760604e-06,6.305446647222213e-06,1.6371708137122687e-05,0.00011512758202670726,-0.00012278624829128803,-2.50033279411886e-05,-9.89025149043055e-05,-7.832835540912859e-05,9.904959118251782e-05,1.743689071312402e-07,2.971902854237893e-05,2.419474341697872e-05,5.919087851783862e-06,-0.00015532511790641108,-4.1137452835335157e-07,5.892352644360715e-05,0.00011383370477327955,1.710162161239109e-05,2.6723886245111276e-05,6.977437021053958e-05,4.6081897179249236e-05,0.00012010288285780162,4.5356485238384105e-05,2.0431077323592446e-05,2.747672526640802e-05,2.135126300905829e-05,-2.5808688687235516e-05,-2.4177634926325463e-05,6.574415644531448e-05,-6.890086757766878e-07,3.602793403376872e-05,0.00018006305688163336,2.9401194558275918e-05,0.00016717402542367393,2.5961103442147732e-05,-3.729617326151038e-05,0.00013957876396148707,-6.679152527456362e-05,1.7101450490339694e-05,4.328648604628235e-05,-2.153599677509442e-05,3.5190558727431475e-05,0.00014189204346682103,-8.396436422127816e-05,-2.0650360628816313e-05,4.254452261239246e-06,3.187505886625241e-05,3.733817727788196e-05,0.00011387439901768313,-1.443286503801121e-05,3.455009894896163e-05
ADI,2.5914405293087688e-05,0.00010019433674740445,4.9862893269839436e-05,6.671141203425469e-05,0.00010476303848113721,0.00014024641146566052,-6.541692114353962e-05,5.613723031510366e-05,8.235601582905778e-06,5.0483087058343334e-05,-1.0350295048619125e-07,0.00031233205692835376,5.8981873833521326e-05,6.53097320946763e-05,-1.5643977342206506e-05,-8.697005558776802e-05,-8.693355803369638e-06,2.4457932105651633e-06,-1.5023313228907726e-05,0.00016387219460847814,4.623194955228648e-05,4.25019481512918e-05,9.500211238485624e-06,7.288592502184863e-05,2.2799663521426008e-05,8.39770582958644e-05,4.687169464128767e-05,-0.0002562410048965402,-1.4541065690125731e-05,4.670534909594936e-05,2.9433599538258402e-05,-3.265353070473053e-05,-3.69551951573392e-05,-1.955335342535241e-05,7.434605441160087e-05,5.0510242019281354e-05,-1.7219948422033904e-05,1.0658084786992499e-05,2.6325660746041275e-05,1.5071672110622994e-05,6.494001698153692e-05,-1.1335413279517582e-05,0.0001751748727053437,0.000148457247433557,0.00023413954418097292,0.00016952121055955016,-3.270521751493059e-05,0.00010971805722354431,-6.924523098603196e-05,0.00017550741541587286,1.023372984674775e-05,3.236956552673494e-05,0.0006308636892096927,0.000249609852918124,-1.7842815762348076e-05,-9.330084850468476e-06,-7.964650993425251e-05,9.557465681138004e-05,9.078804140234073e-06,0.0001270801612886239,-2.215568021601773e-05,5.1650626114603396e-05,-3.583970879755691e-05,3.818616958549052e-05,1.3696652494531639e-05,-4.5647539560552994e-05,7.909964710670991e-05,0.00017630170593298713,0.00021363477329393099,8.359899468556217e-06,0.00038608357523015275,3.5438718312559874e-06,3.561988305024433e-05,-3.512610967726185e-05,-1.4166184895742386e-05,5.8707492279069693e-05,-1.982979513338035e-05,0.00011061809659232964,-5.197660143228908e-06,-1.4025977121723105e-05,-6.974815850878226e-05,9.733012819734179e-05,0.0003836452482361989,-6.379635439153273e-05,-0.0001220275039698222,-8.929806369642162e-05,-2.2837404106825288e-05,9.947495244699537e-05,6.891124330709281e-05,-0.00010487971682363853,3.6367075374203934e-05,-5.413848312005069e-05,0.0006255793428337735,-4.512481199481499e-05,-2.8242773314477888e-05,0.00013339706779693267,5.3383704083687864e-05,-6.487246038558192e-05,5.955870561303675e-05,0.00028803227329318964
AFTY,3.5593178298518077e-05,4.9862893269839436e-05,7.254924880321983e-05,7.377630607322993e-05,9.43631387212164e-05,0.00024031158487608953,-1.4548406222590258e-05,6.959541316641895e-05,0.00011031311056356283,0.0001360379404791587,3.0010430738027988e-05,6.170361215123002e-05,-5.13761396535668e-05,2.3492302340172525e-05,-3.8231688526541385e-05,-0.00010769225123913492,-0.00018278796434403977,4.6851331828164504e-05,1.8030907287860013e-05,0.0001224101685962866,5.416869320994816e-05,5.162123319084539e-05,3.121336038388219e-05,-6.826196311897624e-05,5.5826844348468466e-05,1.81368526526626e-05,2.9569543120544135e-05,-2.0826140864767794e-05,1.8830744805806993e-06,0.00010489612051562647,-7.617941951204206e-07,-0.00010642659793930255,-5.842468758325719e-05,4.784516098802524e-05,7.084585474187379e-05,9.817959072161289e-06,4.805729530395502e-05,-1.539145021408303e-05,0.0001270512993233881,2.9774971307921128e-05,-1.4130783465056012e-05,-7.59246378946549e-05,0.00019346531318675938,0.0002537510817379109,0.001211411904528962,0.0001597175919586564,3.0477163347540395e-05,0.00012783223361819812,-4.585957398047494e-06,-7.232812178479238e-06,7.989360830735195e-06,3.816965617671948e-05,0.0002696079386247919,8.559087579394163e-05,-8.121312939512285e-05,-0.00017564726675740257,-0.00023147041842925926,0.00017824419868027463,5.25170848872654e-07,4.438252330151136e-05,3.469507051736081e-05,3.716410294185064e-06,-0.00020928921941021318,-6.409936940450206e-05,7.314996088425636e-05,5.6851147355263166e-05,5.3564505937220684e-05,2.224888866379779e-05,1.7874625919918677e-06,7.043371835481232e-05,0.00020313746406830523,6.390513580980071e-05,1.3019099090735744e-05,3.875191535024781e-05,3.339917710279357e-05,2.641283516246388e-05,-4.107916741508044e-05,5.6630676977460816e-05,4.872045017670434e-06,5.3009585337075894e-05,0.00012113499085573083,3.101874768159288e-05,0.0005045011623372836,3.9011360001834214e-05,-3.5828266122700153e-05,0.00048736293995720395,-0.00013353251865944827,2.8400613710871475e-05,6.633840450001612e-05,-3.6542029963618545e-05,6.143289239210587e-05,0.0002073007181577757,0.0002324575400787069,-9.961558185908741e-06,1.510643219130731e-05,7.937793937871373e-05,7.311268783250647e-05,0.0002689197644760345,-2.7906007254214692e-05,3.75360739458859e-05
AKU,4.613022891798202e-05,6.671141203425469e-05,7.377630607322993e-05,0.00010393531678593769,0.00013041483380617393,0.0001464589483819302,-5.641744754536466e-06,8.101369713522982e-05,9.337285246596423e-05,0.00013306360626627343,3.748734045187619e-05,0.00020716879770532674,-5.690885720965603e-05,4.7975927057570915e-05,-0.00012815806309350892,-0.0002884119058924774,-0.0001158609811299398,3.038322259659215e-05,3.487010425548799e-05,7.009172555950618e-05,7.421835436422663e-05,5.966373242064741e-05,2.957247030350682e-05,5.3793850377613234e-05,2.8477755665597437e-05,3.472895493130674e-05,5.250734618635338e-05,-0.00021188704189802057,1.2355517791265073e-05,0.0004219068284500747,2.0566055535922153e-05,-6.93645798554354e-05,4.2782052978374344e-05,6.32678632096941e-05,9.512277216637124e-05,2.123777871180569e-05,6.642827709377267e-05,-8.779162573693746e-06,-2.6598493445543566e-05,3.814944452720212e-05,-3.3923130513041963e-06,-0.00011562864137152215,7.069177808107057e-05,0.0002958737469942341,0.0018793487924595436,0.00013142357694261958,3.977054701306632e-05,0.00011772469102140676,5.5380321070269494e-05,4.596463995478937e-05,1.5233852257271255e-05,3.380303372063764e-05,0.0003119545104920572,-0.00030793188823578007,-3.679430610375965e-05,-0.00019121956779536445,-0.0001286545331597226,0.00020656681105869925,1.9318904300328986e-06,8.377543576833318e-05,4.549094625777811e-05,2.357259325192473e-05,-0.00033030396688134365,3.1106851806925874e-05,0.00012776749490138153,0.0002665544563078885,3.8338188684767786e-05,9.37428554851861e-05,0.00022110168158013968,9.430631001421516e-05,0.0003056265570945472,9.407655076108504e-05,5.4857074036479225e-05,5.006968561093112e-05,4.005306942830724e-05,-6.686708237199835e-05,-5.0725325980483424e-05,0.00017000839293142237,-4.670659119121188e-06,7.07267419206953e-05,0.00040987037861378047,8.266716843561455e-05,0.000310067734826053,4.069767079312849e-05,-0.00010597753333612938,0.00015708276470315715,-0.0001263587575380092,5.196896666812176e-05,9.982961065851727e-05,-6.13626053654521e-05,7.457812697630876e-05,0.00027932993816739174,-0.0001944070650746865,-5.838844787556527e-05,-3.9213959159475876e-08,7.686985226142537e-05,7.87651010798245e-05,0.00018003815909049147,-1.5726220859343507e-05,0.00012889628279255384
ASML,5.6657465367516654e-05,0.00010476303848113721,9.43631387212164e-05,0.00013041483380617393,0.00017140523563630112,0.00020656486864663938,-3.0096841673572792e-05,0.00010368835868734574,0.00010019675996186444,0.0001560164576927992,3.836313328641516e-05,0.0003217305631354902,-3.7014566774442817e-05,7.234215153803704e-05,-0.00013420247286621096,-0.0003218515255397833,-0.00012576141550777194,3.299318822539713e-05,2.9806633871161623e-05,0.00013450116474603076,9.267821916074083e-05,7.680179728508462e-05,3.4088367768813466e-05,7.688835778748947e-05,3.8927388155248715e-05,6.581506371208199e-05,7.035874747268856e-05,-0.0003041500230258329,7.00075256143383e-06,0.0004391457434086506,3.106627263521274e-05,-8.51827088770094e-05,2.6315476223185345e-05,5.754954665302589e-05,0.00012435360954082274,3.988444844686643e-05,6.153838926206809e-05,-5.464559127049965e-06,-1.1204863594220432e-05,4.454841367488258e-05,1.9738782411552166e-05,-0.00012186352266017964,0.00014230169527656525,0.0003580159528426171,0.0019979241919986968,0.00019887889516369224,2.8740589889132972e-05,0.00016210611392882197,2.9328871433558565e-05,0.00010925120903745284,1.9158952199229857e-05,4.692602354535169e-05,0.0005507371869617689,-0.000209910770647926,-4.644882676509e-05,-0.00020026419964440563,-0.00016643706821944178,0.000247052009965163,5.249226660564251e-06,0.00013122876306323505,3.8436199576145834e-05,4.2346970845105525e-05,-0.0003490480187943692,4.194789020813231e-05,0.0001346187102574765,0.0002495993106646848,6.914212313487356e-05,0.00015810372756760215,0.00029688923019049833,9.943717791779559e-05,0.000452227634066486,9.716852024519937e-05,6.785886719159453e-05,3.840818292685974e-05,3.591518073524899e-05,-4.3597907030048816e-05,-5.92214986067071e-05,0.0002110915462799308,-6.308778400751954e-06,6.717318840075859e-05,0.0003854222250013098,0.00011869134381390177,0.00046879684988212307,1.8677190458702382e-05,-0.0001509859611003803,0.0001439853973148588,-0.00013917926516281842,8.89799064138133e-05,0.00012683224533305255,-0.00010060260438470764,8.974766205098376e-05,0.0002656648578312421,4.6068360792574175e-05,-7.469131009963398e-05,-9.694950786374967e-06,0.00012821779681944346,0.00010061020184256964,0.0001661514801516055,4.9705349963268315e-06,0.00023434772769313008
AYTU,8.21723348107472e-05,0.00014024641146566052,0.00024031158487608953,0.0001464589483819302,0.00020656486864663938,0.001142666133011139,-0.00011023237234547986,0.00019719464231523841,0.00039974997371391746,0.0004478985266259909,6.318280288666645e-05,-0.0001872410934257885,-0.00010466199342527393,1.462909263081359e-05,0.00020656081535079724,0.00029336014725510746,-0.000802483229527109,0.00020328094840676888,-1.5042155705701881e-05,0.0006460558965519187,0.00011381003171506587,0.00014827565324944243,0.00010521785760835653,-0.0006169220333729457,0.0002807926777338434,3.699678316913867e-05,2.9204216868714275e-05,0.0005069301460715553,-4.02169142773047e-05,-0.0008227935560703962,-6.548880555908349e-05,-0.0004744045425235468,-0.0005670361544573892,7.79232414974157e-05,0.0001631152947053313,1.3669808358963938e-05,6.893886336305642e-05,-6.531194271562785e-05,0.0009614676150169182,6.696501825053172e-05,-4.878950351318841e-05,-8.948975848019e-05,0.0011252037914676145,0.000688331438767038,0.001328760798607866,0.0006734954728078724,4.1192185460923875e-05,0.0004796910356728444,-0.0002695310608995515,-0.00012706230096875084,2.799897506251857e-06,0.00014798157657399915,0.0009830186481187336,0.0018313488346830018,-0.00041762126207103487,-0.00047838152809455897,-0.0011177514653724944,0.0004836877535004093,1.0825936512871598e-06,5.472583761677916e-05,5.383649475979006e-05,-3.51516281307297e-05,-0.0002065697321894714,-0.0005235897074520101,2.7570424689753723e-05,-0.0006214515128976331,0.0002583501901227429,-0.00010473468127979182,-0.0006900440873884063,0.0001294869415088511,0.00043574958134605575,8.416482588556186e-05,-9.596338117502765e-05,5.7522276122946904e-05,6.922628947534832e-05,0.0004523703695583667,-9.889700985582382e-05,-0.00018830767803563092,4.70851521167132e-05,8.794279528395884e-05,-0.0007296961692427805,-4.59144209983738e-05,0.0024351265653913103,7.894797195585653e-05,8.662129117452607e-05,0.0026392898634520546,-0.00044155465068384544,5.035581864648624e-05,0.00011288035416648634,-7.313408718390203e-05,0.00015604318205686432,0.0003342036381860006,0.002590501792900253,0.0001245116689317861,8.67509781351641e-05,0.00031753131110930696,0.00022757590436435867,0.0011055869904277181,-9.846742578770273e-05,-7.412361046328312e-05
BAX,2.9915111421235984e-07,-6.541692114353962e-05,-1.4548406222590258e-05,-5.641744754536466e-06,-3.0096841673572792e-05,-0.00011023237234547986,6.992638026059056e-05,-1.3506907012319485e-05,3.252439464893244e-05,1.3549224162204802e-05,2.2250376383643157e-05,-0.00016801496434763259,-9.385684882819937e-05,-3.5063432663367224e-05,-8.425618187375126e-05,-0.00012628567387959578,-2.4040219427549102e-05,6.55125256314432e-06,4.038053082055398e-05,-0.00015820157898642669,-3.119598405484445e-06,-1.1318948473307067e-05,4.450808938921302e-06,-1.992056180709588e-06,-2.0250873102811757e-05,-6.472473395536765e-05,-1.380053459545775e-05,8.832860406921358e-05,2.583888859125686e-05,0.00029065248964813754,-1.2322018409058005e-05,1.3527638989346329e-05,0.00010064414174021262,5.91882305010528e-05,-2.0550301465991816e-05,-3.8188830040071216e-05,5.948706796062904e-05,-1.3214926875987861e-05,-0.00010156819784716798,6.855422410367567e-06,-6.637775097817661e-05,-6.277867508332194e-05,-0.00019739934815319997,1.079104929755547e-05,0.0009763032479773112,-0.0001233589423806522,5.86871095458648e-05,-5.988840612220943e-05,0.00012521773994061166,-0.00014168190019655237,-2.0675416155844562e-07,-1.8685656103591936e-05,-0.0004922081190490204,-0.0005761913342615119,1.7401666954723808e-05,-9.423179154037143e-05,5.862892004746017e-05,1.5665759259160572e-05,-8.083119472944135e-06,-7.635860786878171e-05,5.102484373795196e-05,-3.490466432794454e-05,-0.00017863446364946314,1.2667267005301704e-05,7.232574668691011e-05,0.0002669718759308263,-7.013509275531293e-05,-0.00011088010519818611,-2.7405557772532472e-05,4.88157798463264e-05,-0.00021249930775633344,5.6263568452223633e-05,6.714447402417106e-06,6.732436557123554e-05,3.8150154797307126e-05,-0.0001329521898491988,-8.756431055278786e-06,1.4205847056812191e-05,-6.134170532193463e-07,5.80499629769421e-05,0.0003968709651195311,-4.060506907334064e-05,-0.00032363797684763294,8.914588990234268e-05,4.7604324564745096e-05,4.6155919146671475e-05,-3.7774360042374855e-05,-6.958753208738302e-05,-8.77665226485194e-06,7.001106520874454e-05,4.823834769815126e-06,0.00022873606546335124,-0.0009295257364875119,-1.0242559728166785e-06,2.3999061706996275e-05,-0.00010296440818253438,-1.399370940944311e-05,0.00012634328247416993,-6.643424482057227e-05,-0.00020352567948253076
BDL,3.747633127246759e-05,5.613723031510366e-05,6.959541316641895e-05,8.101369713522982e-05,0.00010368835868734574,0.00019719464231523841,-1.3506907012319485e-05,7.05112444899425e-05,9.65200866964256e-05,0.0001267790731337973,3.0121910249293307e-05,0.00011912198011043934,-4.646304913100092e-05,3.2722370175696285e-05,-6.552729361069062e-05,-0.00016270341363796025,-0.00014693332307533284,3.789684958474609e-05,2.1465033071529746e-05,0.00010323266213133802,5.866742049222994e-05,5.220010921740246e-05,2.8677760484899012e-05,-1.9455582706775446e-05,4.3535847874926555e-05,2.605303156876997e-05,3.696604950759087e-05,-9.382903553912421e-05,4.506644771060894e-06,0.00020306029648691125,7.666517291613228e-06,-8.74509782405212e-05,-2.231021819277022e-05,4.8278710219630856e-05,7.673115551500525e-05,1.5137758255384782e-05,4.955104324929348e-05,-1.1525358670635237e-05,6.785613099654652e-05,3.0900559951079156e-05,-6.500332417095432e-06,-8.357445480611113e-05,0.00014611047863932584,0.00025465526820029347,0.0013472481586436057,0.00014578655301569668,2.9643799225564413e-05,0.00011960434832952903,1.228312230768439e-05,1.8919987626949033e-05,1.0219679788587334e-05,3.525156977392138e-05,0.00029162473663026415,-3.889735145534371e-05,-6.110259626452084e-05,-0.00016749375919963505,-0.0001832989573589403,0.00017806119718822224,1.3657730689721506e-06,5.973546057317788e-05,3.45136255142613e-05,1.2337599481934468e-05,-0.0002343907080900765,-2.6044581968728305e-05,8.602683263243393e-05,0.0001192305381841931,4.803409330020789e-05,5.215190423434088e-05,8.359405479800634e-05,7.317124670871319e-05,0.0002388032852812858,6.899978299967982e-05,2.739898546571424e-05,3.7826586409263494e-05,3.232642858367433e-05,-3.5946293640154644e-06,-4.19605788175651e-05,9.458421768385642e-05,1.1156012576583332e-06,5.404959790548697e-05,0.0002033617692199216,5.006840681887941e-05,0.0004189564761639861,3.357635909166094e-05,-6.172377010003985e-05,0.00033666801554435555,-0.00012181230282155755,3.852460455068348e-05,7.535279328417762e-05,-4.6692038337063084e-05,6.264015522634389e-05,0.00021230255971114252,0.00010291488103547641,-2.7184424276764484e-05,7.645947341221838e-06,7.852112574136493e-05,7.173194021744248e-05,0.00021573312355396544,-1.8975718220148245e-05,7.793524187324797e-05
CBMB,5.1714257632554e-05,8.235601582905778e-06,0.00011031311056356283,9.337285246596423e-05,0.00010019675996186444,0.00039974997371391746,3.252439464893244e-05,9.65200866964256e-05,0.00023724650184889115,0.00025045175530810497,6.573263426830475e-05,-0.00019045224735884486,-0.00017214293933139264,-1.584411713190298e-05,-6.02293047962355e-05,-0.0001336271434185388,-0.00040180163920290276,0.00010270412997094325,5.3299810385547905e-05,0.00011144910988972446,7.151240686914583e-05,7.076833093210564e-05,5.9643873324903264e-05,-0.00023563042641789648,0.00010319703746063553,-4.563007540080088e-05,1.621219852829861e-05,0.0002289941817955556,1.7728015502636986e-05,0.00015472572919073764,-3.321730574827479e-05,-0.00020611852865716856,-0.00010183567955483092,0.00012388592115228445,7.980895542996757e-05,-2.999520731660625e-05,0.00012173453966717734,-4.533851032687562e-05,0.00026922699773698034,4.9922177163104866e-05,-9.733159922950706e-05,-0.00015268839774968112,0.00026396166562619745,0.0004082043635035445,0.0023795330735479595,0.000185964382109288,9.925381943090046e-05,0.0001736474918493402,5.3491342202521006e-05,-0.00019692749700517246,6.71510589112105e-06,5.237103946748576e-05,-4.008126218422307e-05,-2.3151269338878087e-05,-0.00016592170242311685,-0.00037747150556889707,-0.000441777967554783,0.0002955829611260095,-8.069777469430795e-06,-3.2977261931302216e-05,9.7865050011228e-05,-4.543518570449982e-05,-0.0004151809436350844,-0.00018908954061625646,0.0001427594140150801,0.0001513214939837004,4.0627290976828416e-05,-0.00013430008904954184,-0.00023110450592107222,0.00014504764249308137,5.2449399114747774e-05,0.00013483612926117454,-1.091473161810826e-05,0.00011977867456014595,8.739246600735135e-05,8.512489639368306e-06,-7.002389093516862e-05,3.5035436111655245e-06,1.689283503223558e-05,0.00012954543530808052,0.0003100093424579359,-3.388927732685538e-05,0.0007495851956858032,0.0001499997448378532,4.977372200836267e-05,0.0011985537761450634,-0.00027301335276293546,-3.913527155359047e-05,7.440621804440093e-05,2.6671662074982135e-05,9.811691036521725e-05,0.0005056276921540701,-7.195238827273267e-05,2.7828518559141785e-05,6.314413884335839e-05,4.2075244944888475e-05,0.00010760717244285721,0.0006680261967831285,-0.0001225317479498804,-0.00021434986539848303
CELH,6.777319933318554e-05,5.0483087058343334e-05,0.0001360379404791587,0.00013306360626627343,0.0001560164576927992,0.0004478985266259909,1.3549224162204802e-05,0.0001267790731337973,0.00025045175530810497,0.00028422132654756186,7.227768157048412e-05,-4.413258251379481e-05,-0.00016355305560577106,1.4480587318873708e-05,-9.759748245471253e-05,-0.0002297791280019182,-0.0004104520604082287,0.00010519396751571237,5.648815464131788e-05,0.00016227173904708093,9.91986099772904e-05,9.334166140531912e-05,6.647906342427046e-05,-0.00018673162232261855,0.0001097785861672245,-1.2875239291677366e-05,4.142580764477921e-05,9.155204054895236e-05,1.6813695537951744e-05,0.00027963381733335795,-1.8070363830744163e-05,-0.00021998821806643558,-9.069607573891876e-05,0.0001295775473135339,0.00011958455257263551,-1.001541011574929e-05,0.00012904635256698246,-4.2363082314759624e-05,0.0002489186486946591,6.124593073348871e-05,-7.668342009026917e-05,-0.00017900266405991046,0.0003070820830706404,0.00050185453204836,0.0028257459188064334,0.0002511059076746573,9.665909215195268e-05,0.00022180652433688086,5.024092083847174e-05,-0.00012936258359273149,1.3116763288232811e-05,6.622607520389448e-05,0.00020027739906736914,-5.5128737413459944e-05,-0.00016950934745390636,-0.0004102292206827282,-0.00046781058222761186,0.0003583779257395818,-4.852098193817916e-06,2.3344048358091666e-05,9.948807864703678e-05,-2.3440782850768978e-05,-0.0004925896713258363,-0.000158094051172632,0.00017389038327543489,0.00020923993693916794,6.739665880193376e-05,-5.672619776189806e-05,-0.0001006076584078757,0.00016489530179583504,0.00022818316700019955,0.00015420824325392717,1.426631359884089e-05,0.00011826144151370405,8.996769142195367e-05,1.6757659496428317e-06,-8.478151092126322e-05,7.902901618075169e-05,1.3152786453508662e-05,0.0001383274847925808,0.0003938546747102996,1.5313081636261184e-05,0.0008781500896634915,0.00013702815789027922,-1.310465156391708e-05,0.0011420523740262585,-0.0002968799623513583,1.8424765706507272e-06,0.00011469321683095225,-1.7472780235249623e-05,0.00012180805883471071,0.0005410136975301318,1.961741686449061e-05,-1.7493742070897847e-06,5.228543917412752e-05,9.26503886100463e-05,0.0001358046300693772,0.0006604094428845818,-0.00010503897679361308,-9.513571023873182e-05
CI,1.8862802653157016e-05,-1.0350295048619125e-07,3.0010430738027988e-05,3.748734045187619e-05,3.836313328641516e-05,6.318280288666645e-05,2.2250376383643157e-05,3.0121910249293307e-05,6.573263426830475e-05,7.227768157048412e-05,2.468856163270116e-05,-2.1517987561808366e-05,-6.411814590986531e-05,8.555853575679285e-08,-6.321452312051898e-05,-0.00012476518647571713,-9.241686198902683e-05,2.3923248925624635e-05,2.720150504912544e-05,-9.807925156885411e-06,2.770475141923113e-05,2.1765823635789548e-05,1.702166493655033e-05,-2.0766716333910945e-05,1.6232594493356134e-05,-1.5500562308784832e-05,1.1553230701521349e-05,4.16489985199478e-06,1.2609439404903651e-05,0.00020551751227592982,-2.988297152754093e-06,-4.283380751655562e-05,2.346588477747181e-05,4.939449139146769e-05,2.9320368939117067e-05,-9.398078487444834e-06,4.9951899226093445e-05,-1.2221232674619494e-05,4.117377616383273e-06,1.8415036132698236e-05,-3.2747067366178706e-05,-6.743331834854902e-05,1.3906002373221427e-06,0.00013428864669824063,0.0010694904352870774,2.5458337916701842e-05,3.993487171484979e-05,3.757520421797287e-05,5.5378566093942695e-05,-5.5185578983485864e-05,4.670930205406045e-06,1.0741491615390127e-05,-6.233966997946859e-05,-0.0002362275918282136,-2.799516610443133e-05,-0.0001266983823174655,-7.879194916241372e-05,9.747403985576595e-05,-2.868765322220545e-06,-4.72153085712696e-06,3.906948070231701e-05,-1.0124799810579147e-05,-0.0001894519376878256,-1.577120695666452e-05,7.16214167938626e-05,0.00016013401656015964,-3.7997095809440917e-06,-2.6065814842208175e-05,1.4384484972395953e-05,5.726979202513489e-05,2.533517024275815e-05,5.7784802297291835e-05,1.3852653537165214e-05,4.775521271082548e-05,3.273111512660323e-05,-5.149940465552239e-05,-2.4906778835635045e-05,4.644908979635558e-05,1.0816156858535407e-06,5.173706657352591e-05,0.0002535296346302973,4.597815842662163e-06,9.544681372241132e-05,5.5671654957704854e-05,-6.203810506232816e-06,0.00022205411088406374,-8.04177603169295e-05,-1.1630609103351841e-05,3.291846508358325e-05,7.646124642384997e-06,3.37412703966958e-05,0.00020333366037735288,-0.00031116329411599235,-1.0771686732805603e-05,1.5505662473136408e-05,-2.9830324743193347e-06,3.101111116613971e-05,0.00017402391496874328,-3.940303687890557e-05,-5.3954301322243746e-05
CIH,6.642255958287317e-05,0.00031233205692835376,6.170361215123002e-05,0.00020716879770532674,0.0003217305631354902,-0.0001872410934257885,-0.00016801496434763259,0.00011912198011043934,-0.00019045224735884486,-4.413258251379481e-05,-2.1517987561808366e-05,0.0014063595741800588,0.0002555159413904957,0.00025958115009683545,-0.00027855950620732096,-0.0006986657320685247,0.0004545580345470427,-0.000113622427631068,-2.381450059432667e-05,0.00019812442541492767,0.00013635497929096547,8.988462008662285e-05,-2.0081757558344305e-05,0.0007291829742116009,-9.354384046070136e-05,0.0003048351312467633,0.00018426461085951603,-0.001424302886870969,-1.8204073196452565e-05,0.000998423875049841,0.00016635720249434674,0.00016679767150848675,0.00028311597446346404,-8.781165868943742e-05,0.0002184123130197709,0.00018951727644064495,-7.106569982097644e-05,7.927395879988601e-05,-0.0005861387056652809,3.2182839880372584e-05,0.000271113933992568,-4.9700221151871096e-05,-9.228371365207496e-05,0.000248697712946021,0.0010789310088079743,0.0002370416349650557,-0.00012502350775204097,0.00014281691421402955,-3.4655691877383455e-05,0.0007627697501720895,4.4995182611744735e-05,3.708988076278532e-05,0.0018317628320438728,-0.0005371414058773507,0.0002017045512525611,0.00018172588864608362,0.00040406066552194,0.00014171628126169873,3.387612441201023e-05,0.00048107734223821824,-9.145477381785672e-05,0.00022900503493416792,-0.00018876186275139768,0.0005228172184469604,0.00010871053886569106,0.00042432920363841997,0.00013547504606661987,0.0007791360632315061,0.001399909967885818,-1.925224944585118e-06,0.0013055467521778732,1.1631191311633989e-05,0.00023106097745524988,-0.00013903845143240683,-7.598147424034094e-05,-0.00013798419394228054,-3.51784352407441e-05,0.0006412372998616454,-5.464948899298176e-05,-6.987706825416344e-05,0.000497388917135451,0.0004405931195439472,-8.788256618810962e-05,-0.0002652343207449589,-0.0005739646703227825,-0.002065063056487517,0.00014567170046025381,0.0003631189359070289,0.00023608591092094016,-0.0003729213973445369,7.09179064238058e-05,-0.00026224307164484544,0.00039044356909621755,-0.00028803334013116253,-0.0001642910689386697,0.0003178454218063148,8.653510198521422e-05,-0.0008970935592065334,0.00027828007853730833,0.001190936476604408
CMA,-3.368150179575224e-05,5.8981873833521326e-05,-5.13761396535668e-05,-5.690885720965603e-05,-3.7014566774442817e-05,-0.00010466199342527393,-9.385684882819937e-05,-4.646304913100092e-05,-0.00017214293933139264,-0.00016355305560577106,-6.411814590986531e-05,0.0002555159413904957,0.000201594974709085,4.030475395527621e-05,0.00014343373293596539,0.00025126361557152143,0.00025086099904235226,-6.468585341832874e-05,-7.751818314368002e-05,0.00010857605235788369,-4.414611694184055e-05,-3.252794981166557e-05,-4.0007338811701885e-05,0.00011605264784253138,-3.4811867745407026e-05,9.062677677037575e-05,-5.760881258836039e-07,-0.00018596711764448185,-3.9713076988136316e-05,-0.0004645042101303913,2.789767298867847e-05,0.00010131798227669985,-6.572443024584612e-05,-0.00013899408309936623,-3.203090387871668e-05,5.4949329847650216e-05,-0.0001386729928466582,3.9384476475288215e-05,-2.196777162387525e-05,-3.890701974030204e-05,0.0001246533471131776,0.00016541715897549543,7.344297795155901e-05,-0.0002653983508653652,-0.002586782332478672,2.2457032987129625e-05,-0.00012233155918426388,-3.9904714579509825e-05,-0.00017507329008442665,0.0002528017536375497,-5.434632844607982e-06,-1.109460954372291e-05,0.0005238844188367921,0.0006981914992808744,7.155620108475675e-05,0.00032736755650392005,0.00018125846594647536,-0.00019981370510610728,1.2888892645538367e-05,8.997393907897837e-05,-0.000113906257302679,5.892223051661468e-05,0.00046092029960999775,7.898198355921002e-05,-0.0001726796824132614,-0.00041394096574500015,5.161750781735219e-05,0.00017927539153557234,0.0001178673129603966,-0.00014284306203880042,0.0001654957190533352,-0.00014583571678802033,-9.766460243573268e-06,-0.00014403124102948302,-9.337626427146896e-05,0.00015334867646982643,5.321396059974162e-05,-4.217719531116419e-05,-7.360199112468286e-06,-0.00014172384153423407,-0.00066121308312238,5.0780938907527286e-05,-7.11225099718877e-05,-0.00018257979355287292,-6.340879753074233e-05,-0.0006926220737197161,0.00020121114614738683,9.020226295771757e-05,-4.303626621131524e-05,-8.288570455538414e-05,-6.677542375023832e-05,-0.0005560421007102477,0.0011005426546321058,-4.790246210038131e-06,-5.931191544615502e-05,8.187355863095807e-05,-5.131783298345671e-05,-0.0005114653591559781,0.00013950198454203461,0.00031870300425528855
CSA,1.7260368908241843e-05,6.53097320946763e-05,2.3492302340172525e-05,4.7975927057570915e-05,7.234215153803704e-05,1.462909263081359e-05,-3.5063432663367224e-05,3.2722370175696285e-05,-1.584411713190298e-05,1.4480587318873708e-05,8.555853575679285e-08,0.00025958115009683545,4.030475395527621e-05,5.017059615170886e-05,-4.905044626774735e-05,-0.00012986310599166244,4.822919918403123e-05,-1.1892070952277862e-05,-3.3479178636097907e-06,6.329919063692165e-05,3.2482285856119095e-05,2.4605971515360404e-05,1.5493254088919032e-06,0.00011293893657341056,-5.435649470458434e-06,5.8681104954522804e-05,3.713839552286532e-05,-0.00025123917363499646,-4.2639888708042805e-06,0.0001710768582213282,2.892435749118665e-05,9.83114618456621e-06,3.2707739593486786e-05,-1.0336868587922636e-05,5.025356929298821e-05,3.6120975185776165e-05,-7.464911262434803e-06,1.168704573505152e-05,-7.280080480924443e-05,1.0076969828277929e-05,4.7627243794476994e-05,-1.7591073586208394e-05,2.7950434641071942e-05,8.424435388064671e-05,0.0003308480481064981,7.418469947855953e-05,-1.9556900455621024e-05,4.9161736100033126e-05,-1.3832096343411343e-05,0.00013686600170863264,9.016619453117065e-06,1.3778806968222873e-05,0.00038541236495210626,-4.4257745696841806e-05,1.9779061046518174e-05,6.946837956671257e-06,2.6747625945966886e-05,5.3094567123592374e-05,6.322575594033685e-06,9.377212129620298e-05,-1.269252803381731e-05,4.16404428759632e-05,-5.6991478578216726e-05,7.76328173905114e-05,2.6636124927812026e-05,6.656077699374591e-05,3.606260401681049e-05,0.0001428296583567097,0.00024041204921887422,8.673047608993474e-06,0.00026862465227375825,9.464253695576062e-06,4.116878299414891e-05,-2.105351136654689e-05,-9.536749487226437e-06,-1.1489453004003239e-05,-1.2371284805844114e-05,0.00011793635691926619,-8.461576208170115e-06,-6.351093253435387e-06,8.234601822660363e-05,8.25921074519984e-05,8.799130237658316e-05,-4.376154976931985e-05,-0.00010652411454547975,-0.0002729332433883463,4.62623073644561e-06,7.060909334055787e-05,5.1837406434704636e-05,-7.366669116610526e-05,2.209377692217646e-05,-2.3057507260225096e-05,0.0001585928467079812,-5.069035328081606e-05,-2.6838309069488975e-05,7.333728687002039e-05,2.778622905917448e-05,-0.00011506636249746987,4.6545344887893644e-05,0.00022085694730446153
CSSE,-5.369799028336924e-05,-1.5643977342206506e-05,-3.8231688526541385e-05,-0.00012815806309350892,-0.00013420247286621096,0.00020656081535079724,-8.425618187375126e-05,-6.552729361069062e-05,-6.02293047962355e-05,-9.759748245471253e-05,-6.321452312051898e-05,-0.00027855950620732096,0.00014343373293596539,-4.905044626774735e-05,0.00035905808764930344,0.0006998022229011141,-3.7620982114821376e-05,7.3526127718128395e-06,-9.904880001555692e-05,0.0002190628940541055,-8.930480791913559e-05,-4.6128646098524145e-05,-2.1067417201678745e-05,-0.0002902090392034301,5.805030339010095e-05,5.927570353990842e-06,-7.0003019078771e-05,0.0004563899008317755,-5.598300001556831e-05,-0.0012391427604314079,-4.64051618224127e-05,-4.394930673900028e-05,-0.0003409720671199355,-0.00013404388025344723,-9.504920380390404e-05,-4.244361048757487e-07,-0.00014266239512365019,5.234470110998028e-06,0.00044074243976929405,-5.0257970564762406e-05,4.572072417435784e-05,0.0002240295261450046,0.00040514767522826703,-0.00029989351104093794,-0.0036448439200459414,9.249085638789433e-05,-0.00010474931020443067,6.801685546861683e-07,-0.0002875485543513663,-1.9613711528039875e-06,-2.5315114478528617e-05,4.741511567987247e-06,0.00018816252394391028,0.0016055137170999667,-8.532613908644093e-05,0.0002560552250179109,-0.0001861881075796905,-0.00021517368001860667,3.767497185263596e-06,-6.358932703684361e-05,-0.00010417336476632662,-2.2941507257193795e-05,0.0006551788088525669,-0.00023311863713462163,-0.0002729906762930006,-0.0008853573109132199,7.549353219841507e-05,-0.00010331840456048444,-0.0005823189103280504,-0.00016252398234209198,-0.00021124426823773565,-0.0001829562947107435,-0.00013155626414028155,-0.00012456067969894845,-7.902074708984497e-05,0.0003728068610917655,6.335041367209432e-05,-0.00036704619532781165,2.376891932691213e-05,-0.00014278539444428657,-0.0012772122327066532,-0.00012400736310345142,0.0005180108354002436,-0.00011968929609069324,0.00017164028243027695,0.0005392697832803258,0.00010830185331163967,-1.556507995211869e-05,-0.00012923622685351386,2.414732436717638e-05,-8.297485469327114e-05,-0.0005677037321273073,0.00194908515545131,0.00014210547136731953,7.920309821796946e-06,5.528223333536979e-05,-5.1439854966895546e-05,-6.156231279101476e-05,5.1134831855635145e-05,-7.68133127015337e-05
CUK,-0.00012041894459493118,-8.697005558776802e-05,-0.00010769225123913492,-0.0002884119058924774,-0.0003218515255397833,0.00029336014725510746,-0.00012628567387959578,-0.00016270341363796025,-0.0001336271434185388,-0.0002297791280019182,-0.00012476518647571713,-0.0006986657320685247,0.00025126361557152143,-0.00012986310599166244,0.0006998022229011141,0.0013967182495133222,-4.400215289140694e-05,6.786783779066171e-06,-0.00018424379609619364,0.000320560031087592,-0.00020120232557545997,-0.00011638292344120154,-4.913302755668803e-05,-0.0005832470512629589,9.234583772478852e-05,-3.3413747353680244e-05,-0.00016142223377148108,0.0010052951989507918,-0.00010000815475236466,-0.002407914042813703,-0.00010355244993012776,-5.386123470054432e-05,-0.000626161068684095,-0.00025275710830555023,-0.00022854431093878659,-2.7590177411665706e-05,-0.00027045238882722304,6.617733165391867e-06,0.0008135603899645633,-0.00010761023675663353,5.6499109892090235e-05,0.0004441463061985365,0.0006617096737951018,-0.0006814946481596674,-0.007248064355791378,7.072911829920689e-05,-0.00018782562423995207,-7.060855436279307e-05,-0.0005145866540527623,-9.146317776281582e-05,-5.463378439745799e-05,-1.2202348428146374e-05,6.5825166368412755e-06,0.002934633902345056,-0.00014375925611534104,0.0005172739964386578,-0.0002861301596973527,-0.0004829521777069864,2.5549515258199384e-06,-0.00019157361517531708,-0.0001925962136090008,-7.045964181976183e-05,0.001298627230971738,-0.00045703009165560897,-0.0005386557890913117,-0.0016781899625276154,9.757547002735642e-05,-0.00028958973993927346,-0.0012222530492161056,-0.000324259489800629,-0.0006253741096742891,-0.0003600767735745396,-0.00027137046263373194,-0.00022557470168449784,-0.00014834103169713908,0.0006802130472646755,0.00013652114190303228,-0.0007654282669403315,4.747242309228351e-05,-0.0002729399036952144,-0.002424028395291865,-0.00029041815646310405,0.0007322191443662183,-0.00020180747270790524,0.00039464635514685205,0.001013974521146092,0.0002359729296695682,-8.368645341646142e-05,-0.000290626051262049,0.00010388672397802133,-0.0001850463852225748,-0.0010855635355364922,0.0033831298534410877,0.0002959598830811604,2.7468952848325932e-05,2.8151364466497715e-05,-0.00013481373606866968,-0.00011971796156292987,7.135303705491983e-05,-0.00029728336709970027
DENN,-7.116243764566078e-05,-8.693355803369638e-06,-0.00018278796434403977,-0.0001158609811299398,-0.00012576141550777194,-0.000802483229527109,-2.4040219427549102e-05,-0.00014693332307533284,-0.00040180163920290276,-0.0004104520604082287,-9.241686198902683e-05,0.0004545580345470427,0.00025086099904235226,4.822919918403123e-05,-3.7620982114821376e-05,-4.400215289140694e-05,0.0007372041888992593,-0.00018751698151471825,-5.548370594473489e-05,-0.0002896451007329817,-9.231834122059855e-05,-0.00010851292354038434,-9.862441799935716e-05,0.000541063478839683,-0.00020905036999471885,7.936175642020423e-05,-8.06218750910575e-07,-0.0005961915198564461,-9.070719553860651e-06,0.00022531017918138923,7.845849125185929e-05,0.00038826075313296384,0.000321580439482903,-0.00016807391457822205,-0.00010496145348662476,5.3936194264462216e-05,-0.0001607131319561411,7.930418124805515e-05,-0.0006628307526515404,-6.931292634839245e-05,0.0001561329958593864,0.00018334206286046758,-0.0006392849248855713,-0.0006119404820578334,-0.0027950254205112183,-0.00037211607322205524,-0.00013568669826834884,-0.0003125370746013393,2.088900634452877e-05,0.0003541652152608338,-1.80593307034718e-06,-9.610044358300063e-05,-6.020210623029949e-06,-0.0006112928130576516,0.000332813502883073,0.0005741835525160672,0.0008695636718177393,-0.00044388406649268,1.2945134878686415e-05,8.476251950285291e-05,-0.00013345211909663674,9.082143853623347e-05,0.0004798524627821859,0.0004343393911284155,-0.0001456180229510185,8.79295331360041e-05,-0.00010386254922420036,0.00028282095187148103,0.0006512505079321054,-0.00019459413007419623,-9.385444460959254e-06,-0.00016793458003452544,7.296654928838528e-05,-0.00016450805074598733,-0.00012487518677459082,-0.00016689905618842002,0.00010012176696564748,0.0001425435485647118,-3.999388229445358e-05,-0.00017470468048674716,-3.792115770050811e-05,0.0001110215729430595,-0.0015581592557720012,-0.00022071168096927186,-0.00015884963982392916,-0.002372245611877851,0.00044656901891987073,7.638544855378984e-05,-8.135203542268858e-05,-5.746568456224774e-05,-0.00014266418475717066,-0.0006776650617679148,-0.0006641411023980521,-0.0001076165613044797,-0.00011659471574769016,-9.838971437115072e-05,-0.00017256922655919585,-0.0011750377830501073,0.00019922294153472956,0.0004155932145874432
