,AIT,BBMC,BPTH,CAI,CHAQ,DAR,EHTH,EVI,FBK,FLOT,GLYC,HEQ,HMC,IBTH,IEV,IMXI,LDUR,MKD,MUSA,PLOW,SIM,SMG,TECK,TRMD,UNVR,YELP,ADC,ALL,AMP,ATRO,CHEK,CNFRL,HOPE,HYDB,ICVT,IHIT,ISIG,LYRA,LZB,MDXG,MOTO,PALC,PUI,SGRY,DFPHU,LAIX,PAE,VNDA,EFL,HMY
AIT,0.0002068170575056563,1.064930658301473e-05,-0.0003759728807513072,0.0006669482420619437,3.724942261518056e-05,4.117085954850291e-05,-9.425739636945397e-05,-0.00016350783860300303,0.0002255799477195342,0.00011303977906347909,6.021250141151284e-05,8.71153112280514e-05,3.2382820933529125e-05,0.0001168823962043895,4.183559734808954e-05,0.00014632317240998246,0.00011432266471772861,-0.0002951975212068943,0.000118247366401801,-2.574519163003012e-05,0.0003057607141903853,-0.00014665713020769368,9.926087289369116e-05,5.0176494052208136e-05,2.7693140568946315e-05,9.503689454392491e-05,5.309003036093091e-07,8.62325232417414e-05,0.00012453536624888528,0.0004274526269994585,7.523395012659924e-05,9.732103723875189e-05,0.00018243342776803063,0.00011025289123581277,-5.1788887203729455e-05,-1.7509196684442927e-06,5.094349750661283e-05,0.00017639925599080252,3.676621542777942e-05,0.00023151809245251152,-5.019234547878356e-05,-6.337318177682138e-05,0.0001491021883307268,-8.16708753541229e-05,4.438403661612433e-05,4.93998991717999e-05,-2.5891287380573304e-05,0.00020084782321878747,7.472823117626531e-05,-0.0002743492666858055
BBMC,1.064930658301473e-05,4.729828993104741e-05,0.00010232612591126681,0.0001338219486884316,-1.8628617316289664e-05,-8.355105488539747e-06,0.0001339498176657556,7.674918386932437e-05,6.811719428177597e-05,2.4894488030962487e-05,0.00016548872104168663,2.9539676355305383e-06,-4.863569631890938e-06,2.387535068701663e-05,-2.3982284475145607e-05,7.74217619319495e-05,2.2794285502308436e-05,-0.0001947621670366295,2.1192254693739494e-05,-9.525569621751956e-06,-7.098896465059805e-05,-2.703833839998189e-05,-4.5502729650968516e-05,-1.0789577417682158e-05,6.307712214946568e-05,9.686540490116449e-05,3.831127214831542e-05,1.1842512407894064e-05,5.23932178752897e-05,4.881714553271801e-05,2.012896403454026e-05,7.690008335689041e-05,2.6816046442594476e-05,1.7321495823519163e-05,2.6586651224539513e-05,-1.1689801822025528e-05,8.777078898596189e-05,0.0001260624390863181,5.111714827757229e-05,0.00016629213890004965,7.617598160281393e-07,-5.103917884980371e-06,3.3241251053182484e-05,7.073874914572314e-06,-1.2887452416237188e-06,4.040545887092359e-05,0.00014689967869523654,-3.1230763378894376e-05,-3.448396464643049e-05,-3.498546616941731e-05
BPTH,-0.0003759728807513072,0.00010232612591126681,0.0014568468968148116,-0.001194295501476325,5.841380814976767e-05,-0.0002678298023516639,0.000611422390612953,0.0009852868493655745,-0.0002836961770876053,8.122227975678573e-05,0.0001264210452888245,-0.00010587317809270338,9.497089823685671e-05,8.889498720632838e-05,-9.180841234448976e-05,-0.0004910382201725415,6.66040914908665e-05,0.00025450676200387725,-0.00017560751219992612,0.00012901170882567486,-9.898258206185731e-05,0.00033652148367906853,-0.0009976171940427724,-0.00047022154835680636,-0.00015473353690044213,0.0002459527245914717,0.0002809729381442682,-0.00013783973101034612,-0.0002588683504922985,-0.0009670479647364847,0.0006294024237004483,0.00012804657263992751,-0.0002472062950698438,3.7699624715870396e-05,0.00014685395787872543,0.00016083313542438534,0.0006629939897382697,0.000181555289972891,5.455540385203384e-05,2.2971755566961476e-05,7.285646581290391e-05,9.512918528634253e-05,-8.460747415221849e-05,0.00023426067498417846,0.0002489608686826314,0.0003004790292639323,0.000380416610488375,-0.0005274555621052823,-0.00015846971895376553,0.0007045588022655196
CAI,0.0006669482420619437,0.0001338219486884316,-0.001194295501476325,0.004186609852113016,0.0002533247422780633,0.000288147948882109,-0.0002512015966584402,-0.001073700725824103,0.0007494939935880659,0.0001543718483134919,0.0005413270739867276,0.00016710148040043006,-0.00020071186885235864,0.00012573512405678083,-4.985665782242963e-06,0.0004089527954606885,0.00015877324422283864,-0.001097496412035351,0.0002761572389957829,-0.0004520749821348195,0.00013972319188218125,-0.0006395368680730312,0.0006685715976078595,3.154458510961719e-06,0.0006128605838507889,0.00026182517539522984,-0.0002675889474193973,0.0004053395937719612,0.0008008696924357013,0.0018180490378453848,-0.00012430698996394483,-0.00011135354301048195,0.0006776099082703018,0.00021269915139057423,0.00018690693939130707,-0.0003243686215012093,0.00033875884156754784,-0.0005314513090744869,0.00042641617413788975,0.00041106735766991494,-5.4229322316366304e-05,-0.00018443736371022814,0.0003069306522524024,0.0004574075083063103,-0.0001332437926354439,-6.241574093924102e-06,-0.0002850763144608926,0.0003447828309372054,-0.00012825547300269915,-0.0010913891741445546
CHAQ,3.724942261518056e-05,-1.8628617316289664e-05,5.841380814976767e-05,0.0002533247422780633,0.0011089410801633725,0.0006563087335327707,-0.0005440261935534572,0.00037582536077452797,0.0005938634407196131,0.0001749388792073099,-0.0007397370436612138,0.00011160626415585053,0.0005363296557152523,0.00014556260322832467,5.927664731624035e-05,-6.852635557831076e-06,0.00017872146492797935,0.00031114312757502417,-7.669541324041748e-06,0.0003003316209589023,0.00044235442465740353,-1.7357601915923615e-05,-8.832645961285864e-06,-4.194518367187566e-06,-0.00019060094961071629,-0.00017889684553736894,7.274573944661556e-05,0.00019347199807946065,0.00019429581273982017,-5.29149826328394e-05,0.001589684068266388,5.1165447826865084e-05,0.0006811930930778822,0.00021567855530130783,0.00014329586818758868,7.360681202125952e-05,-0.00031211650926032345,-0.0011130472454505824,-0.00018626482318861613,-0.00023954819045649567,0.00010150713512149306,-6.704821996044073e-05,3.5909147516754655e-05,0.00020879410340300642,0.00018714637250834938,0.0001442922386328389,-0.00010031548475491431,7.079203489235311e-05,8.45746343313301e-06,3.962615878061079e-05
DAR,4.117085954850291e-05,-8.355105488539747e-06,-0.0002678298023516639,0.000288147948882109,0.0006563087335327707,0.0006594421018301171,-0.00038836143901893936,-0.00018652987464400184,0.0005060585147157933,-3.987602768039223e-06,-0.00045067263327378096,6.990637764714472e-05,0.00025433390905313597,-3.231523951703982e-05,1.735944418106987e-05,0.00044494913830038957,5.212585122837074e-06,1.4183926505446189e-05,1.58929604342813e-05,0.0001434618138400762,-0.0004244597642255852,-6.417785953578401e-05,0.0002823322117044647,0.00026359028289284426,-5.70585698914655e-05,-0.0003141003302805495,-2.6168330396613888e-05,0.00014396986202108781,0.00023065281929672354,4.724687805965593e-05,0.00046881127237188375,-1.1201485234974121e-07,0.0005014760409703446,4.239512262649837e-05,7.396083790136464e-05,-6.10681540046141e-05,-0.0006434632058636936,-0.0008216580582264888,-0.00014721511161125902,-0.00010878243838812696,7.29542873624893e-05,-3.7189900420702116e-05,-1.5385916788073045e-05,9.099300508365034e-05,-0.0001070372299181986,-4.426753766091433e-05,-5.583905649154966e-05,0.00013115481616862514,1.361779860267766e-05,3.6674874708529995e-05
EHTH,-9.425739636945397e-05,0.0001339498176657556,0.000611422390612953,-0.0002512015966584402,-0.0005440261935534572,-0.00038836143901893936,0.001091866987142444,-0.00026901131518122497,-0.00025735585124527817,0.00024064781579362038,0.0006134235701714243,-1.5255018082839607e-05,-0.00016411686492347124,0.0002815373260647624,-2.2592979317699698e-05,0.0002869959142246111,0.00022576906061948186,-0.0010556856030479302,0.00026138551956485494,-0.0001781606116090905,7.159369695831364e-05,0.0001820298044576081,-0.00042991536491596366,-0.00020446081839779854,1.6563474207032305e-05,0.0003875857381440928,0.00020388504774207175,2.12325158117341e-05,1.971331241211624e-05,-0.00016858171925256607,-0.0006110881102140707,0.00020913879627689996,-0.00021583595414064174,0.00014711965626313745,-2.1403910927027516e-05,0.0002722749897024517,0.0002747975865895474,0.0010646264280148598,0.00046617665444813154,0.0002203923325502268,-8.486324177238914e-05,-4.658129413039375e-06,0.00012451700598532805,9.219278628226978e-07,0.00015262770593652366,0.0003927855055211104,0.0005913464850181529,-0.00018545774329765862,8.811003813782445e-05,4.54175820526242e-05
EVI,-0.00016350783860300303,7.674918386932437e-05,0.0009852868493655745,-0.001073700725824103,0.00037582536077452797,-0.00018652987464400184,-0.00026901131518122497,0.0021582639891642866,0.000205526371774397,-7.494403192557363e-05,-2.148928772931219e-05,-8.197229841129674e-05,0.0003380061502141739,-9.065270790796715e-05,-0.00013329514751056295,-0.0009948218426510964,-8.218518427409189e-05,0.000902257679614193,-0.0003967934053468478,0.0004031596143074748,0.00022312813426941518,-3.882671023591023e-05,-0.0005936144965016183,-0.00026240319435438667,-3.870837507256121e-05,0.00028691975273588725,0.0002911755461117213,-0.00019985095614058254,-0.0002338448057447738,-0.00048200171635642255,0.0014907999570659813,0.0003856694903245615,-3.2440028649737863e-05,-7.587703779926845e-05,0.00013013200903903212,-0.000140130834546049,0.0009464982499240364,-0.0001458341949419575,-0.0004898181478738634,0.0006743193492850042,0.00011468739855441294,6.594561207705335e-05,-2.536960529284557e-05,-0.0001285403080204381,0.0002005681160454399,-8.69925039359205e-06,0.0004110575124819162,-0.00021240156200408045,-0.0003621554039995389,0.00033577450368760936
FBK,0.0002255799477195342,6.811719428177597e-05,-0.0002836961770876053,0.0007494939935880659,0.0005938634407196131,0.0005060585147157933,-0.00025735585124527817,0.000205526371774397,0.0007827613555002093,0.00015891510608007978,-0.00023794882649231706,0.00012654267229706708,0.00031120064843015454,0.00014918868693383948,2.6365401562621995e-06,0.00029868377513979767,0.00016383414308522896,-0.00039348756485415,0.00010714671444887667,0.00014476527599662517,-9.802184262857166e-05,-0.00022646055938715828,0.00012070451540263622,0.00018545980555860286,-3.641436718675116e-05,-3.647135665975966e-05,0.00013882696200233097,0.00019695500387307795,0.0003436498447791224,0.0004106316386880588,0.0006442054428542174,0.00030700649999921046,0.0006487625884962767,0.00017116160177438954,4.3896501000508476e-05,-5.3385700505196104e-05,-0.00015615767501080347,-0.0004200958077639007,-0.00014647416829294762,0.0004890440694357079,1.6454346893609244e-05,-9.403331700306334e-05,0.00019564274428786265,-4.991044880225447e-05,3.361049092061957e-05,0.00012503390528288648,0.00024159604808682937,0.0003055355600845289,-1.7802869650426992e-05,-0.00015952823619956678
FLOT,0.00011303977906347909,2.4894488030962487e-05,8.122227975678573e-05,0.0001543718483134919,0.0001749388792073099,-3.987602768039223e-06,0.00024064781579362038,-7.494403192557363e-05,0.00015891510608007978,0.00034328396099923163,-7.885878288230026e-05,0.00012130576486321735,0.00019809955719008766,0.0003661256222365226,9.142675312443848e-05,0.00011572414315562928,0.0003370805111395765,-0.000487791894815761,0.0002335587517610321,4.891807582479067e-05,0.0008085507086662236,4.953546835776728e-05,-0.0002957567804882724,-0.0001443175211290857,-0.000184868155493297,0.00020485676279332374,0.0001599082937874471,0.00013090931107209572,6.297806803534665e-05,9.554830887806435e-05,0.0005091010852034784,0.0001923210467891859,0.0002381469254633813,0.00029759427758078224,-5.5127477170871144e-05,0.0002679451503110911,0.0001111024429557428,0.0003690201910918696,0.00017236294054577049,7.521377347871895e-05,-6.608686329403026e-05,-7.914355352129688e-05,0.00020982387212888906,-3.208078942899669e-05,0.0002994283477032501,0.0003572833777484408,0.00013891658898722308,0.00010580634367431985,0.00019567784495358,-0.0001020266631833228
GLYC,6.021250141151284e-05,0.00016548872104168663,0.0001264210452888245,0.0005413270739867276,-0.0007397370436612138,-0.00045067263327378096,0.0006134235701714243,-2.148928772931219e-05,-0.00023794882649231706,-7.885878288230026e-05,0.0013808449909648531,-2.1127610941355685e-05,-0.0003566112168620354,-9.587878306311788e-05,-8.464225228589153e-05,0.0005504281987010314,-8.914812147942806e-05,-0.0007599927424112989,6.0122678771638456e-05,-0.00016632776524337173,-4.852557859887283e-05,-0.00014807451046784122,0.00010891265871382317,4.235393036178512e-05,0.0005730101146743957,0.0006351583653631625,-9.18721157166569e-05,-0.00012578841043364673,-6.075783679340739e-07,0.00040810577057996667,-0.0005125485015820422,0.00013857638935319761,-0.00044236415604102396,-0.0001028814880829699,4.24394124975486e-06,-0.00014544940314778775,0.00038615539731550017,0.0014513189189854915,0.0003808740135764592,0.0006680197660682658,-4.6915850153492405e-05,2.043439502155991e-05,6.207912594773385e-05,-0.00016116013206390504,-0.00018210789620299678,-0.0001396862830137295,0.0003997246616003193,-0.00027294072810792286,-7.907234876453581e-05,-0.0005240776500611379
HEQ,8.71153112280514e-05,2.9539676355305383e-06,-0.00010587317809270338,0.00016710148040043006,0.00011160626415585053,6.990637764714472e-05,-1.5255018082839607e-05,-8.197229841129674e-05,0.00012654267229706708,0.00012130576486321735,-2.1127610941355685e-05,7.235729389074869e-05,9.008008162896184e-05,0.00012309413614776567,4.797677023578367e-05,0.00016691628398116253,0.00012094548593253144,-0.00017207467167763103,9.095073417172648e-05,4.126485661369654e-05,0.0003038643540677429,-2.003004370930345e-05,-4.888048872939353e-05,1.1000481700665971e-05,-5.244954503893407e-05,6.615634545334064e-05,3.0384334421963933e-05,5.474578172040487e-05,3.436298065357419e-05,0.00011521513231522133,0.0002477561931745885,7.602081263229982e-05,0.00013240145482555266,0.00011440257756012868,-3.8765802377911894e-05,7.130775405931458e-05,-3.993119052999416e-05,0.00016570722301648713,3.979144046087627e-05,7.263001623507431e-05,-2.661475887836846e-05,-3.866556143066591e-05,9.475292735669959e-05,-4.959485964673346e-05,8.250747119221265e-05,8.971762859356947e-05,-6.287671211947174e-06,7.938062707921343e-05,0.0001004339573514187,-9.315347684862595e-05
HMC,3.2382820933529125e-05,-4.863569631890938e-06,9.497089823685671e-05,-0.00020071186885235864,0.0005363296557152523,0.00025433390905313597,-0.00016411686492347124,0.0003380061502141739,0.00031120064843015454,0.00019809955719008766,-0.0003566112168620354,9.008008162896184e-05,0.0003620416327183925,0.0001954902011562111,6.121252417977484e-05,1.4186209401819258e-05,0.00019680997230491637,5.573722163964827e-06,7.336308396468714e-05,0.00022168815232509166,0.0006107516942623215,2.1341386567934555e-05,-8.442186604889029e-05,-1.4695571441695989e-05,-0.0001737261586973303,2.491289116776316e-05,0.00012347431542927647,0.00010020165251971626,5.603540777593792e-05,-5.2503930862167806e-05,0.0009965747942196526,0.000164417830664889,0.0003544220011443286,0.00019095200117974983,1.5556138448588333e-05,0.0001528698174004123,-0.00012359045551984827,-0.00022774593857085229,-7.793125195692109e-05,-1.1218297786406644e-05,2.0785610198535938e-05,-5.441299807647631e-05,9.132898867055087e-05,-3.6964358539895995e-05,0.00021000947706429103,0.0001814758463432386,0.00010311519558183139,8.318446341389334e-05,8.444750630717895e-05,-3.8934958087571454e-05
IBTH,0.0001168823962043895,2.387535068701663e-05,8.889498720632838e-05,0.00012573512405678083,0.00014556260322832467,-3.231523951703982e-05,0.0002815373260647624,-9.065270790796715e-05,0.00014918868693383948,0.0003661256222365226,-9.587878306311788e-05,0.00012309413614776567,0.0001954902011562111,0.0003945177107775568,9.594701596101544e-05,9.041090770583622e-05,0.0003594325992059142,-0.0005288483442456571,0.00025232811271107855,3.887269220426867e-05,0.0008415332842432908,5.975562211794152e-05,-0.00032845357499861505,-0.00016109485522177672,-0.00021335454624396737,0.00020890674833970812,0.00017974258378427552,0.00013612170422271495,6.0481736353968976e-05,9.030851919983494e-05,0.00046240196008658806,0.00020729017523537312,0.00023572772634625582,0.0003134854493641978,-6.741906074989074e-05,0.00029250402867550833,0.00013598758161379734,0.00040749333514075015,0.00018187542776473752,8.052812892885704e-05,-7.650339354422569e-05,-8.260610005880666e-05,0.00022471082417364086,-4.190745656816382e-05,0.0003225427138678692,0.00039018775070433063,0.00015667025958951783,0.00012440861428080554,0.00020952442625456137,-8.825113432694115e-05
IEV,4.183559734808954e-05,-2.3982284475145607e-05,-9.180841234448976e-05,-4.985665782242963e-06,5.927664731624035e-05,1.735944418106987e-05,-2.2592979317699698e-05,-0.00013329514751056295,2.6365401562621995e-06,9.142675312443848e-05,-8.464225228589153e-05,4.797677023578367e-05,6.121252417977484e-05,9.594701596101544e-05,5.335379046685971e-05,7.590268629387281e-05,9.108888037323456e-05,-5.412769284841651e-05,7.195062254765422e-05,2.527337944606191e-05,0.00033575977068743497,2.5865950955559897e-05,-2.6897866303920933e-05,-1.0539187962949535e-05,-7.63654582893106e-05,1.8345289276983703e-05,3.3792425678425662e-06,3.239570851103199e-05,-1.694649701541252e-05,3.105893640316114e-05,0.00015709839872975488,4.431936961510628e-06,5.1511684751604846e-05,8.451509871482117e-05,-4.461356521950636e-05,9.00341075734491e-05,-7.190353555655012e-05,0.0001090985274847458,3.945914006653629e-05,-8.242412052755343e-05,-2.4596962890272774e-05,-2.4656491646014982e-05,4.856924483803998e-05,-3.353161564527705e-05,8.119027272278461e-05,6.677792421541435e-05,-7.147576055210795e-05,5.160111323525051e-05,0.00010655744622176733,-5.610110626746997e-05
IMXI,0.00014632317240998246,7.74217619319495e-05,-0.0004910382201725415,0.0004089527954606885,-6.852635557831076e-06,0.00044494913830038957,0.0002869959142246111,-0.0009948218426510964,0.00029868377513979767,0.00011572414315562928,0.0005504281987010314,0.00016691628398116253,1.4186209401819258e-05,9.041090770583622e-05,7.590268629387281e-05,0.0015709448393449918,0.00011854313035419714,-0.0010826243360187483,0.00032556752296549076,1.9658590632161594e-05,-0.00021284252779152455,-6.227451362866439e-05,0.000414481583902634,0.0004793791844281328,0.00020159386804850468,0.00011971592099169808,-9.5646872922873e-05,0.00011842980230587472,0.00021263263376262133,0.0003474770655891538,-0.00022496870852205746,0.0001426672434558414,0.00022495426443346653,0.00011548877395808121,-9.491491231570304e-05,6.11796398594917e-05,-0.0009283258073095723,0.000870882643503284,0.000319307580612,0.00025245170074081016,-4.614475603548385e-05,-6.818389113645657e-05,0.0001360287120449699,-0.0002195399588029559,-0.0002034078936050499,-1.4019921923130013e-05,0.00022228164798662617,7.05864148157827e-05,0.0002954289137649993,-0.00042359172956836716
LDUR,0.00011432266471772861,2.2794285502308436e-05,6.66040914908665e-05,0.00015877324422283864,0.00017872146492797935,5.212585122837074e-06,0.00022576906061948186,-8.218518427409189e-05,0.00016383414308522896,0.0003370805111395765,-8.914812147942806e-05,0.00012094548593253144,0.00019680997230491637,0.0003594325992059142,9.108888037323456e-05,0.00011854313035419714,0.0003312548592253616,-0.0004760723226578126,0.00022999260290006713,4.90102220357173e-05,0.0007870529045121109,4.663092895909813e-05,-0.00028625211814844445,-0.0001366261477639191,-0.00018564678144743856,0.0001931260001249125,0.00015613936337185625,0.00013073795070695795,6.433999013953179e-05,9.763277893420226e-05,0.0004982312404961542,0.00018813587765324048,0.00024135331432500329,0.0002929932783976622,-5.576020861398165e-05,0.0002618387405057165,9.934981284319145e-05,0.00035068396536092555,0.0001645940098549778,7.258818011707023e-05,-6.508592277127431e-05,-7.864295340974435e-05,0.00020710262440297182,-3.249829329485808e-05,0.00029230502497866164,0.0003494754322119585,0.00012988335285918118,0.00011100053285525347,0.00019451898848807131,-9.846869142066583e-05
MKD,-0.0002951975212068943,-0.0001947621670366295,0.00025450676200387725,-0.001097496412035351,0.00031114312757502417,1.4183926505446189e-05,-0.0010556856030479302,0.000902257679614193,-0.00039348756485415,-0.000487791894815761,-0.0007599927424112989,-0.00017207467167763103,5.573722163964827e-06,-0.0005288483442456571,-5.412769284841651e-05,-0.0010826243360187483,-0.0004760723226578126,0.0021506396008508983,-0.000642043209326999,0.0002088618798142393,-0.0005020173606601357,0.00012612889684985185,-0.00018887452825273258,-0.00012794911136697562,-0.00017079381137249225,-0.0005161586102831316,-0.00019705455315026648,-0.00029995034319071006,-0.00048349052258304595,-0.0007884153082560457,0.0004989078229129722,-0.00046340829848286246,-0.0003662225622681212,-0.00038368500376175993,7.429141252628434e-05,-0.00031383104554133604,0.00018362372546452336,-0.0012628180177597984,-0.000648283689998135,-0.0006270269787062856,0.0001592027489404804,0.0001614928163394701,-0.0004090026477248257,0.00018357025446308041,-0.0001433997160233705,-0.0005095366441812039,-0.0008438343034450216,-0.0002510198869492155,-0.00025876335616919094,0.0007189212597099083
MUSA,0.000118247366401801,2.1192254693739494e-05,-0.00017560751219992612,0.0002761572389957829,-7.669541324041748e-06,1.58929604342813e-05,0.00026138551956485494,-0.0003967934053468478,0.00010714671444887667,0.0002335587517610321,6.0122678771638456e-05,9.095073417172648e-05,7.336308396468714e-05,0.00025232811271107855,7.195062254765422e-05,0.00032556752296549076,0.00022999260290006713,-0.000642043209326999,0.00025881304801522666,-3.5698163497590435e-05,0.0005196521930120426,-1.8398205515698781e-06,5.6675105409368356e-05,1.858984901016774e-05,-4.838334280630854e-05,0.0001356920232696728,6.080500747755337e-05,0.00012741191203844224,0.0001273375926922712,0.00024850016557795,1.9691122392883248e-05,0.00012187573014518225,0.00016931488043816652,0.00019580886513316582,-6.213839172268063e-05,0.00019425375900252714,-0.00014478752653011563,0.0003781618030882939,0.00021595946034335005,3.541774475130517e-05,-6.81963529408919e-05,-7.260615333447689e-05,0.00015613374394168563,-7.545652240793957e-05,0.00013477045199753292,0.00022071692755443425,0.0001629077940640493,0.0001379910008107355,0.00017884868203806305,-0.00026205808047752576
PLOW,-2.574519163003012e-05,-9.525569621751956e-06,0.00012901170882567486,-0.0004520749821348195,0.0003003316209589023,0.0001434618138400762,-0.0001781606116090905,0.0004031596143074748,0.00014476527599662517,4.891807582479067e-05,-0.00016632776524337173,4.126485661369654e-05,0.00022168815232509166,3.887269220426867e-05,2.527337944606191e-05,1.9658590632161594e-05,4.90102220357173e-05,0.0002088618798142393,-3.5698163497590435e-05,0.00020225755960830204,0.0002692170963328368,2.693130763282809e-05,-8.816041591907934e-05,3.302691405442153e-05,-9.690341303051477e-05,1.5948637977645224e-05,6.57314054318389e-05,-1.1511844689476092e-05,-6.29039430074243e-05,-0.0001628210729853298,0.0006761144408468676,0.00011261943384686772,0.00012300376748956463,5.324114328355424e-05,-6.40498334461928e-06,4.5931287452296915e-05,-8.076226655033699e-05,-3.204829009842139e-05,-0.00013445999655296444,5.885690838733614e-05,2.8871990267267023e-05,-6.468547943163797e-06,1.633134454312384e-05,-9.573655974411004e-05,8.417048602845585e-05,2.2426239027328538e-05,4.8528773928669625e-05,-2.2741206030335402e-06,3.455341165285412e-05,5.212892759359349e-05
SIM,0.0003057607141903853,-7.098896465059805e-05,-9.898258206185731e-05,0.00013972319188218125,0.00044235442465740353,-0.0004244597642255852,7.159369695831364e-05,0.00022312813426941518,-9.802184262857166e-05,0.0008085507086662236,-4.852557859887283e-05,0.0003038643540677429,0.0006107516942623215,0.0008415332842432908,0.00033575977068743497,-0.00021284252779152455,0.0007870529045121109,-0.0005020173606601357,0.0005196521930120426,0.0002692170963328368,0.003992818792770625,7.79376239099502e-05,-0.0001726513823360172,-0.00046318114800312674,-0.0002224655568677097,0.0008486087197580071,0.0001221594264393756,0.00021250447457970038,-0.00011282735993105067,0.0005399803589751044,0.002377617762610515,0.00024818474305402953,0.00025334173279226846,0.0007117131199391697,-0.00016613797821423112,0.000736027686742731,0.00039386857535848407,0.0011856424112861729,0.00046241324892577567,-0.0003216344420752467,-0.00015764888925317287,-0.00021065553340522328,0.0004212621075802737,-0.00025709108272968935,0.0009109360286211882,0.000622216790652693,-2.527458831491447e-05,0.00013946510445845027,0.0005532987786604745,-0.0010677844559783107
SMG,-0.00014665713020769368,-2.703833839998189e-05,0.00033652148367906853,-0.0006395368680730312,-1.7357601915923615e-05,-6.417785953578401e-05,0.0001820298044576081,-3.882671023591023e-05,-0.00022646055938715828,4.953546835776728e-05,-0.00014807451046784122,-2.003004370930345e-05,2.1341386567934555e-05,5.975562211794152e-05,2.5865950955559897e-05,-6.227451362866439e-05,4.663092895909813e-05,0.00012612889684985185,-1.8398205515698781e-06,2.693130763282809e-05,7.79376239099502e-05,0.0002013305891463579,-0.00028396142051716314,-0.00011911098474034373,-0.00016986393459895668,-4.6189326880267985e-05,4.9261111293526805e-05,-3.717794099200387e-05,-0.00014750022285184224,-0.00041918246809112184,2.534319740170268e-05,-5.994444196733838e-05,-0.00012104669675748097,3.240059538833978e-05,-1.6489893887370947e-05,0.00014716934984964307,-3.995205748698243e-05,6.402998239713653e-05,4.842976007418807e-05,-0.00028034497325964136,1.4741198540268224e-06,2.9734158909123975e-05,-5.189823215064322e-05,5.7842323329445526e-05,9.641410382116295e-05,0.00011090442535275262,-3.5790694801550496e-05,-0.0001322927835709071,7.618924929914642e-05,0.0002833364810721306
TECK,9.926087289369116e-05,-4.5502729650968516e-05,-0.0009976171940427724,0.0006685715976078595,-8.832645961285864e-06,0.0002823322117044647,-0.00042991536491596366,-0.0005936144965016183,0.00012070451540263622,-0.0002957567804882724,0.00010891265871382317,-4.888048872939353e-05,-8.442186604889029e-05,-0.00032845357499861505,-2.6897866303920933e-05,0.000414481583902634,-0.00028625211814844445,-0.00018887452825273258,5.6675105409368356e-05,-8.816041591907934e-05,-0.0001726513823360172,-0.00028396142051716314,0.0014280170307588251,0.0005270634523446241,0.0004618749415958003,-0.00021228009914032845,-0.0003441527282251013,7.904129177845077e-05,0.00031521358772037275,0.0007352835770185229,-0.0004721420319281815,-0.0002058406718178114,0.00010478385081373286,-0.00024420236117101264,5.939213054303595e-05,-0.00023938498774606434,-0.0008745876866640813,-0.0005911482367440106,-1.8849506064996219e-06,-0.0002463111055628687,4.8105044572749735e-05,-3.185600501220132e-05,-0.00015878104278221764,-0.00011738179619230685,-0.00040844294420056633,-0.0004654220360438986,1.1004333724709947e-05,0.00019608869581548384,-0.00010091303517474448,-0.0008410650126775363
TRMD,5.0176494052208136e-05,-1.0789577417682158e-05,-0.00047022154835680636,3.154458510961719e-06,-4.194518367187566e-06,0.00026359028289284426,-0.00020446081839779854,-0.00026240319435438667,0.00018545980555860286,-0.0001443175211290857,4.235393036178512e-05,1.1000481700665971e-05,-1.4695571441695989e-05,-0.00016109485522177672,-1.0539187962949535e-05,0.0004793791844281328,-0.0001366261477639191,-0.00012794911136697562,1.858984901016774e-05,3.302691405442153e-05,-0.00046318114800312674,-0.00011911098474034373,0.0005270634523446241,0.0003759190026956658,0.000124207060848194,-0.00016389643770033322,-0.00010126323146106318,7.836916284751123e-06,0.00010557943286870347,0.00020625418367308996,-0.0003266545573862665,1.8528491236185528e-05,8.897300341895067e-05,-0.00011910635957433918,-3.773396420333502e-05,-0.0001318678274185685,-0.0005537925934459783,-5.9929295619914034e-05,-9.944628224853257e-05,0.00011296377795413183,1.4129607842436986e-05,-6.626551752602343e-06,-3.766917745389746e-05,-0.00018391509208056793,-0.0002460694869565178,-0.00022481627438277534,5.743855172773607e-05,0.00014666688412541654,1.1094586998269122e-05,-0.00019712699855587093
UNVR,2.7693140568946315e-05,6.307712214946568e-05,-0.00015473353690044213,0.0006128605838507889,-0.00019060094961071629,-5.70585698914655e-05,1.6563474207032305e-05,-3.870837507256121e-05,-3.641436718675116e-05,-0.000184868155493297,0.0005730101146743957,-5.244954503893407e-05,-0.0001737261586973303,-0.00021335454624396737,-7.63654582893106e-05,0.00020159386804850468,-0.00018564678144743856,-0.00017079381137249225,-4.838334280630854e-05,-9.690341303051477e-05,-0.0002224655568677097,-0.00016986393459895668,0.0004618749415958003,0.000124207060848194,0.00043226611092535874,0.000168043192183118,-0.00017013615948868204,-3.461638669203634e-05,0.0001167023288116081,0.00036842777449891054,-0.00020673785339656476,-6.862356776380503e-05,-0.00013111347199087136,-0.00015965567585451732,9.444735953241676e-05,-0.00021358222716329767,-3.3420762025238336e-06,0.0001084586737934311,0.00011406621945292339,0.00015843459751454397,3.480913594819291e-05,1.4736976334805916e-05,-7.410639619686474e-05,2.289688540405968e-05,-0.00022996105476333632,-0.0002514573353157138,0.00010362275136146306,-0.0001274347258922537,-0.00016431514440769224,-0.0004180857440690405
YELP,9.503689454392491e-05,9.686540490116449e-05,0.0002459527245914717,0.00026182517539522984,-0.00017889684553736894,-0.0003141003302805495,0.0003875857381440928,0.00028691975273588725,-3.647135665975966e-05,0.00020485676279332374,0.0006351583653631625,6.615634545334064e-05,2.491289116776316e-05,0.00020890674833970812,1.8345289276983703e-05,0.00011971592099169808,0.0001931260001249125,-0.0005161586102831316,0.0001356920232696728,1.5948637977645224e-05,0.0008486087197580071,-4.6189326880267985e-05,-0.00021228009914032845,-0.00016389643770033322,0.000168043192183118,0.000551419337747997,8.232193134209175e-05,-3.2725606002138013e-06,-1.5650373720314136e-05,0.00024295666951506997,0.00047098713406533037,0.00022697244453078762,-8.724624061566204e-05,0.0001612144594532297,-1.5727633219861654e-05,0.00011468261510939691,0.000465546776865281,0.0009753330020476073,0.0002600682769726185,0.00040903324045502937,-5.5072241107400786e-05,-4.078032157900407e-05,0.0001718905622223601,-0.00011456021186527824,0.00019018281428850542,0.00017411034136511329,0.00029793479419191457,-0.00011003176273662285,5.4790785772826135e-05,-0.0003722171449320354
ADC,5.309003036093091e-07,3.831127214831542e-05,0.0002809729381442682,-0.0002675889474193973,7.274573944661556e-05,-2.6168330396613888e-05,0.00020388504774207175,0.0002911755461117213,0.00013882696200233097,0.0001599082937874471,-9.18721157166569e-05,3.0384334421963933e-05,0.00012347431542927647,0.00017974258378427552,3.3792425678425662e-06,-9.5646872922873e-05,0.00015613936337185625,-0.00019705455315026648,6.080500747755337e-05,6.57314054318389e-05,0.0001221594264393756,4.9261111293526805e-05,-0.0003441527282251013,-0.00010126323146106318,-0.00017013615948868204,8.232193134209175e-05,0.00019391899315367533,3.2141074311053346e-05,4.161062037978395e-06,-0.0001373322134346903,0.00021548592895452367,0.0002115766098503379,0.00011743911957349897,0.00012521681820951112,-2.082434564102318e-05,0.00012070482092688736,0.00020351557049187114,0.00016513186408556366,-1.7957476300955644e-05,0.00022567771750468585,-2.2702259620492233e-05,-1.9532246348035377e-05,0.00010855484317300065,-5.048685266368778e-05,0.000165118187766361,0.00022853191843623822,0.0002386888595991008,5.0108941935745374e-05,2.951946227161187e-05,0.00016943983671648995
ALL,8.62325232417414e-05,1.1842512407894064e-05,-0.00013783973101034612,0.0004053395937719612,0.00019347199807946065,0.00014396986202108781,2.12325158117341e-05,-0.00019985095614058254,0.00019695500387307795,0.00013090931107209572,-0.00012578841043364673,5.474578172040487e-05,0.00010020165251971626,0.00013612170422271495,3.239570851103199e-05,0.00011842980230587472,0.00013073795070695795,-0.00029995034319071006,0.00012741191203844224,-1.1511844689476092e-05,0.00021250447457970038,-3.717794099200387e-05,7.904129177845077e-05,7.836916284751123e-06,-3.461638669203634e-05,-3.2725606002138013e-06,3.2141074311053346e-05,0.00012175335769135948,0.00015679977859119626,0.0001931900970364333,0.00016864617563172861,4.6098951626221344e-05,0.00024230526805650235,0.00012341458140687983,1.5878646923329785e-05,7.580309139138555e-05,-0.00011028938029892068,-0.0001604496383923598,7.712368052556564e-05,-2.8274966876079763e-05,-1.3714613891746737e-05,-5.194614848884709e-05,8.166968923606704e-05,4.996201768565845e-05,7.291718794737832e-05,0.0001286819241316106,5.285035134545127e-05,0.0001102019949954698,5.4423498653949117e-05,-0.0001359256586843764
AMP,0.00012453536624888528,5.23932178752897e-05,-0.0002588683504922985,0.0008008696924357013,0.00019429581273982017,0.00023065281929672354,1.971331241211624e-05,-0.0002338448057447738,0.0003436498447791224,6.297806803534665e-05,-6.075783679340739e-07,3.436298065357419e-05,5.603540777593792e-05,6.0481736353968976e-05,-1.694649701541252e-05,0.00021263263376262133,6.433999013953179e-05,-0.00048349052258304595,0.0001273375926922712,-6.29039430074243e-05,-0.00011282735993105067,-0.00014750022285184224,0.00031521358772037275,0.00010557943286870347,0.0001167023288116081,-1.5650373720314136e-05,4.161062037978395e-06,0.00015679977859119626,0.00030686129429482133,0.0004046511617859411,-9.79798249996611e-06,6.869843112458769e-05,0.00032559448043248374,6.577865448601637e-05,7.275395014720011e-05,-3.5163972156274876e-05,-0.0001656812346010038,-0.00033292477595270087,8.137451530867194e-05,0.00011595274510426854,5.361253693649447e-06,-5.893466924811089e-05,7.338981117714641e-05,7.628893603523685e-05,-4.505630643374091e-05,5.725964478094493e-05,0.0001790602322360756,0.00014444231418661092,-4.697506993164502e-05,-0.0002733648710141793
ATRO,0.0004274526269994585,4.881714553271801e-05,-0.0009670479647364847,0.0018180490378453848,-5.29149826328394e-05,4.724687805965593e-05,-0.00016858171925256607,-0.00048200171635642255,0.0004106316386880588,9.554830887806435e-05,0.00040810577057996667,0.00011521513231522133,-5.2503930862167806e-05,9.030851919983494e-05,3.105893640316114e-05,0.0003474770655891538,9.763277893420226e-05,-0.0007884153082560457,0.00024850016557795,-0.0001628210729853298,0.0005399803589751044,-0.00041918246809112184,0.0007352835770185229,0.00020625418367308996,0.00036842777449891054,0.00024295666951506997,-0.0001373322134346903,0.0001931900970364333,0.0004046511617859411,0.0011978601930135125,-0.00011131237611361814,0.00010264221096154576,0.00031396042879246893,0.00010226681621503402,-1.788146725828322e-05,-0.0001234969357716176,-1.4545047642077651e-05,0.0001990955726884819,0.00018188787064992075,0.0004159031556813836,-7.49270014127927e-05,-0.0001288809519436699,0.00022171990047578286,-0.00012132822015395235,-7.395679235585673e-05,-6.846262850316532e-05,6.0794915766176135e-05,0.00036591286881830195,2.0090184197596275e-05,-0.0009526597043877927
CHEK,7.523395012659924e-05,2.012896403454026e-05,0.0006294024237004483,-0.00012430698996394483,0.001589684068266388,0.00046881127237188375,-0.0006110881102140707,0.0014907999570659813,0.0006442054428542174,0.0005091010852034784,-0.0005125485015820422,0.0002477561931745885,0.0009965747942196526,0.00046240196008658806,0.00015709839872975488,-0.00022496870852205746,0.0004982312404961542,0.0004989078229129722,1.9691122392883248e-05,0.0006761144408468676,0.002377617762610515,2.534319740170268e-05,-0.0004721420319281815,-0.0003266545573862665,-0.00020673785339656476,0.00047098713406533037,0.00021548592895452367,0.00016864617563172861,-9.79798249996611e-06,-0.00011131237611361814,0.0037254788853704787,0.0003307229983473345,0.0007579537501761825,0.0005219451134333088,0.00015979032040245797,0.00032296875373668307,0.0002503826638842598,-0.00039133020745219085,-0.00012041554910665112,-3.335414535399122e-05,0.00010940096541859652,-0.00012104994122279184,0.00020601833231232125,7.502499508834913e-05,0.0006666590677567884,0.00038446574944116924,3.828451271175325e-05,-0.0001430176140830621,0.00012095339810982788,-0.00030260115326571696
CNFRL,9.732103723875189e-05,7.690008335689041e-05,0.00012804657263992751,-0.00011135354301048195,5.1165447826865084e-05,-1.1201485234974121e-07,0.00020913879627689996,0.0003856694903245615,0.00030700649999921046,0.0001923210467891859,0.00013857638935319761,7.602081263229982e-05,0.000164417830664889,0.00020729017523537312,4.431936961510628e-06,0.0001426672434558414,0.00018813587765324048,-0.00046340829848286246,0.00012187573014518225,0.00011261943384686772,0.00024818474305402953,-5.994444196733838e-05,-0.0002058406718178114,1.8528491236185528e-05,-6.862356776380503e-05,0.00022697244453078762,0.0002115766098503379,4.6098951626221344e-05,6.869843112458769e-05,0.00010264221096154576,0.0003307229983473345,0.0003677607981241283,0.00018949044158406595,0.00015178614234789497,-5.139950583495732e-05,9.187496156526e-05,0.00017791110975954385,0.0005005065620440909,-1.1234276419031815e-05,0.0005475717339433136,-4.089999505074779e-05,-4.887944641587166e-05,0.00019263355080683636,-0.00021283228250624177,0.00014274586860434676,0.0002082459127661931,0.00041070791542633815,0.0001304959285943859,4.8406309867485746e-05,-6.961148865787954e-05
HOPE,0.00018243342776803063,2.6816046442594476e-05,-0.0002472062950698438,0.0006776099082703018,0.0006811930930778822,0.0005014760409703446,-0.00021583595414064174,-3.2440028649737863e-05,0.0006487625884962767,0.0002381469254633813,-0.00044236415604102396,0.00013240145482555266,0.0003544220011443286,0.00023572772634625582,5.1511684751604846e-05,0.00022495426443346653,0.00024135331432500329,-0.0003662225622681212,0.00016931488043816652,0.00012300376748956463,0.00025334173279226846,-0.00012104669675748097,0.00010478385081373286,8.897300341895067e-05,-0.00013111347199087136,-8.724624061566204e-05,0.00011743911957349897,0.00024230526805650235,0.00032559448043248374,0.00031396042879246893,0.0007579537501761825,0.00018949044158406595,0.000660802450238358,0.00024295185365160433,5.089775363695061e-05,8.15847419353341e-05,-0.0002618249491791437,-0.0005864331901440388,-4.774453156971354e-05,0.00011105963404824221,1.1887420171082092e-05,-0.00010427663459796402,0.0001712439640472189,5.790977713416205e-05,0.00013506373422335048,0.00021980021273571327,0.00012153486396602465,0.0002718010835145408,6.250588322776894e-05,-0.0001508332050758333
HYDB,0.00011025289123581277,1.7321495823519163e-05,3.7699624715870396e-05,0.00021269915139057423,0.00021567855530130783,4.239512262649837e-05,0.00014711965626313745,-7.587703779926845e-05,0.00017116160177438954,0.00029759427758078224,-0.0001028814880829699,0.00011440257756012868,0.00019095200117974983,0.0003134854493641978,8.451509871482117e-05,0.00011548877395808121,0.0002929932783976622,-0.00038368500376175993,0.00019580886513316582,5.324114328355424e-05,0.0007117131199391697,3.240059538833978e-05,-0.00024420236117101264,-0.00011910635957433918,-0.00015965567585451732,0.0001612144594532297,0.00012521681820951112,0.00012341458140687983,6.577865448601637e-05,0.00010226681621503402,0.0005219451134333088,0.00015178614234789497,0.00024295185365160433,0.0002647543617641381,-4.033378965933327e-05,0.0002215758490242239,7.284353629628125e-05,0.0002472532686690385,0.00013793264995918124,4.4650572017523146e-05,-5.1230361140899624e-05,-7.226876020520274e-05,0.00018150236291926048,-8.473724820488224e-06,0.0002573432451773417,0.0002991485640565132,7.620098337254768e-05,9.666788979469421e-05,0.0001713989616222967,-9.560684565305956e-05
