,ADM,ADME,AEP,AGNCO,ASTE,AVD,AWI,BCM,BNOV,BSRR,CAJ,CCEP,CCM,CNSP,CRVL,CTRE,DISH,DMO,ELTK,EMN,EWJE,EXK,FBMS,FRAF,GBCI,GBT,GCBC,GEF,GHM,GIM,GOOS,HPS,IBDQ,IHF,INFI,JHMC,KALU,KBWD,LC,LTC,MBIN,MESA,MGNI,MNKD,MS,MSN,MXL,NAZ,NDAQ,NGG,NNA,NZF,PHI,PIXY,PQSG,PSCT,QRTEA,QRVO,QURE,RHS,RYB,SAA,SGEN,SMB,SMMF,SQLV,TAP,TGNA,TPYP,TTAC,TY,VBIV,ZGNX,ASYS,AUMN,BXMX,CBNK,EWL,FLEX,GCC,GTHX,HYXU,IBM,JFR,LSEA,NHTC,NUSC,PESI,RVLV,SBT,SHAK,SPXL,TGA,CNQ,KMED,ONEV,TWTR,UBR,FNX,UNM
ADM,0.0031427647423761694,0.0014731668113497757,0.0008398563819310577,0.0009285102349809512,0.003604368099554825,0.0044156724225415155,0.0024345082008995016,0.0005814904486990181,0.0022107922398861405,0.004651289296581889,0.00193575551926942,0.001364880034715237,-0.0025606029459073055,0.0039043112440671304,0.003295678537040359,0.002146152170923517,0.005020466189820024,0.0031175121210588507,0.0028285612171764824,0.001767640241397594,0.001799943091118137,0.0030081742354165905,0.003190940368806374,-0.0007537440265770242,0.004466997800252723,0.0020673308245335057,0.0017497885309362643,0.0039418575356009854,0.007304590561586147,0.0017536365277742096,0.004327655485441614,0.0035840082800962796,0.0002111270488864999,0.002884103419620254,0.0044218870936249075,0.003282973686397874,0.002096607852314486,0.0008558295504163468,0.004011921760616679,0.0020470679965983512,0.0029133273156250875,0.005896452836870092,0.003267976602887199,0.0030072372366677126,0.005517412897931853,-0.0005331690712036981,0.004279986866910715,0.000775779037577085,0.00348505893866157,0.0018542243911595269,-0.000476066160111009,0.0007186024343744084,0.002639844848853836,-0.0009780853250055959,0.002834480603325618,0.003382998136375639,0.004048299358189232,0.004332231495336087,0.0014987824519771525,0.001849749728000364,0.0002836821875385328,0.005753779783408118,0.0021891933791609664,0.0007242533239955803,0.006865432953305928,0.002506265323114622,0.002366374178404845,0.0023224462349773723,0.003396824038510124,0.002563872140085445,0.002069011539961095,0.004641027076954142,0.0033912613463677696,0.003323855480574499,0.004999126790953892,0.0030255928067954873,0.005151314916032275,0.001979552896422018,0.004863620580684856,0.0007341981111117975,0.0031858631784383315,0.0009635282760113931,0.0038373798648826613,0.0003541843100581505,-0.0002542187069978129,0.0002853069255362947,0.0029547396011082167,0.004972280882869723,0.005685400842556609,0.00788694107073101,0.007610707706912934,0.009005359137590131,0.000402056376521502,0.004524868336195961,0.0018930388990825687,0.0029988087314525664,0.0020181643679792723,0.008057872943622495,0.003284116036621429,0.005409146425306409
ADME,0.0014731668113497757,0.0007633547801314021,0.0007758320575525198,0.0009761330455870011,0.0016380518937111944,0.002265472460808874,0.001173052477419728,0.00020376145813651945,0.0010968851264331484,0.0024008387863967686,0.0008107090330565765,0.0009436312619116904,-0.0011458548467520868,0.0016052891585222142,0.0018305710626798193,0.0008609506996539339,0.0024210478838327214,0.0018080652847349142,0.0012392436438085036,0.0006526575329835708,0.0008597825257001333,0.0010707283694052017,0.0018129058263880813,-0.00033374687470904977,0.002216941456611668,0.0007050953123930909,0.001054951548106654,0.0020988297650573725,0.003304496441621631,0.0009437762611593086,0.0018257867129594157,0.001552442734499363,6.009847936226185e-05,0.001501394263885366,0.0013775832514562225,0.0014053682411355583,0.0009919852206369275,0.000997809328739953,0.0017448963460655214,0.0008753818976260516,0.0019552604268859705,0.0036381313706172987,0.001449724496857558,0.0013467322712213746,0.002367682598183745,-0.00021178692611233558,0.001846064138781434,0.0003286204962175165,0.0016022655108882075,0.0008808318705297224,0.0005108678523925868,0.0003768853022310675,0.0013722408129416158,-4.7619282230268425e-05,0.0014004784839112775,0.001654574944985947,0.0017766376437240163,0.002071639349744592,0.0005559134408722454,0.0010231681206991946,0.0005749848609103295,0.002902582834945546,0.0013948172660091748,0.0003217483784837305,0.0033297931668945326,0.0010060210656327368,0.0010475296227772939,0.0011223783047898555,0.001544438291082062,0.0012327707769055245,0.0010252847519971156,0.002561358866522568,0.0014207625884628708,0.0014902964498345115,0.0023965241283084846,0.0013168824316006737,0.002682755639832984,0.0009183546837888426,0.0021341165262868,0.00022825465271287675,0.0017602658670472203,0.0005196258444802126,0.0018492296442885383,2.586318154050437e-06,-0.00016056514330086035,-0.0003228489682019491,0.0014550300206250416,0.002262353847616904,0.0023923453790558446,0.0025357170596692576,0.0033025688561335504,0.004361382600914544,-0.000718412348310991,0.001975785919674904,0.0009795278396120223,0.0014682179746863667,0.0009380070986854339,0.0035461909734185414,0.001514614705278982,0.0021630180947860697
AEP,0.0008398563819310577,0.0007758320575525198,0.0022408105917733163,0.0030113892157012058,0.0006104786495767635,0.0021851791674795213,0.0006785985736630152,-0.00019424837026968782,0.0008877413802109949,0.0025218233098905176,1.8526604868925284e-05,0.001989371242822422,-0.0005540868955728652,-0.00018323386687789752,0.0023799242415435172,-0.00019365867022810317,0.0017069497279488153,0.0028007202003957716,0.00031611128032489014,-0.00062673924089678,0.0005876510825241926,-0.0011072571301606474,0.0023847986650338297,-0.0003804916524215096,0.001870512140108895,-0.0008922318087362012,0.0014328331726372958,0.002409435031683062,0.0013285678527145267,0.0010792421369494715,7.907029348102126e-05,8.281532588547049e-05,-0.00016759150842773205,0.0014933940224012786,-0.002640660038356153,0.00012311819246980018,0.0006583702206432152,0.003167474949130464,0.0002550007126898358,5.991571307148403e-05,0.0038916189504964727,0.00627647365616079,0.0004576852289804123,0.0004768302720168877,0.00032961561532502044,8.942103590165136e-05,0.0003790679360281657,-5.960895862626407e-05,0.0007465354899740902,0.0004946162034637895,0.003935260122300229,0.0002812164532964842,0.00141628295021021,0.0014999380204855476,0.0010982452714187554,0.001238293141307756,0.000378379777271714,0.0014195016776256757,-0.00040193020682799835,0.0013332973712306547,0.0022881873822827607,0.002538029825849432,0.0024198422371449015,7.597086572069822e-05,0.0024089897254764418,-0.0002856724519054782,0.000328422773053093,0.0007932415481785202,0.0006082599528452451,0.0008422651640454563,0.0008038627234580422,0.003096614609666104,7.271620270388898e-05,0.0005271238638132074,0.0016437791166627053,0.00026122754153655626,0.0027405457717211597,0.00044738417092031295,0.0003583561343379579,-0.0004072884181040601,0.002232497356298989,0.0006201348401374813,0.001291889691323196,-0.0008585884808738959,-0.0003039735692116796,-0.002296678872637518,0.0011342323454331948,0.0008941755094062544,-9.830741402229563e-06,-0.004069145529635889,0.0006642547553512295,0.00311777823672069,-0.0048281631423014995,0.0003129096569109067,0.00087856576347735,0.0010937619355565493,0.00046741127153616794,0.0006783110685883361,0.0007066404126579867,-0.0005621843504875573
AGNCO,0.0009285102349809512,0.0009761330455870011,0.0030113892157012058,0.004832480047043053,0.0012706989416433933,0.002912260250379469,0.0019498292816497612,-0.0004215797999247065,0.0012531120014535736,0.0021478459844838293,-0.00020782077768418316,0.002447484610039779,0.0007566949528400778,-0.00018560704836579424,0.003099609194952865,-0.00040182951602793775,0.001915542496699087,0.0024431225354438852,8.529340054427514e-05,0.0004691328823439097,0.000491729914542556,-0.0007046985892268378,0.0042444696489825785,0.0019326558871662063,0.00201287230141881,-0.0009275090733477317,0.004164183948552912,0.0027576907218564073,0.0012427672844183123,0.0016257301325099034,-0.00013501015437052555,0.0015768632396219715,-8.360054407355227e-05,0.0024038717997192423,-0.002619171105248945,0.00035896532480650503,0.00033270978127521546,0.006060256721873568,0.0009259756802672157,0.00030265619390356356,0.00511076537481384,0.007433615735322939,0.0002450246972322619,0.00039716565920289084,-1.170817959271891e-05,-0.00010065678610354145,-0.0004675213236524896,0.0005617099325863843,0.0009411319142457877,0.0010776777058160393,0.0038152388657555075,0.001372742109005732,0.0017584843319371677,0.005581631993323605,0.0016290406013052677,0.0017021933339857204,0.0007850683228287077,0.0012482493547598956,-0.00041254365550355494,0.0015658461551074799,0.004134672747782229,0.0037844354329994796,0.0040987444578454695,0.0002564984820074445,0.0029403781611015084,-1.744875064178273e-05,9.86989217003683e-05,0.0009685598126887244,0.0009943554790393912,0.0010258714771328218,0.0013086162203384847,0.005443229072881833,-0.000629868307951742,0.0005178836931005967,0.0016676398354222872,0.0002501501698058458,0.0038211556249791835,0.0007382102127488195,0.0016146432646736754,-0.000678481571810893,0.003064612085011364,0.0007476823525495837,0.0014975739620398977,-0.00042886503441425926,-0.00024897414052257855,-0.003475417616558081,0.0015554634628650928,0.0015002298532074024,0.000352942882237319,-0.005713905535781719,0.0001306906405267001,0.0038747179049695127,-0.0053645241966101,0.00121359667549637,0.0020363177548702173,0.0016060335635910816,0.0007500589009272683,0.0025410731631472826,0.0010767771296174636,-0.0007945843393153933
ASTE,0.003604368099554825,0.0016380518937111944,0.0006104786495767635,0.0012706989416433933,0.0048112744735247645,0.00509408136001013,0.0038523893327848313,0.0006260060190820048,0.0026560229977046464,0.004236124182562111,0.0022213738820937674,0.0011183795216807562,-0.0017668501728822757,0.004997775267199852,0.003581269344071069,0.002609398652167186,0.005632894334299474,0.002181913254219741,0.0031889703999230636,0.0035179081118234144,0.0018792932401836223,0.004700714101554591,0.004465732442136463,0.0013119173809263726,0.004795334422094426,0.003018215275250276,0.0039148328964468,0.004046630868024499,0.008432117009232765,0.0021463871719953733,0.005208004751034435,0.005797647663822831,0.0004251878008612303,0.003682938402771589,0.00691282098566054,0.004274703131921636,0.0020111140537437473,0.002057935605588154,0.005512959053596185,0.0027594675539673475,0.0027822110051461887,0.005269713708703296,0.0036858587689801714,0.0034672898569600326,0.006462930136924092,-0.000885193561896919,0.004431181166728516,0.0015603515419454162,0.004176455960878128,0.002601250643188134,-0.002696421005206437,0.0017361931164191031,0.0029071964282211303,0.0016588351271326518,0.0034812291009179803,0.004040022447743104,0.005260125511149606,0.0045739044410875295,0.002077621326949431,0.0018581603249421621,0.0008487906368051892,0.0070614116882086134,0.003027425849869304,0.00103315688064814,0.007885028550362515,0.0035342180105716868,0.00260281211653225,0.002674353545839118,0.004306612800207885,0.0029603981958026375,0.002644795214580597,0.006363274614278349,0.00359782115485528,0.0039027172821148636,0.005472974271509308,0.0036607151521794263,0.006053604216596601,0.0025215556368582918,0.007054116857676139,0.0008865250212648511,0.0036182840647845786,0.0010112659667860522,0.00435329097249931,0.001263474052548198,-0.00011659842272589632,0.00046727635608246823,0.0035162779230421153,0.006338640413703582,0.007474900007271215,0.0105018124458934,0.00875286439617751,0.010417586030350132,0.0024686425304558182,0.006333614992883197,0.00296927952768787,0.0036734849189144223,0.002552646118740268,0.011448884099294638,0.00410092452259765,0.006875334152382709
AVD,0.0044156724225415155,0.002265472460808874,0.0021851791674795213,0.002912260250379469,0.00509408136001013,0.006773911136172161,0.0037903024410302897,0.0006086261480705581,0.00331185177804045,0.006880558849789297,0.0024424428451130945,0.0026732031731559625,-0.0031344717905255,0.00497622357300412,0.005399177601616029,0.002637578041882079,0.0072156042086812784,0.0050105732707663156,0.0037108973812178614,0.0023693407017145334,0.0025265645031052135,0.0035799427246092485,0.005605858615320883,-0.0004318355088363812,0.006543694753592649,0.0023162493897056742,0.003633362078476348,0.006135246740344349,0.009934175309586402,0.0028491245347513857,0.00556216168178728,0.005111889533250515,0.00023302113202387027,0.004580042977420202,0.004699165515302245,0.004362818523834581,0.0028690066283469672,0.0031986711670987434,0.0054863215940615835,0.0027424110239619597,0.005640347991808932,0.010404045904596326,0.004339375732431699,0.004049374633934169,0.007159666670253414,-0.0007113867985643005,0.005428153339072116,0.001165327914673496,0.0048536488187184736,0.002763284197453673,0.0008753634564410461,0.001363952512141239,0.004064724565576775,0.0005354208704272164,0.004249274172589201,0.004992839918459322,0.005502349164240164,0.006100886631994779,0.0017787291276101938,0.0029782647672659604,0.0018055486427945334,0.008795869987619866,0.004270313425719448,0.001019760730420005,0.00996971807798155,0.003209655401643015,0.003118422659835818,0.003362833471663145,0.00474307185243183,0.0036964737171348142,0.0031375939446584866,0.007902198241928749,0.004203214616062687,0.004499269889450866,0.007108376253585201,0.004009931712638125,0.008046010585481555,0.002819789099823075,0.006802286064661416,0.0007103273837783682,0.005233551304090011,0.0015244276999063632,0.005524058567032678,0.0002530870208853563,-0.0004302025475425702,-0.0008738996841170865,0.004386024950346351,0.0069565995757693115,0.007455300088363996,0.00812780102688153,0.009938613616086882,0.013078792293446995,-0.001513345689650044,0.006240547608790614,0.0031339306353668894,0.004454472244145562,0.0028750401059083946,0.011237365151465659,0.004630752360506717,0.006706213379000571
AWI,0.0024345082008995016,0.001173052477419728,0.0006785985736630152,0.0019498292816497612,0.0038523893327848313,0.0037903024410302897,0.003728843969918244,0.00026904892731400984,0.0020150105481764307,0.0021079141683851047,0.0013438976678901782,0.0007983059644354995,8.126538307267174e-05,0.0035357234838883497,0.002684135192519967,0.0016757337658565375,0.003788496483707259,0.0006272255646345634,0.001956710081824182,0.0035999240725135048,0.0011080075863663555,0.0038888465824154644,0.004351130623113879,0.0031241259245589157,0.0031075351508448455,0.0022637881811434562,0.004961464727365979,0.002662425957778041,0.005555614051053969,0.0017855238120042423,0.0034346704857974504,0.0054179537402862955,0.00040928932267702113,0.0031119179627921417,0.005400958092347218,0.0031858045603167314,0.0009745864481925847,0.0034550241687536388,0.0044263589322279,0.0021437732998472354,0.0022750586255467697,0.003473142778520485,0.0022925153627687722,0.002257840959588031,0.004145417914154841,-0.0008130866536431669,0.002247544938626062,0.0016765181801329592,0.0029517062731013875,0.002257172941133796,-0.0028028336781913106,0.0021625334651215657,0.002061659594655224,0.004609624229301168,0.0027021414237588925,0.003003389743397686,0.003980991484144736,0.0027561250418939626,0.0015275207896135702,0.0012430052058420868,0.0018254060786531917,0.005573809037011595,0.003170309349428878,0.0008741529495314761,0.005519394988702403,0.0027804452252251956,0.0015446520445005305,0.0018723513241399427,0.003247246533501648,0.0020703079934219952,0.002152478309551395,0.00598264905699151,0.001858880771663172,0.0026173171742080144,0.0035194830564040033,0.002500441739932596,0.004674074492387175,0.0019422172473613367,0.006023027790292032,0.00045469373591823265,0.002843583045870895,0.0006989359544394961,0.002974361963462303,0.0014555690356117365,3.101193558876443e-05,-0.00028772613991851506,0.0026185666872271425,0.004814397471602185,0.005571143652205787,0.006673968922828139,0.005504133911700325,0.007355884452359942,0.002221977968156555,0.005200601792321447,0.0029650879998149486,0.002820677316611427,0.001952380198857497,0.009593604972189605,0.003068406755999894,0.004716618727761303
BCM,0.0005814904486990181,0.00020376145813651945,-0.00019424837026968782,-0.0004215797999247065,0.0006260060190820048,0.0006086261480705581,0.00026904892731400984,0.00018513332646922828,0.0003289800196813536,0.0007838058678791886,0.0004588974675610347,-2.2008839378946947e-06,-0.0006940082933950278,0.0008844713418075502,0.0003392461095469105,0.0005278338161799101,0.0008756877997054023,0.00040953095666302394,0.000621486337714877,0.0003024655288047509,0.00034211475459940425,0.0007361111464407081,0.00014672343987013416,-0.0004639141595004148,0.0007438530939979896,0.0005676380066236067,-0.00018782522927365215,0.0005334792365845693,0.001468664424379423,0.00017847930623865368,0.0009782343024529621,0.0005605902682486247,5.406519118173747e-05,0.0003251825471967926,0.0012865926162597852,0.000675633988729936,0.00043327916049170224,-0.000614834611155508,0.0007565776231467362,0.0004091149692081295,1.617234107847419e-06,0.00038699414358774514,0.0006990733583209643,0.000619516583569793,0.001230171718065858,-0.00010022229152931835,0.00102580232998,8.641807102260143e-05,0.0006524727960700302,0.00026458978733371263,-0.0005539122067884786,-3.624508996583368e-05,0.0003645222543378967,-0.0009982821995830156,0.00041729069373262285,0.0005317521080222128,0.000789121795833635,0.0008139932532914597,0.00038027704689761095,0.000216078875039638,-0.0004820355430854514,0.0007854589748658278,-5.19318846251337e-05,0.00012423640652257776,0.0011521827210171443,0.0005477403413906361,0.0005177753725478652,0.0003929886776254702,0.0006210185986888656,0.0004392765286148032,0.00028696703489118906,0.0003105298675821204,0.0008444917244513266,0.000673061414300588,0.000905818479887706,0.0006389745493571207,0.0006529271502808141,0.0003411466022446445,0.0008457773810192504,0.0002506151392948828,0.0003158186900814082,0.00012042227508878226,0.0006640003100335027,0.00011638640771489259,-2.826058732722413e-05,0.0005098420763850411,0.00045581193198005723,0.0009025434832656772,0.0012032560311194325,0.0024680532838110003,0.001681340862624537,0.0015074292405236024,0.0007406169604268102,0.0008289978882996248,0.00014254502389019104,0.00045686254696610565,0.00034851206034072996,0.0014235962543159124,0.0005868233444530954,0.0012958519362142704
BNOV,0.0022107922398861405,0.0010968851264331484,0.0008877413802109949,0.0012531120014535736,0.0026560229977046464,0.00331185177804045,0.0020150105481764307,0.0003289800196813536,0.0016472193486469918,0.003215352887064543,0.0012641917304730232,0.0011537973697269032,-0.0014480905344603735,0.002651408501948893,0.002557005349765286,0.0014006104471943892,0.0035683652857752567,0.0021889265757250105,0.0018880390714972402,0.0014452115829207504,0.0012352908071572486,0.0020913083689337447,0.0027711186050859912,4.414224723649984e-05,0.0031833577074130794,0.0013520065645176195,0.001954690768973289,0.002906245149189742,0.005031389661939204,0.001391298023817941,0.0029013894436056235,0.002821992141459194,0.00015581924299224806,0.0022757471182767927,0.0028761503096524925,0.0023041032561867984,0.0013839320511097068,0.001480245525189988,0.002917187935654683,0.0014597246136649478,0.0025037976449765694,0.004652367750378141,0.0021999074988887147,0.002056456972566673,0.0036944130322816627,-0.0004062034742303401,0.0027269885555914666,0.0006811541946884451,0.0024655890937126347,0.0014371247951502277,-0.00013984668930129663,0.0007784315787301109,0.001962800569621285,0.0004363550998259371,0.0021253398328794563,0.0024902293285108635,0.00288259177464751,0.0029883825984022023,0.0009972946515760446,0.001392137504766373,0.0007803456223921661,0.004373396261107756,0.0020447951831680544,0.0005431236249849115,0.004945372272147999,0.0017603260513969284,0.0015738605098548856,0.0016706319633569004,0.0024458017900277464,0.0018399882845210214,0.0015808516760080216,0.003920500266575353,0.002140360323669669,0.002292697972697287,0.0035041426777550067,0.0020743677178286955,0.003932194595660095,0.0014468712690546802,0.0036499891644689118,0.0004104952511577053,0.0025022192713896408,0.0007227053800753529,0.002738343536849118,0.0003021576368641544,-0.00017615648224937285,-0.0002257756487729665,0.002181881535546613,0.003590610359796624,0.003966609616709546,0.004743754775308091,0.005091803782333013,0.006499520680455204,-0.0001235923217679573,0.003327561948222934,0.0016283485318684763,0.0022325006961126876,0.0014722435252253717,0.005997086191139864,0.002370332129900469,0.003599180292032509
BSRR,0.004651289296581889,0.0024008387863967686,0.0025218233098905176,0.0021478459844838293,0.004236124182562111,0.006880558849789297,0.0021079141683851047,0.0007838058678791886,0.003215352887064543,0.008937214519782905,0.0026706631430626635,0.0032815831781470906,-0.005401014638962234,0.004566627956435605,0.005737833294582894,0.00267011107337291,0.007748701989811428,0.007352143024636473,0.0040947976171566095,7.493514074213806e-05,0.0029678424033765492,0.001938454075396287,0.004168676150494739,-0.004275738267790078,0.007337760381200613,0.0015830561633635055,0.0002520292066862777,0.007030565468896814,0.0104926657048795,0.0026389346721114593,0.005641726281856852,0.0025704161445411692,-3.393696970226224e-05,0.004014314046105705,0.002454427322767268,0.003844157984323542,0.0036996214104870265,0.0008714719203784301,0.004327421541775977,0.0022569561978628035,0.006306618478619159,0.012660359927485808,0.004764485093522815,0.004298567432007542,0.0075322055547410146,-0.0003108717947781084,0.006717501434935777,9.268322799294666e-05,0.004831626065082473,0.0020697097374248767,0.003916862983313016,-0.00019745136638706068,0.004352161410061858,-0.00471739867286881,0.003999211675911503,0.004908328931880442,0.004843463865981329,0.007073190979463237,0.0013991713145761623,0.003435211900035701,0.0005298561738542319,0.008244582809320902,0.00321395296457956,0.000738887501512119,0.010366455260095213,0.002403524657665534,0.0035428168813724987,0.003488476344994994,0.004328201849297838,0.003826801528196277,0.0027727734013967033,0.006106888134339855,0.005111591765034593,0.004651228185586116,0.007887326489446272,0.00399584538179726,0.007943197266583527,0.0025413974306953764,0.004738433834774297,0.0007906183926938426,0.00529830229337372,0.0016991188897759503,0.005849861353735436,-0.0010611195373862294,-0.0007157950576366889,-0.0006920696165380086,0.004324792394429587,0.006287947172068637,0.006468891505017525,0.007221258104149211,0.01070097334641772,0.013475122373766963,-0.004160258050002156,0.004726006022281861,0.001811778460768927,0.004218362039117471,0.0026210246508543986,0.008221314692775553,0.004319513364543494,0.006277008287960195
CAJ,0.00193575551926942,0.0008107090330565765,1.8526604868925284e-05,-0.00020782077768418316,0.0022213738820937674,0.0024424428451130945,0.0013438976678901782,0.0004588974675610347,0.0012641917304730232,0.0026706631430626635,0.0013276859370736068,0.0004615321570191802,-0.0017758544116205414,0.002665605184784296,0.0016501902263137667,0.0015097460963253266,0.003010467975651754,0.0015799508457042919,0.001869431544815026,0.0011794105835025144,0.0011054998574405494,0.0021976908442146964,0.0014365228404677728,-0.0007193794466438196,0.0026132207467324275,0.0015756486945844698,0.0005491049876941458,0.0021255957905662454,0.004661012725225178,0.0008953149148653007,0.0029242444779866757,0.002209823010796907,0.0001653729654567749,0.0015276555685056498,0.0035054207279316416,0.002155972485023665,0.0013196456598703586,-0.0004218075610318798,0.0025659147421353,0.0013357942165041752,0.0010263920592390278,0.0025626641465019305,0.002134509066775367,0.0019385367427820284,0.0036906775793065266,-0.00035322108877445716,0.0029106882308041295,0.0004567701052645047,0.0021717539833594796,0.0010760779296197678,-0.00109716785721775,0.00029107270878039713,0.0014496022288879693,-0.001469255687749976,0.0016210918943485747,0.001970533299578002,0.002598546014237436,0.0026523344778536626,0.0010911842352329159,0.0009480661368140199,-0.0004996134719380855,0.003207529484124406,0.0007776250256160619,0.00044978209720522084,0.004071046387843875,0.0017112760893177126,0.0015556662663149326,0.0013820719601417306,0.002116285951506265,0.001533708443949798,0.0011682327141530578,0.0022088227161426778,0.0023560508502350717,0.002132789066610366,0.003031848882817545,0.0019857119965693585,0.002781878051993963,0.0012063993363891252,0.003045503079524401,0.000610029576045006,0.0015918960687244341,0.0005080062626287744,0.002297852845803864,0.00035756805333417307,-0.00011685455035099403,0.000801095668709363,0.0017084774088747452,0.003091961275471159,0.003784242290920497,0.0063333258749782755,0.00505657682206402,0.005340966935744596,0.001308826808663127,0.0028709408645038346,0.0009532974033213123,0.001734932496923428,0.0012293844484297842,0.005055926511442509,0.0020226085295606652,0.003783605991423266
CCEP,0.001364880034715237,0.0009436312619116904,0.001989371242822422,0.002447484610039779,0.0011183795216807562,0.0026732031731559625,0.0007983059644354995,-2.2008839378946947e-06,0.0011537973697269032,0.0032815831781470906,0.0004615321570191802,0.0019447723116670077,-0.0013223837971185434,0.000626587369784732,0.0026223643295285306,0.0003102711883914833,0.0024908262420104566,0.003216601126976492,0.0009089698387781312,-0.00046108606916139724,0.0009116006958807167,-0.000475633381050688,0.002336306107323975,-0.0010385975189792164,0.002540616546314901,-0.000370466925037764,0.0009886613467375677,0.002867139769460421,0.0026843725029558315,0.0011896064479417247,0.000996501290850257,0.0004460310351826536,-0.00012682542119472597,0.0017022130061343983,-0.0014693294322351402,0.0007182878612259063,0.0010890275758547218,0.002319101013546216,0.0008807599349356624,0.0004102317322186981,0.0037773148791480004,0.006525475270836419,0.001120011872350429,0.0010529653983554117,0.0014909803177936558,1.6921384761238023e-05,0.001404194898073215,-4.3067808200979664e-05,0.0013257387205231211,0.0006791275876296472,0.0034470198406536118,0.0001387444599884969,0.0017181419179130401,0.00017794892920651998,0.001428898986732432,0.0016807316957568375,0.0010607354299038755,0.00218458218315404,-5.335086691543639e-05,0.0015101101402700018,0.0016651014474093175,0.0031363682461537576,0.0022076840186744237,0.00017171063728694527,0.0034148180962383584,0.00018841277546253273,0.0008262255241002523,0.001136857811624268,0.0011391590042967646,0.0012275193242748952,0.0010172827246356186,0.003150394506462012,0.0009167983184581953,0.001145295155557728,0.0024737139700199396,0.0008479041285603023,0.0032345552318748423,0.0007313056541980992,0.0010071107503023583,-0.00015124216479241544,0.0024419193609121655,0.0007186647641283422,0.001881490013698805,-0.0007967379931721425,-0.0003359161007734519,-0.0017153015706429019,0.0015112417864752404,0.0016612448484900543,0.0010554802598751862,-0.0016508891603489993,0.0022586725172478615,0.004427462539713009,-0.004104511768278022,0.000981982777424839,0.0008941978676766944,0.0014625063925415402,0.0007589348899791955,0.0017957375861515075,0.0012080046721895566,0.0006468044556377009
CCM,-0.0025606029459073055,-0.0011458548467520868,-0.0005540868955728652,0.0007566949528400778,-0.0017668501728822757,-0.0031344717905255,8.126538307267174e-05,-0.0006940082933950278,-0.0014480905344603735,-0.005401014638962234,-0.0017758544116205414,-0.0013223837971185434,0.004404461401607821,-0.002668750757948506,-0.002464843368038541,-0.0017713805174916942,-0.004185156595635465,-0.00444515383413277,-0.0025886007569979955,0.0010033919122481218,-0.00178184228861322,-0.0007995816065745264,-0.0004206556972426521,0.004756900163937268,-0.004001339449677635,-0.0010136086920849536,0.0026590100624114994,-0.003583080220862263,-0.0060971611965497385,-0.0009206896661482491,-0.003486671458223285,-5.363628150752442e-06,9.213964483824235e-05,-0.0013316563431605443,-0.0015782214717058127,-0.0019922441300352814,-0.002430651376427235,0.0025727965379762976,-0.0018325151057502393,-0.001066961854895018,-0.0022006116858468536,-0.005799197653654709,-0.0029505670840528865,-0.0025464557189422456,-0.004695454325986012,-2.1575643600737967e-06,-0.004720290246088574,0.0005590707619592081,-0.002566355599791767,-0.0005917898427420351,-0.0021382137662962404,0.0012168519323393666,-0.0020972682217952846,0.006892556151583393,-0.0017256995795721498,-0.00231137702701306,-0.0023867757236078315,-0.004188440632020368,-0.0008501353180960028,-0.0016785790315975613,0.0016750280205931741,-0.0033886350328987476,-4.288657118146263e-05,-0.0002452833131435673,-0.0053403136491514385,-0.0011494836036087777,-0.0022658642700538432,-0.0018017179254941186,-0.0020926681194977158,-0.0019869345907606185,-0.0010579491459731475,-0.0010172163197451937,-0.0036639294036406823,-0.0026782327866268258,-0.004453271867422259,-0.0023165184497226906,-0.003364794466095927,-0.0011591874165125184,-0.0014835538094782627,-0.0007554628201201566,-0.0021073938166649413,-0.0008203972190734001,-0.003111500123551861,0.0009872009394232915,0.0004507639920540437,-0.0009183556240507487,-0.002021365924168128,-0.002994693699011612,-0.0034005882435403792,-0.006096773452939561,-0.0067062781347948745,-0.006876921832796201,0.0015695695572091888,-0.0018323461186733696,0.00015382801456156886,-0.001871766801927755,-0.0012122798054808276,-0.002884954210932647,-0.0020970203883814488,-0.0039161088324879785
CNSP,0.0039043112440671304,0.0016052891585222142,-0.00018323386687789752,-0.00018560704836579424,0.004997775267199852,0.00497622357300412,0.0035357234838883497,0.0008844713418075502,0.002651408501948893,0.004566627956435605,0.002665605184784296,0.000626587369784732,-0.002668750757948506,0.005748052730522334,0.003213920728067518,0.00313975005394541,0.00598450190367983,0.0021555609502710536,0.0037160381005772428,0.003508563297104249,0.00208871078932256,0.005354213813258128,0.0035649275282542223,0.00023646319862573518,0.005033883951528005,0.0036427936648190822,0.0026167431181585267,0.003954593408894121,0.009426897541567936,0.001927154728754239,0.006059635545323281,0.005745663613624806,0.00046991300299035435,0.003392171709241533,0.008400295134141056,0.004724579329916458,0.002358353863570855,6.43693096937786e-05,0.005862487454819251,0.0030013889500935193,0.001718367133791671,0.004133157888244286,0.00424583214007238,0.003915495740752818,0.007518492952653777,-0.0009190746316664635,0.005479124988542465,0.0014356047906155427,0.004514968858199875,0.002539440858118492,-0.0037768282064404883,0.0012985852075481313,0.002849081736073328,-0.0007545730379143606,0.003457881442263195,0.004107859820422924,0.005702304931626977,0.00504973816530989,0.00245840142340374,0.0017298189181194756,-0.0005418310749072992,0.006855656470416837,0.002018989276296181,0.001061525676382835,0.008235076058154694,0.003939161849685907,0.0030431972099040435,0.0028005455242359166,0.004579921752153522,0.0031130965626446176,0.0025743399996722826,0.005313548758079001,0.004503161285443718,0.004362597323511999,0.005920784111563694,0.00413880207999159,0.0057604538498207,0.002626420684082538,0.007265289088652126,0.0012489275798336658,0.003219907131044658,0.000961351994809458,0.004604630548201487,0.0013623732120659781,-0.00010593542844993824,0.0016615223575426126,0.0035542490749188582,0.0067192846783720814,0.008334010676929654,0.013742019011133833,0.010181289759351786,0.010860976804526933,0.0040693911115583375,0.00665627336000006,0.002553279591546529,0.0036891516610084935,0.002662781528486727,0.011874640491733944,0.004334976235914233,0.008100159740413372
CRVL,0.003295678537040359,0.0018305710626798193,0.0023799242415435172,0.003099609194952865,0.003581269344071069,0.005399177601616029,0.002684135192519967,0.0003392461095469105,0.002557005349765286,0.005737833294582894,0.0016501902263137667,0.0026223643295285306,-0.002464843368038541,0.003213920728067518,0.004577322338728134,0.0016815918001918226,0.0055300261886349015,0.0046234507582127325,0.002625532946124255,0.001170936700464006,0.001949577823252057,0.001828500884513135,0.004596584689560952,-0.0007013480011192584,0.005165846192717226,0.0011346331450342354,0.002767736059269302,0.005117334606945056,0.007190801018776125,0.0023180274514496,0.0037429598654047493,0.003266773123881729,6.974611270842165e-05,0.0036137072758318164,0.0019165570098104464,0.0029210603069760813,0.002232567202017075,0.003247251717853131,0.0036792240044923098,0.0018183031888955588,0.005368203439563628,0.009608965057100807,0.0031039874425195105,0.0029065487455416277,0.004927920364668189,-0.0004108396002597927,0.003856354905193246,0.0006796968261635049,0.0035324779210310154,0.0019929325960918666,0.002372142834789221,0.0009159697104220334,0.003297208352426819,0.0006038531185929936,0.0032558101951873017,0.0038187575233817944,0.0037734243367457303,0.004701519004585917,0.0009976837352044699,0.0025514759753547385,0.0020367384569125327,0.00684360505297902,0.0037466971855026677,0.0006909229877803873,0.0076380512018773845,0.0019688687290883872,0.002238496432522126,0.002568025409086709,0.003376559009225261,0.002810346171087133,0.0023889799159002123,0.006388516191147699,0.002891204065133255,0.0032199246975407074,0.005449847697262718,0.002775706680416489,0.006455870593209538,0.0020397309806182602,0.004536193848483094,0.0003148879077560177,0.0043891105455728455,0.001276899511655221,0.004222054007846935,-0.00026579961549729565,-0.0004282386407283633,-0.0014936086459429007,0.0033741957571961773,0.004949098341019807,0.004896228308681126,0.0037170715929399295,0.0069403988574772285,0.009994498457824585,-0.0031295613038984406,0.004180902236144529,0.002351678969594535,0.0033916652265173998,0.0020862490943734644,0.007555170479901446,0.003348320442428424,0.004212778163008199
CTRE,0.002146152170923517,0.0008609506996539339,-0.00019365867022810317,-0.00040182951602793775,0.002609398652167186,0.002637578041882079,0.0016757337658565375,0.0005278338161799101,0.0014006104471943892,0.00267011107337291,0.0015097460963253266,0.0003102711883914833,-0.0017713805174916942,0.00313975005394541,0.0016815918001918226,0.0017577859988108428,0.0032880484891853593,0.0013567322088709425,0.0020959520257252955,0.0016544170907565694,0.0011848490456790785,0.0028019513514421788,0.0016202312311759254,-0.00039846531336715533,0.0027882578151626697,0.00197027871395812,0.0008742558844004279,0.002170584065509315,0.005224204575389428,0.0009706409496948003,0.00336649855313093,0.0028147939232501845,0.00023263524201553497,0.001705813894905369,0.00450027842058836,0.002537329964822916,0.0013859847230183972,-0.0004980179417119022,0.003067835481816854,0.0015905842998588395,0.0008046910109292266,0.002223038993325718,0.002386771803237057,0.002177074866190209,0.004201888932712365,-0.0004575587082088849,0.0031999821668223065,0.0006453265285379962,0.0024535127155817416,0.0012772129195042783,-0.0019030872083587148,0.0004776052667627976,0.0015323506856456414,-0.001268766094104746,0.0018124795796768828,0.002187938718097163,0.0030432704673084955,0.0028509956254901122,0.0013337142784459824,0.0009413419628408467,-0.0006276114629428093,0.0035628456424164276,0.0008156582765358979,0.0005434000397374915,0.00447230724922441,0.0020860711262301306,0.0017279273321166814,0.0015212154992863616,0.0024416380662627994,0.0016921217597532894,0.0013245042455158785,0.0024936196007939266,0.002623181117701009,0.002407833976249687,0.0032920769886850545,0.0022765100235802227,0.0030074384935839305,0.0013881821462531974,0.0037088973628027853,0.0007296191049977095,0.0016547200725962412,0.0005193207621244228,0.0025191082405644754,0.0006200466485603432,-8.07964926112913e-05,0.00109150677626059,0.0018908451721948803,0.0035734213844828004,0.004479711602424456,0.007744462781656114,0.00571352070114416,0.005883831797355137,0.0021781189932072575,0.0034531443568831576,0.001170305507548655,0.001943006391395382,0.0014105975577362675,0.0061075699886618305,0.002314569492412189,0.004464909307971521
DISH,0.005020466189820024,0.0024210478838327214,0.0017069497279488153,0.001915542496699087,0.005632894334299474,0.0072156042086812784,0.003788496483707259,0.0008756877997054023,0.0035683652857752567,0.007748701989811428,0.003010467975651754,0.0024908262420104566,-0.004185156595635465,0.00598450190367983,0.0055300261886349015,0.0032880484891853593,0.008092271870476038,0.0054406474902053146,0.0044519484643572,0.0024958739508606667,0.002911169319478867,0.004368350165812625,0.005268477811155933,-0.0014492295998645036,0.0072792594630748265,0.0030016391862880535,0.0027641535295563333,0.006566163369609907,0.011561292095881567,0.002888005523293321,0.0067125172916569125,0.005414692129453252,0.00028241872726161925,0.004688443761810652,0.006255033286643099,0.005070362848241446,0.003404346502428741,0.0017418603044823437,0.006184639741576625,0.0031494942778087375,0.005219374485960293,0.010337512555099347,0.005158557129099949,0.004748606418406277,0.008612941421762898,-0.0007865876496815616,0.006759211640397413,0.0011290532613050775,0.005519195390659952,0.002914846965327097,0.00011826838888425763,0.0010721144427646512,0.004345454658502786,-0.0015496428363664994,0.004560969274397265,0.005443107906820954,0.006290580058262579,0.007002619525334951,0.0022272266492826807,0.0031184673303896217,0.0007637063946545983,0.009309505959305945,0.00374651558045743,0.0011176271536599402,0.011060282331136118,0.0037817259517869844,0.0037414321502410646,0.003737239910847564,0.005336511868445233,0.004119463651977882,0.003319330094286132,0.00761482275220428,0.005309787128498098,0.005241602003747257,0.008062199379199914,0.004724711676526152,0.0084380596135263,0.0031239866195449093,0.0074688834185512075,0.0010695804780010553,0.005319096014563995,0.0016079152219874112,0.006178467013093143,0.0003246273828981374,-0.00046212393035547007,5.3140105308754104e-05,0.0047639109687000695,0.00780879274688395,0.008737089220659407,0.011442807415945375,0.011931080776091669,0.01449341091941711,-0.00036536466160967066,0.00696804381251973,0.0030059722884061765,0.004815173598644048,0.0031885658899737344,0.012411651621607437,0.005185094232559298,0.008245424116547108
DMO,0.0031175121210588507,0.0018080652847349142,0.0028007202003957716,0.0024431225354438852,0.002181913254219741,0.0050105732707663156,0.0006272255646345634,0.00040953095666302394,0.0021889265757250105,0.007352143024636473,0.0015799508457042919,0.003216601126976492,-0.00444515383413277,0.0021555609502710536,0.0046234507582127325,0.0013567322088709425,0.0054406474902053146,0.0068004291351479295,0.002601571688559711,-0.0015314498073976976,0.002173024873515627,-0.00044239056547769296,0.0028300652786437085,-0.004577471075535092,0.005448279675700277,-3.126665010131977e-05,-0.0008613012619568175,0.005637230321233482,0.006730238376837562,0.0019230390374250907,0.003145691268370867,8.726950209820986e-05,-0.0002543000930514297,0.0027113420914792368,-0.001341935773973305,0.0018772225074210138,0.002816637340262885,0.0010065288321108713,0.0018722726652674292,0.0009989043744799038,0.005952309428490687,0.011578593256573465,0.0030658642097896108,0.0027303067638650225,0.004466930795849408,9.467820293922074e-05,0.0045408719465811955,-0.000554074497937462,0.0030259243509666864,0.001029884380771614,0.0059452816476038076,-0.0007808069084572157,0.003305513619434196,-0.00451448343095156,0.0026500267378862337,0.0033094773274788686,0.0024872935669432443,0.005147279896120793,0.0003316765163162261,0.002852105743237119,0.0008888958741239099,0.0055974452171552325,0.0025347147725800706,0.0002936538180897155,0.007180389529363934,0.0007142643501551948,0.0023307192772683443,0.0024023775097177665,0.0024664532775428814,0.0026157570529195375,0.0017591765729805802,0.00408876795339881,0.003295859094202032,0.0028979185495992097,0.005611325130494363,0.002305352229293095,0.0057860921279264755,0.001480212081680718,0.0016712740855031583,0.00024348218399189377,0.004156815416407467,0.0013613677012720307,0.004068406222683997,-0.0017554485137051194,-0.0007102695429355163,-0.0015638666593356123,0.0029472199089938637,0.0035540083229816605,0.002977028455593591,0.0011555898283682501,0.006579907060653853,0.00926246227661669,-0.006366954940082659,0.0019314977174576854,0.0007703236968907702,0.002773773130582746,0.0015475720922971646,0.0032319962082143433,0.0025719660989280795,0.002860444222712817
