,ATHX,CHGX,CMO,CZA,DHIL,DMO,ENX,ESBA,EURZ,FBRX,FCCO,FCRD,FMBIP,FNX,FSP,GOVX,HTLF,JTA,MCD,MUI,NEXT,NMTR,OMER,OPT,PEX,PFS,PKO,POWI,RFIL,SCD,SRACU,SYPR,TA,VERI,VST,AVSF,DASH,DBDRU,FPI,GROM,HYLB,IVV,KF,NREF,RMNI,SWZ,WTER,PFE,EVOP,GXF
ATHX,0.004376016511926681,0.00010998274871135075,-0.0003386485244942334,4.477547981820976e-06,0.0006077415943802444,0.000320379701573647,0.00011865423219789049,-0.0006749260507380502,-0.0003162494554932314,0.0014115469407049944,0.00013560267407854056,-0.0009077416212769868,-0.00016358097225663022,6.025362819837808e-05,-0.0010260202029689673,-0.0018373626040917735,-0.0005124587234671427,-0.00012362879891565393,-0.000219045728781913,0.00029563927744377373,-0.0012498457296583668,0.002992591437178335,-4.299778215449571e-05,8.156106388301699e-05,-0.00012092886618568469,-0.00014297169683561917,5.119027939085907e-05,-0.0004242950493576448,-0.0011712310640930087,0.00020371254402160645,0.0011207030098503651,-0.0004594661655736443,0.000801646981282581,0.0014745571700868242,-0.0006707589727696102,0.00010121752295941835,0.00034740080772862345,0.00016475518245891713,-0.00028085777835356397,-0.0013644321247885626,2.7394511744073575e-05,3.8107027077595696e-06,-9.09499402425173e-05,-0.00018916191589395855,0.00011048189350806944,-0.0002379889822196467,0.0007490426180643398,0.00014781706308928614,-5.159628272395693e-05,0.0010495561986320883
CHGX,0.00010998274871135075,2.6634741022719263e-05,-2.1131054433223443e-05,7.976727579478263e-06,1.1375347605490499e-05,2.701386159734077e-05,1.5032156372034068e-05,-1.5499000509559194e-05,7.074816083978738e-07,0.00014767430127096974,-9.638304325363153e-06,1.0277060477481653e-05,4.510800467904516e-05,1.8706305292916466e-05,-7.098363203742247e-05,-0.00016941509485006917,-4.3161465587576145e-05,1.479784388969969e-05,-2.2759594758034137e-06,1.7838220147908635e-05,-6.0481416445288456e-05,0.00024526345645923566,3.990900869288837e-05,8.028213418172606e-05,9.815141499678936e-06,-3.363274195312204e-05,1.9210034063759426e-06,-1.627225669845959e-05,-8.039383580739687e-05,1.3283354868789193e-05,8.921666902019185e-05,-0.00011039904865374101,5.9130098692642144e-05,0.00012965823434563656,-3.0509199714282887e-05,1.0748967535304161e-05,0.00010893775007650593,8.272690000645468e-06,-3.3492159258503057e-05,-0.00039156681225916687,9.779286003069434e-06,-5.30521814621402e-07,-3.210425340301988e-05,-3.1087024228657474e-05,2.2526912899371305e-05,2.6694037972233978e-05,-1.4096157025539187e-05,1.270773708641595e-06,6.616616340170572e-05,0.0001046736256837554
CMO,-0.0003386485244942334,-2.1131054433223443e-05,0.00018427021169965032,2.5687343401503126e-05,1.5525613677444146e-05,-9.675108532295417e-05,-2.3003005155132716e-05,0.00021523721360943254,3.998824015637893e-05,-6.539833984318141e-05,-0.0001270049639068669,4.640229341567135e-05,-2.2362624581261883e-05,4.2316037407437905e-05,0.0002539552659704155,1.3461771871786444e-05,8.627006913184542e-05,-2.1529010451848434e-06,4.395598777335625e-06,-4.997044716241136e-05,0.00031744152556051846,-0.000948240211438489,-4.063922751075474e-05,-7.784955912459873e-05,4.083544637686488e-05,0.00016495566515937812,-1.0038498880486414e-07,6.585228809422052e-05,0.0003895230289338964,-5.029427179910181e-05,7.870673154349607e-05,0.00040074332859467714,8.212301473396532e-05,5.97076454841902e-05,0.00015677686674529467,-1.4451205602778166e-05,-0.0002659960402716941,-2.833338533020795e-05,9.506791783744597e-05,7.092014458902317e-05,-5.91627587618117e-08,1.6674933026665548e-06,7.442052527269326e-05,0.00014224972604260123,-3.089165218296077e-05,-4.404412106290052e-05,0.000119708735004443,7.954590293932864e-05,-0.0001794884040268822,-1.9345340215396083e-05
CZA,4.477547981820976e-06,7.976727579478263e-06,2.5687343401503126e-05,1.6421761921547404e-05,2.1430772327394475e-05,-1.3293408620335882e-05,1.4448007488323537e-05,3.873872906268888e-05,1.3120307419504009e-05,2.0744034567474598e-05,-8.609909197826922e-06,-1.0367204063379461e-05,-1.1296712198027927e-06,2.286383505774069e-05,3.3532197759615063e-05,4.3454178416086654e-05,1.6091967920440987e-05,2.31791269634489e-06,-3.143231197513395e-06,-3.1074567260473316e-07,4.9867591286935927e-05,-7.751474768725428e-05,2.5241830148066595e-05,-4.39285103472423e-06,2.1096639162154782e-05,2.8777742722443402e-05,8.588259590422691e-06,-1.7503599385918994e-06,3.502072532616343e-05,7.045453835948748e-06,8.675572983258154e-05,-5.960024403066526e-06,4.329182140143312e-05,-6.364551497899196e-06,1.0827850675557583e-05,3.7457206954495134e-07,5.519935540932793e-05,1.8382979003089772e-05,3.0542068737412836e-05,-0.00031913671139417645,4.5187941780533916e-06,4.454100564567541e-07,1.2169879554942147e-05,4.746352514408473e-05,2.396855507578207e-05,-2.45718482464882e-06,1.222925816381437e-05,2.9274841399070386e-05,-6.845992808853637e-06,2.4514383115869347e-05
DHIL,0.0006077415943802444,1.1375347605490499e-05,1.5525613677444146e-05,2.1430772327394475e-05,0.0001446405173845961,3.7555878549522017e-06,4.189649772091685e-05,-4.0858749011084934e-05,-3.52248025587659e-05,0.0001536096872549786,6.2263140021549e-05,-0.00017589362141998827,-4.2374516707575426e-05,4.930956269101361e-05,-0.00011333147848774522,-5.595245143056267e-05,-2.5495472962102716e-05,-1.7899677032445954e-05,-2.703434563638976e-05,6.15088771519458e-05,-0.00011482542593283005,0.00022057509438206353,-4.779968277175036e-06,-8.603905362673526e-05,5.586389065127604e-06,4.683957531151054e-05,1.9923437922427127e-05,-2.5003410070445632e-05,-7.506101304368913e-05,2.3281502369184368e-05,0.0003580476823796598,4.043847199429282e-05,0.00019241271405222922,0.00019945902106814736,-2.7458305014446114e-05,2.289518523950266e-05,0.00010299180897071591,1.9002923171295067e-05,4.273794801987763e-05,-0.00041502284374818105,1.7057763938606225e-05,1.9407386185690266e-06,1.2150688475951983e-05,2.6581818563009914e-05,-2.4009900364227835e-05,-6.975942980554324e-05,0.00015901018031023076,7.103396868935481e-05,-0.00013387674727081947,0.0001142807159498794
DMO,0.000320379701573647,2.701386159734077e-05,-9.675108532295417e-05,-1.3293408620335882e-05,3.7555878549522017e-06,8.938883343815342e-05,2.5438261843156576e-05,-0.0001420065822450117,-1.562442932657882e-05,0.00016172630193359477,5.605142757707179e-05,4.858847723002529e-06,4.802876349550138e-05,-1.3779381769669251e-05,-0.0002481046460556687,-0.0003863923493742309,-7.278208027733858e-05,-2.2059648562403178e-06,-2.418530801691884e-06,5.715402543545403e-05,-0.0002474001034541646,0.0008109053425337238,5.861863667715925e-05,8.566966085862596e-05,-9.664385824981828e-06,-0.00010215998703015136,4.505258987649699e-06,-7.895975702457286e-05,-0.00030450306772118366,3.629082131555815e-05,4.356047331885837e-06,-0.00018397087237423165,1.8592383571041307e-05,0.00013374929526954992,-0.0001278319003328989,2.581396282165592e-05,0.00019396062471355215,9.36198652922166e-06,-0.00011725108306079021,-4.703357519180789e-05,1.52577129743683e-05,-2.4404263482393197e-06,-3.765168887923049e-05,-8.12372035308379e-05,-5.497689752717737e-06,5.097739859180817e-05,1.2878440694490146e-05,-1.1615347690716506e-06,0.00013813464506328048,0.00013755612221376048
ENX,0.00011865423219789049,1.5032156372034068e-05,-2.3003005155132716e-05,1.4448007488323537e-05,4.189649772091685e-05,2.5438261843156576e-05,7.526546077363046e-05,-5.2408221242104014e-05,9.626282211518081e-06,-6.209148608364909e-05,0.00010517052868421465,-1.552588706174475e-05,2.3759942648396993e-05,2.228696794097673e-05,-0.00010571605994429516,-2.823124225434456e-05,2.1657194933650598e-05,-1.4214220943380416e-05,4.375378071994043e-06,7.107125210657704e-05,-4.746635309752259e-05,0.0003765043288922782,9.242787604774724e-05,-1.1668050569655184e-05,2.6029454192206148e-05,-1.916006160411111e-05,1.911277678444833e-05,-5.011328450905657e-05,-0.00013196700786337258,2.3148021789170673e-05,0.00031802446734979366,-0.00011049800204704051,5.5443333668199323e-05,9.78488399533959e-05,-6.410655312467896e-06,3.504006455877008e-05,0.00031204728570477904,0.00011582043885684695,1.2494564653132427e-05,-0.0005891855663203397,3.578875633930471e-05,-5.863532817327847e-07,1.8600514547992333e-05,-3.0370767531164543e-06,-4.8983954866883644e-05,2.70002414110411e-05,3.223146141005431e-05,7.857491251963949e-05,-4.123464239043437e-06,-2.4713813359179296e-05
ESBA,-0.0006749260507380502,-1.5499000509559194e-05,0.00021523721360943254,3.873872906268888e-05,-4.0858749011084934e-05,-0.0001420065822450117,-5.2408221242104014e-05,0.0003383892020379442,6.284330154818225e-05,-0.00010306861892398012,-0.00022655829716114616,9.271078737392901e-05,-3.3819513446135548e-06,4.7130582159838346e-05,0.0004825777736691359,0.0001989240440247704,9.824429417565827e-05,2.0723935594112703e-05,8.760967516188015e-06,-0.00012882621257617575,0.0005537283529530251,-0.0014593752455895632,-5.901870749844069e-05,-5.2194883941165015e-06,5.232149143599455e-05,0.000182949764867653,-1.114709589946535e-05,0.00010909451931978125,0.0005644030946191877,-7.064819490822807e-05,-5.0681278903498114e-05,0.0003213331160125777,3.6695967530457424e-05,-5.8184673091048315e-05,0.0002207498654278839,-4.905397789168068e-05,-0.0003581722643615882,-1.1788114977057876e-05,0.00015729478695472303,-0.00028501261397106026,-2.232012807008719e-05,2.7135579070375935e-06,6.576253969181568e-05,0.00016814357871914454,7.271217678417209e-05,-2.6622192869216112e-05,-2.8720611695513424e-05,3.528864283457174e-05,-0.00011323308987796857,-3.133913588896811e-05
EURZ,-0.0003162494554932314,7.074816083978738e-07,3.998824015637893e-05,1.3120307419504009e-05,-3.52248025587659e-05,-1.562442932657882e-05,9.626282211518081e-06,6.284330154818225e-05,4.8797215856957865e-05,-8.219790339595304e-05,-3.5765544408716953e-06,8.073370841264886e-05,1.1501008986763648e-05,1.0050817567319261e-05,5.126470290032602e-05,8.15563460687637e-05,6.41863051403725e-05,5.07653388916035e-06,1.649147896255838e-05,-1.3551456790494838e-05,9.371091605182391e-05,-9.608522526476383e-05,5.4925374789897834e-05,-1.7366714262537716e-05,3.8026838725558025e-05,2.9368580293681885e-05,1.15604414195628e-05,-2.5918058367793744e-06,4.464492826012276e-05,6.6956361318346745e-06,-8.398690478641206e-05,2.823952470882733e-05,-3.7736540087865414e-05,-0.00018662898450046045,1.415559568053439e-05,-3.9765305823785875e-06,7.274692994386363e-05,-8.757708557609847e-06,1.722207462786856e-05,-5.487330575749338e-05,4.537535876851547e-06,-1.1136855182819629e-06,3.299054797132892e-05,8.842752397907595e-05,1.9375974399734673e-05,3.512232323831086e-05,-2.2072458781376755e-05,3.499310132251282e-05,4.747894294062828e-05,-2.2411069020419943e-05
FBRX,0.0014115469407049944,0.00014767430127096974,-6.539833984318141e-05,2.0744034567474598e-05,0.0001536096872549786,0.00016172630193359477,-6.209148608364909e-05,-0.00010306861892398012,-8.219790339595304e-05,0.0016775221816482514,-0.00046129089213735764,5.1583061877736425e-05,0.00013171341290863615,9.937023808695569e-05,-0.0005001301458580519,-0.0015160285226351572,-0.0004364074782111152,0.00011035389426785315,-0.00012777226630514271,6.741310357579357e-05,-0.0008033169031626598,0.0007905857516827962,0.00014422804253280382,0.0006318082907036379,-4.0230058855727894e-06,-8.100906141776403e-05,-2.1118839675858466e-05,-3.879719992160229e-05,-8.593641074980515e-05,8.82610031496694e-05,0.0005533515002130844,-9.603611003125388e-05,0.0005102506992665418,0.0014215280460722365,-0.00031757915471179645,5.738036219806434e-05,-0.00019236314909601795,-0.00020047267210496,-0.00046540962326509276,-0.0013516956328218407,1.6146645366158074e-05,-3.8377712297771536e-07,-0.00028002011490517735,-0.00010712808697375373,0.00013955671114330867,-2.1401517456093566e-05,0.0004155259455327381,-8.751550459055191e-05,0.00017567288109624765,0.0007517092112893201
FCCO,0.00013560267407854056,-9.638304325363153e-06,-0.0001270049639068669,-8.609909197826922e-06,6.2263140021549e-05,5.605142757707179e-05,0.00010517052868421465,-0.00022655829716114616,-3.5765544408716953e-06,-0.00046129089213735764,0.0005600127461875343,-0.0002216078746564454,2.0861533521294186e-05,6.4506363285090865e-06,-0.0003797319634502455,0.0005316973389488567,9.144433259111231e-05,-2.72045374243897e-05,8.909571203778263e-05,0.00012363470581789514,-0.00018576969575319176,0.0015097713458073806,-3.272591543427168e-05,-0.00038591824641401144,-8.410274083344271e-06,-0.0001348164006531954,4.364830322884026e-05,-3.6243239589025294e-05,-0.0006959277739044865,3.74663674262108e-05,-0.00020490932699558458,-0.00035234694212435495,-6.735809125673761e-05,-0.0007332019595107214,-5.1729362296507226e-05,2.4411507335376967e-05,0.0006918201127523312,-8.186587672693915e-05,0.0001662401415568251,0.0005126621870327319,2.617479848992674e-05,-2.412329765895845e-06,2.9033403117688723e-05,-0.00012526182295156463,-0.00010656639072509247,4.564213329312595e-05,-0.00025699567482108024,2.4643746670661397e-05,4.932680670723787e-05,1.2135441100685397e-05
FCRD,-0.0009077416212769868,1.0277060477481653e-05,4.640229341567135e-05,-1.0367204063379461e-05,-0.00017589362141998827,4.858847723002529e-06,-1.552588706174475e-05,9.271078737392901e-05,8.073370841264886e-05,5.1583061877736425e-05,-0.0002216078746564454,0.0004288619134883466,0.00010305277124640844,-2.4507466685975777e-05,6.58468479494618e-05,-0.0002681667517697275,2.394949940697298e-05,4.3974938968510444e-05,1.047629799456431e-05,-1.267840696813344e-05,2.049280155153056e-05,-0.00048033391189829553,0.00018410414476074423,0.0002854063607590245,4.343895756094479e-05,-1.0174138011909943e-05,-2.2271368557353545e-05,3.2133611962691065e-05,0.00031326800404349726,-1.9310672647122704e-05,7.38197952128555e-05,0.00014940437775178673,-0.00013441214199588292,0.00029769329182527984,6.288657571962117e-05,2.8113679129786038e-05,-8.437679196991476e-05,4.7929170382777895e-05,-0.00019746677296561774,-0.00010201265910344119,2.9864559910093717e-05,-3.4786670895481842e-06,-3.503320399028588e-05,2.5639440782978744e-05,-7.77774802319246e-05,0.00011128010038865823,5.2673819117489706e-05,-4.668306925690363e-06,9.243464809238956e-05,-0.00022205404323027855
FMBIP,-0.00016358097225663022,4.510800467904516e-05,-2.2362624581261883e-05,-1.1296712198027927e-06,-4.2374516707575426e-05,4.802876349550138e-05,2.3759942648396993e-05,-3.3819513446135548e-06,1.1501008986763648e-05,0.00013171341290863615,2.0861533521294186e-05,0.00010305277124640844,0.0001723416296392181,2.5583388858472978e-05,-0.00012109866467052452,-0.0004736993683182225,-7.54745862612312e-05,3.7883789434186956e-05,4.134189269374889e-05,3.274035916395902e-05,6.0198125898209665e-06,0.0004579884987975265,3.073713019960972e-05,0.00015995414426520045,8.448284951410174e-06,-0.00010745313766786034,-1.4891885834248497e-05,8.189988786397946e-06,-0.0001633361708050346,-2.7087421470186022e-05,7.636950098003303e-05,-0.0001722238203334462,7.163948376167614e-05,0.00030772588456183064,4.378745853235125e-05,2.5085832628712218e-05,0.00019239829287377337,-1.3782617525072111e-06,-5.024284781764909e-05,-0.0004166347796750142,2.914456780752133e-05,-2.3525124938484515e-06,-7.049905637217337e-05,-0.0001820074505339743,-4.586609540831226e-05,0.00010367384663490402,-0.00014155507748107242,-1.4158345554820978e-05,0.00013320008244408488,0.00018739152622057316
FNX,6.025362819837808e-05,1.8706305292916466e-05,4.2316037407437905e-05,2.286383505774069e-05,4.930956269101361e-05,-1.3779381769669251e-05,2.228696794097673e-05,4.7130582159838346e-05,1.0050817567319261e-05,9.937023808695569e-05,6.4506363285090865e-06,-2.4507466685975777e-05,2.5583388858472978e-05,4.74965429349431e-05,-1.2722006134031662e-05,-1.9267606598477944e-05,-1.177430791996267e-06,1.3622236848923062e-05,2.5330494553572095e-06,1.796988219032454e-05,2.6024434623303405e-05,-7.802757530510492e-06,2.0805060462626345e-05,-5.752550063582643e-06,2.597636148055607e-05,3.0047410745609287e-05,9.362375832724979e-06,1.733492333690963e-05,2.0461193769362995e-05,1.6700990200796174e-06,0.00017874099614053235,1.0348974365906227e-05,0.0001124163426539641,9.245277801660313e-05,3.1135397055037374e-05,9.902806834679555e-06,9.080614378124083e-05,-1.224216297118022e-05,3.8322449479226615e-05,-0.00043850230869043846,1.3917347426468075e-05,6.218094242814822e-07,-5.3551490009347064e-06,1.9982450826141222e-05,-1.0760285543276929e-06,-5.078888938030963e-06,2.3295809603544747e-05,3.6395808006897196e-05,-3.571117354168948e-05,8.734314674222378e-05
FSP,-0.0010260202029689673,-7.098363203742247e-05,0.0002539552659704155,3.3532197759615063e-05,-0.00011333147848774522,-0.0002481046460556687,-0.00010571605994429516,0.0004825777736691359,5.126470290032602e-05,-0.0005001301458580519,-0.0003797319634502455,6.58468479494618e-05,-0.00012109866467052452,-1.2722006134031662e-05,0.0009965849674410826,0.0007418375969693913,0.00017387779254407994,-1.3679653462028179e-05,-2.0182869630062044e-05,-0.0002640420568819583,0.0010029666434367727,-0.002766240898806177,-0.00016174444654663624,-1.895890335435059e-05,2.2107608901571237e-05,0.00027285537403529527,-3.59011916300706e-05,0.00014622511866782775,0.0009984459168360786,-0.00012038304119037438,-0.00016656720567745167,0.00037868237217343116,-0.00014590985883781516,-0.00025322058169785207,0.00035144878534825076,-0.00011243685655224444,-0.0007444632712570261,0.0001703066678740608,0.0002998449882828742,-0.0003224451278963637,-7.256805281567683e-05,6.804243713865779e-06,0.00013657744235320894,0.00024861427385826563,0.00017641169912664993,-9.143792057570673e-05,-0.00013130263707146245,-9.502713686659743e-06,-0.00020372469981173017,-0.00035771397772855644
GOVX,-0.0018373626040917735,-0.00016941509485006917,1.3461771871786444e-05,4.3454178416086654e-05,-5.595245143056267e-05,-0.0003863923493742309,-2.823124225434456e-05,0.0001989240440247704,8.15563460687637e-05,-0.0015160285226351572,0.0005316973389488567,-0.0002681667517697275,-0.0004736993683182225,-1.9267606598477944e-05,0.0007418375969693913,0.004975005407577669,0.0005482435388475127,4.713289091730173e-05,5.5884873447534124e-05,-0.00018443089609916313,0.000390066894298279,-0.0021000210506130993,-0.00012139107909447482,-0.0009021910126255732,5.870188534465915e-06,0.00022753788985604759,5.9841003158517696e-05,0.00043798861125848306,0.0006570298691027498,5.0513079048254707e-05,-0.0006744341198562174,-0.0002653182937729749,-0.0007289768232057232,-0.0029214133600395406,0.00028363134484534966,-0.00014748983666517312,0.00021698530150524896,-0.000221734931565098,0.0007413084240128947,0.000564529828496678,-0.00011572462436549932,1.1748855496639163e-05,6.81677292011398e-05,0.00044345514015477563,0.00017737686096972274,-0.0002617451342050678,-0.0006848343715567763,-0.00029028738966310703,-0.0004203734101455703,-0.0014668829585837684
HTLF,-0.0005124587234671427,-4.3161465587576145e-05,8.627006913184542e-05,1.6091967920440987e-05,-2.5495472962102716e-05,-7.278208027733858e-05,2.1657194933650598e-05,9.824429417565827e-05,6.41863051403725e-05,-0.0004364074782111152,9.144433259111231e-05,2.394949940697298e-05,-7.54745862612312e-05,-1.177430791996267e-06,0.00017387779254407994,0.0005482435388475127,0.00018578960242946767,-2.8554600537838667e-05,2.858504413931324e-05,-2.4598465379977628e-05,0.000243237548700913,-0.0004314502094342027,1.9248756321602368e-05,-0.00022725614962856925,4.489943450145058e-05,0.00010593750726229154,2.5662651203467773e-05,1.2410326123808114e-05,0.00013819896864659682,-2.201394755936596e-06,-0.00014394458234812018,0.00016690407544672423,-0.00011978355024099752,-0.0005407189653654432,7.753929071848042e-05,-1.7088308123838676e-05,5.8246307058777165e-05,1.418316830353907e-05,0.00013949984595118233,0.0003236102551575621,-1.5417523817269094e-06,1.6036751510384305e-08,0.00011834475332234682,0.00018940564422947927,-1.582998172728201e-05,-8.288237344247157e-06,-1.3675931757547725e-05,7.906655460597213e-05,-7.926119680112325e-05,-0.0002223718434262114
JTA,-0.00012362879891565393,1.479784388969969e-05,-2.1529010451848434e-06,2.31791269634489e-06,-1.7899677032445954e-05,-2.2059648562403178e-06,-1.4214220943380416e-05,2.0723935594112703e-05,5.07653388916035e-06,0.00011035389426785315,-2.72045374243897e-05,4.3974938968510444e-05,3.7883789434186956e-05,1.3622236848923062e-05,-1.3679653462028179e-05,4.713289091730173e-05,-2.8554600537838667e-05,3.199889657058981e-05,6.44022954830106e-06,-8.596606884934505e-06,-3.5177698177778034e-05,-1.9012963616901605e-05,6.676203645988888e-06,6.053513022243392e-05,1.4824663214674727e-06,-2.153968650194319e-05,-6.859180962444872e-06,4.3698717739596395e-05,2.6590694665679486e-05,-2.9938360647151978e-06,-2.1829889781337488e-05,-4.9616759474618104e-05,8.021642480150404e-06,2.5104876403450902e-05,1.224959020107635e-05,-1.3073103594808464e-06,8.217512823010707e-07,-5.9168392975895016e-05,-1.7519374860673714e-05,-0.00011913431127712532,-1.427435416545426e-06,-3.781560874470575e-08,-4.991572039127883e-05,-3.590583197708681e-05,1.2810228665678397e-05,1.3673289596086155e-05,-5.781659024138257e-05,-4.654787434685852e-05,3.164484778051181e-05,2.564227859594831e-05
MCD,-0.000219045728781913,-2.2759594758034137e-06,4.395598777335625e-06,-3.143231197513395e-06,-2.703434563638976e-05,-2.418530801691884e-06,4.375378071994043e-06,8.760967516188015e-06,1.649147896255838e-05,-0.00012777226630514271,8.909571203778263e-05,1.047629799456431e-05,4.134189269374889e-05,2.5330494553572095e-06,-2.0182869630062044e-05,5.5884873447534124e-05,2.858504413931324e-05,6.44022954830106e-06,3.78687349898658e-05,-2.6870458699273614e-07,6.393218313534986e-05,0.00016526892821626044,-2.8615560100390377e-05,-6.450093673458286e-05,3.3657907487596013e-06,-2.7048654712241577e-05,9.00804334886083e-07,1.9553302398678337e-05,-9.265977493804342e-05,-1.589950065348678e-05,-0.00016267772360725524,-3.313091159837485e-05,-3.3705154343808e-05,-0.00018193054862645968,3.607818175107816e-05,-4.302451811087353e-06,8.391168689052207e-05,-5.2873582834947e-05,4.585832015960668e-05,0.00024552576857110494,1.7816735838490885e-06,-1.0445584984982982e-06,4.706249981925224e-06,-4.203590211748518e-05,-2.4090815275642706e-05,3.432592733710714e-05,-0.00011414952921834435,-7.696035387011935e-06,3.518464008103143e-05,2.732801658112603e-05
MUI,0.00029563927744377373,1.7838220147908635e-05,-4.997044716241136e-05,-3.1074567260473316e-07,6.15088771519458e-05,5.715402543545403e-05,7.107125210657704e-05,-0.00012882621257617575,-1.3551456790494838e-05,6.741310357579357e-05,0.00012363470581789514,-1.267840696813344e-05,3.274035916395902e-05,1.796988219032454e-05,-0.0002640420568819583,-0.00018443089609916313,-2.4598465379977628e-05,-8.596606884934505e-06,-2.6870458699273614e-07,0.00011180222420563581,-0.0002473179631236498,0.0006526177716996497,9.083405048809868e-05,2.41628792680133e-06,6.6581446261962285e-06,-4.991455236587303e-05,1.4593669297362521e-05,-4.618804033863937e-05,-0.00020758043549513758,2.8229561022841028e-05,0.0003726055896896525,-6.168474427611795e-05,8.524997484866198e-05,0.00026066217852428335,-4.349224626877586e-05,5.564621232225917e-05,0.00029478998529393585,5.9764787145165325e-05,-6.348484429017475e-05,-0.0003059850248487434,4.530117964812004e-05,-1.186067387824913e-06,-1.8028096580760033e-05,-6.463664855868565e-05,-0.00011572446756891745,1.6553618274153123e-05,0.00010949627133403862,6.0732701346798977e-05,-3.6810242206004e-05,-2.57221033612743e-06
NEXT,-0.0012498457296583668,-6.0481416445288456e-05,0.00031744152556051846,4.9867591286935927e-05,-0.00011482542593283005,-0.0002474001034541646,-4.746635309752259e-05,0.0005537283529530251,9.371091605182391e-05,-0.0008033169031626598,-0.00018576969575319176,2.049280155153056e-05,6.0198125898209665e-06,2.6024434623303405e-05,0.0010029666434367727,0.000390066894298279,0.000243237548700913,-3.5177698177778034e-05,6.393218313534986e-05,-0.0002473179631236498,0.0013525357060892296,-0.002334464027589261,-0.00021977837931750482,-0.0001643387505360068,5.950465676503573e-05,0.0002508978291301744,-2.2783911408684328e-05,0.000109021043067872,0.0007388971517188149,-0.00016914631678386418,-0.0003001509624423322,0.0003291839353100083,-6.954561350087312e-05,-0.00040949564001096107,0.0004642241365172468,-0.00011175760563299355,-0.00046088529050381704,0.0001901319819731273,0.0004603732748678517,-0.00034337602276696393,-4.80474613011602e-05,4.468679688127604e-06,0.000219157828280344,0.00017883064015945306,0.00012970776548711606,3.862544455014398e-06,-0.0003224636373267967,0.00010166846823612474,-0.00012881429471787987,-0.00010255453599329782
NMTR,0.002992591437178335,0.00024526345645923566,-0.000948240211438489,-7.751474768725428e-05,0.00022057509438206353,0.0008109053425337238,0.0003765043288922782,-0.0014593752455895632,-9.608522526476383e-05,0.0007905857516827962,0.0015097713458073806,-0.00048033391189829553,0.0004579884987975265,-7.802757530510492e-06,-0.002766240898806177,-0.0021000210506130993,-0.0004314502094342027,-1.9012963616901605e-05,0.00016526892821626044,0.0006526177716996497,-0.002334464027589261,0.009637698911973936,0.0003770970473820723,-0.00010742232576308152,-4.209685157048539e-05,-0.0010307126409087792,0.00014544815298443318,-0.000669299314087242,-0.003886148040269392,0.0003961317608220595,-0.0006631272438880855,-0.0022051884429697354,0.0001983655506998296,-0.0006528523299764979,-0.0011943651288473297,0.00022011356047779978,0.0029460571843157733,-0.0003468079387699433,-0.0005524921261331636,0.0003747108646418437,0.00014898256779906415,-2.4216994420491315e-05,-0.0002728095083546756,-0.00077557292362159,-7.48689045879894e-05,0.0004946278144689764,-0.0004601921063909813,2.9425208971299958e-05,0.0013240414501182502,0.0015709685180931652
OMER,-4.299778215449571e-05,3.990900869288837e-05,-4.063922751075474e-05,2.5241830148066595e-05,-4.779968277175036e-06,5.861863667715925e-05,9.242787604774724e-05,-5.901870749844069e-05,5.4925374789897834e-05,0.00014422804253280382,-3.272591543427168e-05,0.00018410414476074423,3.073713019960972e-05,2.0805060462626345e-05,-0.00016174444654663624,-0.00012139107909447482,1.9248756321602368e-05,6.676203645988888e-06,-2.8615560100390377e-05,9.083405048809868e-05,-0.00021977837931750482,0.0003770970473820723,0.00029309241591542293,0.0001856751843191965,7.039344308136461e-05,-1.8039806411447924e-05,2.8795720793298892e-05,-9.182876791605124e-05,-3.274670876826301e-05,7.694345590132338e-05,0.0005012134535036754,-0.0001445832169335728,2.0164292803237892e-05,0.0002461092483528566,-9.709966896656171e-05,6.085548696596517e-05,0.00040987554176122424,0.00017865925818969454,-0.00014911542074140042,-0.0011420890587490982,5.564037604751622e-05,-2.368526422214218e-06,-5.557690218932659e-06,0.00011142878537871175,-1.6401948670399196e-05,7.25700215279165e-05,0.0001627487002980554,0.0001017196954004629,9.801889767616532e-05,-0.00012110321144893639
OPT,8.156106388301699e-05,8.028213418172606e-05,-7.784955912459873e-05,-4.39285103472423e-06,-8.603905362673526e-05,8.566966085862596e-05,-1.1668050569655184e-05,-5.2194883941165015e-06,-1.7366714262537716e-05,0.0006318082907036379,-0.00038591824641401144,0.0002854063607590245,0.00015995414426520045,-5.752550063582643e-06,-1.895890335435059e-05,-0.0009021910126255732,-0.00022725614962856925,6.053513022243392e-05,-6.450093673458286e-05,2.41628792680133e-06,-0.0001643387505360068,-0.00010742232576308152,0.0001856751843191965,0.0006266279318589836,-2.804949448701631e-06,-0.00011684707116929755,-4.582356484279517e-05,-3.60108419075017e-05,0.00017824408678501546,4.283208705694914e-06,0.0005162107489724048,-0.000235793045488,9.091501063528527e-05,0.0010857043644084095,-5.075847173634782e-05,4.00604664403197e-05,-7.981549039384289e-05,0.00020273077545400286,-0.00030696806555498605,-0.0015008594644997952,2.6997445143532965e-05,-1.0972898374904235e-06,-0.00016227572054670143,-0.00016004082417524665,5.5222445853055004e-05,9.493285908486533e-05,7.128704906926079e-05,-6.589188435971677e-05,0.000204680146910068,8.885075205198115e-05
PEX,-0.00012092886618568469,9.815141499678936e-06,4.083544637686488e-05,2.1096639162154782e-05,5.586389065127604e-06,-9.664385824981828e-06,2.6029454192206148e-05,5.232149143599455e-05,3.8026838725558025e-05,-4.0230058855727894e-06,-8.410274083344271e-06,4.343895756094479e-05,8.448284951410174e-06,2.597636148055607e-05,2.2107608901571237e-05,5.870188534465915e-06,4.489943450145058e-05,1.4824663214674727e-06,3.3657907487596013e-06,6.6581446261962285e-06,5.950465676503573e-05,-4.209685157048539e-05,7.039344308136461e-05,-2.804949448701631e-06,4.186626863606732e-05,3.846366443586198e-05,1.5775341407643066e-05,-1.6785355391242818e-05,3.4941591662963445e-05,1.471269245480599e-05,8.020129477190979e-05,1.9974051033557116e-05,3.0152804982763646e-05,-4.9526600185577114e-05,4.701624470184633e-06,6.4133117900970825e-06,0.00011205964997441418,2.3752604833819997e-05,1.5044273675677613e-05,-0.00033544464206832294,1.2923200780503866e-05,-5.428294135240796e-07,3.0429492973991028e-05,9.056856776682417e-05,1.6898626177211905e-05,2.081249003641669e-05,3.284416110563578e-05,5.930163187902276e-05,1.9016833903098418e-05,1.5247288898609664e-05
PFS,-0.00014297169683561917,-3.363274195312204e-05,0.00016495566515937812,2.8777742722443402e-05,4.683957531151054e-05,-0.00010215998703015136,-1.916006160411111e-05,0.000182949764867653,2.9368580293681885e-05,-8.100906141776403e-05,-0.0001348164006531954,-1.0174138011909943e-05,-0.00010745313766786034,3.0047410745609287e-05,0.00027285537403529527,0.00022753788985604759,0.00010593750726229154,-2.153968650194319e-05,-2.7048654712241577e-05,-4.991455236587303e-05,0.0002508978291301744,-0.0010307126409087792,-1.8039806411447924e-05,-0.00011684707116929755,3.846366443586198e-05,0.0001989390363072227,1.0935903989860567e-05,3.836420350885099e-05,0.00042341629922969134,-1.917048742189105e-05,0.00013261329499124534,0.00040262522159312665,5.705092912453579e-05,-3.55879781302453e-05,0.00010013819737763557,-1.85726832060806e-05,-0.0002821040532464645,1.303674653654786e-05,9.567439835304806e-05,1.7136053075499677e-05,-8.961867313563684e-06,2.772905197161002e-06,9.79352893014289e-05,0.00022922806193799458,6.249024059972163e-06,-8.971696542725418e-05,0.0002022336156263693,9.039261280652135e-05,-0.00021728678410199635,-0.00011236392136741186
PKO,5.119027939085907e-05,1.9210034063759426e-06,-1.0038498880486414e-07,8.588259590422691e-06,1.9923437922427127e-05,4.505258987649699e-06,1.911277678444833e-05,-1.114709589946535e-05,1.15604414195628e-05,-2.1118839675858466e-05,4.364830322884026e-05,-2.2271368557353545e-05,-1.4891885834248497e-05,9.362375832724979e-06,-3.59011916300706e-05,5.9841003158517696e-05,2.5662651203467773e-05,-6.859180962444872e-06,9.00804334886083e-07,1.4593669297362521e-05,-2.2783911408684328e-05,0.00014544815298443318,2.8795720793298892e-05,-4.582356484279517e-05,1.5775341407643066e-05,1.0935903989860567e-05,1.3924581817840352e-05,-2.2077548833857036e-05,-5.891777491460959e-05,1.941477534669823e-05,9.253810189577849e-06,-2.0366903769284774e-05,9.529795319099716e-06,-0.00010738198869418188,-2.8238354095728094e-05,3.494217411566362e-06,0.0001006457103339419,9.342256262337115e-07,1.4947183074998127e-05,-7.320778696045129e-05,4.574415527109302e-06,-3.019168081400212e-07,2.047677405668093e-05,4.887964563952925e-05,1.1212917820545951e-05,1.3849520767410972e-06,1.827885078989962e-05,3.0435953961757315e-05,1.083100182323175e-05,1.3574673557824796e-05
POWI,-0.0004242950493576448,-1.627225669845959e-05,6.585228809422052e-05,-1.7503599385918994e-06,-2.5003410070445632e-05,-7.895975702457286e-05,-5.011328450905657e-05,0.00010909451931978125,-2.5918058367793744e-06,-3.879719992160229e-05,-3.6243239589025294e-05,3.2133611962691065e-05,8.189988786397946e-06,1.733492333690963e-05,0.00014622511866782775,0.00043798861125848306,1.2410326123808114e-05,4.3698717739596395e-05,1.9553302398678337e-05,-4.618804033863937e-05,0.000109021043067872,-0.000669299314087242,-9.182876791605124e-05,-3.60108419075017e-05,-1.6785355391242818e-05,3.836420350885099e-05,-2.2077548833857036e-05,0.00015456542733820167,0.0002721137504088697,-5.2361147835616445e-05,-5.12862737705568e-05,0.00013543472184640094,-2.2995831533699982e-05,-5.385581176444721e-05,0.00015003237518792565,-1.9031128761264683e-05,-0.00021639233457672438,-0.00012299632467514015,7.748325616969848e-05,0.00025003968742994865,-1.4884278568709173e-05,2.252460144686304e-06,-5.104003996827369e-05,-5.107781668272497e-05,-4.225965721276066e-05,-4.236275054123063e-05,-9.613256379776381e-05,-9.083644856642325e-05,-0.0001367212753357896,-0.0001314071326803218
RFIL,-0.0011712310640930087,-8.039383580739687e-05,0.0003895230289338964,3.502072532616343e-05,-7.506101304368913e-05,-0.00030450306772118366,-0.00013196700786337258,0.0005644030946191877,4.464492826012276e-05,-8.593641074980515e-05,-0.0006959277739044865,0.00031326800404349726,-0.0001633361708050346,2.0461193769362995e-05,0.0009984459168360786,0.0006570298691027498,0.00013819896864659682,2.6590694665679486e-05,-9.265977493804342e-05,-0.00020758043549513758,0.0007388971517188149,-0.003886148040269392,-3.274670876826301e-05,0.00017824408678501546,3.4941591662963445e-05,0.00042341629922969134,-5.891777491460959e-05,0.0002721137504088697,0.0016694944367950397,-0.00014087570247089194,0.0006313348274148657,0.0009790572795054346,-1.3800378490632109e-05,0.0006585184284280993,0.00046298764277514804,-4.647182557362037e-05,-0.0011571761266317042,0.00016999280798806385,9.342465774449656e-05,-0.0005197147474395127,-2.8202475008643956e-05,9.243159241952442e-06,6.817170252137527e-05,0.00032379161606772177,-4.367709328710552e-05,-0.0001967295933088336,0.0003667910348778083,1.4121787490603474e-05,-0.0005841281117350554,-0.0006992129149074141
SCD,0.00020371254402160645,1.3283354868789193e-05,-5.029427179910181e-05,7.045453835948748e-06,2.3281502369184368e-05,3.629082131555815e-05,2.3148021789170673e-05,-7.064819490822807e-05,6.6956361318346745e-06,8.82610031496694e-05,3.74663674262108e-05,-1.9310672647122704e-05,-2.7087421470186022e-05,1.6700990200796174e-06,-0.00012038304119037438,5.0513079048254707e-05,-2.201394755936596e-06,-2.9938360647151978e-06,-1.589950065348678e-05,2.8229561022841028e-05,-0.00016914631678386418,0.0003961317608220595,7.694345590132338e-05,4.283208705694914e-06,1.471269245480599e-05,-1.917048742189105e-05,1.941477534669823e-05,-5.2361147835616445e-05,-0.00014087570247089194,5.299593214628794e-05,1.1572277885830141e-05,-0.00012139621834191149,-3.047501110647606e-06,-0.000115863223291835,-0.00011171587686174662,8.883686244707406e-06,0.000168158687471844,2.479461955616275e-06,-4.4844176764037475e-05,-0.0001948695189254789,3.565872799087955e-06,-8.063389894216312e-07,-2.5806593229400983e-06,6.194036210867648e-05,4.7445066737235466e-05,6.8324647828004865e-06,4.093169063880704e-05,1.4440046638640892e-05,7.470069897031183e-05,2.5978940345083763e-05
SRACU,0.0011207030098503651,8.921666902019185e-05,7.870673154349607e-05,8.675572983258154e-05,0.0003580476823796598,4.356047331885837e-06,0.00031802446734979366,-5.0681278903498114e-05,-8.398690478641206e-05,0.0005533515002130844,-0.00020490932699558458,7.38197952128555e-05,7.636950098003303e-05,0.00017874099614053235,-0.00016656720567745167,-0.0006744341198562174,-0.00014394458234812018,-2.1829889781337488e-05,-0.00016267772360725524,0.0003726055896896525,-0.0003001509624423322,-0.0006631272438880855,0.0005012134535036754,0.0005162107489724048,8.020129477190979e-05,0.00013261329499124534,9.253810189577849e-06,-5.12862737705568e-05,0.0006313348274148657,1.1572277885830141e-05,0.003405521380889062,0.0001630962522515398,0.0007121997075208901,0.0028072214221593035,0.0002730264028724574,0.0002517100612278042,0.0006082865571594508,0.0008899030261884041,-0.0001549546723122739,-0.004837234344276551,0.00022521984435755759,7.693048754338968e-06,-7.164932147243596e-05,-0.00011201464943555387,-0.0004651236460104244,-0.00010943272418176237,0.0008669793577251461,0.0003831524604102365,-0.0007072914687492678,-0.0004989740806263091
SYPR,-0.0004594661655736443,-0.00011039904865374101,0.00040074332859467714,-5.960024403066526e-06,4.043847199429282e-05,-0.00018397087237423165,-0.00011049800204704051,0.0003213331160125777,2.823952470882733e-05,-9.603611003125388e-05,-0.00035234694212435495,0.00014940437775178673,-0.0001722238203334462,1.0348974365906227e-05,0.00037868237217343116,-0.0002653182937729749,0.00016690407544672423,-4.9616759474618104e-05,-3.313091159837485e-05,-6.168474427611795e-05,0.0003291839353100083,-0.0022051884429697354,-0.0001445832169335728,-0.000235793045488,1.9974051033557116e-05,0.00040262522159312665,-2.0366903769284774e-05,0.00013543472184640094,0.0009790572795054346,-0.00012139621834191149,0.0001630962522515398,0.00140094322222347,0.00010330408437674252,0.0004466888108660705,0.0002781934842216142,-1.756307014315468e-06,-0.0010558317123878476,-0.0001413131488733063,3.1541627113372125e-06,0.0018434415664272683,-6.00091601362347e-07,3.0420513305970662e-06,0.00018079696191222326,0.0003062924501581464,-0.0002784132928024908,-0.0001951117007341929,0.0006568890344670985,0.00016630915152365748,-0.0006355573990144312,-0.00026777156814613646
TA,0.000801646981282581,5.9130098692642144e-05,8.212301473396532e-05,4.329182140143312e-05,0.00019241271405222922,1.8592383571041307e-05,5.5443333668199323e-05,3.6695967530457424e-05,-3.7736540087865414e-05,0.0005102506992665418,-6.735809125673761e-05,-0.00013441214199588292,7.163948376167614e-05,0.0001124163426539641,-0.00014590985883781516,-0.0007289768232057232,-0.00011978355024099752,8.021642480150404e-06,-3.3705154343808e-05,8.524997484866198e-05,-6.954561350087312e-05,0.0001983655506998296,2.0164292803237892e-05,9.091501063528527e-05,3.0152804982763646e-05,5.705092912453579e-05,9.529795319099716e-06,-2.2995831533699982e-05,-1.3800378490632109e-05,-3.047501110647606e-06,0.0007121997075208901,0.00010330408437674252,0.0004298269962638475,0.0008220347534057103,2.5382423876836105e-05,4.941332418703979e-05,8.890512450980006e-05,4.2195693700544346e-05,-6.896326292674833e-06,-0.001164536309115991,4.586840172934947e-05,1.931179759827702e-06,-2.8772008834540543e-05,-4.163331124214764e-05,-4.733761783391363e-05,-4.373595072559651e-05,0.00024869453334002925,0.00012373267801709385,-0.00014137551593878332,0.000386780342325503
VERI,0.0014745571700868242,0.00012965823434563656,5.97076454841902e-05,-6.364551497899196e-06,0.00019945902106814736,0.00013374929526954992,9.78488399533959e-05,-5.8184673091048315e-05,-0.00018662898450046045,0.0014215280460722365,-0.0007332019595107214,0.00029769329182527984,0.00030772588456183064,9.245277801660313e-05,-0.00025322058169785207,-0.0029214133600395406,-0.0005407189653654432,2.5104876403450902e-05,-0.00018193054862645968,0.00026066217852428335,-0.00040949564001096107,-0.0006528523299764979,0.0002461092483528566,0.0010857043644084095,-4.9526600185577114e-05,-3.55879781302453e-05,-0.00010738198869418188,-5.385581176444721e-05,0.0006585184284280993,-0.000115863223291835,0.0028072214221593035,0.0004466888108660705,0.0008220347534057103,0.0040877595024843795,0.00021400615605030555,0.00022764101659463026,-0.00040981772216084434,0.0006677683520800671,-0.0005795549006868412,-0.003317550827229135,0.00017813771945048528,3.7383441069491665e-06,-0.0002505133042820236,-0.0005378435922211839,-0.0004726993051668834,-3.169212691058631e-05,0.0009310974466530454,0.00018035607234666504,-0.0004705037237296135,0.0001709427290038241
