,AAOI,AGZ,AMBC,ARLP,BELFA,BKLN,BSCS,BX,CAAS,CASH,CHAD,CHII,CHW,CRON,CULP,DSTL,EEMD,ETTX,EUDV,FLJH,FMHI,FOR,FUBO,HBP,HIO,HYMC,IBRX,IDIV,ILF,INBKL,ISD,ITCB,JHI,KOPN,L,LFUS,LIT,MDGS,MSB,NTWK,NVCR,NYMTP,OEF,PBI,PKE,PSCI,PXQ,QTNT,RAVE,RFL,RMED,SAVA,SCC,SCHB,SIC,SMAR,SRRA,SVC,SYPR,TCON,TTT,TVE,TWNKW,UBCP,UFEB,USMF,WFHY,WTRU,XMPT,BBUS,CAT,CCEP,CGO,DFP,FDNI,FDP,FTAG,GSG,IBTJ,ICFI,IDLV,KSPN,MBT,MTLS,NWS,NYMT,PSB,SBCF,SDGA,UAMY,ZVO,AGNCO,BANFP,BBSA,DAC,EUSA,AGNCM,FCFS,INGR,RNLC
AAOI,0.0014931106490345834,-0.0012365264741311774,-7.818943472810556e-05,0.0021148656302806793,0.00032396440582729374,-0.00044681292856833685,-0.0008260026794862657,0.0007331311302986597,0.0004072438438225286,0.0009899350167614522,-0.0022990103503774595,-0.0009624881599584901,0.000308348282586033,-0.00045682304171204384,-0.0025942806459586473,-0.00011944590860483076,-0.00012965386180749136,-0.002494758064912143,2.2605330455373424e-05,4.672513509086968e-05,-0.0009539457535303503,0.0004433464305076699,-0.0010064380419366127,-0.002747243632129486,-0.0005279190838726194,-0.0012695795796134799,0.0006847521513258691,-0.00023602331643285884,0.0009317465790983084,-0.0008611042364598056,-0.00021362272999838784,-0.0008552269528842245,-4.782441812970184e-05,-0.00029326481239151593,0.0007555333333490518,0.000460301603571765,0.0001751964897367681,0.001779586949376601,0.0001152605334900804,-0.0014978597066904768,3.401313439183279e-05,0.0005082918926207323,2.380199306663485e-05,0.0008788137509921296,-0.00027413265867666677,-8.916911381329557e-06,-0.0001137940520271168,-0.0009411915282066741,0.0011817120694155023,-0.00025298811938133484,0.00047782498680180695,0.002376491225529382,-0.0019079169852990697,2.7969591885237653e-05,0.0017863310595619996,0.0007058841911080239,-0.0006406376820499325,0.0014395332038434157,-0.0011300573038229903,0.0006114962091560399,-0.0017256413408011637,-0.001606088433980775,0.0006038646316259385,-8.517403503370839e-06,-0.0008611855450759715,-9.227302606937409e-05,-0.00047820811334267654,-4.812994656711576e-07,-0.0006150187544301023,-0.00018592688982538034,0.00024231175120688944,0.000171635801085949,7.373002528521548e-05,-0.00022789651019351076,-0.0002803045733199809,0.00019555985964842047,-0.0009233516987853458,-0.00015840325277661767,-0.0012282056953612287,-0.0008582000416837354,-0.00033468146295094595,-0.0005986522302432172,4.2855860646875336e-05,2.680444423728263e-05,0.000153282840595229,0.00034639861280758277,0.0004120633060339474,0.0005707825183994548,6.5332040893440846e-06,-0.0008938045020992897,-0.0014588924979977767,-0.0005271587514705674,-0.0011561914073957326,-0.001194740154434164,0.0010912512535499572,3.1057089250872776e-05,-0.0007032160720495561,-0.00028037679932927604,-0.0004231532441903536,-3.194550795406073e-05
AGZ,-0.0012365264741311774,0.0028664226034207413,0.0001141362058499371,-0.004377621222753853,-0.00017979903338154963,0.0015865859168918799,0.0024610061012956637,-0.0014146248645130483,0.00045128127973920884,-0.0013957184868750665,0.004343929887496536,0.0019017280798441746,0.0003283192401072893,0.00025613320898529795,0.00199839516082559,0.0003967179484574931,0.0003496759234931524,0.006407767986848539,0.0004369493045719698,-0.00031068451972041247,0.002693095593660237,-0.00018007638322221773,0.0027717370911478564,0.004922330966231133,0.000902883645491162,0.002568564030817806,0.0010354465955157099,0.001722909871410869,-0.0019504439597575168,0.0020464556316432602,0.0007757965663162973,0.0020773242119892566,0.0009940032429188845,0.0015230673422953393,-0.0016984037316678028,-0.0007510048200866824,-8.157748922321568e-05,-2.8991625686126303e-05,-0.0007136248586037099,0.002373854029948488,0.0014390668799181038,2.700181250663899e-05,-7.494954111748253e-05,-0.0015653671418328237,0.0005503549953386071,0.0003725890039131526,0.00048380159997554907,0.002700885718203392,-0.0007873584330455805,0.0010422154732019858,0.003443395819450296,-0.0018593404866595865,0.005745104924222694,-3.78908828778252e-05,0.0003276192137274159,-0.0007705745148033699,0.0019401048266334917,-0.0017583526670084323,0.004049548181368649,0.0035227923909856218,-0.0012597740982722401,0.003385195581670216,0.0007646202223686535,0.0011854651596409681,0.0017590654680990966,0.0003577640490547831,0.0012856548251374623,0.0014479364460724055,0.0023280878570955746,0.00032440844044529535,-0.0006433607253418137,0.00041389059854514046,0.0008434479452970915,0.0014615636160886557,0.000988612191273951,0.002346365610406795,0.0008244564882618444,-0.00046911816766243084,0.003145575332468942,0.0009602580566943731,0.0009721605885330631,0.0023084493451738506,-0.0010025865177491111,-0.001310644420343117,-0.00035842936814878604,-1.403252043625658e-05,0.0007722876668509057,-0.00014430906723269878,0.00016138359318885686,0.001033789027308855,0.0031549467953839077,0.002231095028865096,0.0025039690236847356,0.0026503694608662367,-0.0025401583424645552,9.506397865888457e-06,0.0024912662654343796,0.001852657241323793,0.0006119783844973337,0.00012233686427326753
AMBC,-7.818943472810556e-05,0.0001141362058499371,0.0003737135353958376,-0.0002740568460361866,0.0005308047680303647,4.211766030798608e-05,0.00015712452062599473,-0.00014076459981820756,-0.0007712800350270601,0.00029249276315821256,0.0003905653421684778,-0.00023473005972200292,2.7851243901545412e-05,0.0003004486951176009,0.0003633450509042826,2.0615735961586797e-05,9.139821441143164e-05,0.0005022289316958097,9.773554141616923e-05,8.794583346925695e-06,0.00011897210542972375,0.000658953051059179,0.0008717332011322898,0.0005663838370749445,0.00025668498779827256,7.918551640834668e-05,0.00012275081246281542,0.0003399472814053046,-4.076393777724258e-05,-3.1003899788660146e-05,0.00026970119178563133,0.0005441915009326117,9.849333273218144e-05,0.0015123408022055986,-0.00022347422180274166,0.00012451665258880716,0.00016942136395278472,0.00022941476513234504,-3.796599548386774e-05,-0.00016528443636713895,-0.0006567695224218542,5.782285366241485e-05,-1.3315938760271213e-05,0.000314070361754393,9.10844973484093e-05,0.00015708653624834032,5.3650137582745574e-05,0.0004135738551591806,0.0004269088668349422,-0.0002642324290398066,-0.00012446526824324953,0.0005385290976848565,-0.00027446705399844246,1.259187930467905e-05,0.00014532998496032357,-0.0004595812676554126,0.0006858024541293678,0.0008699891833134393,3.0852733625113304e-05,0.00046748042424085375,-0.0007603231261109019,0.00010682880226152837,0.0011888963158439552,0.00020496614633528558,6.802907456244579e-05,4.332236545752147e-05,4.5470259321337485e-05,5.299098125189795e-05,0.00011551884210297379,4.785165478644211e-05,0.0005375047190638315,0.0001229932375785521,0.0002482346414610392,0.00010393069336793512,-7.642455727899473e-05,-0.00048027520741360577,0.0004059151413614185,0.00013969983818716195,0.00014934251876989237,0.0005895076526533927,0.00019078639966024882,0.0002197224594939483,0.0003462078031423152,-0.0004502120248714896,-0.00011309038529851529,4.82508578169354e-05,1.555601314287535e-05,0.00031590289117159264,3.811018226935056e-05,0.0002301415156860079,0.00041334969535582915,8.710625198405629e-05,0.00014381454804592925,9.959945881470841e-05,-0.00025661982240961565,5.936651667526528e-05,0.00011440231960586743,0.0002737577008376119,0.0002581887390433615,5.2285385658702034e-05
ARLP,0.0021148656302806793,-0.004377621222753853,-0.0002740568460361866,0.007656581175350079,0.0003722506393552082,-0.0023669091568679574,-0.0036995130503300493,0.003146564248551319,9.808627019465668e-05,0.002271534217045979,-0.006922879559740477,-0.0026529821021305,-0.0004111256261289327,4.5182774955523474e-05,-0.0023625728140811175,-0.0006934488946694732,-0.0003588936644724195,-0.009587590652094025,-0.0007101035409638958,0.0005356550521687998,-0.004069991891365222,0.0001944784943471414,-0.0029960667376923984,-0.004737701185076272,-0.001288997278469344,-0.00399243088449351,-0.001725631677415696,-0.0024046412989190886,0.003205636660070416,-0.00347604690154507,-0.0010075657803957807,-0.0037617007547448844,-0.001280791364722149,-0.003629284830119429,0.002462526342167067,0.00047351683060732413,0.0004986161206568465,0.0014905256714648125,0.001300497729531147,-0.0028057606384592894,-0.0020475671017580665,0.0003524977013776951,0.00010003365852965524,0.0021964334185128422,-0.0002847776248667195,-0.0006109815271606237,-0.0005074302552817572,-0.004429447272653105,0.002378814630492548,-0.0019534145834034945,-0.003564424770921188,0.0039079459103066,-0.00859271255249077,6.914074532617668e-05,0.00014637239730883782,0.0018997383707115183,-0.00403116598001234,0.0019664201284889204,-0.0052483070634557665,-0.004606771010300672,0.002821163809694589,-0.0052121797784319725,-0.00104514219199205,-0.0017727014819529845,-0.002678270896824141,-0.0004962182982372568,-0.0019027856154853946,-0.0020972346952022308,-0.003511141235542157,-0.00048539044742933516,0.001008486111844792,-0.0005930011083973331,-0.001326428911321,-0.001940059856412751,-0.0009000002634455967,-0.003919228352039553,-0.0012313222369423247,0.0014039404249855429,-0.0048381659618928746,-0.0015140925502781367,-0.0012433695599764329,-0.003284204181991808,0.001982159041925405,0.0020215660282978743,3.670736816706514e-05,0.0002924547031212796,-0.0011782768685976767,0.0001134076180611426,-0.00018658528152362238,-0.0017066011111906882,-0.0031025072779409728,-0.00330779256997965,-0.003858956314818783,-0.004016014709890042,0.0032639209390683474,1.559029799758997e-05,-0.003723815294946902,-0.0028280920258584594,-0.001599583602368429,-0.00012313763095060898
BELFA,0.00032396440582729374,-0.00017979903338154963,0.0005308047680303647,0.0003722506393552082,0.0009172895892794063,-5.976008715831232e-05,8.198566708695779e-06,0.00018629282074257835,-0.0009263671940927805,0.000747478948127709,-0.00010548836447888645,-0.0005811657074048158,0.0001351970448728813,0.0004259641067217447,1.825429797426968e-06,-2.1611519731624498e-05,0.00013678754280962722,8.464157762440235e-05,0.0001411821496396929,4.1640875115036915e-05,-8.92156439679539e-05,0.0011087566407810513,0.0012851742781463263,0.0006490268191952826,0.0002636149428477132,-0.0002516574301823993,0.0003211356989948813,0.000482145747504792,0.0002469258382781453,-0.0003644749173038299,0.000383036785800107,0.0004699143931899772,0.00017243871709083635,0.0019618293809933185,-0.00015218906492303174,0.0001850366390779308,0.0003794047178120062,0.0010939821556289985,2.2526803411209875e-05,-0.0005056703767172936,-0.0009858890072609653,0.00029637753002421463,-1.615838367565374e-05,0.0006880780997341086,0.00017203916825132064,0.00022497488616905919,9.245124260086062e-05,0.00029609409777743795,0.0011996604325892042,-0.000554684058423918,0.0002221793322886351,0.0016693495869741005,-0.0009486850729692258,2.91737543535295e-05,0.0008039232788584974,-0.0003693634535522197,0.0006485960487721298,0.0015813573642907467,-0.00011014604987285628,0.0009791066859647193,-0.0014117389869149157,-0.00030087062267183495,0.0019889432666070554,0.00030346369158810906,-0.0001380236086458979,4.7906775271781646e-05,-5.7811254602068506e-05,8.453422192150765e-05,-2.5862634227720762e-06,2.3339782020271342e-05,0.0008985219035266917,0.00023455291239307005,0.00038020848843509184,0.00013932775667452495,-8.102690531905892e-05,-0.0007825301142399741,0.0003794851241135516,0.00031563077880015394,-0.00013422448038121593,0.0006605110040584839,0.00024132492676521745,0.00020039577239039404,0.0006435002100035569,-0.0006611368744322228,-0.00023029285764203668,0.00021648082816314062,0.00011945040382187912,0.0006105400598198219,6.97517068844967e-05,8.439960411862764e-05,0.0005573397969517828,-1.1357150647431643e-05,-0.00011592228792455653,-0.00018223430564678168,-0.00020173895920550593,0.00010467645725201598,-2.180272640783779e-05,0.00032312130770221093,0.00014706361429367394,8.286316634120274e-05
BKLN,-0.00044681292856833685,0.0015865859168918799,4.211766030798608e-05,-0.0023669091568679574,-5.976008715831232e-05,0.0009375553312809495,0.0014179512064621195,-0.0007531296929123258,0.0004261679606515277,-0.0006906142892617223,0.0022919450055273356,0.0010285147747383563,0.0002921031836853832,4.3211826355932334e-05,0.0006640756717395223,0.00023252088585474918,0.0001951205413069548,0.0036030704763176935,0.000291122587224058,-0.00019461134666153064,0.0015414274835740562,-3.4689659684793526e-05,0.001546786683559734,0.002545260225169837,0.0004566317175032522,0.001382924616521163,0.0008503650755830147,0.0010677274978898872,-0.001059534605831978,0.0011437925659566746,0.0004494296098435036,0.0011443400832569948,0.0006412252480523636,0.0008818481114972031,-0.0009278904422646194,-0.0003853566917623124,-1.864002621953696e-05,0.00040653970511728317,-0.0004430678319615847,0.0012036595622956733,0.00098553101759942,0.0001398374257824485,-4.313986111075958e-05,-0.0008299140151469923,0.000290735921436955,0.0002384373605160455,0.00028904382763428804,0.001539675594769305,-0.0002497802000368355,0.0006387144057572238,0.0023951339857455046,-0.000667552393592629,0.003339810804512563,-1.8686540792342958e-05,0.0006505124489280188,-0.00032033171362648894,0.0011029715496721291,-0.000838426342333779,0.002395472189467554,0.0024613732435361836,-0.00123448472712198,0.001838920447654679,0.0006088796228721011,0.0007742927331869839,0.0009483866759411367,0.0002120573459353994,0.0007305044405867565,0.000955554135893059,0.0013838419679901577,0.00016679971630204838,-0.0003866976078475893,0.0003114324227701933,0.0005669261512460909,0.0009056715819937025,0.0005854943114979696,0.001620922609252565,0.00030139635172194627,-0.00035765493612375057,0.0017721405670056926,0.00040056394600692464,0.0005522368152355208,0.0013701080270836774,-0.0006679758815878593,-0.0008433414995249822,-0.00019294225694266133,7.348307926946907e-05,0.0006123653185721035,3.386857644377396e-05,0.00010670632713788651,0.00045462432565365865,0.0017043593554617682,0.0013422753713444129,0.0013655903859595131,0.0014543903603366352,-0.0013987415453330866,1.156037169763397e-05,0.0014699130257811296,0.001146041483229951,0.00029287768078365464,7.078753449248444e-05
BSCS,-0.0008260026794862657,0.0024610061012956637,0.00015712452062599473,-0.0036995130503300493,8.198566708695779e-06,0.0014179512064621195,0.0021831496225768665,-0.0011778684410771055,0.0004066737100900323,-0.0010352536514150953,0.0036589206373584507,0.0015458645069989327,0.0003972702054237802,0.00019840718672183857,0.0013580349861771846,0.0003522434899179659,0.0003237318690159099,0.005618005538901487,0.00044098693987438344,-0.00028290370368315193,0.00236642110091676,5.7055520738795714e-05,0.002595243278046956,0.004203875528345299,0.0007841200901761211,0.002159714812381039,0.0011790226647892636,0.0016593411940259042,-0.0016404293053632925,0.0017336078511553728,0.0007441083188262422,0.0018659570927044415,0.0009633244439764592,0.0016371408638219652,-0.0014844242433420104,-0.0005977370222939136,4.80617421556445e-06,0.0004847469512762682,-0.0006570801474687215,0.0018918205542548295,0.0012673992128707668,0.0001703650492240261,-6.868643654217467e-05,-0.0012284599009463359,0.0004887928796650251,0.0003826598594773527,0.0004502796975268713,0.0024238670252394127,-0.000357575420084033,0.0008783029240455189,0.0034285030932019217,-0.0010717043784400217,0.0049834764840810345,-2.680521801656533e-05,0.0007942179232865448,-0.0006331199956182757,0.0018028806708548068,-0.0011839915184075763,0.0036252568287939934,0.003626508424329484,-0.0017510209632649733,0.0028644334310715678,0.0011036755363622816,0.0011715343765368797,0.0014849177287865744,0.000328939671139538,0.0011228985700229496,0.001398272387226696,0.0020997368394659855,0.0002739277655127926,-0.00045597342117373514,0.0004620746035051998,0.0008706863166535887,0.0013688556042845358,0.0008769239589964825,0.0021974357367438896,0.0006381289845066906,-0.0004466451923931878,0.002736026771802058,0.0008165060322134473,0.0008891107805355953,0.002108713571472498,-0.0008748149648030262,-0.0013310663035181907,-0.0003378573880886298,8.675764271761377e-05,0.0008434628894239422,5.8385086576999094e-05,0.0001645004269537536,0.0008096697550130621,0.0027765405696412973,0.0020244600138541115,0.0021385287721766514,0.0022624806629871824,-0.0022246568638542887,2.842388579693507e-05,0.0022348662577490338,0.0017552991744193007,0.0005147506971431431,0.00012038004263310443
BX,0.0007331311302986597,-0.0014146248645130483,-0.00014076459981820756,0.003146564248551319,0.00018629282074257835,-0.0007531296929123258,-0.0011778684410771055,0.001712976211619972,0.0004955845406527949,0.0008054826310460376,-0.0023864714520056775,-0.0006724742589390418,-0.00011977386335987554,0.00038461530016241705,-4.7193771588324815e-05,-0.0002934078117102562,1.1905667165036264e-05,-0.0029750731485504453,-0.0002817097791856122,0.0002286539753907363,-0.0013080629474634005,-8.520390371524126e-06,-5.996239635757223e-05,0.0005730746428090316,-0.00032515106718774824,-0.0013226644479651924,-0.0007917509836007317,-0.0006603865315605139,0.0011913116722444374,-0.0013849801080186232,-0.0002006716948344024,-0.0016264578336229079,-0.0002842077559249174,-0.0020943481422927494,0.0006909229394629687,-0.000343962855450332,0.0004234084077433384,0.0013317369658056378,0.0005951159990834189,-0.0002687973976330699,-0.0006621917881759709,0.00034048996614153177,2.241011906356281e-05,0.0005620815494663709,0.0003180390347563263,-0.00023930157465621197,-5.930236948713081e-06,-0.001664646222136316,0.0015424671287866767,-0.0009302648978648976,-0.00016732052079589354,0.0018790622206809459,-0.0027352943289228712,2.977734748757087e-05,0.0002947737968612859,0.0010743085203462008,-0.002072253774531865,7.677109465380559e-05,-0.0010962560694446988,-0.0011646937110758391,0.0017968995647477499,-0.0016990396548210462,-0.00030663340881439765,-0.0005976078618718081,-0.0008475860356329436,-0.00013000862210671175,-0.0005801811481595188,-0.0006687996667861312,-0.0011473233959009498,-0.00014258206582095007,0.00037423544083065236,-0.00019974179675679089,-0.0004982429091248406,-0.00046069430333827013,0.00012853309359911211,-0.0016779317030561356,-0.00029407442081211705,0.0010014038674248588,-0.0016023181772232304,-0.00044659385763127916,-0.00023007388387973437,-0.0009274982132070641,0.0010305877873126024,0.0007131923752473942,-0.000362426988507016,0.0002529781140629374,-0.00046836809235103604,-8.624360195828267e-05,-2.4451332841989013e-05,-0.000582800315011282,0.00026498098446919556,-0.0010481320540089707,-0.0012613433752647302,-0.001269055066889554,0.0006023827691901837,2.5371420299085853e-05,-0.0011878273787324209,-0.0009650386980603702,-0.000969373509844156,6.041058254575181e-06
CAAS,0.0004072438438225286,0.00045128127973920884,-0.0007712800350270601,9.808627019465668e-05,-0.0009263671940927805,0.0004261679606515277,0.0004066737100900323,0.0004955845406527949,0.0022901835202723863,-0.0006595337837711926,-8.043459899632015e-05,0.0009728088332784053,0.0002701524465431066,-0.0004659809235135373,-0.0006735687252907859,3.2041818358700636e-05,4.913036889209811e-07,0.0007439045863380791,-1.599070427146702e-05,-9.88903278797266e-05,0.0005158418678202299,-0.0012147186077443748,-0.0003523844667462938,0.0011677132644122479,-0.00030875985423758174,0.0003421366168101509,0.0004379148071677649,7.958081189076667e-05,-0.0002246935733825372,0.0003763727014249906,-0.0002038008495433137,-0.0008590837143162581,0.00033126711267852075,-0.0031085982482860425,-1.6830389112362055e-05,-0.0007001544110836186,-0.00010100609877905808,0.0010643471996691117,-7.384834464948623e-05,0.001085070202343754,0.0020004553043400553,0.0003245491139675825,-2.585900683730805e-06,-0.0009931566323934456,0.00021426607145251641,-0.00017407410198682957,0.00016781711905664996,-0.0002296168895080308,-5.412725493492474e-05,0.0006712284346946232,0.0027919636737081662,-0.0002520036442111599,0.0022415414335063806,-2.2793167899363107e-05,0.0009828342793806806,0.0012541782948926813,-0.001341612087634923,-0.0021820207751521476,0.0016428053128524308,0.0012577073470784665,0.0006317852910854612,0.0005011895211731242,-0.0016767425606347408,0.0001211825059574688,0.00023907851399924287,5.2292139634301856e-05,0.000278547548171371,0.0005748243507599256,0.0005187640331457951,-3.3202542235377074e-05,-0.0012114069901881536,3.2621059914078756e-05,-0.0001121838734096185,0.0004681254754699811,0.0007563555987675081,0.00187050802678224,-0.0008447259786885287,-0.00020072480089847712,0.0004884032527917203,-0.0011561917227608804,1.3660323830984734e-05,0.00041203674261684276,-0.0008647562290071074,0.0003446311818271288,-0.00012012844521671563,0.0001912166891227617,0.0004866121109938092,-0.00048087115878787495,2.7472459027386838e-05,-0.00047433957418749567,0.0007518055855368774,0.0006002672265645455,0.0002557645850201196,0.00042180631503645037,-0.00040642747705969356,-8.35426615670497e-05,0.0005698494321062139,0.00013197742816061569,-0.0007701036363756554,-3.252139973898391e-05
CASH,0.0009899350167614522,-0.0013957184868750665,0.00029249276315821256,0.002271534217045979,0.000747478948127709,-0.0006906142892617223,-0.0010352536514150953,0.0008054826310460376,-0.0006595337837711926,0.001209466470675798,-0.002108224917234941,-0.0012588814160858842,4.8324789842597244e-05,0.00010030595696934694,-0.0012668639099395998,-0.00018133460292573005,-5.5833510683092635e-05,-0.0027308551842987866,-5.3762015131898736e-05,0.000147562151304024,-0.0012099924698912778,0.0008975655101745885,-0.0003080221194536651,-0.0018358909547049542,-0.00025644154770093343,-0.0013493045427795663,6.552815324443757e-06,-0.0003260170372266987,0.0010585046726657938,-0.00115673416081944,-5.9307999435331004e-05,-0.0006180381614820225,-0.00023554506092820222,0.0006753631514391898,0.0006572857007923926,0.0004719947861110986,0.0003291488704123922,0.0011769966738609092,0.0002939156714725361,-0.0014808539714021626,-0.00114227137007177,0.00031278860840166633,2.0353856246322756e-05,0.0011954604047692864,-0.000125772668162686,1.701936987734469e-05,-0.00012681491942962117,-0.0009624519241583192,0.001367393328693788,-0.000796208871509307,-0.0008971447788271521,0.00232084837080158,-0.0030534715078095525,3.916040174917673e-05,0.0008429041159345738,0.00020061930745689485,-0.00041451283851206996,0.0019704709573141856,-0.0017129860914388455,-0.00041410839659010646,-0.0008717070648868561,-0.0017413436711338174,0.0011955842792855241,-0.00021087187060570968,-0.0008980380220387119,-0.00011214246090903433,-0.0005919658528242329,-0.0004435695719559199,-0.0009485504164405946,-0.00013920173950089675,0.0008754916470454208,5.217717072465005e-05,-2.4365433133312163e-05,-0.0004594620945721321,-0.0004458931612249134,-0.0012970058744022261,-0.00024398155887025993,0.00035280665735036283,-0.0014612466471509732,-9.153052730260036e-05,-0.0002475449385920712,-0.0007984985957150094,0.0007956690307714463,2.245395586263384e-05,-5.941033191946929e-06,0.00023410709482240392,-9.466799651397482e-05,0.0005828670738547978,-6.7490716335075e-06,-0.0005095098825624597,-0.0010156395236809407,-0.0008993526961023326,-0.0012101014437098895,-0.0013120851984105293,0.0009812353847494725,7.399386448655438e-05,-0.0010371405476933887,-0.0004921592575782121,-0.00022728924919933493,6.820159770826683e-06
CHAD,-0.0022990103503774595,0.004343929887496536,0.0003905653421684778,-0.006922879559740477,-0.00010548836447888645,0.0022919450055273356,0.0036589206373584507,-0.0023864714520056775,-8.043459899632015e-05,-0.002108224917234941,0.006906126475284243,0.0027384925513571656,0.0003153272638505512,0.0006070594559961984,0.0037475276398961765,0.0005968785417790647,0.0005349111348479914,0.009702730910205794,0.0006276980718434986,-0.00043508280716352416,0.00399945929621408,-5.8992510482644424e-05,0.004331034114815956,0.007469896759229665,0.0015228888167514569,0.003954462943360503,0.0011907581902226752,0.0025182579634044308,-0.0030067908847727217,0.0030882802416986634,0.0012247618389738737,0.003461015520287287,0.0013514843418697495,0.0031163454746192944,-0.0026433428897805374,-0.0010085034746558014,-0.0001463034366042263,-0.0008373301306487538,-0.0010432921165914526,0.003523001857032683,0.0015322090382268658,-0.00019339893921940362,-0.00011338247908661603,-0.0022274104427736177,0.0007991495065422927,0.0005852654234642637,0.0006784201027109015,0.00421041051426602,-0.001465576894710207,0.0013996791863241198,0.00405556138682056,-0.0032802818052573403,0.008195156498033419,-5.639941749353558e-05,-0.00028823018613477025,-0.001646425603913257,0.003341667701685017,-0.002334776591716201,0.005684829797042843,0.004555769459036826,-0.0015260797858588809,0.005179141980542521,0.001374045331768791,0.0016756164855829198,0.0027035331741395103,0.0005252615351872523,0.0019062118885240478,0.0019302191696585612,0.0033808248154470234,0.0005261536132295924,-0.0006738165251573113,0.0005393493246702907,0.0012239233709356076,0.0020363850713624302,0.0012877803520485675,0.0028378406510491568,0.0016603156941093896,-0.0005930366899978698,0.004734303372878335,0.001921431410114483,0.0014818824210805952,0.0033721552857565533,-0.0012361606565000497,-0.001984484670988877,-0.0005156376543914548,-0.00017064673958001623,0.0008707593606950712,-0.00023486643421551323,0.000222004672945244,0.0018592103933705358,0.004705787027970828,0.003194679194266153,0.0038525514553790587,0.004028714458942529,-0.003833982793949817,2.656338273750387e-05,0.0036255502224693172,0.002707897001047564,0.0012124305286017425,0.00019203102240331052
CHII,-0.0009624881599584901,0.0019017280798441746,-0.00023473005972200292,-0.0026529821021305,-0.0005811657074048158,0.0010285147747383563,0.0015458645069989327,-0.0006724742589390418,0.0009728088332784053,-0.0012588814160858842,0.0027384925513571656,0.001598937948097237,0.00012495203035324672,0.0001173716537155597,0.0016502540081186298,0.0002275390226063446,0.0002057234908167134,0.004039010175273794,0.00016828440275731108,-0.0001891679258941942,0.0017402127591261533,-0.0007513848481026736,0.0014738032887931345,0.0037506228724867485,0.0004751667974900521,0.0017430541533375128,0.00033278811357668206,0.0008641794580867282,-0.0012917266527309528,0.0013618353525154286,0.000337793914560881,0.0008659323329419228,0.0005808329645377542,-0.000527772393596571,-0.001038001737628001,-0.0008068725450532507,-0.0001374121250501725,-0.00027052213169480294,-0.0003738526998319321,0.0020774819834352026,0.0014098959428907975,-5.449438238798502e-05,-4.2880235819544653e-05,-0.0014290851237696305,0.0004460445266781535,8.98725164289029e-05,0.00032528670285910863,0.0014274299671980112,-0.0008076982345562266,0.0008073850942918873,0.0024378966949557207,-0.0018324005888387767,0.004125012587734806,-3.641184031394324e-05,-0.00017570658843979562,-8.797983328404693e-05,0.0005124832809348441,-0.002234746431838253,0.002866062750008433,0.0017718704489683458,0.0004496782627403031,0.0022914611373110725,-0.0005987120263695512,0.0005556776611742077,0.0011937039184093305,0.0002116759277423637,0.0008541767572453448,0.0008492964437965308,0.0014484721988133335,0.0002001161431141304,-0.000861496166053713,0.00011947174617627385,0.00028074954760925563,0.0009092318585764753,0.0008551836441147053,0.0016631889437010874,0.0003846550303116818,-0.00019776534772875912,0.0020307381627268535,0.00028748198201515395,0.0005601186748180134,0.0013952797374922998,-0.000780935323004925,-0.00042599200386060724,-0.00027613002002138714,-6.29446706743628e-05,0.00035607895420637376,-0.0004916542132177461,7.835441587336817e-05,0.0006073221354228269,0.0022803703570224215,0.0014059532500562263,0.0016353108315915277,0.0017820243614646706,-0.0017018102351840907,-4.17224351125871e-05,0.0015752233144929013,0.0009527017305785319,0.00010296949606628317,5.331630427915527e-05
CHW,0.000308348282586033,0.0003283192401072893,2.7851243901545412e-05,-0.0004111256261289327,0.0001351970448728813,0.0002921031836853832,0.0003972702054237802,-0.00011977386335987554,0.0002701524465431066,4.8324789842597244e-05,0.0003153272638505512,0.00012495203035324672,0.00025085937588133136,-0.00011725670169995743,-0.00057676717298678,7.112653911216331e-05,5.414761144689127e-05,0.0008779835450639762,0.00015639292716497808,-7.593568066286988e-05,0.00040730575207238837,0.00020291835159284797,0.0004517288495771621,0.00026892220853330607,5.345089239452603e-05,0.00021668243894949947,0.0006617353026185214,0.0004554794434050798,-0.00018009076708394144,0.0002397159450172861,0.00016223112415660864,0.00029744064771278244,0.0002962903288470918,0.0004675759040998097,-0.00019403929026010435,-3.393731076345132e-06,6.615470923269357e-05,0.0008363303633386306,-0.00017568252035199487,2.0216224611666164e-05,0.00042015279346011513,0.0002496327491222627,-1.3252093990486233e-05,-5.2987803261125095e-05,4.5382407473674194e-05,0.00012555909808079516,0.0001006505106165019,0.0004411521338050819,0.0003311373392931392,0.00019320237323273734,0.0012878299372036616,0.0005676204951813124,0.0008888274355328933,2.103933948630111e-06,0.0009536820691848991,4.9530216015829744e-05,0.0003709299119744704,0.0001980805617268289,0.0007370112906526032,0.0014292943175335077,-0.0012802320606348032,0.0003170553617378208,0.000614759266472951,0.00038524616420818145,0.00015279521348525427,7.203655834585738e-05,0.0001824105661928677,0.0004598690013619086,0.0004522227169497923,1.7893398774444116e-05,-4.865405303990294e-05,0.00022074921303338424,0.00032014190154234146,0.00035856556013884826,0.00016785172363157082,0.0008010592012251288,-0.00014679901320847278,-0.0002194433315832342,0.00042337339385436785,-5.865008036205435e-05,0.00016042379330769176,0.0004596118173656397,-0.00027493300709623093,-0.0004349600516096201,-4.40655356733437e-05,0.0001605136344047226,0.00044012130677332617,0.00024923908891478683,5.6313714151229006e-05,-7.828279104458917e-05,0.0003197067929272224,0.0004605312081727317,0.00025444089019848425,0.00027847975861106246,-0.00029867124707484705,2.1835680164515056e-05,0.00046155962552362807,0.00047272284661495167,1.8664104705605104e-05,2.678480357226884e-05
CRON,-0.00045682304171204384,0.00025613320898529795,0.0003004486951176009,4.5182774955523474e-05,0.0004259641067217447,4.3211826355932334e-05,0.00019840718672183857,0.00038461530016241705,-0.0004659809235135373,0.00010030595696934694,0.0006070594559961984,0.0001173716537155597,-0.00011725670169995743,0.000747964858840059,0.001740915778478657,-4.298331729980743e-05,0.00020791966627125598,0.0008003721948686179,-1.7823167706982994e-05,7.473217118724801e-05,0.0001783009596800255,0.0003690476217472028,0.0016744568832072297,0.0029172896009060424,0.0004118049664113301,0.0002411322077250356,-0.00047943719233985366,0.00030668200430675955,-3.486639278680136e-05,-0.0001627398433581191,0.00034799045808474267,0.00020501131635063376,0.00011353641719086878,0.0004445161536875622,-0.0003936434365471231,-0.0004340380991753422,0.00033043981229112534,0.0003001490485199976,0.00016009666898888966,0.000742503794799921,-0.0007533523013777965,6.0281159801069974e-05,-2.1596726220804336e-05,-1.8635121166654997e-05,0.0004969917173029297,6.324043882040248e-05,0.00018108184270940444,0.0002147809515286029,0.000717167675132675,-0.0005240545037605171,0.00022234774455288692,0.00033554841499364044,-0.00011172924091129425,1.141449451570218e-05,-0.00036373395551708406,-0.0001723811042583159,-6.231598675550874e-05,-9.267574455685282e-05,0.0005562568308267113,8.617800815932056e-05,0.0009285557943331369,0.0003199392137665069,0.0007656231261403241,3.129904660914223e-05,0.00021068535197602862,6.160790621639082e-05,0.00011222278668366166,-0.00010459191267850264,6.826459841170036e-05,9.039740188283384e-05,0.0004981292541168963,-9.652615604994642e-06,3.52139076544868e-05,0.0001686258808353467,0.0003112248847749899,-0.001132274041476306,0.0007145631500916778,0.0007334599217286462,0.00021799116999629385,0.0007816269806464567,0.0003451755931533003,0.00028950393580931137,0.0007550482639684466,-0.00020950380941383602,-0.00045905771312725844,5.617357254340863e-05,-0.00030815926614115324,-3.3840306858918824e-05,4.59921658545825e-05,0.0004018755163102525,0.0017256067151951069,5.0751657823296366e-05,0.0002787425696880348,0.0002772734830774915,-0.0007738547060702598,5.81152140712251e-05,0.00010854069106016821,9.822248053016545e-05,-8.889180014948481e-05,8.659023071144963e-05
CULP,-0.0025942806459586473,0.00199839516082559,0.0003633450509042826,-0.0023625728140811175,1.825429797426968e-06,0.0006640756717395223,0.0013580349861771846,-4.7193771588324815e-05,-0.0006735687252907859,-0.0012668639099395998,0.0037475276398961765,0.0016502540081186298,-0.00057676717298678,0.001740915778478657,0.006161097961271561,6.032620440272155e-05,0.0005001743416999929,0.004399072404133215,-0.0001133611743850381,6.442827491312642e-05,0.001511761751038377,-0.00035468193884607524,0.003865373418727166,0.008678985073767926,0.00124462793325947,0.0020147609974203616,-0.0017417375558780172,0.0006976880212064113,-0.0012191552521467267,0.0008205844787069676,0.0007462102932471542,0.0010417597233079341,0.00026319055286851763,5.403901594363853e-06,-0.0015503059124850078,-0.001530852813681028,0.00030037322736766565,-0.0016073529603778424,0.00016662953275901657,0.0034531122799546406,-0.0008471919238947198,-0.0004998992313439315,-6.302805864143158e-05,-0.001406717069108371,0.0012449275675295076,2.5357391457707566e-05,0.00047192261194319344,0.0013151540736392343,-0.00034245835384147844,-0.00044239436574485143,0.0002561574175247443,-0.002606397871128288,0.0025719981844108224,-2.2564332944220902e-05,-0.0028208930179210562,-0.0007891029961518943,0.0001435532941349262,-0.002675517099000392,0.0026257091603059854,-0.000667059969045378,0.004326697057895431,0.0025820742263353183,-0.00014549710938794582,-2.068507877795475e-05,0.0014480706515311013,0.00021289974220111573,0.0008103208400452739,-0.00014647932376425795,0.0008919974540250071,0.00036822831486906036,0.00019605645542642434,-0.0002880072838186387,-0.00016728524620378033,0.0006024336151748058,0.0010631638725441509,-0.0018600611524247912,0.0021485491241612616,0.0014642493717618443,0.0019038047028239035,0.0020583623401745697,0.0009588295092882507,0.0012168477536446877,0.0010640181500625226,-0.00014706955220201176,-0.001001973002312788,-0.00032100507433099987,-0.0010256063620996698,-0.0009902394500197259,6.172114134256495e-05,0.0016680111727133832,0.004897152836479115,0.0007765738208707679,0.0019009389495901077,0.001990046778293005,-0.002705939576090163,2.8722302234831658e-05,0.0010827987843581386,0.00040443221569599354,0.00012114155872287657,0.00016959781533449264
DSTL,-0.00011944590860483076,0.0003967179484574931,2.0615735961586797e-05,-0.0006934488946694732,-2.1611519731624498e-05,0.00023252088585474918,0.0003522434899179659,-0.0002934078117102562,3.2041818358700636e-05,-0.00018133460292573005,0.0005968785417790647,0.0002275390226063446,7.112653911216331e-05,-4.298331729980743e-05,6.032620440272155e-05,6.857803913024916e-05,3.004871802040487e-05,0.0008839095002244929,8.111075386954889e-05,-5.687100510089072e-05,0.0003844061066411362,6.058551119733565e-06,0.00025495218489593734,0.00032268594256884027,0.00010180275542621637,0.0003505504187273162,0.0002481962498733837,0.0002510601388719614,-0.00028805890228666026,0.0003246238917089816,9.50529641130834e-05,0.000350649156782576,0.00014118261033864963,0.0003677054950017081,-0.0002172145059325296,-2.078094672228719e-05,-4.302071940892505e-05,-2.478039663761344e-05,-0.00013709424329573462,0.00020361731433006362,0.0002421171721760478,1.2331523054074944e-06,-9.359511489726424e-06,-0.00018306346284362247,1.1525539240025825e-05,6.675908479640086e-05,4.873536399111589e-05,0.00042186648161381845,-0.0001759676203357185,0.0002027502499075351,0.00044925970292072567,-0.0002558896146266377,0.0008257778282935415,-5.70457416825621e-06,0.0001261285834132693,-0.00015188810432605342,0.0003950668704565231,-0.00012007837905528613,0.0005080500052602869,0.0005685997703178175,-0.0004457686833220332,0.00046186750207678344,0.0001545295242489919,0.00019824323363350793,0.00023444767657361185,4.863737975144068e-05,0.00017740540949809835,0.00023751174772966303,0.00034803685398211443,3.9779619703720176e-05,-0.00010053250625376023,7.970841335270576e-05,0.00015347935603478148,0.00020173343229301763,8.269328818489731e-05,0.00046352189884892747,6.207877383284658e-05,-0.00017071006006286828,0.00044908886177920935,9.713042059362304e-05,0.00011320664880586338,0.0003232354655764645,-0.00022323689638273388,-0.00022224577566707003,7.376724039684804e-06,-5.161315908431859e-06,0.00016612441652056153,2.8837946196687755e-05,2.1483459185606098e-05,0.00011956416679000486,0.00023752619153400554,0.00033246168533069686,0.0003438848018701318,0.0003593178711135447,-0.0002827456450179518,1.9152710283015387e-07,0.00036527470374126097,0.00029541492077599107,0.00014262888190414965,1.110173552723774e-05
EEMD,-0.00012965386180749136,0.0003496759234931524,9.139821441143164e-05,-0.0003588936644724195,0.00013678754280962722,0.0001951205413069548,0.0003237318690159099,1.1905667165036264e-05,4.913036889209811e-07,-5.5833510683092635e-05,0.0005349111348479914,0.0002057234908167134,5.414761144689127e-05,0.00020791966627125598,0.0005001743416999929,3.004871802040487e-05,9.999743500956579e-05,0.0008840587397432382,6.13393964645628e-05,-1.7543932633536972e-05,0.00033660706599327605,0.00013058302492648512,0.0007992185626993789,0.0013015036516730526,0.00019063613673532125,0.00029563821399926035,9.471156077494877e-05,0.0003202289409648775,-0.0001817660164916661,0.0001448766659276868,0.00019328975009338636,0.0002500997330614778,0.0001796628650406298,0.0002874910562104413,-0.0002769216761215732,-0.0001962915053741045,0.00011252927682168963,0.0003294286485339168,-4.1019815905726575e-05,0.00040405129599461505,4.644594021540837e-06,9.156494530039816e-05,-1.4780775027204805e-05,-0.00013626755183260698,0.0002042334326727887,7.129786264430621e-05,0.00011539154189264243,0.0003416268529700289,0.0002586007706523216,-3.481090030874491e-05,0.0006710357000340142,0.00013124575249793023,0.0005942350679640002,1.28463095338913e-06,0.000173863017519978,-6.193191099707614e-05,0.0001676231367487353,-0.00013103902796545778,0.0006457910439253055,0.0006382239812430659,-0.00010647594684673963,0.00039947003786027917,0.00040838362195958465,0.0001844846441447628,0.00021783889471023356,6.0776887737417745e-05,0.0001666713638553926,0.00018713097174886384,0.0002916933750505554,5.19081844656098e-05,7.732623664113945e-05,8.008421535218987e-05,0.0001430322419764174,0.00024439984930725806,0.00021638628911962364,3.8371023278219646e-05,0.00021694268600657037,0.00013802304356025296,0.0003802899656750539,0.00026236885666165656,0.0002085353496054228,0.0003588430475016718,8.3815655683415e-05,-0.0002506206046047718,-0.0001783732476484547,6.198930956583485e-05,7.552006822873284e-05,3.4961952333928845e-05,3.92947454011577e-05,0.00015814060624012519,0.0008275345393569049,0.00028414261767257994,0.00031129406992308776,0.00032949056623135287,-0.0004817474282423495,2.2519548670828313e-05,0.0003176891723519966,0.00026903539306648235,-1.2227494479536368e-06,4.062654189785315e-05
