,AGX,ATOM,AUTL,BH,BNDC,CHSCO,CLNN,CLS,EBTC,EPS,EWT,EWW,GDMA,GHC,HCXZ,HNDL,HSKA,IONS,LORL,NEO,PDCE,PWB,QQEW,RMNI,ROOF,SPXB,TDTT,TVE,VPC,WASH,CBRE,CFBK,CVLT,DMB,INFR,IWS,LIVN,MLPA,MNRO,NAIL,NVO,PATK,SWZ,THRM,YXI,BP,CALF,FC,LDOS,GOOD
AGX,0.00033661735427101253,2.9012329366277368e-05,-0.00046846556598960105,0.0004305408764539669,-0.00013502219976376198,-7.731459063719799e-05,-0.00016091249074999417,0.00035984921585273,0.000352868476378119,2.945051314612386e-05,-2.6608419909384557e-05,0.00015260863299375115,-8.049178641801168e-06,0.0008532941516530628,-5.816115728425187e-05,-0.00013752483346748495,0.00034987875743247517,-0.0005983314819650895,-0.00014674631815603367,-0.0002616967232938575,0.00048009937663871577,-6.2601460382169e-05,-5.826544391123504e-05,0.0006068035502773395,0.000362185486792668,-7.170424608334527e-05,-0.000141989258509622,-0.00012354833761639907,-0.00019446695665980917,0.00027618388234584997,0.0006609899777966254,-0.0005156673869017693,-7.135754459248499e-05,-8.631440999704456e-05,-0.00021611813920523814,0.00020769584449388187,0.0007138452895739228,-3.043278891856269e-07,0.00012526450620497538,0.0007441038885829502,-0.00013672297446480915,0.0004468414365791452,-0.00011635204804488647,-6.64473887522731e-05,-0.00024513916570857356,0.0002405165463680989,0.0002772686134173168,0.00013725172773156733,0.00023055370157770602,0.000653966525181351
ATOM,2.9012329366277368e-05,0.0002645141792117368,-0.0001965641629787391,0.0007696444477599931,8.895416158917572e-06,-2.0651067142750902e-05,2.4126309156194906e-05,0.00028349739965675296,5.11814556324868e-05,8.887485593424345e-06,1.9741086999107245e-06,0.00010614898377311579,2.8354930911570587e-05,0.0004164671917129761,-1.766922106106178e-05,3.3632705062521e-05,0.00023240127988475619,-0.00019511256359984217,-4.2892184537538186e-05,0.00017973595412859334,0.00041426005367143596,-7.248718303390535e-05,4.167747738116659e-05,0.0003386574261090618,0.00012852994487447448,6.266060109302847e-05,3.403894126397436e-05,-4.2423924418751616e-07,0.0002811934720645402,0.0002416432297545646,-0.00013782148004351033,4.507263098924348e-05,0.0001743371445168915,1.8781017854915783e-05,6.731523238083788e-05,5.5378899663641413e-05,-0.00035974290403037793,9.735134277701764e-05,8.419099963518263e-05,0.00047942970656651213,-0.00020929713807464959,0.00013472612108070611,-5.875561007331065e-05,0.00016146423583644038,-5.6944661872896594e-05,0.0001233219153068447,0.00014978407656202514,8.553295564580082e-06,-1.1020425613756581e-05,1.072671054309333e-05
AUTL,-0.00046846556598960105,-0.0001965641629787391,0.0033695829149887873,-0.002467129016295205,0.0005122120471932831,-4.861484002085442e-05,0.0004907658300115259,-0.0007053816592060563,-0.0016759512290946787,-0.00017129854965095278,0.00022051335562382337,-0.0008543342320723697,3.3671612902509815e-05,-0.0028928439276049434,2.1238178400511044e-05,0.0003335020281918675,-0.0028189853089192825,-0.00040365731336922345,0.0003583937994923049,0.00019261942937506387,-0.001262073458099909,0.00029303921963083336,0.00016994885386049344,-0.002316337240913924,-0.0008869265515817284,0.0002733247908924773,0.0004710511284906604,0.00036048504361980483,3.117929152592248e-05,-0.001061679274737382,-0.00019284265026191556,8.600521328928919e-05,-0.00010674074810048995,0.0006830147608032894,-0.0001459556875814342,-0.0006041037560282756,-0.002637111807836142,-0.0009578496533628003,-0.0008433395302576072,-0.00415532766692931,0.0002916795212596411,-0.0028957086057780452,0.00035614646908022876,-0.0012535361836044745,0.0010997644475649795,-0.00048159742193020443,-0.001450606093219907,-0.0010658409779016728,-0.0001785389509594143,-0.0004912373252035758
BH,0.0004305408764539669,0.0007696444477599931,-0.002467129016295205,0.0033792443730080294,-0.00029882474368285276,-4.8255699854641136e-05,-0.00025744939453930886,0.0011956368945649546,0.0011488070359375493,0.00012442085053390907,-0.0001235513921492469,0.0007750434658973243,4.922195966080001e-05,0.002868645521947206,-7.310029482685945e-05,-0.00014101526984659557,0.0022189835366291,-0.00044569279164685135,-0.00034649295483068696,0.00025865797931004444,0.001859236512234917,-0.00035812986550956923,-7.603085146635566e-06,0.0022862999924917215,0.0009124800781599529,-1.626320859234191e-05,-0.0002163950191440995,-0.0002355828146326468,0.000618019128647363,0.0012608386355976353,-3.2346215974601706e-05,-9.39139423158539e-05,0.0004670322105285849,-0.0003525882387108607,0.0001795388072971274,0.0005300606972869356,0.0007685639110631285,0.00076279627606504,0.000706397721369591,0.003679167777323141,-0.0007181704644092458,0.0020492768012711163,-0.0003751265783046795,0.0010621392091593558,-0.0008157371538430648,0.0006411994090780516,0.001246315406742121,0.0006445414087268513,0.00014094579961382848,0.0004952456835940901
BNDC,-0.00013502219976376198,8.895416158917572e-06,0.0005122120471932831,-0.00029882474368285276,9.892350080465312e-05,8.81553198096867e-06,0.00010464137343847664,-0.00013148947649538312,-0.00029026190424561,-2.754019453963042e-05,3.486170738898672e-05,-0.00012913502947416899,1.060678875820637e-05,-0.000507857598675311,1.3714186489895888e-05,8.042750722258535e-05,-0.0004080744354080933,5.924132910492487e-05,7.394931036789696e-05,0.00011428409131080244,-0.0002110108014001331,4.112920479415128e-05,4.199512085887239e-05,-0.0003878052590934633,-0.0001793099724867102,6.16708888361358e-05,9.918196935343747e-05,7.53169370771355e-05,9.342231978532841e-05,-0.0001639117553317804,-0.0002020576684007653,0.0001397037511157534,3.014110193600953e-05,0.00011086084936360487,4.270874263670437e-05,-0.00011790791846388293,-0.0005623153307347509,-0.00010768319406546816,-0.00012467112494166045,-0.0006342304962554636,3.726885885968866e-05,-0.0004559164464392216,6.40323454305263e-05,-0.00012006444310899572,0.0001900609202766261,-9.942675159367778e-05,-0.00022826012865663102,-0.00016774056749627156,-7.901094539991053e-05,-0.0002156675353612815
CHSCO,-7.731459063719799e-05,-2.0651067142750902e-05,-4.861484002085442e-05,-4.8255699854641136e-05,8.81553198096867e-06,2.882128096332268e-05,1.678085523229536e-05,-9.27386473664629e-05,-8.6439464971048e-06,8.297896982956575e-07,-5.77974266218124e-06,-3.24288961129393e-06,-2.1964714114307093e-06,-0.0001201893301157584,1.8250466940364907e-05,1.8548643325564708e-05,4.749809809714804e-05,0.00022796884069382873,2.678379521695191e-05,5.2504661102007086e-05,-0.00010687438897398007,7.5570410841195055e-06,3.572700638193133e-06,-7.307923530537117e-05,-6.801376732218447e-05,-6.589831305563369e-07,1.1267826416456393e-05,1.562752513694081e-05,3.263672083042633e-05,-4.073900568515494e-05,-0.00017972175667462452,0.00014991676966937076,1.2927305027497977e-05,-1.7846789811844986e-05,6.98466362319201e-05,-3.1352044455775846e-05,-2.2669553085247966e-05,5.131319309505945e-05,6.513095714428908e-06,-1.2997175699243797e-05,4.2970977596059866e-05,3.1200848142219115e-05,1.8969160925675828e-05,8.447885652167421e-05,1.199178749792078e-05,-5.534462264719417e-05,-8.352602363954513e-06,2.3622723193747616e-05,-5.907316976914391e-05,-0.000172324228363695
CLNN,-0.00016091249074999417,2.4126309156194906e-05,0.0004907658300115259,-0.00025744939453930886,0.00010464137343847664,1.678085523229536e-05,0.00011435846664656742,-0.00014136965312397856,-0.0002949906464471328,-2.7113031073844374e-05,3.385646669088416e-05,-0.0001241562478910204,1.2448356307090672e-05,-0.0005237152626290263,1.8550062681042665e-05,9.100156940441325e-05,-0.0003818447588716732,0.00011940127484773462,8.077881232466542e-05,0.00014880852015204278,-0.00021642034549939704,3.849697934709229e-05,4.749596660159864e-05,-0.00039205675104075633,-0.00019485497444746508,6.792577465416724e-05,0.00010778829663203688,8.201018352402368e-05,0.00012934613914889793,-0.00016081750484041058,-0.0002768350134186808,0.00019570216593020273,4.942404307006998e-05,0.00010887187865041661,7.215155638804463e-05,-0.00012613513305764125,-0.0006113145545048879,-8.502532496556502e-05,-0.00011820074334656303,-0.0006122737695836999,3.491400842517134e-05,-0.0004441216978231712,6.677160237437404e-05,-8.14591659275795e-05,0.00019330636780932618,-0.00010955094038263027,-0.0002234467074844156,-0.00016279121895919547,-0.00010102445281573601,-0.00027603195828987035
CLS,0.00035984921585273,0.00028349739965675296,-0.0007053816592060563,0.0011956368945649546,-0.00013148947649538312,-9.27386473664629e-05,-0.00014136965312397856,0.0006290972646992118,0.0004213939317364365,4.0208404323703755e-05,-2.816567352784111e-05,0.0002648392874134607,1.8567530078426256e-05,0.0012735603661918693,-7.298558989279633e-05,-0.00010667195170389059,0.0006144828074841483,-0.0007507099919266473,-0.00018882353501189686,-8.377460433786548e-05,0.0008802090619561772,-0.00013499197880132568,-1.9690710315631427e-05,0.000951434553659117,0.00048764993126274833,-1.4737661602604785e-05,-0.00011339812963780578,-0.0001262334057451743,8.05019967921521e-05,0.0005164407808678223,0.0005063152873852064,-0.0004530804365161955,9.96683573556566e-05,-7.89253458446035e-05,-0.0001400687686608111,0.0002641762285445256,0.00039620974676053027,0.00011205912235550547,0.0002175180622261952,0.0012548305117458282,-0.0003361510340531606,0.0006160650276706657,-0.00017474053970933245,0.00011575703938116364,-0.0003117624926108314,0.00035774261186756825,0.00043810467860673204,0.00016163328338345595,0.00021414480396583606,0.000647052865078452
EBTC,0.000352868476378119,5.11814556324868e-05,-0.0016759512290946787,0.0011488070359375493,-0.00029026190424561,-8.6439464971048e-06,-0.0002949906464471328,0.0004213939317364365,0.0008953527226998015,8.790115200371461e-05,-0.00011066103185907297,0.00042936976696290424,-2.390929895616742e-05,0.0015921924086726384,-3.192941436583541e-05,-0.0002161590478579831,0.0013707770500587788,-4.8038450684970995e-05,-0.00021704799745705044,-0.00023551541320995334,0.000698865781603479,-0.00014506720403172104,-0.00010951151049720895,0.001240080927336335,0.0005325176694663902,-0.00016556778652799037,-0.0002796605312327395,-0.00021565646587822572,-0.00015260915879588476,0.0005513599843443433,0.00040453103802124714,-0.00027512396417943177,-1.6510564010230155e-05,-0.0003468544640529542,-4.305527711379322e-05,0.0003514624969534586,0.0015613996802743436,0.00040956999972569056,0.0004164605595348461,0.002096087320641523,-0.00015168199881566906,0.0014662446954456336,-0.0001996222136941946,0.0005003947102603795,-0.0005891781287462147,0.0002985541059300175,0.0007427724031481146,0.0005353155765439505,0.00018388199452079113,0.0005069431861646119
EPS,2.945051314612386e-05,8.887485593424345e-06,-0.00017129854965095278,0.00012442085053390907,-2.754019453963042e-05,8.297896982956575e-07,-2.7113031073844374e-05,4.0208404323703755e-05,8.790115200371461e-05,8.830365031341768e-06,-1.1192873856722334e-05,4.388102364326864e-05,-1.918370371535848e-06,0.000155322789718769,-2.1531499287798e-06,-1.9088084429764633e-05,0.00014212800364986713,7.9031563455479e-06,-2.0134969557882216e-05,-1.553537710746388e-05,6.895664406447028e-05,-1.51019364341323e-05,-9.59205230749692e-06,0.0001227567790780096,4.970748839424595e-05,-1.4949666935721397e-05,-2.5813934727156352e-05,-1.9944975632522024e-05,-6.812156036093937e-06,5.5835086086437034e-05,2.365655602837847e-05,-1.5067500527419448e-05,2.877255817976989e-06,-3.4806730481188516e-05,2.241194418087344e-06,3.319118722315348e-05,0.00014359305119650227,4.573284796368305e-05,4.2881564854401966e-05,0.00021363378011138366,-1.5960545611308547e-05,0.0001482823001194188,-1.9323404705339293e-05,5.8324199675574726e-05,-5.785813645417371e-05,2.766120259698641e-05,7.502165832754174e-05,5.419830357114065e-05,1.3449040858840006e-05,3.7226807884867754e-05
EWT,-2.6608419909384557e-05,1.9741086999107245e-06,0.00022051335562382337,-0.0001235513921492469,3.486170738898672e-05,-5.77974266218124e-06,3.385646669088416e-05,-2.816567352784111e-05,-0.00011066103185907297,-1.1192873856722334e-05,1.5358415135905172e-05,-5.212088916048495e-05,3.929402587431913e-06,-0.0001682493470311717,-3.7528639508238176e-07,2.3606387971180916e-05,-0.00018111457142186584,-4.8739456745365605e-05,2.0756830741388172e-05,2.0366529753395154e-05,-5.821958883221189e-05,1.5616417907942228e-05,1.363795156861908e-05,-0.00013552806746405544,-5.007129590049249e-05,2.1998046839642738e-05,3.3314716605983164e-05,2.3728656356743537e-05,1.5841131822382975e-05,-5.708766245027761e-05,-1.211854314567482e-05,1.2310433383064125e-06,1.601422546141709e-06,4.82556899156273e-05,-9.549551664796524e-06,-3.655495906607463e-05,-0.00019759088113599916,-6.219814811870024e-05,-5.30248737580042e-05,-0.00025563753461023403,6.432740569301206e-06,-0.000190859648070548,2.0111177613730145e-05,-8.036581053934564e-05,7.105099615436919e-05,-2.341677299341324e-05,-9.001646076928983e-05,-7.304917066641925e-05,-9.945190673087681e-06,-2.4675124818571342e-05
EWW,0.00015260863299375115,0.00010614898377311579,-0.0008543342320723697,0.0007750434658973243,-0.00012913502947416899,-3.24288961129393e-06,-0.0001241562478910204,0.0002648392874134607,0.00042936976696290424,4.388102364326864e-05,-5.212088916048495e-05,0.00023326508743948108,-2.230124204734845e-06,0.0008439777044738164,-1.583166449241097e-05,-8.402162760381065e-05,0.000724619852676444,-2.6791820783956753e-05,-0.00010768735836944111,-3.5448225576675927e-05,0.00043305787608477226,-8.927354371036068e-05,-3.5919740602334545e-05,0.0006675130455367722,0.00027133972264840655,-5.60257120499661e-05,-0.00011522058393656257,-9.5880017710013e-05,3.140968832604109e-05,0.0003248721850387297,9.400124855610255e-05,-7.277932747679324e-05,5.37123689650669e-05,-0.0001591105353010246,2.0907049265428903e-05,0.00017287752016905216,0.0005975460378009008,0.00023560219211667382,0.00022256970021302476,0.0011266141717840728,-0.0001284371803657837,0.000732059755566924,-0.00010695637538739506,0.00030774377526587794,-0.00028860718076530797,0.00016460915833753595,0.0003915550183163333,0.00025700074971760496,6.586982553735212e-05,0.0001927545131937506
GDMA,-8.049178641801168e-06,2.8354930911570587e-05,3.3671612902509815e-05,4.922195966080001e-05,1.060678875820637e-05,-2.1964714114307093e-06,1.2448356307090672e-05,1.8567530078426256e-05,-2.390929895616742e-05,-1.918370371535848e-06,3.929402587431913e-06,-2.230124204734845e-06,4.016134234233934e-06,-5.137661633440122e-06,-1.0318710343821315e-06,1.0896673917050849e-05,-1.9468635290593305e-05,-2.1646217319910882e-05,2.2196646638065464e-06,2.7912064676593365e-05,2.4226200747814884e-05,-3.4260502805597e-06,8.339723472907365e-06,-2.4867456458052032e-06,-2.796423662339832e-06,1.2599487284750083e-05,1.3089229296868322e-05,7.038387380922377e-06,3.674584654527248e-05,9.247996355748138e-06,-2.8140165534144543e-05,1.3488788548120332e-05,2.02238305208389e-05,1.3740878481924355e-05,8.700548993759154e-06,-5.248685115879725e-06,-9.249764716604678e-05,-2.8435171708085757e-06,-4.336737824655946e-06,-1.529077848512254e-05,-1.8876018147633495e-05,-3.361828917511486e-05,-1.1614638263108621e-07,1.2311900529365858e-06,1.306714507862716e-05,4.323460683275134e-06,-7.676347479492397e-06,-1.6936546881603752e-05,-7.059516936270132e-06,-1.4759799199050486e-05
GHC,0.0008532941516530628,0.0004164671917129761,-0.0028928439276049434,0.002868645521947206,-0.000507857598675311,-0.0001201893301157584,-0.0005237152626290263,0.0012735603661918693,0.0015921924086726384,0.000155322789718769,-0.0001682493470311717,0.0008439777044738164,-5.137661633440122e-06,0.003470177957541168,-0.00012553999692449096,-0.0003858573380317611,0.002416321942265048,-0.0009486111246651346,-0.0004894280269555535,-0.00036945675956512704,0.0019175732243731432,-0.0003413869046012717,-0.00015331545684860192,0.002657081299957633,0.0012312570104366612,-0.0002143738248297476,-0.00047151688476061764,-0.0004111124008171276,-6.762549678029681e-05,0.00129829138999171,0.0010712280799825414,-0.0008593038102319754,0.00011164322126010705,-0.0005153265494781843,-0.00020918443184014313,0.0007429389419993526,0.002341763515928172,0.0006414962094221442,0.0007711656821174844,0.004072330097965147,-0.0005957440966461935,0.0025261911611665694,-0.00045317591676126954,0.0007631406219063457,-0.00108990379477576,0.000792980559401975,0.0014335957626605304,0.0008450459745953181,0.000473143388083385,0.001374025247912178
HCXZ,-5.816115728425187e-05,-1.766922106106178e-05,2.1238178400511044e-05,-7.310029482685945e-05,1.3714186489895888e-05,1.8250466940364907e-05,1.8550062681042665e-05,-7.298558989279633e-05,-3.192941436583541e-05,-2.1531499287798e-06,-3.7528639508238176e-07,-1.583166449241097e-05,-1.0318710343821315e-06,-0.00012553999692449096,1.2383634645746974e-05,1.7228471547828022e-05,-1.3556207305889323e-05,0.000144185826437725,2.332761287423347e-05,3.675131826095264e-05,-9.144118569598902e-05,9.80569765552286e-06,4.821186678350712e-06,-8.533692246910616e-05,-5.895539721877879e-05,3.565844310345692e-06,1.4584308161020242e-05,1.586569355746348e-05,2.079238107324413e-05,-4.4214309927047514e-05,-0.00012045136728686953,9.95909211254066e-05,6.133708467453259e-06,-1.176602316832967e-06,4.3323558012528984e-05,-3.01960103538224e-05,-5.443963566408582e-05,1.8415413746918747e-05,-9.167537480355533e-06,-7.503292565191686e-05,3.358249064990551e-05,-2.5059894629298385e-05,1.8224923662957396e-05,3.534007370907912e-05,2.519470792242787e-05,-4.4316047035482125e-05,-2.8628666760887717e-05,-1.090349957856666e-06,-4.151798813296623e-05,-0.00012082456178405705
HNDL,-0.00013752483346748495,3.3632705062521e-05,0.0003335020281918675,-0.00014101526984659557,8.042750722258535e-05,1.8548643325564708e-05,9.100156940441325e-05,-0.00010667195170389059,-0.0002161590478579831,-1.9088084429764633e-05,2.3606387971180916e-05,-8.402162760381065e-05,1.0896673917050849e-05,-0.0003858573380317611,1.7228471547828022e-05,7.499338731044632e-05,-0.0002504270764546103,0.00013429382475860457,6.348078274698517e-05,0.00013874589902790357,-0.00015537532910446874,2.4627155263345485e-05,3.943591723293166e-05,-0.00028209390768950307,-0.0001520239599454218,5.508071661922935e-05,8.545338978117642e-05,6.480055027467167e-05,0.0001271866523998099,-0.00011031726286440537,-0.0002644709422894052,0.0001889292038722084,5.4137313628836714e-05,7.711776157096628e-05,7.771370418355731e-05,-9.722165440208796e-05,-0.0004869460274313305,-4.1016021229351185e-05,-7.875114785037667e-05,-0.0004171029325593749,2.05164646314344e-05,-0.00030876998278722646,4.972662848249209e-05,-2.4190943725752886e-05,0.00014147087234433814,-8.597979871093071e-05,-0.00015523779041515115,-0.00011317641976034534,-9.156615221505673e-05,-0.0002498457940690276
HSKA,0.00034987875743247517,0.00023240127988475619,-0.0028189853089192825,0.0022189835366291,-0.0004080744354080933,4.749809809714804e-05,-0.0003818447588716732,0.0006144828074841483,0.0013707770500587788,0.00014212800364986713,-0.00018111457142186584,0.000724619852676444,-1.9468635290593305e-05,0.002416321942265048,-1.3556207305889323e-05,-0.0002504270764546103,0.0023832568588244844,0.00038118273294092213,-0.00029058889181253435,-7.289153641828593e-05,0.0011000001569307963,-0.00025666781674732063,-0.00012284872013225572,0.0019481425023157334,0.0007253144555497532,-0.00020219621736444765,-0.00036552197786899693,-0.0002845328812647506,7.997255214680552e-05,0.0009165218505004743,2.1883074095043462e-05,2.0391550015539832e-05,0.00014811182918067806,-0.0005569566886172358,0.00017496080730188972,0.0004914584562321041,0.0020133996476370997,0.0008334069675232046,0.0007137154949372446,0.0035141947125048624,-0.0002808037441826444,0.002406397441675397,-0.0002977291208065773,0.0011101986174430443,-0.0009036792630881445,0.0004014107090559419,0.0012193094321247015,0.0008789345997412602,0.00011138579115976105,0.00031446657826084275
IONS,-0.0005983314819650895,-0.00019511256359984217,-0.00040365731336922345,-0.00044569279164685135,5.924132910492487e-05,0.00022796884069382873,0.00011940127484773462,-0.0007507099919266473,-4.8038450684970995e-05,7.9031563455479e-06,-4.8739456745365605e-05,-2.6791820783956753e-05,-2.1646217319910882e-05,-0.0009486111246651346,0.000144185826437725,0.00013429382475860457,0.00038118273294092213,0.001807983103896042,0.00020883756402829593,0.00038002075156959476,-0.0008704590933757714,6.445683737354321e-05,1.9202779993300326e-05,-0.0005800990700038353,-0.0005334623874494646,-1.8336072988708243e-05,7.540732104678337e-05,0.00011596820787971913,0.00021357807568015203,-0.0003345100841062529,-0.0013758953102189974,0.0011588151971444402,7.754850182664957e-05,-0.00015233141233677878,0.0005362645753548316,-0.00024227360812518347,-8.369558780131704e-05,0.00040061687953782686,5.206498530312371e-05,-0.00010348309379243793,0.0003594574779464363,0.000269435217890082,0.00015031434649426421,0.0006542711081599629,8.401230958925855e-05,-0.0004405446685420865,-6.332011007360687e-05,0.00019944853031035538,-0.00045528956114972423,-0.0013346893930602606
LORL,-0.00014674631815603367,-4.2892184537538186e-05,0.0003583937994923049,-0.00034649295483068696,7.394931036789696e-05,2.678379521695191e-05,8.077881232466542e-05,-0.00018882353501189686,-0.00021704799745705044,-2.0134969557882216e-05,2.0756830741388172e-05,-0.00010768735836944111,2.2196646638065464e-06,-0.0004894280269555535,2.332761287423347e-05,6.348078274698517e-05,-0.00029058889181253435,0.00020883756402829593,7.452622643150626e-05,8.808937949482779e-05,-0.0002716167249165213,4.364203893567003e-05,2.6063416135387163e-05,-0.00036508103458898864,-0.00018597732188111512,3.444303593601315e-05,7.217288443289767e-05,6.277637774832914e-05,4.717558069228966e-05,-0.00017394426368456552,-0.0002339793065124152,0.00018447234646010746,5.166843785986929e-06,6.461094602515697e-05,6.377986909222455e-05,-0.00011005372279444208,-0.0003608562640727617,-5.780453707097277e-05,-9.551401470137436e-05,-0.0005213138783306377,8.155533701483683e-05,-0.00032087856900972153,6.491560414615453e-05,-5.49825950097989e-05,0.00014924456971340296,-0.00012114044983550024,-0.00018674254224804637,-0.00010493669225776297,-9.051545695469532e-05,-0.00025950779282342656
NEO,-0.0002616967232938575,0.00017973595412859334,0.00019261942937506387,0.00025865797931004444,0.00011428409131080244,5.2504661102007086e-05,0.00014880852015204278,-8.377460433786548e-05,-0.00023551541320995334,-1.553537710746388e-05,2.0366529753395154e-05,-3.5448225576675927e-05,2.7912064676593365e-05,-0.00036945675956512704,3.675131826095264e-05,0.00013874589902790357,-7.289153641828593e-05,0.00038002075156959476,8.808937949482779e-05,0.0003606232862396392,-7.813529489952733e-05,-6.354518594726801e-06,7.908470456118253e-05,-0.00022538034827211762,-0.00020012965265341401,0.00010472538390215899,0.00014026644095251962,0.00010016221989605798,0.00038242559171742754,-3.589113689900174e-05,-0.0006761348486286228,0.0004812441116326906,0.0001967361016248352,7.610679280946201e-05,0.0002420537772535935,-0.00012684644445792563,-0.0008433958440181863,9.290913306804556e-05,-2.8570677677490674e-05,-0.00020204840787355055,-4.588263532316907e-05,-0.0002300398994714737,4.9625746674354345e-05,0.00020495624364970773,0.00014860152245457293,-0.00010611181490012514,-9.913534656119346e-05,-9.219767441409904e-05,-0.00020549704229417209,-0.0005512586289766096
PDCE,0.00048009937663871577,0.00041426005367143596,-0.001262073458099909,0.001859236512234917,-0.0002110108014001331,-0.00010687438897398007,-0.00021642034549939704,0.0008802090619561772,0.000698865781603479,6.895664406447028e-05,-5.821958883221189e-05,0.00043305787608477226,2.4226200747814884e-05,0.0019175732243731432,-9.144118569598902e-05,-0.00015537532910446874,0.0011000001569307963,-0.0008704590933757714,-0.0002716167249165213,-7.813529489952733e-05,0.0012680291433107146,-0.00020826166651478467,-3.3166847347907044e-05,0.0014572307933891707,0.0007010603905145349,-3.468296760975552e-05,-0.00017928176663278128,-0.000189222229803221,0.00015542937283565304,0.0007814459894362569,0.000579008985153687,-0.0005261859390699385,0.0001690269984685489,-0.00016771304811926977,-0.0001299261387806483,0.00039101226460810934,0.0006869113478199052,0.00026562527117523897,0.0003716495625011194,0.002059023035997023,-0.0004737759912059072,0.0010881009321156985,-0.00025868230842950816,0.00031965616208818644,-0.0005050012215072047,0.0005011770356942843,0.0007147545846964802,0.0003152504348130019,0.0002673181097202896,0.0008123059807117178
PWB,-6.2601460382169e-05,-7.248718303390535e-05,0.00029303921963083336,-0.00035812986550956923,4.112920479415128e-05,7.5570410841195055e-06,3.849697934709229e-05,-0.00013499197880132568,-0.00014506720403172104,-1.51019364341323e-05,1.5616417907942228e-05,-8.927354371036068e-05,-3.4260502805597e-06,-0.0003413869046012717,9.80569765552286e-06,2.4627155263345485e-05,-0.00025666781674732063,6.445683737354321e-05,4.364203893567003e-05,-6.354518594726801e-06,-0.00020826166651478467,3.9311559166681094e-05,6.2556639514869926e-06,-0.00026843397014763356,-0.00011281320665443298,9.272870232470271e-06,3.358781968371298e-05,3.2663757301047876e-05,-4.403912886116306e-05,-0.00014175381851218834,-3.442378857117147e-05,3.6418700610035355e-05,-3.916998463636992e-05,4.591260330574453e-05,-6.8178524895312365e-06,-6.672799600887836e-05,-0.0001446741938542196,-8.179090681447692e-05,-8.161859478533014e-05,-0.000426307044450476,7.496957624269812e-05,-0.0002478647453216964,4.455790410557373e-05,-0.00010924869259850774,0.00010137019218427208,-7.641850309036184e-05,-0.00014636808996641956,-8.011684479927354e-05,-2.7133138346553708e-05,-8.517175124905872e-05
QQEW,-5.826544391123504e-05,4.167747738116659e-05,0.00016994885386049344,-7.603085146635566e-06,4.199512085887239e-05,3.572700638193133e-06,4.749596660159864e-05,-1.9690710315631427e-05,-0.00010951151049720895,-9.59205230749692e-06,1.363795156861908e-05,-3.5919740602334545e-05,8.339723472907365e-06,-0.00015331545684860192,4.821186678350712e-06,3.943591723293166e-05,-0.00012284872013225572,1.9202779993300326e-05,2.6063416135387163e-05,7.908470456118253e-05,-3.3166847347907044e-05,6.2556639514869926e-06,2.3597574225877285e-05,-0.00011184999070908201,-5.979188031724471e-05,3.4221896328168144e-05,4.6210479780377855e-05,3.186201631492539e-05,8.401554296025858e-05,-3.332188465018887e-05,-0.00012196432278371045,7.949894527034995e-05,4.01420323778233e-05,4.533755410107067e-05,3.514010049243918e-05,-4.228609926231536e-05,-0.00028289527116423963,-2.262007397919605e-05,-3.6403050758501586e-05,-0.00018249122941819767,-1.2264021012013635e-05,-0.00015875222820830651,1.879916971103232e-05,-1.4118531339034233e-05,6.882987598048592e-05,-2.715746520845526e-05,-6.956236063269196e-05,-6.332711807753047e-05,-3.990317896581081e-05,-0.00010391397581199889
RMNI,0.0006068035502773395,0.0003386574261090618,-0.002316337240913924,0.0022862999924917215,-0.0003878052590934633,-7.307923530537117e-05,-0.00039205675104075633,0.000951434553659117,0.001240080927336335,0.0001227567790780096,-0.00013552806746405544,0.0006675130455367722,-2.4867456458052032e-06,0.002657081299957633,-8.533692246910616e-05,-0.00028209390768950307,0.0019481425023157334,-0.0005800990700038353,-0.00036508103458898864,-0.00022538034827211762,0.0014572307933891707,-0.00026843397014763356,-0.00011184999070908201,0.0020518937789636518,0.0009203096567667012,-0.00016039876405644465,-0.00035462334359779516,-0.00030803660593854167,5.743075153232525e-06,0.0010073580464116784,0.0006757634476954123,-0.0005450404318600147,0.00011743692642300765,-0.0004137518904041317,-9.958473995163211e-05,0.0005604827280189568,0.0017657804490719454,0.0005521810423132654,0.0006160068276389312,0.0032191957936837197,-0.00045423041019095945,0.002009521352716208,-0.00034488535403861913,0.0006808444118740462,-0.0008465543704573539,0.0005881882532289477,0.0011280616233512255,0.0006785183818433667,0.00032041802988505455,0.0009348157939447004
ROOF,0.000362185486792668,0.00012852994487447448,-0.0008869265515817284,0.0009124800781599529,-0.0001793099724867102,-6.801376732218447e-05,-0.00019485497444746508,0.00048764993126274833,0.0005325176694663902,4.970748839424595e-05,-5.007129590049249e-05,0.00027133972264840655,-2.796423662339832e-06,0.0012312570104366612,-5.895539721877879e-05,-0.0001520239599454218,0.0007253144555497532,-0.0005334623874494646,-0.00018597732188111512,-0.00020012965265341401,0.0007010603905145349,-0.00011281320665443298,-5.979188031724471e-05,0.0009203096567667012,0.0004660517645278762,-7.814275106531882e-05,-0.00017284910750716366,-0.00015322811234276442,-9.092005069062617e-05,0.00044583509428963155,0.0005632269650158987,-0.0004500074637441962,2.4442048072241414e-06,-0.00015474278560001205,-0.00015165906949047585,0.00027362417674864863,0.0008461443009573353,0.00014727116527340106,0.00023943441619054618,0.0013103954864674247,-0.00021844394480061727,0.0007908783039028645,-0.00016373306871442537,0.00014487698289205158,-0.0003683207842645949,0.00030749918801237984,0.0004675905210244278,0.00025499001586398794,0.0002212551688601908,0.0006382070108171017
SPXB,-7.170424608334527e-05,6.266060109302847e-05,0.0002733247908924773,-1.626320859234191e-05,6.16708888361358e-05,-6.589831305563369e-07,6.792577465416724e-05,-1.4737661602604785e-05,-0.00016556778652799037,-1.4949666935721397e-05,2.1998046839642738e-05,-5.60257120499661e-05,1.2599487284750083e-05,-0.0002143738248297476,3.565844310345692e-06,5.508071661922935e-05,-0.00020219621736444765,-1.8336072988708243e-05,3.444303593601315e-05,0.00010472538390215899,-3.468296760975552e-05,9.272870232470271e-06,3.4221896328168144e-05,-0.00016039876405644465,-7.814275106531882e-05,5.090356734367341e-05,6.701564068458424e-05,4.491679681194503e-05,0.00011465150069418147,-4.6355155854734106e-05,-0.00014203134546756946,8.608572150470182e-05,5.457122446964241e-05,7.257311326417617e-05,3.628220839387597e-05,-5.8326647356838365e-05,-0.0004176523542442766,-4.794970803732842e-05,-5.85185811162775e-05,-0.00028421214126250765,-2.4105568220304038e-05,-0.00025111700737653366,2.5486172925537746e-05,-4.381525754495821e-05,0.00010308323987562356,-3.128663659171905e-05,-0.0001069007575909801,-0.00010177989902644697,-4.709747900027689e-05,-0.00011927284540229047
TDTT,-0.000141989258509622,3.403894126397436e-05,0.0004710511284906604,-0.0002163950191440995,9.918196935343747e-05,1.1267826416456393e-05,0.00010778829663203688,-0.00011339812963780578,-0.0002796605312327395,-2.5813934727156352e-05,3.3314716605983164e-05,-0.00011522058393656257,1.3089229296868322e-05,-0.00047151688476061764,1.4584308161020242e-05,8.545338978117642e-05,-0.00036552197786899693,7.540732104678337e-05,7.217288443289767e-05,0.00014026644095251962,-0.00017928176663278128,3.358781968371298e-05,4.6210479780377855e-05,-0.00035462334359779516,-0.00017284910750716366,6.701564068458424e-05,0.00010259457121351033,7.624507749133552e-05,0.0001275593535823443,-0.00014081694834659428,-0.00024314352988387045,0.00016699642135821144,5.068385877959907e-05,0.0001073959676144333,6.097714631363591e-05,-0.00011456372713426463,-0.000592844291159314,-8.592874536811961e-05,-0.00011159241812380695,-0.0005699646626133453,2.091311491664851e-05,-0.0004257214877710307,5.941795928018884e-05,-8.539838396570123e-05,0.00018164013604699212,-9.316484360766527e-05,-0.00020823898696675888,-0.00015904001848643593,-8.8494464577632e-05,-0.00023898640319957042
TVE,-0.00012354833761639907,-4.2423924418751616e-07,0.00036048504361980483,-0.0002355828146326468,7.53169370771355e-05,1.562752513694081e-05,8.201018352402368e-05,-0.0001262334057451743,-0.00021565646587822572,-1.9944975632522024e-05,2.3728656356743537e-05,-9.5880017710013e-05,7.038387380922377e-06,-0.0004111124008171276,1.586569355746348e-05,6.480055027467167e-05,-0.0002845328812647506,0.00011596820787971913,6.277637774832914e-05,0.00010016221989605798,-0.000189222229803221,3.2663757301047876e-05,3.186201631492539e-05,-0.00030803660593854167,-0.00015322811234276442,4.491679681194503e-05,7.624507749133552e-05,6.017958484834269e-05,7.841504555546173e-05,-0.00013346791776777344,-0.0002048957115620257,0.00014987166531085536,2.5931300058774397e-05,7.560730738334005e-05,5.3344677933467545e-05,-9.647627092335904e-05,-0.0004189609921789637,-6.28508726640136e-05,-8.948213478147547e-05,-0.00046991039298298565,4.1262639165545183e-05,-0.00032462845150090143,5.3052784902134606e-05,-6.151915277389394e-05,0.00014325190694091527,-9.063026472918788e-05,-0.00017025080054657325,-0.00011552699661279781,-7.663631707930413e-05,-0.00021275827614173652
VPC,-0.00019446695665980917,0.0002811934720645402,3.117929152592248e-05,0.000618019128647363,9.342231978532841e-05,3.263672083042633e-05,0.00012934613914889793,8.05019967921521e-05,-0.00015260915879588476,-6.812156036093937e-06,1.5841131822382975e-05,3.140968832604109e-05,3.674584654527248e-05,-6.762549678029681e-05,2.079238107324413e-05,0.0001271866523998099,7.997255214680552e-05,0.00021357807568015203,4.717558069228966e-05,0.00038242559171742754,0.00015542937283565304,-4.403912886116306e-05,8.401554296025858e-05,5.743075153232525e-06,-9.092005069062617e-05,0.00011465150069418147,0.0001275593535823443,7.841504555546173e-05,0.0004526273227254375,0.00010106725617781262,-0.0006177665202102808,0.0004133285625143515,0.0002487888142060405,6.604905212433172e-05,0.0002319036728808947,-7.047124868903216e-05,-0.0008467988105524901,0.00013212391986140175,2.5829661660216586e-05,0.00011006937342364733,-0.0001452351867452124,-9.650276859937279e-05,7.913994014406573e-06,0.00025788145562410226,8.351656198225268e-05,-2.0263816646510136e-05,6.295657220436928e-06,-6.235631537386008e-05,-0.000171241471092613,-0.0004389293831375705
WASH,0.00027618388234584997,0.0002416432297545646,-0.001061679274737382,0.0012608386355976353,-0.0001639117553317804,-4.073900568515494e-05,-0.00016081750484041058,0.0005164407808678223,0.0005513599843443433,5.5835086086437034e-05,-5.708766245027761e-05,0.0003248721850387297,9.247996355748138e-06,0.00129829138999171,-4.4214309927047514e-05,-0.00011031726286440537,0.0009165218505004743,-0.0003345100841062529,-0.00017394426368456552,-3.589113689900174e-05,0.0007814459894362569,-0.00014175381851218834,-3.332188465018887e-05,0.0010073580464116784,0.00044583509428963155,-4.6355155854734106e-05,-0.00014081694834659428,-0.00013346791776777344,0.00010106725617781262,0.0005219110935683791,0.0002529338908641294,-0.0002280375063862943,0.00011204940833363247,-0.00016969553562596983,-2.3367408189072307e-05,0.0002626263457135056,0.0006306861124849451,0.0002684932843632494,0.00029422245787331654,0.0015549224223678807,-0.0002729830628999697,0.0009089614804851688,-0.00017042999351019324,0.0003444674774709419,-0.00038469537262282854,0.0003005123568401839,0.0005385983879327757,0.0002927795323840919,0.0001376328349494936,0.00041691448850353764
CBRE,0.0006609899777966254,-0.00013782148004351033,-0.00019284265026191556,-3.2346215974601706e-05,-0.0002020576684007653,-0.00017972175667462452,-0.0002768350134186808,0.0005063152873852064,0.00040453103802124714,2.365655602837847e-05,-1.211854314567482e-05,9.400124855610255e-05,-2.8140165534144543e-05,0.0010712280799825414,-0.00012045136728686953,-0.0002644709422894052,2.1883074095043462e-05,-0.0013758953102189974,-0.0002339793065124152,-0.0006761348486286228,0.000579008985153687,-3.442378857117147e-05,-0.00012196432278371045,0.0006757634476954123,0.0005632269650158987,-0.00014203134546756946,-0.00024314352988387045,-0.0002048957115620257,-0.0006177665202102808,0.0002529338908641294,0.0015849622878926107,-0.001213738222018072,-0.000297219389718282,-5.4314767015919856e-05,-0.000580329630724686,0.00031183619078071654,0.001273845515678811,-0.0002825447313055806,4.5861165402325944e-05,0.0004838054852756571,-0.0001254361659071775,0.0002899484781449592,-0.0001537968932357686,-0.0005448962495476657,-0.0002831162873886031,0.0003760598445821004,0.00022048321269855289,6.785045882588436e-05,0.0005045289632356585,0.0014092461103134748
CFBK,-0.0005156673869017693,4.507263098924348e-05,8.600521328928919e-05,-9.39139423158539e-05,0.0001397037511157534,0.00014991676966937076,0.00019570216593020273,-0.0004530804365161955,-0.00027512396417943177,-1.5067500527419448e-05,1.2310433383064125e-06,-7.277932747679324e-05,1.3488788548120332e-05,-0.0008593038102319754,9.95909211254066e-05,0.0001889292038722084,2.0391550015539832e-05,0.0011588151971444402,0.00018447234646010746,0.0004812441116326906,-0.0005261859390699385,3.6418700610035355e-05,7.949894527034995e-05,-0.0005450404318600147,-0.0004500074637441962,8.608572150470182e-05,0.00016699642135821144,0.00014987166531085536,0.0004133285625143515,-0.0002280375063862943,-0.001213738222018072,0.0009479560033775235,0.0001926707989486518,1.3713949842074479e-05,0.0004475775501825332,-0.00024087075294478098,-0.0008199807963655071,0.0002320885926640213,-2.9050569473597816e-05,-0.0003651592126594104,0.00014556607778876357,-0.00016327328916307876,0.0001251990515395924,0.00043352887453430725,0.00020084900391807562,-0.0003145121130733553,-0.00016367484289946398,-1.8188569386361125e-05,-0.00039104232937738255,-0.0011037100036606735
CVLT,-7.135754459248499e-05,0.0001743371445168915,-0.00010674074810048995,0.0004670322105285849,3.014110193600953e-05,1.2927305027497977e-05,4.942404307006998e-05,9.96683573556566e-05,-1.6510564010230155e-05,2.877255817976989e-06,1.601422546141709e-06,5.37123689650669e-05,2.02238305208389e-05,0.00011164322126010705,6.133708467453259e-06,5.4137313628836714e-05,0.00014811182918067806,7.754850182664957e-05,5.166843785986929e-06,0.0001967361016248352,0.0001690269984685489,-3.916998463636992e-05,4.01420323778233e-05,0.00011743692642300765,2.4442048072241414e-06,5.457122446964241e-05,5.068385877959907e-05,2.5931300058774397e-05,0.0002487888142060405,0.00011204940833363247,-0.000297219389718282,0.0001926707989486518,0.00014314842336538925,1.465590536038827e-05,0.00011985134798745557,-7.230440832561157e-06,-0.0003704304345056142,0.00010091451633150196,4.7460107693253474e-05,0.00023608802190432695,-0.00010646050168849029,5.4704483464064854e-05,-1.5097452870988612e-05,0.00017601132597506143,-3.646028642883871e-07,2.2900387659426672e-05,6.506835983202757e-05,1.5403554046238056e-06,-7.480140576384043e-05,-0.0001847611842772816
DMB,-8.631440999704456e-05,1.8781017854915783e-05,0.0006830147608032894,-0.0003525882387108607,0.00011086084936360487,-1.7846789811844986e-05,0.00010887187865041661,-7.89253458446035e-05,-0.0003468544640529542,-3.4806730481188516e-05,4.82556899156273e-05,-0.0001591105353010246,1.3740878481924355e-05,-0.0005153265494781843,-1.176602316832967e-06,7.711776157096628e-05,-0.0005569566886172358,-0.00015233141233677878,6.461094602515697e-05,7.610679280946201e-05,-0.00016771304811926977,4.591260330574453e-05,4.533755410107067e-05,-0.0004137518904041317,-0.00015474278560001205,7.257311326417617e-05,0.0001073959676144333,7.560730738334005e-05,6.604905212433172e-05,-0.00016969553562596983,-5.4314767015919856e-05,1.3713949842074479e-05,1.465590536038827e-05,0.00015227987150551298,-2.316175548610062e-05,-0.00011402941187179728,-0.00064286581248068,-0.00018861363036128023,-0.00016260093949109172,-0.0007823609303991043,1.169182097153254e-05,-0.0005935299838735886,6.136767173673671e-05,-0.00024096224965993243,0.00022178695290527462,-7.030068738170242e-05,-0.00027665636043760794,-0.00022879041577561992,-3.489696017367926e-05,-8.591861544373487e-05
