,AAME,APOG,AUTO,AXP,BANX,BB,BEP,CEM,CWB,DEM,DFPH,DGRW,EFA,EFAV,EQL,EUSC,EXI,EXPR,FLQD,FLQG,FLV,FMBH,FNKO,FORM,GBT,GRIN,GSL,IMBI,IVOL,JJC,KARS,KE,KTH,KURE,MYGN,NULV,OXM,OXSQL,PBCTP,PBSM,PID,PKBK,PRCH,RELL,SMDV,SPDN,SPPI,SPSC,SPSM,STKL,STXB,TLMD,TMV,TRU,TRUP,VPC,VTOL,WBND,WLK,XMVM,YLD,ZIVO,ACGLO,AFYA,ARDC,BAK,BBCA,CNX,CSTR,DIAL,DKS,ENSG,ESTE,IBMK,ISDR,LAZ,LBRT,MRAM,PBYI,PLRX,PTNQ,RACE,RGA,RIOT,SLY,SWN,TM,CROC,DLTH,DWX,FAM,MRCY,NIU,TRN,VIVE,BHFAP,BSL,SNGX,TYHT,LVRAW
AAME,0.04606931857431896,-0.0018384136894483846,0.002467433665563347,0.00019556051190997668,0.0005255989959652676,-0.001413094162316209,0.0014877715627071362,-0.0014997236314576374,0.00033414577449637593,0.00018287062322520104,-0.0012903208465005515,-0.00014223469979348857,0.00046698270080506313,0.0004939283609955889,-0.00012680540971873148,-0.00012216358766419444,0.00029776598923154745,0.0004022903392178435,0.0001435287651966195,0.00032484871589614106,0.00012895883260354845,-0.0020413139107745976,-0.0005454277305159465,0.002348221736212122,-0.0016296119607863045,-0.0053852351710881674,-0.000501016660500811,0.00726309585876967,-0.00012978795603147135,-0.0002680096005674735,-0.0002789024246553661,-0.001454465599487836,0.0005583252353661509,0.001237423482983663,-0.0038697189666311305,-0.0003740179042558554,-0.00019991751894708838,0.0013424872134632703,1.8152274143884783e-05,-0.00040487810212116353,-0.0005770697012216289,-0.00010091108487099432,4.6964118781714085e-05,-0.0016604698241017338,-0.0009793312353141331,0.00024190436206185075,-0.00241643146770543,0.00040389910790149936,-0.001191226310121419,-0.0034112929585664135,-0.0021662996650297366,-8.820078678081526e-05,0.000329725424216526,-0.00024331261890768918,-0.0026183320617695727,-0.0007795118032367258,-0.0002679844706411519,-0.00012298191341761483,-0.00020339948255466465,-0.0010076087792040295,0.00016792016275625425,0.0,-0.00010444764536057783,0.0027593301264032945,-0.0003941744942265579,0.0014323589857163077,-0.0007683048019209134,0.001002255552846497,-0.0016791515482064852,0.0003275766690293835,-0.00038099459515605113,-0.0009659346638821838,-0.0013016673638542807,-2.6520261002647643e-05,0.0001436046296409673,0.0002617299591343095,-0.004595036812639705,-0.0026810103274123556,-0.007673663649389849,0.0008855759828065544,0.00028417255408434147,0.0002860193568037536,-0.0018475803385526463,-0.00241261424214283,-0.0009454510308060249,-0.0009181818673353024,-0.0005983271343753897,-0.0008086897669183969,-0.0039754642689964394,0.00020453453077682102,-0.0005966263464088626,0.0002801214670370918,-0.0011056411772748843,-6.733522674892356e-05,-0.0022412203404055487,1.1651266636544122e-05,0.00025054852095260697,-0.002477157778324361,-0.002723397697524987,-0.0007666567845517231
APOG,-0.0018384136894483846,0.00137982623493791,0.0010350865824156608,0.0007878360152812871,-0.0002238228904658106,0.0003339039881421638,0.00033410551347296734,0.0005999327110647559,0.0002517557237124174,0.00014841643524646472,-0.00022324464857742993,0.00033554141117888404,0.0003311132056932259,0.00023079783118289346,0.0003758312252493357,0.00033589969277896155,0.000403849011789256,0.00047983751273574844,0.0002228621219004609,0.00022129690904405613,0.0003228633840056794,0.0008821150671401546,0.0012987527076545264,0.0005894200425764499,0.0006518893255405359,0.0015106589780067993,0.00020477920272511373,0.00030120952929938246,9.44949730280164e-06,-4.1598298035692444e-06,0.0003013754961149309,0.001041947551949682,-2.5404457923458422e-05,0.00013201292967758352,0.0007628310454670186,0.00045875418687993413,0.00025886671072656317,1.3496113183938519e-05,-7.856889980059395e-05,0.0005625645477392527,0.00046812425838251107,0.0010094543207453469,3.663693951815537e-05,0.00026460247398842117,0.0005478684356166094,-0.00037960072223286435,0.0004281659046918671,0.0006142568282504027,0.0007131240958156734,0.00048639010069660645,0.0013704117876107147,3.3438051375439688e-06,0.0005266565165453229,0.0006018030282974848,0.001009515718278053,0.000509967295529867,0.002560878057041047,2.092587710749535e-05,0.000630751495021167,0.0006868067370375116,0.00010227224237665159,0.0,0.0001404226073957749,9.61551368931413e-05,0.0001589698623807489,0.00021102653134636896,0.0003650453774750561,0.0005324229284782609,0.0009498513543199889,-5.175698139306627e-05,0.000382637066596914,0.0006235253756254469,0.0017825577376719783,4.780071432719076e-06,6.432605728683764e-06,0.0003792369440212764,0.0009040128038552837,0.00042637093711956275,-0.000748351065932008,6.647374847352689e-05,0.00023820919352008033,0.00028956435870517946,0.0007208667596800277,0.0008623582648935834,0.0007069530063115189,0.0008928711180766621,0.0002618926757137362,-0.00019229356009673604,0.0007226859478909006,0.0002690738663222931,4.1483198037219804e-05,0.0007290774548904308,0.00041764230899533043,0.000821406745730405,0.0007471091006777392,2.6872952985534527e-05,0.00010375900934589116,6.117053923121485e-05,7.821708717259685e-06,0.000668283292835145
AUTO,0.002467433665563347,0.0010350865824156608,0.008851768807610867,0.0007202571723417849,-0.0011564008415174355,-0.00010313916932596571,3.9684354235921095e-05,-0.0004429559170844508,0.00016552114790246744,7.991811822321224e-05,-0.0007025739482807204,0.00020639940572095037,0.00018396683588411898,0.00011973595948669474,0.00024824048833487096,-4.8100517366788507e-05,0.00021303837769152275,0.0010165011633289376,2.7464300100408052e-05,0.0002721507762012447,0.00025729083628150214,0.0007151791716407019,0.0009725341085385035,-0.0006620420475219481,0.0017580726493814664,0.0004903598518133625,0.00024347705695167837,-0.0004930692174565954,1.709964676598894e-05,0.00022865996621773522,8.490593453820155e-05,0.0010105994278138952,0.00014189916290708717,0.00013659884809850062,-0.001110569840216225,0.00026847637594366636,-0.000590199690616932,1.8102355152611083e-05,0.0006119744595005432,0.00027372300208707495,0.00027553594108062004,0.000984092269640375,3.558552782816918e-05,0.00023279459236727872,0.00016121248568255674,-0.0002035791389225794,0.001370937041021455,0.0003054266896493543,0.00024291056393913437,0.00016422664756729748,0.001339248537567704,-5.0123984490404917e-05,0.00010731710950573608,0.00020261662784350966,-0.000681007303815424,0.0002583599739680074,-0.0023562377288367906,4.6622701262982906e-05,0.000968564876473896,0.00045083285533552563,4.9690238733067244e-05,0.0,-4.482581923521456e-05,0.0008310371538048063,-0.00014966763780664,0.0008179295785993976,0.00018843104000763815,-9.346165846075416e-05,0.0010715882452133874,-8.002933070170002e-05,-0.001727319715426188,0.0003055677265024855,0.004787191157503108,-5.847868894050975e-06,0.0017609121735950748,0.00015769246797059,0.001245583801466005,-0.002053050524915395,0.0002287174262978473,0.00038444492351338025,0.000183200623134365,2.421679209793126e-05,0.000615045955525622,-0.002640173659942072,0.0002666539693274954,-0.0006731382834401072,-0.00019106729322683266,0.00012406701188857105,-0.00019277355288932298,2.7296088127501344e-05,1.5805388636834908e-05,-7.765470651598543e-05,0.0042066397721082565,0.0003973609259057384,-0.00027702612694449874,2.800857038993426e-05,5.065837869899719e-05,-0.0009283902806345175,-0.0007302336403462674,-0.00018918404179729163
AXP,0.00019556051190997668,0.0007878360152812871,0.0007202571723417849,0.0005362766402234023,-0.00015575606078881493,0.0002589673616598202,0.00030416777387345706,0.0003852018640738084,0.00018833708338222746,0.0001243172409275749,-0.00016838147821702655,0.00021458685766466635,0.00023636010094385646,0.0001699849303068691,0.0002571579847187795,0.00023674712206512818,0.00028726327182057533,0.0005156220392786143,0.00017473210579852584,0.00016586013619552097,0.0002365757472471526,0.0006202042968212101,0.0007932332887616359,0.00044827195760754326,0.0004039410107608308,0.000932924080279334,0.00024583612244814676,0.00029017642238745277,-2.873668390397999e-06,2.3521127273975715e-05,0.00019664531856659006,0.0005796476587994913,-3.3625767320191304e-05,0.00016163823922561536,0.0003701540565587052,0.00029610045909508474,0.0002555042393244876,5.872007808020892e-05,-4.271002222193925e-05,0.00038465527015721655,0.0003103150769156706,0.0006793735488701373,3.68539444411068e-05,0.00011526556759528096,0.0003375822705008142,-0.00024561719016768905,0.0002734827676502572,0.00037536297348475913,0.00043457870458230556,0.0002635398010146156,0.0008648630561821108,-2.204117427092191e-05,0.0003658307141290807,0.00037787582891928316,0.0006395116501048465,0.0003455559285283992,0.002372318379833313,1.229925434582323e-05,0.0004534895386564866,0.00045009726136627454,8.423976870679434e-05,0.0,7.97629469789232e-05,0.0002659078660883762,9.484878433972502e-05,0.00018461219435234838,0.00023376262289613272,0.0003934133924479314,0.0005853926201069805,-2.8451785768940853e-05,0.00032970155839335744,0.00037803014188298226,0.0009976074039019429,-8.686811960504667e-07,4.0021815430410175e-05,0.00033256853479297525,0.0006471829320241006,0.00019800634331729557,-0.00048771555539951403,4.264355645940745e-05,0.00016040087491513684,0.00020036869182224332,0.0005142385190903208,0.0004378471899500145,0.00044210916692912573,0.000508043792324454,0.00017709713536510552,-0.0001332096069697471,0.00030197133248791654,0.0001942225228346718,1.2809691919540317e-05,0.00047867280509365627,0.0003599748310896796,0.0005705008809909696,0.00040764267583144576,4.2842545652218336e-05,7.652511912801433e-05,-6.97826032710124e-05,7.387484577888842e-05,0.0004203558537282718
BANX,0.0005255989959652676,-0.0002238228904658106,-0.0011564008415174355,-0.00015575606078881493,0.0004947793900489389,0.00015075158666789552,-9.520946025206582e-05,-0.0002144857683262548,-7.281243383857594e-05,-5.876375943214711e-05,5.5852784358750225e-05,-4.1139715545455645e-05,-7.12337817250626e-05,-6.195168118257641e-05,-7.703604971815662e-05,-5.8037785893352227e-05,-8.985508764791085e-05,-9.413543238308294e-05,-3.725708132060999e-05,-4.595289784869335e-05,-7.790925464742983e-05,-9.527924885927029e-05,-0.0002583653130690494,0.00024878416787985763,-2.8111614575611236e-05,-0.0004955642587892862,-4.354839984754566e-05,0.0009803784903858093,-2.5810455717854195e-06,-4.3324403934577024e-05,-2.7065412242056913e-05,-0.00036560018026886114,7.647356126406444e-05,-2.3683324149049738e-05,-0.0005031943152724366,-7.790621490286732e-05,0.00026543599764971746,6.897636794987572e-06,-8.917977602874724e-05,-9.863772570813719e-05,-9.935394559626697e-05,-0.00046783506753215575,1.030112248511069e-05,-0.000156078202255673,-8.327528063258411e-05,5.7184222545428646e-05,-0.000497594907866708,-0.00010466428968812059,-9.818658187443856e-05,0.00028518450937292303,-0.00021242242643470263,-2.2368306188355093e-05,0.00013368274258307135,-0.00016671502941704227,6.214740142787358e-05,-2.1727692982799583e-05,-0.00023567231023786023,-1.3159452792070855e-05,-0.00020288189738410151,-9.508519217672004e-05,8.906602614826936e-06,0.0,3.60055450367782e-05,-9.664498515486791e-05,3.5250198594876515e-05,-0.00014324007339439407,-7.723666179446003e-05,0.0001133411976732192,-0.00012902792276106302,2.7632552883522174e-05,0.0002224658452107781,-5.8600741551013535e-05,-0.0009225726734732528,3.8027718041663124e-06,-0.0003255598789664384,-7.04790156271207e-05,-0.00047792191807658445,1.8286837514292775e-05,-0.0004549496279880144,-0.0003687133054940922,-4.925727974035248e-05,-0.00010181624538483745,-0.00024696859934918587,7.705796492684264e-05,-0.00011476381545173061,0.00019642992291359518,2.3541154400422197e-05,5.4531420691676045e-05,0.00010347789204628307,-5.866675713721499e-05,2.0309750400815692e-05,3.420067820893796e-05,-0.0008372218722931263,-0.00018976508191081916,-0.00018038632137785796,-4.5286030934029874e-05,2.1230050062739712e-05,9.262622363077704e-05,-0.0002607888029908628,-1.9501576572042394e-05
BB,-0.001413094162316209,0.0003339039881421638,-0.00010313916932596571,0.0002589673616598202,0.00015075158666789552,0.0009500300954045288,0.0001416032881393836,0.0001628061148030061,0.0001202136825555427,0.0001984296597468834,-2.6439273841857805e-05,0.00019315402451016136,0.00022266649133829926,0.00012720874112727483,0.00022795622145674348,0.00024229683107715927,0.00023473674849540044,0.0009692383425119148,0.00020330071249427257,0.0001750328002971259,0.00019288087411833155,0.0009106262034178605,0.0008285859559967411,0.00023931595851343752,0.0005307973968183348,0.0006614960733010379,0.0005032172287326662,0.0016743509326989175,-1.227421018375106e-06,0.00015651297071726583,0.00021198969927659772,0.00021060898016300942,-8.896302776785863e-05,0.00019015596072488846,-3.355731377910692e-05,0.00025565605424580603,0.001063729960077831,7.024544886592773e-05,-1.5186387402842758e-05,0.0003708055539848555,0.0003112494776755281,-0.00030714060014258197,7.260575583716753e-05,0.00037552815808476433,0.00023826139095019686,-0.00022573496907686303,0.00010982748593226897,0.00011716468610146753,0.00031851087039145426,0.0007360228125557122,0.0006558743748866587,-0.00015111789837077733,0.0005355628137173599,0.0002514863700997061,0.0008369405906303338,0.0004178230095352818,0.0030493978342288203,-2.4582903344472763e-06,0.0002619737064286137,0.00045629094985245844,0.00010711756761954083,0.0,0.00012542687544621426,0.0005020847695358648,0.00023229771421376378,0.00031143394589128875,0.0002526784076783806,0.0002454142510645473,0.0004882532099286156,-1.8665601821704293e-05,0.0008368531420759408,0.00026524059555202304,-1.6046876225943513e-05,7.3684935584248035e-06,-4.854829547667139e-05,0.0003299715491194686,0.0007552939075923422,0.0002734373664095641,0.00016088569139690017,-0.0009801610137035372,0.00013155244378309497,0.00013663588118558492,0.0005325726701321116,0.0010443131829453172,0.00032448870958889833,0.00035099078144949265,0.00030587583372798427,1.4632404263312721e-05,0.00043434302238707284,0.00015864995452140416,8.484400316479834e-05,0.00037552168197358895,0.00022992469596122382,0.00048652894357639683,0.0003289403235648524,-0.00012254661844602588,0.00010629859554472292,-0.00028380041287753827,0.0006946005395799429,0.00036106500328945783
BEP,0.0014877715627071362,0.00033410551347296734,3.9684354235921095e-05,0.00030416777387345706,-9.520946025206582e-05,0.0001416032881393836,0.00030755640701270247,0.00036409847796517686,0.00014444525079956107,0.00011471279381842771,-0.0001119583942684475,0.00012624347463989637,0.00018284721360625864,0.00014237383289047526,0.00015947416426190543,0.00016731467428248795,0.00020729111290053245,0.0004070911383077427,0.0001335504637261258,0.00011940362962388014,0.00015590499057199585,0.00032801143197773664,0.00033907314765689123,0.00036231769272920014,8.401961537613023e-05,0.0003307097260431559,8.396622332862251e-05,0.0004822327137216267,-1.6624229962036198e-05,3.3066648940071125e-05,9.542149659747153e-05,0.00033382784687798216,-4.58995753919523e-05,0.0001433286594784498,0.00037719720842738496,0.00017315811809566486,0.00016506584082790667,5.175313453301505e-05,-6.164863967636212e-05,0.0002439802286678004,0.00017464785637157963,0.0004760675572072592,1.3974803465588609e-05,-6.230564144186362e-05,0.00019384889052727862,-0.00015072904941689663,0.00020628931416317515,0.0002707825818181446,0.00024023277675331577,7.597139317302445e-05,0.00044588345065403763,-1.5707726705966196e-05,0.00018051878499043077,0.00026155206915935686,0.00038652645665670767,0.00014348437596265072,0.001773405552105461,2.3481254476798584e-06,0.0002812106450214955,0.0002483580476171884,5.825228034468693e-05,0.0,2.7119922464722175e-05,0.0002279438722915863,2.354375388809035e-05,0.00012070232968246164,0.00014059554763267256,0.00019842954524175105,0.00027089688794876076,-4.815425178044783e-06,0.00033755993529583576,0.000216330398117695,0.0003938321968875618,-4.4888716234733275e-06,-7.03592734604969e-05,0.00024005568696632796,0.00035098131708594826,0.00025691978443777096,-0.00027099895773603723,1.7194444215086117e-05,0.00011333671236281935,0.00017590226020738423,0.00033022307506802237,0.0005895817309263243,0.0002568618871913046,0.0002517995312653452,9.211830088139673e-05,-0.0001543918152771587,1.4432944209537766e-05,0.0001574467638983599,-2.6454797561888306e-05,0.0003670150437986474,8.186701596869778e-05,0.00041182481004644933,0.00017045445958136955,3.4904320851790486e-05,5.360137909381139e-05,3.508282690933738e-05,8.098809455756709e-05,0.0002596711429248309
CEM,-0.0014997236314576374,0.0005999327110647559,-0.0004429559170844508,0.0003852018640738084,-0.0002144857683262548,0.0001628061148030061,0.00036409847796517686,0.0009250311788308114,0.00022338429859655644,0.00012467756316574113,-3.010197702570805e-05,0.00023550614711315802,0.00023420171709161877,0.0001793100264277224,0.000257075161625528,0.0002247667741509048,0.0002915323716602974,0.00047767953761028475,0.0001894741876327363,0.00015377101847745565,0.0002288937633893914,0.0004807999109541392,0.00026090181403185165,0.0005938483542785851,0.0002228091384463192,0.0006340632415672819,-0.0001769486065407808,8.835069868974445e-05,-5.573606524983853e-06,1.1767775553714687e-05,0.0001521576104119624,0.0007015989056829492,-0.00014913520525563055,4.729993350731942e-05,0.0013968945686844564,0.00030094011217821266,6.0373050176153806e-05,-1.5744166325775774e-05,-9.80953749110426e-05,0.0003623932577825506,0.00028221283147252473,0.0007166507204128815,-1.4419738215800658e-05,6.754548296444505e-05,0.0003980641103588639,-0.0002671363103794881,0.0007655325522013264,0.00047618059158365786,0.00046726393007931764,0.00036770441873984624,0.000819434273171842,4.250752023397035e-05,0.00014872608205619594,0.0004958786002340137,0.0005796216445891543,0.00011361262985156436,0.0009674506530080504,8.85027067785498e-06,0.0003836012009895718,0.0004110818213919829,7.744097390786549e-05,0.0,6.830989462624721e-05,-7.978139170288237e-05,1.8961551223717977e-05,0.00011970139801938004,0.00026926207794599724,0.0001701076477608536,0.00043896698587555914,-1.228280254651556e-05,0.0003874113232408402,0.00043222686417739996,0.000712860581412533,-6.2699595424463145e-06,-0.0001553125994184696,0.00037714018380244775,0.0009397957224431616,0.0008883939238154169,0.00039029522723126086,8.871417027471369e-05,0.00019725325637942687,0.00024020094749064926,0.0005351562382246572,0.0011649977280534527,0.00045827977843058867,0.00037277701350736615,0.00012297040387940404,-0.00019441563804600392,0.0003769195478475054,0.00021823051113801245,-8.902645659274693e-06,0.0006006499265574905,0.0004026205806659995,0.0006215304544839493,0.000498711086049804,8.991574938161336e-05,3.476384300990289e-05,0.00021452773387126153,0.000334699079054253,0.0004247508358549173
CWB,0.00033414577449637593,0.0002517557237124174,0.00016552114790246744,0.00018833708338222746,-7.281243383857594e-05,0.0001202136825555427,0.00014444525079956107,0.00022338429859655644,9.448230334809786e-05,6.150241559255686e-05,-5.8185266383414045e-05,0.00010057823985002219,0.00011148584025918555,8.043727585119424e-05,0.00011429001204302016,9.400471890343487e-05,0.0001296344270638312,0.00025785194046687714,8.764237407796293e-05,8.075694351832485e-05,0.00010686730436867732,0.00023003692620881345,0.0002856709503494586,0.0002523564135892034,0.00016294234676174547,0.00024892588699575695,4.089107142723024e-05,0.00023741000514482423,1.474566681973751e-06,4.817520340656656e-06,8.951731031826368e-05,0.00023745126024327326,-3.887598568146393e-05,8.174966112051152e-05,0.00028283794209078757,0.0001241423244281817,0.00011652022552369938,4.276676757430763e-05,-1.883775526423197e-05,0.0001578601589139,0.00012893301676596854,0.00022921192238350727,1.1525525605777068e-05,8.974677372592693e-05,0.00013433844010476588,-0.00011126048448228074,0.00019703503334983835,0.0001725657737804562,0.00017036040690331406,0.00011257988015333111,0.0003210575518460821,-3.847838323601809e-06,0.00015192876991891835,0.00018821484619565516,0.00020696022244265537,9.505951134253648e-05,0.0006310587118988178,1.6171396495526188e-06,0.00016986952615318204,0.00017517774604869474,4.220164965305514e-05,0.0,4.160950594209568e-05,0.0001289493410902399,3.5731191196882634e-05,0.00015773762175326717,9.992976043571143e-05,0.00012749383023170338,0.00018610383369768686,-2.46823929225223e-06,0.00014851166675387164,0.0001506684669457918,0.0003251787324871788,-3.903440817135293e-07,2.8373600057615973e-05,0.00015965027019453366,0.0003206884222768014,0.0001743135218370306,-7.697687267299779e-05,-2.946675709511883e-07,9.182480483181248e-05,9.901803295681747e-05,0.00018055661721300218,0.00032620919151434095,0.00017302375670340367,0.00014490105038539295,6.469323738759686e-05,-7.114608501366095e-05,0.00011490492003327505,8.480747413424928e-05,2.672506447195873e-07,0.0002186057179459275,0.00023728415433177876,0.00024598806875644936,0.0001620239386472612,1.4453354372814139e-05,2.6391106155164295e-05,-9.712722991885654e-05,0.0001016240071226675,0.00014931280347831543
DEM,0.00018287062322520104,0.00014841643524646472,7.991811822321224e-05,0.0001243172409275749,-5.876375943214711e-05,0.0001984296597468834,0.00011471279381842771,0.00012467756316574113,6.150241559255686e-05,8.360645131470733e-05,-4.2721039624269225e-05,6.385493549560981e-05,0.00010272519207633898,7.22910443995114e-05,8.38070687904135e-05,9.752047180532998e-05,0.0001056407422792496,0.00026176320744417727,7.292170572009493e-05,6.675452285153067e-05,7.563295609801761e-05,0.00024075394112669772,0.00030796133617724716,5.477463083319906e-05,6.943449835169147e-05,0.00022459349778201527,0.00011507090657308491,0.0004202436895934458,-6.009762831092596e-06,4.928001685829493e-05,5.99621172520513e-05,0.00017149266174600237,-3.395467801991524e-05,7.854789435986731e-05,0.0001379285168549383,9.157315552565487e-05,0.0002185658219720691,2.138440444144122e-05,-1.2955903716000656e-05,0.00013676055861590062,0.00010719322438060126,9.519958865402953e-05,1.3869374927870048e-05,7.037088549685864e-05,8.72437530997774e-05,-8.003663811768885e-05,9.437874204827355e-05,9.946521292496765e-05,0.00011591863908219889,7.712803928172449e-05,0.00021225336090900394,-3.326837608870393e-05,0.0001192334702243296,0.000131456294242732,0.0002501419317176825,0.00010888621038240347,0.001101811491465343,1.0787232586683978e-07,0.00012528894257990078,0.00014338211815032774,2.7614391878556766e-05,0.0,2.0319434538799105e-05,0.00016595394908069816,4.7525312065679114e-05,0.00011024754240701691,8.647299335184999e-05,4.801266273584535e-05,0.00015156319889309688,-7.462130153444543e-06,0.000241384269306081,9.334972800129968e-05,0.00018791113327647067,7.633232288582566e-07,-3.883201138584845e-06,9.810030067902752e-05,0.0002162784154699652,0.00011597087289438689,-1.9851204349424697e-05,-0.00016601471509525214,5.5549140743390087e-05,9.574618388798715e-05,0.00019817089009412542,0.0004565561466616455,0.00012732731414442463,9.43453402435213e-05,7.630897781504686e-05,-5.808096539420071e-05,4.639488495497232e-05,7.943538514504285e-05,1.91464110038118e-06,0.00014911005446518552,8.437369138291952e-05,0.0002153744172681513,0.00011315837661974332,-2.9164050876578037e-05,3.313749570855748e-05,-3.0251352113706206e-05,0.00018797762417374639,0.00012878782941524184
DFPH,-0.0012903208465005515,-0.00022324464857742993,-0.0007025739482807204,-0.00016838147821702655,5.5852784358750225e-05,-2.6439273841857805e-05,-0.0001119583942684475,-3.010197702570805e-05,-5.8185266383414045e-05,-4.2721039624269225e-05,0.00012865919375493995,-5.979936715433034e-05,-8.71412152703674e-05,-6.51571967210418e-05,-6.755409646316707e-05,-4.794880747344718e-05,-8.899440990182588e-05,-0.0001538327624767864,-4.2121652344426265e-05,-6.59622182830123e-05,-6.595395274796095e-05,-0.00012953131082660776,-0.00024876867807342506,-0.00012154960341931617,-0.00016940203970760762,-1.8918667802268593e-05,-9.08280221708236e-06,-0.00041983257624695405,5.55747708359876e-06,-1.3309901663988432e-05,-4.1027074737981834e-05,-0.00020209575507465003,-3.007748310492923e-05,-7.353945523463165e-05,8.04965196544902e-05,-7.50462100477003e-05,-2.18254147011638e-06,-1.778196772548366e-05,-3.613063577282656e-06,-0.00010036089392612874,-7.040658497585984e-05,-0.00025044468583714576,-7.192978413896003e-06,5.621532615844264e-05,-6.782722916547148e-05,6.675425440801698e-05,-6.833472537558444e-05,-0.00014745315853043756,-9.859057064904577e-05,-4.989700885028652e-05,-0.0002464032690728738,6.145311483454901e-06,-0.00011364903981163532,-0.00010319252679469116,-8.845062091408902e-05,-6.468976846311727e-05,-0.0002954808289024159,-1.7525653524546604e-06,-0.00016351444260952983,-0.0001101095348228034,-2.3789574793034362e-05,0.0,-1.092112796789934e-05,-0.0001303683478290739,4.0491618712596355e-06,-0.0001143639488983587,-5.08263434427019e-05,-7.736986292263734e-05,-0.00018088113621391298,2.689707044421879e-06,1.8398542346951046e-05,-0.00010451913133380504,-0.0005309271450454229,2.498408414187854e-07,-7.187150281589404e-05,-5.010456949285589e-05,-5.8901217442928264e-05,0.00011370617448275278,0.0003341949544137983,-1.914812945692663e-05,-5.887622674115677e-05,-7.354403094469892e-05,-0.00010032324044702604,-9.727959209331595e-05,-0.00010665610497960784,-0.00010089096782947306,-9.719948362272904e-06,7.264551901557342e-05,-3.1419558363737017e-06,-5.648605402721261e-05,1.4198380748626472e-05,-0.00016114043830011584,-0.000181860364963896,-0.0001644752358832423,1.7856579024919605e-05,7.760048694227317e-06,-3.271048633269676e-05,1.691008383423481e-05,0.00019831050962073162,-7.69054160041484e-05
DGRW,-0.00014223469979348857,0.00033554141117888404,0.00020639940572095037,0.00021458685766466635,-4.1139715545455645e-05,0.00019315402451016136,0.00012624347463989637,0.00023550614711315802,0.00010057823985002219,6.385493549560981e-05,-5.979936715433034e-05,0.0001278387475835897,0.00012443141418824505,8.47037827840047e-05,0.0001357106442625843,0.00010709698297475813,0.0001448365104149921,0.000289823062639102,9.67262655515057e-05,9.25946480061163e-05,0.00012011412381670547,0.0003008198319624591,0.0003683452183190706,0.00029696714078455836,0.00024897191500552123,0.0003134818667029051,3.48862448533529e-05,0.0004130385157289377,5.958886623352474e-06,3.996660922954281e-06,0.00011120163478865095,0.00028690871701756555,-3.519968046789068e-05,6.914845110127516e-05,0.00029975110445258147,0.0001551919905124489,0.00019334567546263324,4.513008914773432e-05,-1.5224732895794165e-05,0.00018550686407335925,0.0001569063505893525,0.00016740531700941934,1.4550873778680957e-05,0.00015275089584265714,0.00016786717276613157,-0.00013778349985982477,0.00020667090162341742,0.0001989715305830117,0.00021371879123981404,0.0002103006999258659,0.00040963547650710487,-9.10039465819621e-06,0.0002058866810693483,0.00021714847255442556,0.0002695302165100496,0.00013152741885139111,0.0005320815493080308,1.4392824625366295e-06,0.0001799011052002594,0.00022154098359523922,5.0300681170982754e-05,0.0,6.503498681212537e-05,0.0001086710822572317,6.23558961922299e-05,0.0001792204930233305,0.00012376001017243158,0.00016378951441281767,0.0002522908925508311,-3.8002877218764636e-06,0.0001759393973473165,0.00019079355779712967,0.00040388820113427724,1.7173635320357733e-06,1.7335057559637042e-05,0.0001766069140722094,0.0003592788022787706,0.0002061885000133696,-0.00012275027600579873,-0.0001009896682969968,0.00010717174929122178,9.655859748270087e-05,0.00020437856501603956,0.000373983066634164,0.00021112644249487848,0.00021131768678639504,9.000528610526294e-05,-5.673616320527778e-05,0.00021884273952117226,9.126055321868617e-05,1.4944341494238001e-05,0.00025943937514694826,0.00026947873764148904,0.0002784335012922037,0.0002280875498660313,-1.6452406107512145e-06,3.554977109391602e-05,-0.00013006318442953502,0.00012276787364973697,0.00019161505998354413
EFA,0.00046698270080506313,0.0003311132056932259,0.00018396683588411898,0.00023636010094385646,-7.12337817250626e-05,0.00022266649133829926,0.00018284721360625864,0.00023420171709161877,0.00011148584025918555,0.00010272519207633898,-8.71412152703674e-05,0.00012443141418824505,0.00016152457306102387,0.00011479457660040235,0.00014419459125593166,0.00013998123428447568,0.00017367547073011703,0.0003274241577677666,0.00011272277975861848,0.00010817006612900314,0.00012987437850046617,0.00032650786519345976,0.0004763127260161632,0.00024235036359480892,0.00016844183026723365,0.00031785840775591727,8.289838832642178e-05,0.0006043167080722876,-2.5130549217343174e-06,2.9319959572609134e-05,0.00011084035776314133,0.0003236227055804493,-3.639810891723007e-05,0.00011103848063989295,0.0002821905076309166,0.0001611473035633941,0.00023882520895648015,4.570970894720074e-05,-3.116872616663165e-05,0.00021494736277654557,0.00017123323457945443,0.0002317964707452167,1.6764495418618687e-05,0.00011214336629651923,0.0001643928028439352,-0.00014317085927564912,0.00016516703467121916,0.00021971370524709725,0.0002164765589409713,0.00013643850111311426,0.0003955744783511861,-2.3595256543585515e-05,0.00021398127521451616,0.00024024877619795848,0.0003431712434111875,0.0001512074430240682,0.0011420351408266292,2.04134740397484e-07,0.0002071282899756376,0.00023301799048116702,4.935888884004009e-05,0.0,5.123867370382587e-05,0.00018621853920071507,6.547162386176503e-05,0.00019393689870551948,0.00013394549744030445,0.0001400768903515503,0.00025835271632525264,-5.879289613481472e-06,0.00027917476738355945,0.00018681130554498506,0.00042184006273996225,1.643048859070188e-06,-6.471090664250777e-06,0.00016531817073426718,0.00031128663606635185,0.00020694307619126251,-0.0002096310569806645,-0.00013487011120880593,0.00011106790876672527,0.00014597968426218914,0.00025125332458532786,0.0006163884729351215,0.00022598830827890145,0.00021908949591944207,0.00010263307021266032,-0.00010448961948916648,0.00014276852269702877,0.00012114274505228537,8.806013980084192e-07,0.00028782550022550833,0.0001564967053797307,0.00033790923744818054,0.0002068647158081444,-2.3634162496994323e-05,4.842823469314235e-05,-7.532974116009713e-05,0.00014488766591906033,0.00021535820040237687
EFAV,0.0004939283609955889,0.00023079783118289346,0.00011973595948669474,0.0001699849303068691,-6.195168118257641e-05,0.00012720874112727483,0.00014237383289047526,0.0001793100264277224,8.043727585119424e-05,7.22910443995114e-05,-6.51571967210418e-05,8.47037827840047e-05,0.00011479457660040235,8.411436906917632e-05,9.950416447303715e-05,9.986078864196854e-05,0.00012380803458569826,0.0002147820056668456,7.76792096332755e-05,7.45745283254647e-05,9.070580462548003e-05,0.0002097016300756358,0.000311290394410783,0.000172365568521482,8.570242281523325e-05,0.00021564152153726054,4.255971322916571e-05,0.0004001823304936723,-3.760775189212971e-06,1.9502863588739145e-05,7.01916658317514e-05,0.00023405221917211682,-2.4602241315397277e-05,7.546348945107165e-05,0.00022170258092032576,0.00011163417917915632,0.0001409039674935631,3.285906230178935e-05,-2.3674964339117905e-05,0.00014840207826072275,0.00011557751325161843,0.00019195809787148337,9.05428857704418e-06,5.481350453959981e-05,0.00011522815917682602,-9.822092201380514e-05,0.00011714195824528658,0.00016203113579707102,0.000149315101991708,5.88275924547614e-05,0.00026891629287667307,-1.3282344668358052e-05,0.00013114664077099934,0.00017055230484170847,0.0002306007642964094,9.745131897523419e-05,0.0008190935101846965,2.0105953515328174e-07,0.00014702790307846397,0.0001569170250603126,3.263883114418967e-05,0.0,3.057622053300141e-05,0.00012381945425570854,3.779849327506156e-05,0.00012098752915601386,9.087261618535311e-05,9.825881887630301e-05,0.00017391622547458657,-3.7448435419145724e-06,0.0001902011948180263,0.0001288525639953668,0.00030914218190878896,4.654647911268233e-07,-1.5056443694756059e-05,0.00011650434544850251,0.00019458948862542813,0.00014952425402884586,-0.00017519224509016413,-6.615776547295855e-05,7.620686628666004e-05,0.0001060790782703507,0.0001781088431493461,0.0004227984544460966,0.00015761846037753294,0.00015104578548482076,6.547317145888393e-05,-8.16734900126036e-05,7.078513786699014e-05,8.907396043547868e-05,-5.27670957751374e-06,0.0002045975695132619,9.255838588664605e-05,0.0002423226994676613,0.00014401812410785687,-1.0745451578552807e-05,3.375504154025888e-05,-3.4971919006499286e-05,8.902044621078696e-05,0.00015389292270660582
EQL,-0.00012680540971873148,0.0003758312252493357,0.00024824048833487096,0.0002571579847187795,-7.703604971815662e-05,0.00022795622145674348,0.00015947416426190543,0.000257075161625528,0.00011429001204302016,8.38070687904135e-05,-6.755409646316707e-05,0.0001357106442625843,0.00014419459125593166,9.950416447303715e-05,0.0001547910150016879,0.00013437664771456616,0.00016869390993536561,0.0003581374576173144,0.00011427911632928939,0.00010470523738499731,0.00013982956964194807,0.00036943375650567355,0.00045009852013932225,0.00028236515819169805,0.0002528725754450562,0.0004448237816053137,0.0001114751402867154,0.0003488907341845205,3.376425983605933e-06,1.890358992753061e-05,0.00012603823581205765,0.00031569654989222455,-4.699012167971119e-05,9.649149293953833e-05,0.0003124198084675785,0.0001738089505471928,0.00023212970508650768,4.848081968925477e-05,-1.813391337823877e-05,0.00022112930639248062,0.00018511838866794092,0.00024113543277663494,2.0971834115690116e-05,0.00015978176184895407,0.00018813240799086438,-0.00015147570618685716,0.00022271352980454532,0.00020736368617260738,0.00024082694590507362,0.00020337183881327862,0.00046191274598383165,-1.8534724649949427e-05,0.00022720081045573336,0.00023899394809582833,0.00034344208252507473,0.00017298031156612922,0.001059273264829818,3.337136209157412e-06,0.00022438457246145823,0.00025744847315691953,5.5409027873847284e-05,0.0,6.235768369947267e-05,0.0001697924587165704,7.183277681813758e-05,0.00018729949317571788,0.00014357350055895705,0.00018451341680403183,0.00029250553233467654,-9.478783163698773e-06,0.00023594481620352897,0.00020772363203663184,0.0004431940825429245,1.0039692992544705e-06,3.18021002922729e-05,0.00020713335950197918,0.00044149833130329173,0.0002094517351445494,-0.00010353503386184618,-9.022638095012545e-05,0.00011186570857662863,0.00011928694987033744,0.0002738123508925825,0.0004201460419002881,0.0002427918072905234,0.00023191238312189247,0.00011131468614905587,-6.804904320397981e-05,0.0002094169640610125,0.0001101584712214493,1.4896414722986981e-05,0.0002766287184280519,0.0002934309985701331,0.00032874106026609844,0.0002549327429595389,3.601061158642739e-06,4.091487460643906e-05,-0.0001292560984513044,0.00018188253848923724,0.00022257287453555336
EUSC,-0.00012216358766419444,0.00033589969277896155,-4.8100517366788507e-05,0.00023674712206512818,-5.8037785893352227e-05,0.00024229683107715927,0.00016731467428248795,0.0002247667741509048,9.400471890343487e-05,9.752047180532998e-05,-4.794880747344718e-05,0.00010709698297475813,0.00013998123428447568,9.986078864196854e-05,0.00013437664771456616,0.0001563217865852792,0.00015914850435529946,0.00030794010449969805,0.00010464782414464712,8.643055440055208e-05,0.00011923059724864169,0.0003591071599799178,0.0004539291085432721,0.00017710712876530237,8.740823330483957e-05,0.000523584883239939,0.00016821179695664998,0.00039247712107873424,-5.611189802573372e-06,3.991959598231203e-05,9.862115631646094e-05,0.0002720205802748423,-4.1850150551853774e-05,8.573557415672494e-05,0.00027046140673314646,0.00015633335046518336,0.0002945420787696917,4.042548743552161e-05,-3.484341697328588e-05,0.00021219505625751252,0.00017033144373929134,0.00019899550119075067,2.073004988233099e-05,0.00011035931515662849,0.00016984141830891212,-0.0001287965783996916,8.567316925421014e-05,0.00016828269542202052,0.0002152605454778255,0.00010168369410281012,0.0003785559694711099,-3.4976121224277454e-05,0.00018581289068996996,0.0002048162932020038,0.00042350900009759096,0.00019830295221696508,0.0017433170101108773,2.5690533414073544e-06,0.000186419158337379,0.00023551403905647375,4.236118853781798e-05,0.0,4.4232294490128077e-05,0.00016646924593372288,8.245853957498066e-05,8.382574614436962e-05,0.00013239951203673403,0.00017907043341590641,0.0002643927966943616,-1.4140274282390374e-05,0.0003602556338236675,0.00017075910466135292,0.000280192593846631,9.305876863461011e-07,-6.633197308390143e-05,0.000178095672813091,0.00029763224543194564,0.0002231121895189299,-0.00020605794636400886,-0.00015771332519984955,7.668450196486385e-05,0.00012208782819078475,0.00030367395794258465,0.0005075198704453659,0.00022578061097173864,0.0002630900620040422,0.0001299672449432732,-7.129097340097545e-05,0.00013399274973951753,0.0001201793870670223,9.31714161190771e-06,0.00024308489686737756,1.7657075220826662e-05,0.0003269268135870961,0.00027357161914052803,-1.1842971278805666e-05,4.859913367991357e-05,-3.31181318417643e-05,0.00024969375697385816,0.00025247172861146965
EXI,0.00029776598923154745,0.000403849011789256,0.00021303837769152275,0.00028726327182057533,-8.985508764791085e-05,0.00023473674849540044,0.00020729111290053245,0.0002915323716602974,0.0001296344270638312,0.0001056407422792496,-8.899440990182588e-05,0.0001448365104149921,0.00017367547073011703,0.00012380803458569826,0.00016869390993536561,0.00015914850435529946,0.00019595237942174196,0.00037945082923677406,0.00012832838917783897,0.00011878182103387519,0.00015329616719813433,0.00038563656040499413,0.0005077188957432973,0.0003019261892581734,0.0002109101175570383,0.00044663129586337456,0.00010903009055005522,0.0005001201788546259,-1.4899644365923755e-06,2.653908895526893e-05,0.00012923974626841245,0.00036389230790364745,-4.6863343705056924e-05,0.00011699839516901403,0.00035191543080967115,0.00018937788132745761,0.0002500728371385306,5.334039899572283e-05,-3.2189356169111185e-05,0.0002475738731821173,0.00019985896689515847,0.00030012892596513154,2.0205630416814682e-05,0.00013055517942078023,0.00020207702585362422,-0.00016518502166200497,0.0002134101884430272,0.00024626306030700465,0.0002599531298673266,0.00016661388848414642,0.0004838106574020244,-2.196418149842014e-05,0.00023767605352253764,0.00027153340617584607,0.00039393748479970024,0.00018301398966089438,0.0013421486615566773,2.384654291681245e-06,0.00024868873047490897,0.00027568168209478214,5.8204965063448826e-05,0.0,5.977684825513991e-05,0.00019785760249922484,7.251072774548167e-05,0.00019542218175583169,0.00015570000586348392,0.00019168230452299472,0.00031024301657943886,-9.140427858482063e-06,0.0002976937523978808,0.00022362455868833305,0.00048683499137400265,7.859544843803262e-07,1.9863665473452918e-07,0.00021517783454140518,0.00041288569777333124,0.0002417214241478428,-0.00020299100144827297,-0.00010067028585534631,0.0001230797190930288,0.00015283075546630994,0.00030547123061107416,0.000574599765248932,0.0002677360059571049,0.0002631558797927445,0.00011929703515924653,-0.00010373510198506642,0.00017829404212247506,0.00013514759804945416,4.825456095257638e-06,0.0003234083928695154,0.00022494943884945453,0.0003836392640309343,0.00026379525252435575,-3.926759299241577e-06,5.07902283150039e-05,-9.478356128536784e-05,0.00017705424208839108,0.00025547105330353336
