,AAU,ABC,BBIN,BME,BOCH,BXMT,CEA,CFB,CLVS,CTLP,CYRN,EQL,EVC,FLMX,FWONA,GBAB,GLAD,IMKTA,ISUN,JPME,KOR,LEDS,MCI,MSEX,NICE,OVB,POCT,PRI,RILYN,RNEM,SCWX,STIP,TBPH,UBT,USLM,VEDL,VFMV,VIVE,WASH,WEAT,BBUS,CWEB,DTH,FPL,HIMX,HSDT,INSI,MLPA,SPI,BG
AAU,0.004030002823885969,0.00136856081631136,0.0007389591129443762,0.001744689461187933,0.0003371995044805764,0.0013395688132919435,0.0005125883247175597,0.0010482667987729414,0.00020674905466180868,-0.00029321038243551595,-0.0005564801193112749,0.0013462083555347134,-0.0002606423687565779,0.0010738677602766152,-0.0001385523401824026,0.001182159452519842,0.001874478472615809,0.0002741751951688061,0.0014193626497118726,0.0011463541719494083,0.0010650029217674393,-0.0005861520058033971,0.00022810609970634333,0.0020543579721921425,0.000631248051858016,0.00013330124684550956,0.000602708248837564,0.001221236977120219,0.0007165935376970366,0.0005560994412152397,-0.00015446957679146037,2.9502286835396435e-06,0.0006350331776783693,-0.0008620208227388847,0.0008769702459980496,0.000803810708339266,0.0011306364345246836,0.004732340699179247,0.001005054119140371,0.0002451673769365931,0.0009044035911276874,0.0010913305861764498,0.0005896767672342497,0.001075033635564245,0.0008845122059529657,-0.0010189048334289619,0.0003339922683023251,0.0009120900043280687,0.0019081231702962576,0.0008111446496667803
ABC,0.00136856081631136,0.0010334472157499076,0.00043649593727709064,0.000693087755107014,0.00027392896725466487,0.0007419579075366224,0.00028325390346097944,0.0005232111008269194,0.0010306017850387568,3.451613671907124e-05,0.00042659654696440135,0.0007432027705520756,0.0002699486159084382,0.0005204101133585638,7.265974736316671e-05,0.0005126167681638616,0.001138159546174798,1.7938911014740158e-05,0.0015085637362394827,0.0006062242731236391,0.0011831226088353625,-0.002314935890415141,0.00012964363101759135,0.001054874750594399,0.0005103890298533314,8.441372970355328e-05,0.0003119207591440712,0.0007614671677968056,0.00019633145428458993,0.00028552822743236326,0.00030494196786815214,-1.8595985515226112e-06,0.00047484698768840406,-0.00040525375302034677,0.0007418696920560178,0.00039859264660925905,0.0005944590420306982,0.0010925955272536787,0.0005157100958443227,0.00014682249790281767,0.0006075201261063643,0.00068104708992711,0.000394567054129551,0.0006328918083612965,0.0007445283522182329,-0.00023253822386791906,-4.06653553704429e-05,0.0005757362277509861,0.001249010369311413,0.0005337046628204068
BBIN,0.0007389591129443762,0.00043649593727709064,0.00029325661516704067,0.00038992422000959685,9.632873311935688e-05,0.00033007717997767536,0.0003045170701905082,0.000394414806303026,0.000717555020368984,6.267959785071402e-05,0.00017753838507199334,0.0003971517492454348,0.00015390973417115451,0.0003036776158854891,1.2952172978450317e-05,0.0001486059555879515,0.0005274262918291264,0.00023325299458928288,0.0008989648786078646,0.00033449623077744586,0.00031596298630646395,-0.0009283297717446564,4.7098664446337755e-05,0.0005137412646635526,0.0003374925796141177,3.0263918857741208e-05,0.00016237292284444361,0.00042615074563835524,0.00012603755773747655,0.00020675921684041302,0.0002085711110090119,-3.0446610100018174e-06,0.0005445919252485462,-0.00025936801305504647,0.0004337741441297174,0.00029688302226902827,0.0002999401353726154,0.001063484451234123,0.00024788596215779657,0.00012889235872988442,0.00035465132928508644,0.0005203492191071918,0.00026649058138780615,0.0002782352998514356,0.0004179094610117737,-0.0001668831880884322,-5.159835188353662e-05,0.0003045408178257538,0.0005279648483660381,0.00028510681014401473
BME,0.001744689461187933,0.000693087755107014,0.00038992422000959685,0.001052328785399115,0.00019752771492993195,0.000782074754624812,0.00022026748536565062,0.0006676424877111113,0.0007124027915406093,-0.00030775021702463977,-0.00017305781487865436,0.0008167467905716228,4.062310377379721e-05,0.0005709781735493077,0.00012832358152977988,0.0004672563249040661,0.0011443707399067598,0.0005950806367535497,0.0008635875582249887,0.0007072955222411441,0.0004515530961559011,-0.001217437632436255,6.589935389690611e-05,0.0011710139004553032,0.0004679547829637017,0.00010583545312013783,0.00036628176377718536,0.0008152262342812427,0.00034616099067807346,0.0002671569962085133,-5.4432254653029434e-05,3.841080733161158e-06,0.0005210709567455934,-0.000382013371116956,0.0007152026804569169,0.00020189832705084406,0.0006464398228414141,0.0016846955393787955,0.0005519509932569455,9.988587177847452e-05,0.000604573812113593,0.0006271403013362992,0.000323403968375203,0.000644599731143054,0.0005326431468707942,-0.000609493333513581,6.709361609434029e-05,0.0006837668068403605,0.0010432858495378788,0.0006510878933260386
BOCH,0.0003371995044805764,0.00027392896725466487,9.632873311935688e-05,0.00019752771492993195,0.00010850824646866863,0.00021044459876783914,8.383178135602565e-05,0.00018747191747427966,0.0006456198918792055,6.209620316617671e-05,6.707603466643463e-05,0.000202053336533809,6.187501103237193e-05,0.0001268845302335462,0.00015745034157686746,0.000136656821664405,0.00029303371402296895,1.7810715641068934e-05,0.0003895060639156362,0.00018233876165009118,0.00026759763290357087,-0.0005933537910841723,2.6695426977697306e-05,0.0002292657174634453,0.00014744004369467888,3.494919224526431e-05,8.171406280338158e-05,0.00021802623735695415,5.6144167797803345e-05,5.68923230891529e-05,4.624659821001354e-05,1.0660439680149513e-06,7.748170189681339e-05,-6.402297193605649e-05,0.0001767203702867084,9.89055777091619e-05,0.00016258551053412222,0.0005225413000119406,0.00016010583849513936,1.705044297078864e-05,0.00016445125429965184,0.0001289753444074542,9.057885458622463e-05,0.00020918633766910645,0.00027028948621225096,1.4730428395862353e-05,2.036333124884002e-05,0.00018701700236828275,0.0004308290138559429,0.00017804247417251614
BXMT,0.0013395688132919435,0.0007419579075366224,0.00033007717997767536,0.000782074754624812,0.00021044459876783914,0.0006964938172717636,0.00019276321634373984,0.0004828505209525448,0.0005442889128144566,-0.00013793565774824611,3.229578274318974e-05,0.0006856416302454074,6.348569334059864e-05,0.00045834871607336187,6.500675560726263e-05,0.0004717570413925074,0.0010259239142120973,0.0002182270346500833,0.0008691477568709407,0.0005818390653355623,0.0007571681744790071,-0.0013610304656951158,9.297469034396757e-05,0.0009828225063083337,0.00041775241353510375,8.796259508908468e-05,0.0003079392384431429,0.0007090428348186658,0.0002569102278586786,0.0002306250769178519,6.615487053866598e-05,1.623993672579935e-06,0.00035892793688406175,-0.0003475520487564882,0.0006118430917631812,0.00021806260343840486,0.0005501840317805969,0.0010114754714475637,0.0004968625885532226,8.830605967425096e-05,0.0005107443992465019,0.0005343625699377096,0.00027863237788244095,0.0005795506666824286,0.0004836804779677718,-0.00039556801327336364,4.146794017026026e-05,0.0005438982696019345,0.00118902385817017,0.0005072239204529918
CEA,0.0005125883247175597,0.00028325390346097944,0.0003045170701905082,0.00022026748536565062,8.383178135602565e-05,0.00019276321634373984,0.0008827414994381906,0.0004938848795251869,0.0013352556104307192,0.0004921849462679308,-8.013389819907667e-05,0.0003066831390051334,0.000219563115660117,0.00024931189475070994,6.23520120596648e-05,2.9753626351474743e-05,0.0003625035261905813,0.0001243187745132851,0.001281561430627953,0.0002851755837077007,2.673952894920928e-06,-0.00014990009553256305,7.253881646500947e-05,0.0001297554302620981,0.000525728022289143,-7.976259141563481e-06,0.00012530374359210906,0.0003942507898930422,0.00011791320267428958,0.00025720142674402156,0.00033556571392818937,-6.407242729414216e-06,0.0006336808647612217,-0.0003362191484982036,0.00044054441226684687,0.00044264364397779275,0.00019468161131414532,0.0034110932814702274,0.00021018701113134983,0.0001420997126946113,0.0003282367915931541,0.0008280822286859877,0.000272559066241559,0.0001913227065491199,0.0006552964575335714,0.000176367831858175,-7.971980903140659e-05,0.0001719301190057706,0.0005284009779098754,0.00015836953993357796
CFB,0.0010482667987729414,0.0005232111008269194,0.000394414806303026,0.0006676424877111113,0.00018747191747427966,0.0004828505209525448,0.0004938848795251869,0.0009904867613372747,0.0017106929063592155,-5.870177019189288e-06,-0.00013969558275742336,0.0006088260544947413,-5.996914727122947e-06,0.00038695367283542664,0.00011804607254204996,0.00015229268298607346,0.0011020463166145538,0.0004119119896959756,0.0009573292139308991,0.0005668052238129526,0.00041075589649762967,-0.0011100942169736162,5.813949435411115e-05,0.0007401995404108566,0.0004578371215236777,4.9658753011206704e-05,0.0002689425247933343,0.0006966365456857596,0.0003629891735183302,0.00020694319991607253,-0.0001092854182552918,5.1623680118190445e-06,0.0008110071823384129,-0.0004151949871439325,0.0007102640835779545,0.000644915006384153,0.00047852664423029276,0.0024719564091311786,0.0005680257880813257,8.643732446719847e-05,0.00046942759534354423,0.0006224522025857509,0.0003604144239439632,0.00043737630795952004,0.0006246649226695879,-0.0003398150140641641,3.816681880667653e-05,0.00046190870898165477,0.0012799756946545587,0.00045771838346458113
CLVS,0.00020674905466180868,0.0010306017850387568,0.000717555020368984,0.0007124027915406093,0.0006456198918792055,0.0005442889128144566,0.0013352556104307192,0.0017106929063592155,0.010460238538607116,0.0012497682278820362,0.0013127930620810452,0.0009314974536402419,0.0018494097814052166,0.000682041850734255,0.0026526920181440448,-0.0005823400444882582,0.00041657245890741227,0.0019898521819755256,0.004769272474449116,0.0009522522225808889,-0.0008153225130453272,-0.005840322660708245,-0.00018634523299535826,6.168752355838e-05,0.0014672753801701311,0.00022417383965946778,0.00020181822080295956,0.0010939037687890045,-0.0002701512757986496,0.0003536186382184363,0.001168008674756179,-2.5686181676170294e-06,0.001712554027971937,0.0003088898289078639,0.001387110246103371,0.0003573152909814518,0.0005375977160351616,0.006567672088914825,0.0002143269676361024,0.00023624929726950313,0.0013063865518728576,0.0012662381725122975,0.0008136361867395305,0.0009570002575943512,0.003125721267971786,0.0013965721856524134,-0.0004619860835870028,0.0014949961435279774,-0.00032096198148094326,0.0015597893878191427
CTLP,-0.00029321038243551595,3.451613671907124e-05,6.267959785071402e-05,-0.00030775021702463977,6.209620316617671e-05,-0.00013793565774824611,0.0004921849462679308,-5.870177019189288e-06,0.0012497682278820362,0.0007792381552460806,0.0001842166262059155,-0.00011673316664437885,0.00011373859809092496,-3.99958720388444e-05,0.00029183064603521575,-8.974570598079517e-05,-0.0004936445924731444,-0.00024284858176928112,0.0006299428854998747,-5.853821529445879e-05,-0.000245928490655089,0.0006490452573766083,1.569874768831048e-05,-0.0005125395146658812,0.00021382203950995798,-1.7068869616737276e-05,-8.725633978515323e-05,-2.5684910236332454e-05,-0.00011989011993531583,0.0001228844394563455,0.00044610312219773164,-9.194045714379685e-06,0.00022766971042419143,3.5786414093599416e-05,-0.0001828498169333058,0.0002395677461328912,-0.00011796048362895534,0.0014529781206519083,-8.94815039829774e-05,0.0001086071949001595,1.9465430960117098e-05,0.0002423562162682628,7.842007338757721e-05,-9.944850512802478e-06,0.000392542698870703,0.0006336804533746993,-2.083459125940622e-07,-8.927354173326339e-05,0.0002592545480956839,-0.00011112232602558204
CYRN,-0.0005564801193112749,0.00042659654696440135,0.00017753838507199334,-0.00017305781487865436,6.707603466643463e-05,3.229578274318974e-05,-8.013389819907667e-05,-0.00013969558275742336,0.0013127930620810452,0.0001842166262059155,0.001232090298091702,9.4789870745943e-05,0.0007631694367218319,0.00010304152757385121,0.00028944477806548636,-0.00020135982139964174,-0.00013457451776341237,0.00026862671951217293,0.0013867128652549387,1.8987046785238376e-05,0.00036717693882590334,-0.0028433538882823906,-4.337042307346974e-05,8.186104563020374e-05,0.00024826559881886364,2.9012684713829058e-05,-2.5741794751542676e-05,0.0001082309809277907,-0.00034052906651626424,9.92747623549417e-05,0.0007588845607201046,-1.0702042930159304e-05,0.00045936158497019596,0.00014066495863783058,0.00033400896863929877,-0.00014094050892599912,1.7939927392153013e-05,-0.0019801005121693692,-0.0002123487546089499,0.00015074183348310773,0.00029570149598219725,0.00026218798965973474,0.0002228578695189857,7.079055353634654e-05,0.00047959493195699635,0.0003242661381780518,-0.0003617107954955016,0.000252803691721376,-0.0006041074094491301,0.00025783902574822673
EQL,0.0013462083555347134,0.0007432027705520756,0.0003971517492454348,0.0008167467905716228,0.000202053336533809,0.0006856416302454074,0.0003066831390051334,0.0006088260544947413,0.0009314974536402419,-0.00011673316664437885,9.4789870745943e-05,0.0007285606757470684,0.00016409458544757737,0.0005021906332452668,9.76709004805819e-05,0.0003829483812189539,0.0010586134885171511,0.0003997723632202274,0.001136158344444531,0.0006200820760626938,0.0006417672961388872,-0.0016116430110418565,7.901884134513395e-05,0.0010038607730925814,0.0005010875119820504,8.478415302947426e-05,0.0003183771262880902,0.000760417192457816,0.0002571099972686363,0.0002680058640478021,0.00013178754373918293,5.630664499664157e-07,0.0005813571643534109,-0.0003780680163987455,0.0007266619979049973,0.0002817650614611993,0.0005675199529771183,0.001396843935688358,0.0004925804134198865,0.00012249007566730592,0.0005806022958775379,0.0006770827711134284,0.0003467909642434786,0.0005738304276191205,0.0006005298941815293,-0.0004027606873335717,-1.4721866941346053e-05,0.0005948718258541883,0.001059470421134549,0.0005649635670672646
EVC,-0.0002606423687565779,0.0002699486159084382,0.00015390973417115451,4.062310377379721e-05,6.187501103237193e-05,6.348569334059864e-05,0.000219563115660117,-5.996914727122947e-06,0.0018494097814052166,0.00011373859809092496,0.0007631694367218319,0.00016409458544757737,0.0009171356699075973,0.00017182819458069458,0.0004858908571880208,-0.00022782833281523697,-6.829739702328308e-05,0.0005886824395376086,0.0016382203466047739,9.16541221018189e-05,-0.00011106878425685054,-0.0026243543416464253,-5.8768982630418525e-05,5.444412940905826e-05,0.000366602564482831,3.756468055343553e-05,1.1507170256007216e-05,0.00011671938403558685,-0.00030439501237464206,7.851036025018624e-05,0.0006079795076801149,-6.78362909410507e-06,0.00028902939539342666,0.00014663742215683062,0.00047675850917700306,-0.00032300533871539467,4.037813971059104e-05,0.0005482188507362895,-0.0002387664754794511,8.1443643802355e-05,0.00035288508830825653,0.00043493354805440294,0.00018258702708375462,9.994507940605503e-05,0.0007339345223446719,0.00035199439225861427,-0.0003781986958088658,0.000347671508945325,-0.0012243480151945352,0.00037741282638720756
FLMX,0.0010738677602766152,0.0005204101133585638,0.0003036776158854891,0.0005709781735493077,0.0001268845302335462,0.00045834871607336187,0.00024931189475070994,0.00038695367283542664,0.000682041850734255,-3.99958720388444e-05,0.00010304152757385121,0.0005021906332452668,0.00017182819458069458,0.0003868046252422755,8.522996759627684e-05,0.0002668431669649768,0.0006256888459752578,0.0003185668180178564,0.0009334866321262707,0.0004206158717784822,0.00033119017297881734,-0.0010443166698280305,5.096256328164502e-05,0.0006852370010369494,0.0003574289944727226,5.546653589116433e-05,0.00020905375208978032,0.0004943670053345061,0.00015111847940150677,0.0002188196816827155,0.00016645786545045285,-1.64442605981516e-06,0.0004368672162063201,-0.0002552668001149729,0.00047437101707045433,0.00019486213183797065,0.00038639918597417416,0.0012886908537572685,0.0002861969934034764,0.00011803382836317918,0.00042123406672551556,0.0005242493208040704,0.00026617896499157357,0.0003845302213394194,0.00047586446392274207,-0.0002482901022095082,-2.2480177363270008e-05,0.00041580956458355173,0.00048242246877715645,0.0003912414058863156
FWONA,-0.0001385523401824026,7.265974736316671e-05,1.2952172978450317e-05,0.00012832358152977988,0.00015745034157686746,6.500675560726263e-05,6.23520120596648e-05,0.00011804607254204996,0.0026526920181440448,0.00029183064603521575,0.00028944477806548636,9.76709004805819e-05,0.0004858908571880208,8.522996759627684e-05,0.0009752092319623532,-0.0001638727619597415,-0.00035522634481987685,0.0006164277191410021,0.0008077068876635399,0.00013594232239296346,-0.0006203567867354008,-0.001070353891416998,-0.00010849151092353363,-0.0002174064366771607,0.00023296651060303975,8.681097947970202e-05,-2.181149341224859e-05,9.548493045405423e-05,-0.00019998530182363395,1.1105240977212268e-06,0.0002769250321972938,3.419984440828367e-07,5.286251249349696e-05,0.0003594420267263691,5.759692416003417e-05,-0.0003130727793657314,2.513087270357178e-05,0.0009582638926112974,-0.00013505112802982754,1.6563295903906377e-06,0.0002302781336141046,-1.1873911491997697e-05,5.301818966714962e-05,0.00022357954808032907,0.0006963044789962364,0.0005100992145312873,-6.61624879718491e-05,0.00039101633759848974,-0.0005733321075518926,0.00040827690798933027
GBAB,0.001182159452519842,0.0005126167681638616,0.0001486059555879515,0.0004672563249040661,0.000136656821664405,0.0004717570413925074,2.9753626351474743e-05,0.00015229268298607346,-0.0005823400444882582,-8.974570598079517e-05,-0.00020135982139964174,0.0003829483812189539,-0.00022782833281523697,0.0002668431669649768,-0.0001638727619597415,0.0005353131891276804,0.0006608664070956345,-0.00030928633252637187,0.0001292614535109106,0.00031724420451398653,0.0007397730929131853,-3.4466847485749904e-05,0.00011691169878724352,0.0006541855533898896,0.00011024833320016312,4.3128419242674035e-05,0.000190211764050809,0.0003571056278628908,0.00023334968293376959,0.00012776612866053223,-0.00010878736618997655,2.0517702648979846e-06,-0.0001165736142234849,-0.0002794920236107621,0.00016895258620717576,0.00021300736668325402,0.0003502526012252623,0.0007362197925996506,0.0003723976155244296,2.771638084975195e-05,0.00019541248308925464,0.00018031738130013986,9.928215230027934e-05,0.0003677125694726488,0.00010985691729349824,-0.00029965719652552697,0.00017052606092688268,0.00019955329217808234,0.0010426731380296602,0.0001550145030640476
GLAD,0.001874478472615809,0.001138159546174798,0.0005274262918291264,0.0011443707399067598,0.00029303371402296895,0.0010259239142120973,0.0003625035261905813,0.0011020463166145538,0.00041657245890741227,-0.0004936445924731444,-0.00013457451776341237,0.0010586134885171511,-6.829739702328308e-05,0.0006256888459752578,-0.00035522634481987685,0.0006608664070956345,0.0022400306005258283,9.44789010166479e-05,0.0011448234697155918,0.0008842671946209931,0.001732843354374759,-0.0025793243485264616,0.000196606971778603,0.0016843514093317466,0.0005653119249882201,8.472676059804576e-05,0.0005166486630565792,0.001123651199445293,0.0005832474716753174,0.0002587422008940952,-0.00027563236155986516,1.0024796438841993e-05,0.0006342490903834304,-0.0007844093459011569,0.0012271582445246587,0.0007077582958485548,0.0008726905045345242,0.0017847330790404462,0.0009851149860237599,4.973196367707956e-05,0.0006978401113566643,0.0008393992797313249,0.00044506558916317064,0.0007759268994449176,0.0005693530307501931,-0.0009080978931226742,3.674208620147158e-05,0.0006810933716119053,0.002281312570094405,0.0006568044201399938
IMKTA,0.0002741751951688061,1.7938911014740158e-05,0.00023325299458928288,0.0005950806367535497,1.7810715641068934e-05,0.0002182270346500833,0.0001243187745132851,0.0004119119896959756,0.0019898521819755256,-0.00024284858176928112,0.00026862671951217293,0.0003997723632202274,0.0005886824395376086,0.0003185668180178564,0.0006164277191410021,-0.00030928633252637187,9.44789010166479e-05,0.0014717719568517113,0.0010044137355422823,0.00036116992363257705,-0.0008993344279131443,-0.0016547354067924123,-0.00014816639314832065,0.0003750271732760158,0.0004236783504565214,8.53401304824911e-05,0.00012937594409777217,0.0004046936029367454,-5.9480547882596245e-05,0.00014534761190149694,0.00027016546312010585,-1.254853308631525e-06,0.0008094089897201166,0.0001121956806142837,0.0005625893987127847,-0.0003420876229481165,0.0002217997655091299,0.0005050609602351634,-5.5270657402951525e-05,0.00010765279438046238,0.0004908266493523434,0.0004720848916018193,0.00023572558813151002,0.00023250368046451154,0.0005514799552520165,-0.0002046080503259647,-0.00023866307772157182,0.0006261378142495893,-0.000866694312524806,0.0006540899381665105
ISUN,0.0014193626497118726,0.0015085637362394827,0.0008989648786078646,0.0008635875582249887,0.0003895060639156362,0.0008691477568709407,0.001281561430627953,0.0009573292139308991,0.004769272474449116,0.0006299428854998747,0.0013867128652549387,0.001136158344444531,0.0016382203466047739,0.0009334866321262707,0.0008077068876635399,0.0001292614535109106,0.0011448234697155918,0.0010044137355422823,0.004665458532600406,0.0009075938647033942,0.0007613699213547592,-0.005595934524060101,7.988242244280069e-05,0.0011124290992127553,0.0013718170120940291,0.00011607919404467198,0.00038326420129092216,0.0011514644476435104,-0.00012377995687101024,0.0006039194924870167,0.0013840999023165602,-1.695472713488032e-05,0.0015075277429353016,-0.00044032295879067266,0.001630159543882272,0.0004067783873687604,0.0007473433778556871,0.00469785838587763,0.0003026101408747038,0.000399882691748073,0.0013029615580581173,0.0018886119362306873,0.0008766084520049094,0.0008405041954534901,0.002238083305491803,0.00040295022334273657,-0.000594211604012844,0.0011335571377568696,-0.00017923443147583847,0.0011227371991758116
JPME,0.0011463541719494083,0.0006062242731236391,0.00033449623077744586,0.0007072955222411441,0.00018233876165009118,0.0005818390653355623,0.0002851755837077007,0.0005668052238129526,0.0009522522225808889,-5.853821529445879e-05,1.8987046785238376e-05,0.0006200820760626938,9.16541221018189e-05,0.0004206158717784822,0.00013594232239296346,0.00031724420451398653,0.0008842671946209931,0.00036116992363257705,0.0009075938647033942,0.0005422761228646062,0.0004732696281392973,-0.0011820319089526703,6.214908415000203e-05,0.0008181785852795492,0.0004340354492242378,7.5803115780573e-05,0.0002709129066670263,0.0006627291305355213,0.00023925183059157415,0.00022848249686631256,8.254964570969606e-05,1.1024923622306162e-06,0.0005182505907873057,-0.00031369303622336446,0.0005925193393573997,0.0002689659934458502,0.0004844140041401339,0.0013478595318809317,0.00044198308986731814,0.00010098405349038678,0.0004901776508120448,0.0005611608462578834,0.0002923391668452483,0.0005019804463500349,0.0005234985896712688,-0.0003225929783111581,1.7853800500719097e-05,0.0005133870353258581,0.0010172138208515663,0.0004870821883384147
KOR,0.0010650029217674393,0.0011831226088353625,0.00031596298630646395,0.0004515530961559011,0.00026759763290357087,0.0007571681744790071,2.673952894920928e-06,0.00041075589649762967,-0.0008153225130453272,-0.000245928490655089,0.00036717693882590334,0.0006417672961388872,-0.00011106878425685054,0.00033119017297881734,-0.0006203567867354008,0.0007397730929131853,0.001732843354374759,-0.0008993344279131443,0.0007613699213547592,0.0004732696281392973,0.002405600256800384,-0.0025252062864330226,0.0002503545567895494,0.001241340927326642,0.00023364703590527338,3.527423848837184e-05,0.00032922781110210987,0.0006856969497469061,0.0003320649142727147,0.00013398245045998468,-5.4388276023616054e-05,4.330698631599027e-06,2.2057730534640318e-05,-0.000622833407396001,0.0007480107268882203,0.0006297948682787844,0.0005844320961054445,-0.0006758083858595092,0.0007399309048393263,1.8913658923554595e-05,0.000359130287357604,0.0003833965107077462,0.0002683137432723583,0.0005381043872657063,0.00021074764307713937,-0.0004986725766331847,2.6645417570596386e-05,0.0002555631332934496,0.0022313242827585464,0.00021321897158931447
LEDS,-0.0005861520058033971,-0.002314935890415141,-0.0009283297717446564,-0.001217437632436255,-0.0005933537910841723,-0.0013610304656951158,-0.00014990009553256305,-0.0011100942169736162,-0.005840322660708245,0.0006490452573766083,-0.0028433538882823906,-0.0016116430110418565,-0.0026243543416464253,-0.0010443166698280305,-0.001070353891416998,-3.4466847485749904e-05,-0.0025793243485264616,-0.0016547354067924123,-0.005595934524060101,-0.0011820319089526703,-0.0025252062864330226,0.012754043650761953,-5.998028437567316e-06,-0.002262532192520404,-0.0013952512320696711,-0.000246225848134075,-0.0005795750997145919,-0.0015606070021192996,0.0003417868278270945,-0.0003037304896546238,-0.0013355763170427068,1.3219713043442373e-06,-0.001363901095369392,0.00022451262366629852,-0.0027943010961200827,0.0002639445057815542,-0.0011011388323148368,0.0010002620969477563,-0.00045282156166583315,-0.00019597385866164282,-0.0017411621963979748,-0.0015443429244875288,-0.0009787079171285796,-0.0011960003357537458,-0.002495241801710396,0.00012938204993375547,0.0011152234726155043,-0.00185054473398256,0.000640661230273001,-0.0019294470224518229
MCI,0.00022810609970634333,0.00012964363101759135,4.7098664446337755e-05,6.589935389690611e-05,2.6695426977697306e-05,9.297469034396757e-05,7.253881646500947e-05,5.813949435411115e-05,-0.00018634523299535826,1.569874768831048e-05,-4.337042307346974e-05,7.901884134513395e-05,-5.8768982630418525e-05,5.096256328164502e-05,-0.00010849151092353363,0.00011691169878724352,0.000196606971778603,-0.00014816639314832065,7.988242244280069e-05,6.214908415000203e-05,0.0002503545567895494,-5.998028437567316e-06,4.1328609526497554e-05,0.00013678008158172128,4.045998743665466e-05,-1.3944433645310557e-06,4.339112367684439e-05,8.46436991636354e-05,6.433689348947467e-05,3.6618794638267426e-05,-1.2651394872846367e-05,-2.984573699176843e-08,5.988196116297455e-06,-0.00010933000815703279,6.51863939474304e-05,0.00011755711632983628,7.335477497730073e-05,0.00030411246301473787,0.0001022486741754728,1.1276232573040335e-05,3.652023740403501e-05,9.048424004887039e-05,3.44460151681534e-05,6.337860082952832e-05,2.5288553725781816e-05,-5.792055954203705e-05,2.750172856044984e-05,7.024999380927767e-06,0.00032038403374330166,-2.8982048470271838e-06
MSEX,0.0020543579721921425,0.001054874750594399,0.0005137412646635526,0.0011710139004553032,0.0002292657174634453,0.0009828225063083337,0.0001297554302620981,0.0007401995404108566,6.168752355838e-05,-0.0005125395146658812,8.186104563020374e-05,0.0010038607730925814,5.444412940905826e-05,0.0006852370010369494,-0.0002174064366771607,0.0006541855533898896,0.0016843514093317466,0.0003750271732760158,0.0011124290992127553,0.0008181785852795492,0.001241340927326642,-0.002262532192520404,0.00013678008158172128,0.0016385076773827898,0.0004993744219942739,0.00010373058065477898,0.00046208929251152927,0.000993055131997278,0.00042573452699944396,0.0003176961634885775,-3.063343256271365e-05,3.62721851536965e-06,0.0006242392445306186,-0.0005983807441158948,0.0009865305168080371,0.00038529714159333297,0.0008161852488317585,0.0008303073485729786,0.0007296997230470776,0.00013378181629786185,0.0007161936279558553,0.0007677904343846672,0.00043195678018346075,0.0007454920984448915,0.0004958374569874595,-0.0008891554537094884,1.4537418924274285e-05,0.0007394104914535465,0.0014903218681462755,0.0006958950868069361
NICE,0.000631248051858016,0.0005103890298533314,0.0003374925796141177,0.0004679547829637017,0.00014744004369467888,0.00041775241353510375,0.000525728022289143,0.0004578371215236777,0.0014672753801701311,0.00021382203950995798,0.00024826559881886364,0.0005010875119820504,0.000366602564482831,0.0003574289944727226,0.00023296651060303975,0.00011024833320016312,0.0005653119249882201,0.0004236783504565214,0.0013718170120940291,0.0004340354492242378,0.00023364703590527338,-0.0013952512320696711,4.045998743665466e-05,0.0004993744219942739,0.0005568962734720048,5.342340528829859e-05,0.00020035075270935157,0.0005766030280482979,7.887561909628995e-05,0.00025690012794310875,0.00039361831226775087,-4.820722097938708e-06,0.0006594904767973267,-0.0002481223488151959,0.0006099996430183707,0.00019503281556681893,0.00034740754840693747,0.001665603428963077,0.00025683165748469755,0.00014442576269464908,0.0004975537831046872,0.0007414261279571048,0.00031166640867752633,0.00038517017418912135,0.0006862028120420095,-1.174937267061011e-05,-0.00012937651032106742,0.0004513013688595926,0.0005799626088244769,0.0004346112940192789
OVB,0.00013330124684550956,8.441372970355328e-05,3.0263918857741208e-05,0.00010583545312013783,3.494919224526431e-05,8.796259508908468e-05,-7.976259141563481e-06,4.9658753011206704e-05,0.00022417383965946778,-1.7068869616737276e-05,2.9012684713829058e-05,8.478415302947426e-05,3.756468055343553e-05,5.546653589116433e-05,8.681097947970202e-05,4.3128419242674035e-05,8.472676059804576e-05,8.53401304824911e-05,0.00011607919404467198,7.5803115780573e-05,3.527423848837184e-05,-0.000246225848134075,-1.3944433645310557e-06,0.00010373058065477898,5.342340528829859e-05,1.9372943542177465e-05,3.3548749257131895e-05,8.613614386394936e-05,1.1727623288136952e-05,2.007752733109242e-05,1.860076411699252e-05,4.615220815589991e-07,3.0256045216848518e-05,-4.1202759796652355e-08,6.594839719369062e-05,-2.3192199415109918e-05,6.501227377099468e-05,3.759151869997944e-05,4.3442446877435354e-05,6.133774122858311e-06,7.248546280880439e-05,3.515358786518148e-05,2.804118097312027e-05,8.550991379147193e-05,8.664541380348033e-05,-2.099672883212028e-05,2.50320247326575e-06,9.77595646958388e-05,8.787899680949343e-05,9.489767284509816e-05
POCT,0.000602708248837564,0.0003119207591440712,0.00016237292284444361,0.00036628176377718536,8.171406280338158e-05,0.0003079392384431429,0.00012530374359210906,0.0002689425247933343,0.00020181822080295956,-8.725633978515323e-05,-2.5741794751542676e-05,0.0003183771262880902,1.1507170256007216e-05,0.00020905375208978032,-2.181149341224859e-05,0.000190211764050809,0.0005166486630565792,0.00012937594409777217,0.00038326420129092216,0.0002709129066670263,0.00032922781110210987,-0.0005795750997145919,4.339112367684439e-05,0.00046208929251152927,0.00020035075270935157,3.3548749257131895e-05,0.00014733519656527026,0.00033684735798077993,0.00014097946611501985,0.00010891791749992314,3.1351656718699127e-06,1.0094576276233552e-06,0.0002241038051585379,-0.0001922990700467174,0.00031524152956809756,0.0001361804450222433,0.00025338871057943807,0.000565620051434983,0.00024338791198600884,4.1514711421055376e-05,0.0002332808148803072,0.0002817128438574592,0.00013630060537332716,0.00024607086301613195,0.00019965700595513908,-0.00022639519808172293,1.1419015751306408e-05,0.00023704243746364845,0.0005660858930947844,0.00022321320518454686
PRI,0.001221236977120219,0.0007614671677968056,0.00042615074563835524,0.0008152262342812427,0.00021802623735695415,0.0007090428348186658,0.0003942507898930422,0.0006966365456857596,0.0010939037687890045,-2.5684910236332454e-05,0.0001082309809277907,0.000760417192457816,0.00011671938403558685,0.0004943670053345061,9.548493045405423e-05,0.0003571056278628908,0.001123651199445293,0.0004046936029367454,0.0011514644476435104,0.0006627291305355213,0.0006856969497469061,-0.0015606070021192996,8.46436991636354e-05,0.000993055131997278,0.0005766030280482979,8.613614386394936e-05,0.00033684735798077993,0.000855750512100173,0.00028770433429741983,0.000297582684742925,0.00017152476648936676,-1.1480068739094827e-07,0.0007412375395051369,-0.00042321768984094764,0.0007762969591878213,0.000365486898830352,0.0005884634605817013,0.0012656925094771138,0.0005604155603816556,0.00014000199767762652,0.0006117987246074214,0.0007533135980572368,0.0003756910685365,0.0006042070170471459,0.0006080367537460265,-0.0003908365143959832,-1.24442454010178e-05,0.0006104650287807312,0.0014566804797557721,0.000576218154807893
RILYN,0.0007165935376970366,0.00019633145428458993,0.00012603755773747655,0.00034616099067807346,5.6144167797803345e-05,0.0002569102278586786,0.00011791320267428958,0.0003629891735183302,-0.0002701512757986496,-0.00011989011993531583,-0.00034052906651626424,0.0002571099972686363,-0.00030439501237464206,0.00015111847940150677,-0.00019998530182363395,0.00023334968293376959,0.0005832474716753174,-5.9480547882596245e-05,-0.00012377995687101024,0.00023925183059157415,0.0003320649142727147,0.0003417868278270945,6.433689348947467e-05,0.00042573452699944396,7.887561909628995e-05,1.1727623288136952e-05,0.00014097946611501985,0.00028770433429741983,0.00027049122628606897,7.825233358919954e-05,-0.0002498379532779731,4.1658195212102446e-06,0.00017343762662356817,-0.0002701175732103514,0.00018222122275658804,0.00032980179063222815,0.00023497123743210902,0.000846361188151583,0.00034022521236079517,1.0404961456561153e-05,0.00010703682282164666,0.0001631607655275001,9.041846829497745e-05,0.0001875867844392384,-9.958391940185292e-06,-0.00034797524041621324,0.00013993616881973988,0.000100121603915283,0.0009416952644105562,8.248907919676095e-05
RNEM,0.0005560994412152397,0.00028552822743236326,0.00020675921684041302,0.0002671569962085133,5.68923230891529e-05,0.0002306250769178519,0.00025720142674402156,0.00020694319991607253,0.0003536186382184363,0.0001228844394563455,9.92747623549417e-05,0.0002680058640478021,7.851036025018624e-05,0.0002188196816827155,1.1105240977212268e-06,0.00012776612866053223,0.0002587422008940952,0.00014534761190149694,0.0006039194924870167,0.00022848249686631256,0.00013398245045998468,-0.0003037304896546238,3.6618794638267426e-05,0.0003176961634885775,0.00025690012794310875,2.007752733109242e-05,0.00010891791749992314,0.000297582684742925,7.825233358919954e-05,0.00017864536989910018,0.0002126437529115946,-4.269198596039508e-06,0.000394592214688137,-0.0001840082616215992,0.00023955534455333307,0.00018634317419443468,0.00019946483372553116,0.0007823451157252484,0.00015076983476983256,0.00011480555553150297,0.00024635846305847846,0.000404470891886611,0.00018246724379705068,0.0001959382291986923,0.0002692795935762629,-8.566941149384956e-05,-2.0058548594377984e-05,0.0001971956022372528,0.00040878233285056927,0.0001733468450291126
SCWX,-0.00015446957679146037,0.00030494196786815214,0.0002085711110090119,-5.4432254653029434e-05,4.624659821001354e-05,6.615487053866598e-05,0.00033556571392818937,-0.0001092854182552918,0.001168008674756179,0.00044610312219773164,0.0007588845607201046,0.00013178754373918293,0.0006079795076801149,0.00016645786545045285,0.0002769250321972938,-0.00010878736618997655,-0.00027563236155986516,0.00027016546312010585,0.0013840999023165602,8.254964570969606e-05,-5.4388276023616054e-05,-0.0013355763170427068,-1.2651394872846367e-05,-3.063343256271365e-05,0.00039361831226775087,1.860076411699252e-05,3.1351656718699127e-06,0.00017152476648936676,-0.0002498379532779731,0.0002126437529115946,0.0007868104869320685,-1.3901217457113085e-05,0.0005067166122431245,2.6706126537205425e-05,0.00023859886959587114,-8.14584906418938e-05,3.48598621335862e-05,4.787910317725235e-05,-0.00017596102994231006,0.00019278959829417973,0.0003118989403941108,0.0005348779515828372,0.00021999662604085663,0.00010438069403941407,0.0005430602994378785,0.0003876946226403259,-0.0002621041373497773,0.0002156422527522378,-0.0004005963768997184,0.0001986315659195394
STIP,2.9502286835396435e-06,-1.8595985515226112e-06,-3.0446610100018174e-06,3.841080733161158e-06,1.0660439680149513e-06,1.623993672579935e-06,-6.407242729414216e-06,5.1623680118190445e-06,-2.5686181676170294e-06,-9.194045714379685e-06,-1.0702042930159304e-05,5.630664499664157e-07,-6.78362909410507e-06,-1.64442605981516e-06,3.419984440828367e-07,2.0517702648979846e-06,1.0024796438841993e-05,-1.254853308631525e-06,-1.695472713488032e-05,1.1024923622306162e-06,4.330698631599027e-06,1.3219713043442373e-06,-2.984573699176843e-08,3.62721851536965e-06,-4.820722097938708e-06,4.615220815589991e-07,1.0094576276233552e-06,-1.1480068739094827e-07,4.1658195212102446e-06,-4.269198596039508e-06,-1.3901217457113085e-05,3.158543408520203e-07,-9.089482955465508e-06,4.4542043734360423e-07,2.918304827889567e-07,6.52852302697522e-08,1.4517512910035675e-06,2.0664023871074835e-06,4.651984678547484e-06,-4.1360705162717225e-06,-2.7314531086113373e-06,-9.082233406084887e-06,-3.022021075442791e-06,1.2244718673048897e-06,-4.165779911075282e-06,-6.0143332491337575e-06,3.6196571593054756e-06,3.152176416822839e-07,7.894847595988929e-06,9.051567311299525e-07
TBPH,0.0006350331776783693,0.00047484698768840406,0.0005445919252485462,0.0005210709567455934,7.748170189681339e-05,0.00035892793688406175,0.0006336808647612217,0.0008110071823384129,0.001712554027971937,0.00022766971042419143,0.00045936158497019596,0.0005813571643534109,0.00028902939539342666,0.0004368672162063201,5.286251249349696e-05,-0.0001165736142234849,0.0006342490903834304,0.0008094089897201166,0.0015075277429353016,0.0005182505907873057,2.2057730534640318e-05,-0.001363901095369392,5.988196116297455e-06,0.0006242392445306186,0.0006594904767973267,3.0256045216848518e-05,0.0002241038051585379,0.0007412375395051369,0.00017343762662356817,0.000394592214688137,0.0005067166122431245,-9.089482955465508e-06,0.001518578713627592,-0.0004067449614670282,0.0007633578850445614,0.0005831632661897594,0.00039860879711040194,0.0010707900112068415,0.0003313256398822501,0.00029472887444028837,0.0006099476964989513,0.0010089479699396478,0.0005172545028947265,0.00032084868750822753,0.000631519786684613,-0.00026706987972407634,-0.00018465483584832233,0.0004907944660897795,0.0008810091429860698,0.00046946102358751997
UBT,-0.0008620208227388847,-0.00040525375302034677,-0.00025936801305504647,-0.000382013371116956,-6.402297193605649e-05,-0.0003475520487564882,-0.0003362191484982036,-0.0004151949871439325,0.0003088898289078639,3.5786414093599416e-05,0.00014066495863783058,-0.0003780680163987455,0.00014663742215683062,-0.0002552668001149729,0.0003594420267263691,-0.0002794920236107621,-0.0007844093459011569,0.0001121956806142837,-0.00044032295879067266,-0.00031369303622336446,-0.000622833407396001,0.00022451262366629852,-0.00010933000815703279,-0.0005983807441158948,-0.0002481223488151959,-4.1202759796652355e-08,-0.0001922990700467174,-0.00042321768984094764,-0.0002701175732103514,-0.0001840082616215992,2.6706126537205425e-05,4.4542043734360423e-07,-0.0004067449614670282,0.00043251589440821314,-0.0004046896658814566,-0.00045891311156039463,-0.00031513778858435683,-0.00119191962566411,-0.0003873598479410595,-8.621215050194142e-05,-0.0002404585186696732,-0.0004951379578940517,-0.00021090122183516693,-0.00023357266671069466,-0.00014414479090899858,0.00036525854326991937,-3.9525866735797356e-05,-0.00014105695445631663,-0.001047750139448961,-0.00011450379975695804
USLM,0.0008769702459980496,0.0007418696920560178,0.0004337741441297174,0.0007152026804569169,0.0001767203702867084,0.0006118430917631812,0.00044054441226684687,0.0007102640835779545,0.001387110246103371,-0.0001828498169333058,0.00033400896863929877,0.0007266619979049973,0.00047675850917700306,0.00047437101707045433,5.759692416003417e-05,0.00016895258620717576,0.0012271582445246587,0.0005625893987127847,0.001630159543882272,0.0005925193393573997,0.0007480107268882203,-0.0027943010961200827,6.51863939474304e-05,0.0009865305168080371,0.0006099996430183707,6.594839719369062e-05,0.00031524152956809756,0.0007762969591878213,0.00018222122275658804,0.00023955534455333307,0.00023859886959587114,2.918304827889567e-07,0.0007633578850445614,-0.0004046896658814566,0.001028763845135258,0.00025927169787125107,0.0005293453085278706,0.0014184631526227365,0.00043689204076167586,0.0001114225693834598,0.0006425817947163497,0.0008575647741696017,0.0003986796478440269,0.0004890713722172371,0.0007404573477000477,-0.0003654526399215456,-0.00021739088178921966,0.0006116319160814564,0.0006848599763511679,0.0006139245019364206
