,AAME,APOG,AUTO,AXP,BANX,BB,BEP,CEM,CWB,DEM,DFPH,DGRW,EFA,EFAV,EQL,EUSC,EXI,EXPR,FLQD,FLQG,FLV,FMBH,FNKO,FORM,GBT,GRIN,GSL,IMBI,IVOL,JJC,KARS,KE,KTH,KURE,MYGN,NULV,OXM,OXSQL,PBCTP,PBSM,PID,PKBK,PRCH,RELL,SMDV,SPDN,SPPI,SPSC,SPSM,STKL,STXB,TLMD,TMV,TRU,TRUP,VPC,VTOL,WBND,WLK,XMVM,YLD,ZIVO,ACGLO,AFYA,ARDC,BAK,BBCA,CNX,CSTR,DIAL,DKS,ENSG,ESTE,IBMK,ISDR,LAZ,LBRT,MRAM,PBYI,PLRX,PTNQ,RACE,RGA,RIOT,SLY,SWN,TM,CROC,DLTH,DWX,FAM,MRCY,NIU,TRN,VIVE,BHFAP,BSL,SNGX,TYHT,LVRAW
AAME,0.0007326119761331866,-0.0003910777399198953,-0.00028285762648498457,-0.0003136430051436627,3.450292583232667e-05,-0.00039985797488658757,8.065766541254284e-05,0.0005494725003132969,-8.560520935250996e-05,-0.00024528904040476123,6.705956750215334e-05,-0.00010787549962877772,-0.0001527600951366867,-8.760498957988225e-05,-0.00010203943161851666,-0.00013556855735134493,-0.00014476552184072112,-0.0005070034002183409,-0.00012537022330373263,-0.00010877111243611914,-8.750477518833447e-05,-7.94287321135934e-05,0.00017047618152333055,0.0002326611808183624,-0.00040518401567034913,-0.00016166999551954272,-6.471675988653757e-05,0.00029742519934323753,-4.37191843442312e-05,-0.00016051067095127587,-0.00037269051949556404,-0.00044613715816556977,-4.649926903921108e-05,-0.0003268429496798475,-0.00015113066635325849,-9.854517543234144e-05,-0.00017271742518420189,-0.00016070096461111806,-5.236489081424556e-05,-0.00021974699338853625,-0.00018000886033407354,-6.212664019604209e-05,0.00014287809649237768,-0.0001196513192579105,-0.00013333303169673851,0.00014450832721585755,-0.0004712662494720044,-2.435670165416002e-05,-0.00015590839624003217,0.00014660298201235125,-0.00017149390494161456,-0.00014054678313708864,-0.000300595031111262,-6.000091370064734e-05,-0.0006387878578119452,6.061762618495602e-06,-0.00013999118680228033,1.0402369154424802e-05,-1.439346918298004e-05,-0.00020396302456739885,-2.323677892550227e-05,-0.0010623030250684039,-5.158174675087585e-05,-0.0002441482784351593,5.637924332412407e-05,-0.0004299720488950138,-5.556863332192052e-05,0.00022782831716188387,-0.00015858526234794677,4.899042267460773e-05,-0.0001928953803768749,-0.0003365709393065862,0.00019367413064400418,1.5590598804421905e-05,0.00029654333629797555,-0.00011732866129050704,-0.0003578238248573157,0.00010834191443802984,3.242191942542707e-05,-0.0002874051758184199,-0.00016390595528088412,-0.00027184394882235306,-0.0003185742072324103,-0.0006481580162238802,-0.00014133689681955928,0.0001409394114222426,-3.975044981786484e-05,0.00021695757085711596,0.0002205914965088556,-0.0001253208146699503,-3.840106180849744e-05,-3.1280047693289685e-05,-0.0007146162155794642,-0.00033652688013335484,0.0006496593568224247,-4.627176647463284e-05,-0.00011097180704143477,0.0003694107898390038,0.00025303062535053644,-0.000108694529564953
APOG,-0.0003910777399198953,0.003273475184972957,0.0007382120987155809,0.0006782158610735308,-0.0017254941195402407,0.0007418904097884702,1.61133582915467e-05,0.0005501937251096245,9.241673984736301e-05,0.0003156024099979821,-0.0001609407013192771,0.0004181045318757961,0.00035860816548622635,0.00016859024845652422,0.000332267126629226,0.00039045435548356173,0.0006233723306671982,0.0011684132120158824,0.0003624784401357424,0.0002629645155273275,0.00036040509386486423,0.0010131059768380406,0.0013030887213572495,0.0006260419024397021,-0.00020063508888798828,-0.0015889585482638305,0.0006160904359065814,-0.0002617170750386433,7.16425488318278e-05,0.00024383709474965843,0.0004550461140706153,0.0013245474178654668,0.00024703704905678855,0.00010820198451093738,0.0008605051402530179,0.0004935526579206753,0.001875841812039851,0.00011495833555113568,-0.0002654368396533366,0.0006277407989453788,0.0006679638405579911,0.0007216508570163063,0.00019436635657193307,-0.0005410143752757898,0.0011800733054048386,-0.000315841273256813,-0.0006351954808917602,-5.021338582078172e-06,0.001087370155517398,0.0011810924937752023,0.0009199257381148651,0.0002848161682469791,0.0007161637688826086,0.0004620296632183137,3.662684868048366e-05,0.0002468582277526312,0.0013116509777171997,-7.188597048963786e-05,0.0009816550464735924,0.0010324531862439315,-1.8404453255359008e-05,4.2090714408876375e-05,0.0001780040746813453,3.772912975862433e-05,-0.00018384462049145526,0.0009974174986389754,0.0003716245835202577,0.0008685041497923708,0.001349852443053423,-3.216542022518352e-05,0.0014064768067068656,0.0009414334274709023,0.0015704562280604926,2.3931125552710767e-05,-0.000632543320384294,0.0009311378855984014,0.0015911131451399462,0.0003561435933241069,-0.00040666564228490404,0.003371857955924565,8.152108643116695e-05,0.0001831005742248845,0.001202840444841915,-5.9760755580979576e-05,0.0010420230506819833,0.00125966869380817,0.00042606856179918447,6.48375588442198e-05,2.5094897481552892e-05,0.00037094239428840724,2.6107529262750403e-05,7.966288058515981e-05,0.000903790216837474,0.0010591513768315093,-0.0005670633621111565,0.00026446592598016074,-2.1343029737108865e-05,0.0012401185734815523,-7.742453925002275e-05,0.00019624547204803668
AUTO,-0.00028285762648498457,0.0007382120987155809,0.0010859102047977018,0.00035849282255365287,-0.00015630555563186322,0.0006146125332921337,0.0001118941181509378,0.0004079014016425863,0.00011362721154773438,-3.184152435699608e-05,-0.0004506121504358176,0.0002206556572921776,9.756528680591342e-05,6.1030195287854366e-05,0.0002185323922451585,0.0001566519280596189,0.00023204946673115672,0.0014314194194157027,0.00018446998529290947,0.0001349533021307855,0.00025203510060140954,0.0009425289679888454,0.00022315116382560515,0.0005263722571330889,-0.0008853193949535222,-9.435636845174359e-05,0.0001235169849258305,0.0001659273095068663,3.055945690837153e-05,0.00020881018699917868,0.00031130239122350813,0.0010320757998147207,3.105010055560794e-06,0.00021903567762338993,0.0005041781316853449,0.0002825020353747628,0.0009596550827253306,9.050694584260669e-05,-0.0003680321312950147,0.00041914097780623255,0.00019685739731628725,0.00018727347610641374,-7.297059224872555e-07,0.00014232427839270723,0.0004705888543261826,-0.00019320361948562775,0.00018584984139809435,8.209479408317139e-05,0.0004739757379014326,0.0002810257186426644,0.0008826242236094134,2.121896851931015e-05,0.0003977477374485618,0.0003427524983424781,2.5563917517510088e-05,0.00018761689316888145,0.0003916745747469981,-1.2888115540954113e-05,0.00014758762112212064,0.0005163190497878587,-1.503954887384189e-05,0.00010419358056023163,-2.5924374179196726e-05,0.00043127101163424185,-8.562944914559423e-05,0.00035933000774970045,0.00022307750511978518,7.441543438527811e-05,0.0011405406028537487,-2.4602882397202083e-05,0.00042438118846407246,0.0005088084719468987,0.00019369724281544288,-1.852084581957108e-05,-0.00017645002865309482,0.0005924409604971945,0.0005528003246282444,0.0008280540382215668,-0.00027576764016395185,0.000803040473014061,0.00015596427498186475,0.00012628030843590682,0.000937512706202496,0.0004660724732143952,0.0004551281889411581,6.698538925059074e-05,0.00011902204191849787,-0.00012615219734197082,0.00035617226129771174,0.00014689868401550108,0.00019301741603764623,-0.00012378327130057733,-1.423995458818614e-05,0.0005862560484840506,-0.0012494888861064183,-0.0001202641559795718,9.966420436294548e-05,-0.00015231776465252897,0.00037206801660567715,4.12599818904551e-05
AXP,-0.0003136430051436627,0.0006782158610735308,0.00035849282255365287,0.0003920608646860627,-5.5272450974324035e-05,0.00045956079762220935,5.311512497206082e-05,3.494876674705559e-05,0.00010414039595318576,0.00024007668119283143,-8.029740207513785e-05,0.00018914629530120667,0.00019362590592812636,0.00012078769133131231,0.0001873298882655828,0.0001871686192672234,0.00025121861084316933,0.00016259046781964598,0.00019040404815088194,0.00014863415111869983,0.0001907361034203918,0.00045498456897743447,0.00020730170174175383,0.0002739413051736891,-0.00016052173019169655,-9.04172286972649e-05,8.38959725933766e-05,-0.0002451120875344968,4.118740654807701e-05,0.00014272650338278587,0.00034780542234119725,0.0005550102486038724,5.183251638189165e-05,0.00014551567464906242,0.00041046890696652054,0.00021373858772642365,0.00046395103166918804,5.306895853255046e-05,-6.417598856906279e-05,0.0003028873684763103,0.0002846808319218483,0.0005131054896158927,-7.718004877293517e-05,-6.154226329479397e-05,0.0003297493037040108,-0.00018048034293037096,0.000293345493973587,2.691562888350392e-05,0.0003293009940256542,0.0003143506112668708,0.0005382083787532271,8.055152511514398e-05,0.0004397332121683433,0.0002668828952756461,0.000180955802777233,0.0001400165605839096,0.0004458655711904656,-9.217225487837676e-06,0.0003056697369401054,0.0003668029280662941,3.8899429517979094e-05,0.00030614899281264607,5.411321034374675e-05,0.0003108949314167477,-2.158990583114132e-05,0.0004532606276985505,0.0001453274521540145,0.000250965863038992,0.0005636145630285408,-2.078503642706453e-05,0.0003653335978486832,0.0004563880326412056,0.0002612212454000639,-1.6039950405640998e-06,-0.0001098020108126744,0.0004484800791085984,0.0005898549090435839,0.000102032301171871,-1.025374382170433e-05,0.0004899883484368946,0.00014076608516543388,0.00014425414934491398,0.0006451071247533183,0.0005307702597220861,0.0003114590046741422,0.0003477178730298173,0.0001564549982233103,-9.1552551560542e-05,0.0003080207539831144,0.000210132124657212,5.400273206246027e-05,0.00015726336551842937,0.000984709563190798,0.0005369480358989228,-0.000603384236136979,1.0073845100569074e-05,0.0001058273063364495,-0.00031032807035442244,-4.5371226353111815e-05,0.00011830133976108035
BANX,3.450292583232667e-05,-0.0017254941195402407,-0.00015630555563186322,-5.5272450974324035e-05,0.0018841942196678933,-0.0001564197698253499,0.00016596263715345846,-0.00020307392768977782,7.234250015594389e-05,1.71331086153876e-05,0.0003088360491783605,-7.40877757553215e-05,-3.380183059881972e-05,3.095110645338124e-05,3.4692000292385954e-05,-7.607789963312597e-05,-0.00016851767183928752,-0.000740645251814074,-2.1099356075959143e-05,-3.563396041327126e-05,-2.4583494138884004e-05,-0.00022201960282291767,-0.00014698138215919334,3.150090661220479e-05,0.0006589239077903834,0.0009363286193253843,-4.961216513273452e-05,7.193505927356596e-05,-1.71803023026939e-05,-9.05811373157652e-05,-0.00012445099216936396,-0.0009047826537737668,-0.00017115003784987234,-0.00013219813630158998,-0.00016177393854475432,-7.812436863981312e-05,-0.0008775150383627442,8.899092900646015e-06,1.670257443747602e-05,-8.565997181063017e-05,-0.00013485603639400504,0.0009634167918741163,-0.00024257535951648616,0.000549913965204459,-0.00047728513598432556,-1.2507358405574412e-05,0.0015388302548409718,0.00024739211825132614,-0.0004261235345092224,-0.00037312376350381356,-0.00036579410353556127,-0.0001800962160238074,0.00020873555607751337,0.000215448722381326,0.0005101564523275933,-9.888359182809545e-06,-0.000738229983746818,6.64212451249609e-05,-0.0004437735407702292,-0.0003981585902425243,0.00010865248070547861,-0.00019505185429720845,-7.474770047524471e-05,7.523000066921139e-05,0.0002896298865703284,0.00018854417000416457,-3.797593907832377e-05,-0.0006825985731220548,-0.0004070806336080787,-1.897526147440399e-05,-0.0005781654241285151,8.435894461124485e-05,-0.00035399200248443293,-2.838314166481757e-05,0.00029721653268883103,-9.193457111572869e-05,-0.0004177007119545505,-3.169671836513385e-05,0.00027670415944287656,-0.0023490542590412344,0.00011083431534793283,-7.919217187830452e-06,-5.01515384450881e-05,0.0012525538214702228,-0.0004068596224829175,-0.0008704857987537735,-0.00018487851601182108,-0.00019415506382861104,0.0008233042586497974,3.624709290642101e-05,1.9581348878407342e-05,0.00047815941113250166,-0.0004639678064130909,-0.0002911351352290164,-0.0006122938699825424,-0.0002799130381490418,0.00015047237911924535,-0.0016421286452881461,-7.932104156437509e-05,0.0003972807816182451
BB,-0.00039985797488658757,0.0007418904097884702,0.0006146125332921337,0.00045956079762220935,-0.0001564197698253499,0.0006514500337511673,9.831808138366493e-05,2.774501744301538e-05,0.00013232954881234595,0.00025048546233438133,-0.0001928268889746362,0.00021228969017102447,0.0002118020871821442,0.0001321231795443183,0.00020168211834624167,0.00020873434275561642,0.00027880650473772084,0.0006112679664687463,0.00022148687361880635,0.0001721685931351863,0.0002248163242971149,0.0006052932822093549,8.905388237189513e-05,0.00042662039752825294,-0.0005242983426439351,-1.7452929375018226e-05,-7.913053295691863e-06,-0.00030601362402507803,4.694823920277967e-05,0.00019443142460735097,0.00047144699089577563,0.0008364817251952898,2.0440234998193557e-05,0.000258531613926398,0.000515804809398124,0.000246175692136416,0.0006735687193610099,7.854258839443807e-05,-8.004029850811848e-05,0.00037004341159980157,0.0003018633807522825,0.0003198161090794352,-9.796603183525178e-05,-1.5531058391968202e-05,0.0003840580416001299,-0.0002032753590134062,4.72232954822156e-05,1.1846987700813412e-05,0.00039176684520020956,0.0002371633426235177,0.0006898004613676484,9.955144223572002e-05,0.000430842597966576,0.00021559459523133443,3.333484293166451e-05,0.00017064865505670522,0.0005134728790940943,-1.5968747891424677e-05,0.00032861447336506245,0.0004502449469085684,2.5782431057050532e-05,0.00030710773538217224,4.964777192098743e-05,0.0004803696263620112,-8.086263355250249e-05,0.0003337660451198099,0.00016280717384978323,0.00028885669010475745,0.0007483399601867368,-2.1430436959324707e-05,0.0003914564599367877,0.00047880326190082126,0.00018548277395193322,-3.5634336883613e-06,-7.710452530874599e-05,0.0005416738161890952,0.0006494740066801675,0.0002010760642127618,-9.558688420039216e-05,0.0007361657661537951,0.00017765164928202487,0.0001966203368294264,0.0007860423149036083,0.00041066984790413027,0.0003722552166345256,0.00037656316086451697,0.0002087186677921177,-0.0001162680818456363,0.0002965894851070744,0.00023349102809201353,9.64289099866166e-05,6.835608788239902e-06,0.0011553916114143406,0.0006711912157557786,-0.001034645044679358,1.0324734504801293e-05,0.00012324779534430923,-0.0004378010696050552,0.0001235939593058202,3.3995318872608835e-05
BEP,8.065766541254284e-05,1.61133582915467e-05,0.0001118941181509378,5.311512497206082e-05,0.00016596263715345846,9.831808138366493e-05,0.00014149242024341074,0.0001417441512220074,3.073293535331934e-05,6.123677711368503e-05,1.5902770680524645e-05,1.6940679620767016e-05,4.792182592188572e-05,3.898349270333231e-05,2.2963298911866904e-05,2.899753661148297e-05,3.542679692115409e-05,0.00018336224991255862,4.6774705439200324e-05,2.1275318888345846e-05,3.451336350285363e-05,0.00011076165798947803,9.5347332415616e-05,0.0003210738675643267,-0.00011237086609987286,-1.041531854498261e-05,3.241248735592131e-05,-7.841161735024516e-05,-3.781483873432653e-07,-1.608387834284941e-05,3.173452098371748e-05,-6.887276011311968e-05,-5.5463312162599556e-05,-1.7672081151259736e-05,0.00011404932548077458,3.706560869382047e-05,0.00014053641677878967,5.99089322204004e-05,-3.1682824867630424e-05,4.841244099955871e-05,4.8933495277205736e-05,0.0002724168830763372,-2.9356557584433433e-06,0.00010834515310599634,2.8319402781656228e-05,-2.135145965708635e-05,-0.00021223091313391068,7.142730500878444e-05,3.676092515570883e-05,0.0002218548434428635,-2.9679791730553617e-05,-6.441862006867295e-06,8.717688255443366e-05,3.2209177812267924e-05,-0.000133421460147761,5.2598656025625384e-05,1.4797356432548579e-05,9.107800690007475e-06,6.24484741286303e-05,4.0424887750553005e-05,1.201674693893493e-05,-0.00044688233931778037,4.1798218598315836e-05,4.626093786537821e-05,4.484826940705669e-05,8.961907023796259e-05,3.2613631100274336e-05,4.024146385360356e-06,0.0001130795162628081,6.225519865896771e-06,5.560414892391268e-05,4.305075485000754e-05,0.000230165310904525,4.198616795519787e-06,0.00017156852219062866,0.00014941212919235112,6.815380321076019e-05,4.911577348299147e-05,-0.0001447468386300267,7.911386253005847e-05,1.0845175242217434e-05,9.319203185887281e-06,0.00016277055310738513,0.00015407444615618817,3.867439383558683e-05,-2.2316014292449736e-05,8.583606998876136e-05,8.809419138979698e-06,0.00023842923749028483,8.080686282594577e-05,2.1060661571117795e-05,-1.2128860362107592e-06,1.3974524161062257e-05,8.356590950553534e-05,-0.0005259981060598064,-3.128235138424181e-05,-6.154439208159728e-07,-0.000222607606190819,0.00010488521933793502,3.791991293654124e-05
CEM,0.0005494725003132969,0.0005501937251096245,0.0004079014016425863,3.494876674705559e-05,-0.00020307392768977782,2.774501744301538e-05,0.0001417441512220074,0.0010159115623867702,-2.746511659302391e-06,-0.00017156516260762324,-0.000301674952020234,0.00011582949449073226,-7.108573821306594e-06,2.0630323770146075e-06,0.00011452317400074696,5.160635030132627e-05,0.00012487195233250458,0.00018043558127355512,6.127911752990156e-05,3.537357065126689e-05,0.00014952561018939846,0.0007197669412053002,0.0005202651351005685,0.0006065921315432873,-0.0008663582447066571,-0.00045619068576193555,0.00021485123225179135,0.0004076821667843498,-8.56543002884376e-06,-8.797622056891678e-06,-0.0001436460778068956,0.0003225870835767026,3.8625191569336536e-05,-0.00022615267286520078,0.0002957929933788963,0.0001763249560263923,0.0005832855313319386,-5.427942824404588e-05,-0.0003891826788806714,0.00015283590739760588,8.45695917934152e-05,0.0004523659818056272,0.00019464707044558542,-0.00012586665771609025,0.00033455086551161683,-4.1319516511663107e-05,-0.0002336075325146024,5.3766190436101126e-05,0.0003121283812669239,0.0008830180627726016,0.0006136303708711212,-0.00010090915244643212,0.00019513164870357038,0.0003735702346224569,-0.00044105314985756484,0.00018795322886645295,0.000391480089929417,4.844872362326905e-06,0.0002483653142536342,0.0002966520052296965,-1.9820603768110757e-05,-0.0009304646726390514,1.1339420366936106e-06,3.7760212808108507e-06,4.6680798723884206e-05,0.0002735392453287893,0.0001598642634432224,0.00042644482414909234,0.0008351948466030581,3.349287415158566e-05,0.0003417918309853057,0.00014217223107258843,0.0005967232448163274,9.885626556118858e-06,0.00014675006553221558,0.0004496680957183403,0.0002423479047874705,0.0007270218412660852,-0.00021197004493600378,0.00047841303030988504,-6.183269254617372e-05,-0.0001944392350746797,0.0005452444199018112,0.0001023656079764149,0.0003038613236046039,0.00036682223370302757,9.73458599519116e-05,0.00015360617484399584,0.0005533904107741951,5.295146782300154e-05,0.00010095571632135703,3.560111657641918e-05,-0.0004435638548187035,0.0002089285204792597,1.3900088548161088e-05,-0.0001324345428473916,-4.419134243370435e-05,0.0005792069089532361,0.00030362005628495754,-1.9853912256026197e-05
CWB,-8.560520935250996e-05,9.241673984736301e-05,0.00011362721154773438,0.00010414039595318576,7.234250015594389e-05,0.00013232954881234595,3.073293535331934e-05,-2.746511659302391e-06,3.379219692834795e-05,6.33127600663226e-05,-1.2163643830540227e-05,4.623673082957412e-05,4.967326063834007e-05,3.362954278511997e-05,5.037398002675467e-05,4.5600131260511606e-05,5.7990147165258406e-05,6.415490831758468e-05,5.111061084139936e-05,3.8148797589840556e-05,5.0575295798253665e-05,0.00011948836072770983,3.6801114671375784e-05,9.687651686177633e-05,-4.884728226398317e-05,3.0574769470696045e-05,7.1725760544875915e-06,-6.882720234360442e-05,9.958573231152285e-06,3.661933950206691e-05,9.602332008488081e-05,0.00012219030135823927,-1.6843800899725325e-06,4.2189354954328536e-05,0.00010947221419754596,5.3693917085270465e-05,0.00010182684619680089,1.682357824367586e-05,-1.5204424575446351e-05,7.98258668007016e-05,6.732623028123822e-05,0.00015920556583323082,-3.4846026617236374e-05,1.9891375166328576e-05,6.583787160907658e-05,-4.87054176451147e-05,0.00011532905820776584,1.900830988273062e-05,6.886044371393864e-05,4.651051055661632e-05,0.00012810299307616972,1.3629028843090322e-05,0.00011921601582727479,6.949118958848628e-05,4.762066806147506e-05,3.8558576027839454e-05,7.978892715550094e-05,1.6061258672659203e-07,5.8792957422664996e-05,8.134141041607571e-05,1.4011749236661718e-05,5.262394383076181e-05,9.324434731621426e-06,0.00010105917681323672,2.3697420335803085e-06,0.00010436946226623173,3.690628503824661e-05,3.2574615298150555e-05,0.0001402499404525265,-6.292438977875244e-06,6.575175781475886e-05,0.00012316968425374095,4.693520406087539e-05,-1.9669417280464262e-06,-6.770967529805217e-06,0.00012056458574474568,0.0001362368584794986,3.272831902832218e-05,-1.924702278896683e-07,4.011583891661325e-05,4.547713126106268e-05,4.254117134662446e-05,0.00017596701771949164,0.00017450482782804358,6.534888739367902e-05,4.719556896203519e-05,3.802932204714047e-05,-3.531568080156649e-05,0.00012228392874861525,5.886659883136014e-05,1.8647919402109268e-05,4.55829230219949e-05,0.00023923437346348448,0.00013630165066881472,-0.0002483470277857919,-1.0500991308181617e-05,3.588510685250258e-05,-0.00018507050743718536,9.308501536532404e-06,4.2335774016537516e-05
DEM,-0.00024528904040476123,0.0003156024099979821,-3.184152435699608e-05,0.00024007668119283143,1.71331086153876e-05,0.00025048546233438133,6.123677711368503e-05,-0.00017156516260762324,6.33127600663226e-05,0.00029994905320869454,3.155719569284951e-05,7.683980848025192e-05,0.00017353649850384501,0.00011224365269294901,6.966461106787549e-05,0.00012770029040526032,0.00014452168647500447,-0.00016489902058548032,0.00011995130756001469,9.529996598587744e-05,7.325833633870753e-05,4.455425375051324e-05,-3.66494588496358e-05,0.00011793245647948076,0.00018259992909359034,1.9095183183527055e-05,4.084197275869937e-05,-0.00038215187154211876,2.9485234210105143e-05,4.870237406344245e-05,0.00025123514426932266,0.00010354008538501075,2.0009884261368275e-05,0.00012040919398715789,0.00019120898388206865,7.898429984939907e-05,7.827969233824908e-05,0.00011709259938894314,8.54759560622233e-05,0.0001281556088246037,0.00019733617973482668,0.00037329911763346965,-7.189357957882461e-05,-5.6468456843248304e-08,8.476179399475431e-05,-9.107905504705444e-05,-7.79314392146641e-05,2.3932266419090193e-05,0.00010461536779523993,0.0003428580847204558,7.616813487381746e-05,9.114008879002576e-05,0.0002659898966881217,5.865994123754651e-05,0.00016972943040217167,5.674670747985146e-05,0.00025512825069402573,2.7207772371194725e-06,0.00020235658195840743,0.00014202866286748222,3.661792155642058e-05,0.00018925403880951227,0.00011553661411457876,0.00015916074595275948,2.4819374220455426e-05,0.0003768851715746523,3.887862622684753e-05,0.00010946449773685687,8.319753201552762e-05,-7.579696750200718e-06,0.00019052080486620858,0.00016319219863873357,0.00015683563097874638,7.951177383169797e-06,8.066068084583169e-05,0.0002019552409876723,0.0002970927669902324,-0.000247068875398294,-7.312845009862762e-05,0.00022802714918313368,7.357118670775556e-05,0.00013134001751319394,0.00026902775936612936,0.00048519901795577984,9.576587439050364e-05,0.00016725751817669654,0.00014817771434315154,-5.2534412045600055e-05,8.515816093472609e-05,0.00017179526147149352,-1.2713849519488526e-06,9.589739581942896e-05,0.0009947624655235467,0.00029623987591684357,-0.00042487799040432045,4.747603280609851e-05,4.905681433616886e-05,-0.00026673793709423643,-0.00019297284824918814,4.430763202181305e-05
DFPH,6.705956750215334e-05,-0.0001609407013192771,-0.0004506121504358176,-8.029740207513785e-05,0.0003088360491783605,-0.0001928268889746362,1.5902770680524645e-05,-0.000301674952020234,-1.2163643830540227e-05,3.155719569284951e-05,0.0005626115528638679,-6.475913133606595e-05,-1.939368100737801e-05,-1.719360459568762e-05,-4.234792217441457e-05,-6.071303598938621e-05,-6.664130579415332e-05,-0.0005126978581018637,-3.9023636816282875e-05,-5.46452863885638e-05,-8.84255464550777e-05,-0.0004665928421685099,0.00037181270712293145,-5.0311232374682505e-05,0.0007471444001567125,-0.00011130329182829172,-1.785024403391151e-05,-0.00016306254283982876,-1.5738571269278848e-05,-9.00879467788151e-05,-0.00012146660133439247,-0.0006374614778791277,-5.7382361127181165e-05,-0.00017345803346269144,-0.00012463121521815755,-8.197623511744358e-05,-0.000244821230688713,-0.00011828694799000644,0.00024522458808497676,-0.00013508795896594248,-2.7104326592907998e-05,0.00030405483739435655,-7.679757178435065e-05,-3.95246200472245e-05,-0.00010732152640608312,3.773652385500997e-05,0.0002900606430937559,3.134053479273699e-05,-0.00014926684382347467,-0.000563547143500714,-0.0005883520049006738,-1.3750861634961905e-06,-0.00010409576056848193,-0.00012386220289029278,-3.917707694003069e-06,-8.174694793767367e-05,-0.0003197100384543479,-3.933304490449842e-06,7.033665794839159e-06,-0.00022320671274184874,4.190475214693791e-05,-0.00031439207643779087,-4.659268775192603e-05,-0.0002625985501867217,4.732778643936293e-05,-0.00028917830414789417,-5.519159376003113e-05,-8.31971915654705e-05,-0.0006178497222358033,-1.2262442446237012e-05,-0.00016024838552383634,5.446621414853391e-05,0.00026701658527310956,2.5496151124059993e-06,-9.401016022019222e-05,-0.00019842716700778173,-1.6307425318999717e-05,-0.0004934145156280889,0.0002796191890377418,-0.00023211446191080624,-1.8793091303904268e-05,-2.0802672711926567e-05,-0.00038944249737487424,-0.0004504600373933116,-0.00013607908101778558,2.3280317624735782e-05,-4.818306271069657e-05,1.8474512991474904e-05,0.0001126821583333156,-7.13904102080808e-06,-0.00015040982771810218,0.00024571860985672347,-0.0002736177223436962,-0.00022968165092604204,0.00017822133323908127,0.00010549843743404379,-1.0725897252796404e-05,-0.00043407248432291557,-6.981339177248639e-05,0.0002566052792203867
DGRW,-0.00010787549962877772,0.0004181045318757961,0.0002206556572921776,0.00018914629530120667,-7.40877757553215e-05,0.00021228969017102447,1.6940679620767016e-05,0.00011582949449073226,4.623673082957412e-05,7.683980848025192e-05,-6.475913133606595e-05,0.00010716047639065663,8.300061125828757e-05,5.013787765074094e-05,0.00010645147907995831,9.222177350457255e-05,0.00013372308644377348,0.00010091891458273569,9.362305794066592e-05,7.264081579684281e-05,0.00010788730383926007,0.0002973609517628907,0.00018573489378651486,0.00015299779628574872,-0.0001396801700048248,-0.00011595558961984444,7.319398941886756e-05,-4.303772195843442e-05,1.8858172174077504e-05,7.35776275464938e-05,0.0001422726414165579,0.00032183204143548485,3.9258332482366965e-05,4.1270729996236246e-05,0.00022022855310189636,0.00012406859815666983,0.0002937074602369718,3.9203872843274975e-06,-7.841030701724958e-05,0.00016407010075226414,0.0001423554709797173,0.0002769522968267665,-1.4524378453213089e-05,-6.162833936810762e-05,0.00020942726693584074,-9.318979198275789e-05,0.00019591508902797324,1.274413457931341e-05,0.00020173453452969383,0.00019433338313327577,0.00033923923650053164,2.7581932807066516e-05,0.00022927824672607457,0.00017938428264598793,7.241669358471842e-05,8.113254903525425e-05,0.0002521309946608315,-6.416774850400437e-06,0.00016680078086646246,0.00021301450602141173,1.5215768817172458e-05,0.00011312438575065776,1.2600174639987172e-05,0.00013418131593637624,-1.320383143698218e-05,0.00023979896903078383,9.01479704873222e-05,0.00016150803373987275,0.0003631202999379212,-9.489720541787956e-06,0.00021749277989392148,0.0002557863915091248,0.00018097275041854659,-1.4037583007364648e-06,-9.145834063509837e-05,0.000250799044046889,0.0003211457246657037,0.00014258978914070573,2.065013294802463e-06,0.00029925379030182374,6.211634129173845e-05,4.612042686375256e-05,0.00035883472129473595,0.0002361817885964296,0.0001917110887956507,0.00021196563077845046,6.779944785898898e-05,-3.175746272330354e-05,0.00018638123946764225,9.450853407746773e-05,3.3406447015659316e-05,9.269200831784278e-05,0.00036506251190611676,0.00027209456669513116,-0.00021400269050454468,-5.351984756933652e-06,4.807536306176341e-05,-5.150125616533777e-05,1.884616347513906e-06,6.90801617524092e-05
EFA,-0.0001527600951366867,0.00035860816548622635,9.756528680591342e-05,0.00019362590592812636,-3.380183059881972e-05,0.0002118020871821442,4.792182592188572e-05,-7.108573821306594e-06,4.967326063834007e-05,0.00017353649850384501,-1.939368100737801e-05,8.300061125828757e-05,0.00011955571498239801,7.578192348171067e-05,7.849799437147122e-05,0.00010152110965526654,0.00012853543733952393,1.9696618965123736e-05,9.935030244766178e-05,7.631233715573937e-05,8.249584826226177e-05,0.00016193048141953747,8.225813256047225e-05,0.00014857673099356492,2.3567388380771892e-05,-6.468133321309222e-05,6.845564212400906e-05,-0.00019317608016163865,2.1486689427884157e-05,5.1529935028213555e-05,0.00017387203793086146,0.00018113230389569564,2.320558074713718e-05,7.10510570183676e-05,0.0001909137536105037,9.389068836947702e-05,0.00019222447416665956,6.878115180243076e-05,-4.910803557174853e-06,0.00013529594445494132,0.0001572726751346817,0.0003118978277190858,-3.175129333197652e-05,-1.3988226227566942e-05,0.0001389205965322595,-8.31251595210818e-05,5.419601066001848e-06,2.6027613507713392e-05,0.0001452312980027859,0.000284972837540502,0.00017089458212765537,5.580122422334284e-05,0.00022889665596344472,0.00010727331685118155,0.00010344215971828062,6.428933665531928e-05,0.00023047150392321145,-9.582351976599033e-07,0.00017043851798829643,0.00016605607385151668,2.2165880059993354e-05,8.796552259619451e-05,6.628643210194686e-05,0.00012241794215315602,9.656150189718583e-06,0.0003016337422283065,6.14226506783987e-05,0.00011236469139126126,0.0002120288373900594,-7.1300424808925655e-06,0.00020038687335995146,0.00018744767499098857,0.00018849948470796483,3.6714880429001914e-06,7.856302897334336e-06,0.00021432190183070325,0.00028401273224125845,-3.72952066866548e-05,-6.506121595932627e-05,0.0002823515473311872,5.778176518139283e-05,8.11715358140065e-05,0.000294268235723275,0.0003426607003722129,0.00013681142760588045,0.00015821730203725772,0.00010665572733127076,-3.495790291185814e-05,0.00012541167427388732,0.00012650458673802036,1.682738255034687e-05,7.592590029116535e-05,0.0005776446763257391,0.00025831167787492086,-0.0003399238639966856,1.784109780482845e-05,3.8204827380996305e-05,-0.00012601593560509027,-8.216493844444494e-05,5.311898722303137e-05
EFAV,-8.760498957988225e-05,0.00016859024845652422,6.1030195287854366e-05,0.00012078769133131231,3.095110645338124e-05,0.0001321231795443183,3.898349270333231e-05,2.0630323770146075e-06,3.362954278511997e-05,0.00011224365269294901,-1.719360459568762e-05,5.013787765074094e-05,7.578192348171067e-05,5.020947796982047e-05,4.986510574495489e-05,6.300907740213054e-05,7.681504567515504e-05,-1.1029081068886083e-05,6.277349041906044e-05,4.823329628507452e-05,5.2619422372932953e-05,0.00010461487735226567,3.17790229214465e-05,0.00010408346220380451,6.505448404235672e-06,-6.078130998933747e-06,3.815451951845854e-05,-0.0001211125022646503,1.3184042007121505e-05,2.960859127714797e-05,0.00010848033405605924,9.587552470606354e-05,9.342733350806594e-06,4.334454383056246e-05,0.00011892614184710395,5.738287569753283e-05,9.518908445235192e-05,4.732554727477594e-05,-6.452233396367625e-06,8.333660458959603e-05,9.544353219169169e-05,0.00021991044374210984,-2.4834470591896495e-05,8.435832746623138e-06,7.148706840172793e-05,-5.206300007087695e-05,2.290463341582023e-05,2.2625737361421346e-05,7.8830855090252e-05,0.00019387128997600195,0.0001085765046731982,2.8973080750001482e-05,0.00015106092356907227,7.419930415079895e-05,6.842113770372784e-05,4.3568871201382154e-05,0.0001330368362363099,1.987453150814213e-06,9.665474428893742e-05,9.547218664546861e-05,1.6413316684237573e-05,3.963245634032545e-05,4.307880034927532e-05,8.775174817374216e-05,1.526685267582604e-05,0.0002000608068724533,3.741609589092842e-05,5.876884075502036e-05,0.00013342445360955624,-3.6217054882055287e-06,0.00010998226226491675,0.00011164990635879567,0.00010288491601760388,1.9724336552273624e-06,2.9514655506933455e-05,0.00013832002169646016,0.0001619655061848668,-1.7663215625547474e-05,-4.264612968609916e-05,0.00010699665476790331,3.8585625150650746e-05,4.94785083338197e-05,0.00019181581180918153,0.00026375984142565855,7.39514918270529e-05,7.725773600580411e-05,6.620931334633162e-05,-2.522926602010565e-05,0.00010584065128156395,8.233062287518369e-05,1.473487041893233e-05,5.416743279947238e-05,0.00037310053012876555,0.00015932680171664907,-0.00023871771210755042,-1.4653552854625842e-07,2.775518909929074e-05,-0.00012068212557613847,-5.054712178486842e-05,3.416022464702889e-05
EQL,-0.00010203943161851666,0.000332267126629226,0.0002185323922451585,0.0001873298882655828,3.4692000292385954e-05,0.00020168211834624167,2.2963298911866904e-05,0.00011452317400074696,5.037398002675467e-05,6.966461106787549e-05,-4.234792217441457e-05,0.00010645147907995831,7.849799437147122e-05,4.986510574495489e-05,0.00011287653346608571,8.766029869868293e-05,0.0001261050681795534,5.5736937328776915e-05,9.27955419001094e-05,7.055189770763186e-05,0.0001095332062664108,0.0002953645174396926,0.00020101828445638064,0.00015469713611891613,-0.00010171777051642477,-7.395093220125347e-05,7.487531739446445e-05,-2.52629726375991e-05,1.768261031624916e-05,7.004942235724519e-05,0.00013075214859408098,0.00027653620182524534,3.16845373067019e-05,2.6927792335653354e-05,0.00021490887661531976,0.00012372815880583912,0.00025366157954619274,-4.030915377941296e-06,-8.309368306039104e-05,0.00016275471189677664,0.00013559040973454045,0.00034350076735537965,-2.7705634245665187e-05,-3.71446758482909e-05,0.00019174612022249243,-9.616542779590256e-05,0.00031828602678858706,2.7027890867257958e-05,0.0001845374473495571,0.0001604549646473739,0.0003306379935841608,1.4739502033134921e-05,0.0002453235735714927,0.00020245386985242352,0.00010432232879557849,8.210353004386065e-05,0.00021090693022533824,-3.262222587839225e-06,0.00014393776358572735,0.00019503369343602892,2.192139855046204e-05,0.00010288732251089114,2.4307988191816773e-06,0.00013489513378029162,2.622209209949292e-06,0.000248466215613545,9.195964151253472e-05,0.00012758024257599797,0.00035073587777851575,-1.1334832724722565e-05,0.0001885815551634354,0.0002745104075734371,0.0001701856770674005,-3.5616213508870214e-06,-8.980455003704004e-05,0.0002500408879531312,0.0003072630315495211,0.00015372063796707932,3.013935431590788e-05,0.00016615835899061167,6.942038432499126e-05,4.2096605104800174e-05,0.00036226462635318324,0.0002986270698047688,0.00017545653320196592,0.00017076719616660144,5.280810807910255e-05,-4.286857489190976e-05,0.00024544971393752,9.487484936980626e-05,3.393988490494066e-05,0.0001305053473510978,0.0003141056078462837,0.00025672161602245035,-0.00023170101818905376,-2.232126722252369e-05,5.8273581734110965e-05,-0.00014303787644300136,1.5484553307345913e-06,0.00010129070440466245
EUSC,-0.00013556855735134493,0.00039045435548356173,0.0001566519280596189,0.0001871686192672234,-7.607789963312597e-05,0.00020873434275561642,2.899753661148297e-05,5.160635030132627e-05,4.5600131260511606e-05,0.00012770029040526032,-6.071303598938621e-05,9.222177350457255e-05,0.00010152110965526654,6.300907740213054e-05,8.766029869868293e-05,9.695491232546e-05,0.00012933565708036398,7.155899931590258e-05,9.43885862998224e-05,7.412917446294272e-05,9.21975342542545e-05,0.0002253009759053064,0.00010701435365419464,0.00013746947356354472,-6.231628001242495e-05,-8.728634561513482e-05,7.315237068370822e-05,-0.00011890525597268666,2.0488375348072943e-05,6.215114445585018e-05,0.0001585853205911227,0.00025791307743806076,3.4028215565704305e-05,6.403910169812455e-05,0.00019778126270139122,0.00010537694005741643,0.00023666718167820045,4.64763206246358e-05,-4.3774332250196144e-05,0.00014669625705114993,0.00014748716978092705,0.00026881376219630256,-1.8233065068191988e-05,-3.5071671774977514e-05,0.0001686041905889441,-8.523207082769135e-05,6.555697618288907e-05,1.7107164936206332e-05,0.0001704471996811703,0.0002663714168693349,0.0002533200384124944,4.461417924010156e-05,0.00022415744836729875,0.00013631116630321517,9.415682538357694e-05,7.021888479732458e-05,0.0002473893588268768,-3.335755749835276e-06,0.00016362871273281515,0.00018916461196521426,1.6147240840306255e-05,0.00011909627414613419,4.569926793533169e-05,0.00012765583998626494,-2.8244479184763984e-06,0.0002836134635583363,7.254470839298632e-05,0.00013142712851164497,0.00028718229949801295,-7.500327771325872e-06,0.00021143551358332214,0.00020464742239102257,0.0001698180829612268,1.56329610962779e-06,-3.43725683838388e-05,0.0002257217986887098,0.00029095927136422783,5.3001925714915404e-05,-4.898702925418938e-05,0.0003029577142129415,5.6698021928969625e-05,6.547566359098206e-05,0.0003212948918418563,0.00030445033734042654,0.00016096094065074347,0.00017502113406182526,8.869994917113593e-05,-3.2379757178937526e-05,0.00012840138633498228,0.0001083276061063702,2.7913385128107037e-05,6.898020595129278e-05,0.0004809855312785197,0.00026237362328850625,-0.0002690029815073424,6.220294359201285e-06,3.958375093553044e-05,-5.445504426671232e-05,-5.0204181856666e-05,4.624522591170271e-05
EXI,-0.00014476552184072112,0.0006233723306671982,0.00023204946673115672,0.00025121861084316933,-0.00016851767183928752,0.00027880650473772084,3.542679692115409e-05,0.00012487195233250458,5.7990147165258406e-05,0.00014452168647500447,-6.664130579415332e-05,0.00013372308644377348,0.00012853543733952393,7.681504567515504e-05,0.0001261050681795534,0.00012933565708036398,0.00018352742699958587,0.00011911796599357616,0.00012764865330422046,9.811705907383848e-05,0.00013168325682867452,0.00033982064847839897,0.00023396392766874318,0.00021613060637464842,-0.00012986346245218817,-0.00019725334459015984,0.00010662368449700609,-0.0001274435973147022,2.6045031077883694e-05,8.572369128164039e-05,0.0001981660224681092,0.0003811482325493788,5.1457664803994283e-05,6.084204052922981e-05,0.0002874037572402161,0.000154659815684737,0.00039092003100378906,3.2974192492242855e-05,-7.181234127435125e-05,0.0002054904951887445,0.00020364524677522858,0.0003632253826559278,-1.0653260239142411e-05,-8.90904573507989e-05,0.00027159537337474087,-0.0001166279131531897,8.43671845453083e-05,1.53097956528753e-05,0.000263640396545515,0.00033441393706905125,0.0003743753934229623,5.6463010630219406e-05,0.0002942378258502509,0.00019707638757928135,7.2656346928443e-05,0.00010159302781244965,0.000358412776658369,-8.904800164845822e-06,0.00025197198834177553,0.00027818336332520867,1.882184615155528e-05,9.924252247904712e-05,4.681604895470351e-05,0.00015354105248554725,-1.61104178788388e-05,0.0003403723133357978,0.0001095196931049998,0.00023061150326181938,0.00042614548462353765,-9.691395992098071e-06,0.00031422774278175303,0.0003042685457243206,0.00029459734193878703,2.6421424350644363e-06,-8.376131436410273e-05,0.0003235250777647698,0.00043234995268971304,0.00010480952274907082,-4.527301869407174e-05,0.0005151353158905141,7.033918580985613e-05,7.130139316613443e-05,0.0004452637434057554,0.00029161084883303525,0.00025051826654450834,0.00030596408316995637,0.00011984851709642163,-2.7371419774787165e-05,0.00019451335494632255,0.0001404490005607631,3.221906137584933e-05,9.990991913842506e-05,0.0005776355851656428,0.00036261380794308626,-0.0003083361746102127,1.8258731192070528e-05,4.7834496938063524e-05,-1.421300513545336e-05,-3.0305673557699245e-05,7.29683532624612e-05
