,ACBI,AIRR,AMEH,APVO,AQN,ARVL,ASRVP,BRP,BWX,CACI,CALM,CBIO,CNHI,CTBI,CUE,CUT,DDS,DKL,EEMX,ELA,ERF,ESGV,ETNB,EXPD,EYE,FLDR,FLSA,FRI,FSR,GNUS,HBCP,ICOL,IJAN,IMO,INDI,ITMR,IYJ,IYT,JOF,KHC,LHCG,LLY,LTHM,MARPS,MOTO,NMT,NPTN,NVO,ONEW,OVM,OXBR,PFG,PFN,PIM,PLOW,PPH,QABA,QLYS,RBCAA,RBCN,SCS,SEE,SMLP,SPPP,SRC,STLD,STRO,TTEK,VBF,VIV,WRB,AAAU,ACGLP,AGCO,ARAY,BBIG,CNTY,CULP,ECHO,FLBL,HCCI,IIF,JHML,JQUA,MKC,TECK,TENB,UBT,VBK,VYNT,BAM,CAF,CSOD,IQDE,IRDM,SR,VGIT,WMT,EBLU,JPIB
ACBI,0.005979114664899421,0.003442731401048432,0.004074735842833933,0.002480206723971115,0.0025332881201601035,0.00024317598843557201,-8.630024220151012e-05,0.004539517511000121,0.0003618103658769232,0.0026364722652774827,0.001099688578153103,0.0030191308393992416,0.0011395482300602413,0.0026084395989151026,0.003383011907605864,0.002317326561664776,0.008981973184108316,0.0014624759253319397,0.0012654592579946135,-0.0002395540190103515,0.0008897426138599526,0.002166059448216278,0.0022635854435614743,0.0006640346308741811,0.005227215794051662,0.0001606973633834322,-0.00041786908360069957,0.0036455701625648326,-4.445426276821432e-05,0.0023662462776247277,0.004252386469597307,0.0017580170635516947,0.0012131993739025622,0.001263561101384736,6.424482343472624e-06,0.004518701822399018,0.00247470645927835,0.0022594684500714633,0.0014173552657908146,0.0014559038074977758,0.003662360223334254,0.0007018851186725659,0.003470671354014816,-0.00047716481943137776,0.0023120750167538204,0.0013922401621166303,0.0003837059516317191,0.0007459666219418772,0.0016570035723072701,0.0004363079885503286,-4.871689033532529e-06,0.004297540756098317,0.003882245564196832,0.0023477456869371444,0.004088330179556802,0.001656643419762312,0.003924331820252626,0.0019079674648320713,0.0058846131320956,0.0014833818358489367,0.004483601527286447,0.002537200727789253,0.0037351408892991197,0.00234075612489695,0.005015495252470958,0.0018103756901782487,0.0029589625427037893,0.0030625769192694054,0.0012548753867059343,0.0002577229540618888,0.0030578099345122864,0.0004695588659571118,0.0024870395050924027,0.002644346685415165,0.00291895843078884,0.0008836519209745329,0.0036704058871223403,0.0003836843493460814,0.003561225671083994,0.0004284132024999853,0.003646285223214823,0.0022232086875724117,0.0023465524077615125,0.002084430540459311,0.0019535451532282306,0.00038595083057022905,0.002843810382015988,-0.0003734363277072846,0.0027325335956832936,0.0002523413088275879,0.0031328577422622757,0.0011630059450930094,0.002701092354615409,0.0016145428151704924,0.0026008114774872418,0.003972611352207939,-2.9355959335071943e-06,0.0005787670079313821,0.00235284081153584,0.003681321836559428
AIRR,0.003442731401048432,0.002611021664083103,0.00287500818509123,0.0020986514727551124,0.0017910165251248374,0.000199184767012352,-0.00028843587895679805,0.003510173181454219,0.00017879853099922515,0.0020762833036377954,0.00057483025594147,0.0033165039535729144,0.001701561545921877,0.001714726144296518,0.00251042464548474,0.0019287705685480426,0.007013017482232278,0.0014222401315604875,0.0011356693668633587,0.0001604701760822028,0.00044236073571890115,0.0017334504831897904,0.0019605408266137906,0.0007935280928097532,0.0035916618374892675,0.00010189616715041093,-0.00024974863211571437,0.0025775732034599083,-2.709830258674923e-05,0.0013379904730259251,0.002782480259651091,0.0012339066563627806,0.0009170988721336531,0.0012401055564373255,-3.5537838079481534e-05,0.003416784832720232,0.0019751215682448863,0.0018369758439445091,0.0010983683090664263,0.0008685393649633492,0.0024744541437351423,0.0007528283735286785,0.0022941535901308107,-0.0010777458756924976,0.0017917203110318384,0.0007606707312510241,0.00033912050967669613,0.00043958221771313744,0.002207109954630769,0.0002515986200600387,0.0005976248413216416,0.0028241868007690043,0.0023434002929255283,0.0016240629171727563,0.0024032116976371873,0.0012307427290301758,0.0026176470815668144,0.0012129097821265338,0.003631570303210707,0.0006153854082112174,0.003173149518446239,0.0016529966173245505,0.0026305435387296953,0.0017257023564792528,0.003511274847881422,0.001482509902268617,0.0025863038162743553,0.0020250942979225628,0.000789187669977389,0.0008939314288810297,0.0021115543504105056,0.0002496742915858291,0.002083772576743428,0.0021975060202490374,0.0024325503558933416,0.0005695922936320612,0.00252402732966776,3.699243428023322e-05,0.0026673771244222506,0.0003273533956827278,0.0031550628790677723,0.0018815328698994817,0.0018596904710142016,0.0016900612837026305,0.0009979400638634574,0.0008888046441046751,0.0021045136059802978,-0.0004181282513142882,0.002135400157626052,-0.0007540834714065525,0.0024345563177556513,0.0009647111623893916,0.001955680332627321,0.0012804736015375306,0.0023967756582682002,0.0026103046983399197,-2.6792609953646666e-05,0.0004944112898899821,0.0017693251003215171,0.003272900891853775
AMEH,0.004074735842833933,0.00287500818509123,0.003611248828804239,0.00231035673807845,0.002158586775640297,0.00016257914896688943,-0.00047981310557595547,0.0038580047479739124,0.00019114456587086286,0.002549927911257263,0.0007550036285277818,0.0036549565664816056,0.0019968455403882386,0.0019041435282224155,0.002835442984584209,0.0021231106415778547,0.009375701795147687,0.0011675445080982399,0.0012110108130486592,-0.0002209551104342916,4.623062119720884e-05,0.0019408996637719656,0.00172594295123613,0.000751945527805565,0.003872957314253983,0.00014213370865632567,-0.00012877091354946037,0.002946259375399317,-4.8502498855149e-05,0.0018448405517294767,0.003170693008043785,0.001305540014258882,0.00105045383812824,0.0007592840935386174,2.6893413375186984e-05,0.004003258190919053,0.0022613481155600496,0.0021004051199947837,0.0011093138747807114,0.0008454454797019825,0.002768892848305469,0.0005617896065068788,0.002878296738174398,-0.0015542718687987258,0.002044787393299209,0.0009592552792816509,0.00016779475398128612,0.0005874702544793058,0.0021926775871411145,0.00022841648330080918,0.0003290745817904749,0.0032190793212134384,0.002416331952935098,0.0018738894134824164,0.002911975054196412,0.001394046587749136,0.002887511219137917,0.0010941421890555082,0.0038137212510261313,0.0008039150494820319,0.003778687003186918,0.0020642008119199644,0.0023051163761776488,0.0018108222124213172,0.0037346862610426936,0.0019321957559837737,0.0022406131174157722,0.0022205716819068597,0.0008814420168846733,0.0008260215456065123,0.002548736541079879,0.0003354319109258273,0.002699720592907408,0.0026001440565634197,0.0028906427781494838,0.0006590581680662465,0.002977705648626052,-8.601727065531275e-05,0.0030171388941722358,0.0002983490847933089,0.003415499178554934,0.00199632051996848,0.0020476359031381987,0.0018928365151292433,0.0012124240249758202,0.0008922519625205239,0.0023389571369470253,-0.0003422034574787445,0.0023964259133745255,0.0008391825389942295,0.0026542035534349423,0.0009933325421071315,0.002323935555837118,0.001374900530178847,0.0023737429727146058,0.00316165207518274,-3.2644430610350655e-05,0.000609795495068372,0.0018139606643139102,0.0037261970387516925
APVO,0.002480206723971115,0.0020986514727551124,0.00231035673807845,0.003676159314801961,0.001261932064571137,0.00029535672085734266,-1.4754655365137614e-05,0.002978133950646466,0.00021690625064734796,0.0015507427696724186,0.0009788717081357435,0.004017116850602839,0.0016204905242974636,0.0012635632667074624,0.0033063996531616812,0.0016722885640087957,0.0051644283273855575,0.0007422978527125418,0.0005207751064906146,0.0008525527784348549,-0.0011046629334399184,0.0013039281961544202,0.0008214137982022026,0.0003797220239472038,0.004017574216464413,1.4813293810523034e-05,-0.0003220658113710163,0.0026995594833160775,6.435394163833536e-06,0.002666929637449332,0.002038117259505238,0.0005353475839428664,0.0005567427968887894,7.956340238086678e-05,0.00015392237248859462,0.0017746390770238248,0.0015484024887233354,0.0014606853878154542,0.0009687122135855194,0.0004654878711463528,0.0020308972153048484,0.0003323484853942534,0.0033448365694798135,-0.0009792019085211625,0.0013691459578987202,0.0007865179742149838,0.0002529499102057715,0.0004487464053593047,0.0020460025247128364,0.0002698626867104895,0.00044510658053934936,0.0031533221519957026,0.002246246106736264,0.0012816670902948463,0.0015618581478042018,0.0009580298705004094,0.002272827820588252,0.0011356000739791402,0.003205060605464155,0.000611526652764447,0.0033821838855288577,0.002133269721040897,0.003187949936806183,0.0012731526865909792,0.0036839175461334077,0.0017202925246239335,0.0011105871333860911,0.000648654640788697,0.0006951368160724643,0.0010540428054614801,0.0017615896605848876,-0.00013127240681945354,0.0026152666226831253,0.0020175134583288717,0.0020372565008760597,-0.00021693172206617913,0.002218248959382472,0.0007524983493603627,0.001815273991282372,0.00013064494775760047,0.003028931598779877,0.0015983112580114616,0.0014049804679337214,0.001141129995800582,5.194647477134375e-05,0.00022325871965961656,0.0018699541898439262,-0.0005905010592440277,0.0018836827210723893,7.495144442963978e-06,0.0018916572662137723,0.0006807810740488157,0.002010372649475088,0.0007646086434831515,0.0016757003086244268,0.0016357109469773384,-1.5389690142681703e-06,-0.0003810208839543285,0.0015130294359951134,0.0021338379734808515
AQN,0.0025332881201601035,0.0017910165251248374,0.002158586775640297,0.001261932064571137,0.0017066123565446982,0.00015467413578542898,-0.00042310111267171533,0.00274971474775232,9.126601841503765e-05,0.0015226344770818325,0.0009759775995067766,0.002593247975881482,0.0009205652486617482,0.0011297015529332867,0.002213616725719847,0.001358121718833488,0.006568962666919185,0.0012993643796098365,0.0009450473475731635,0.00022273011487371902,0.00012493293563336236,0.0013581062525741408,0.001378344312845482,0.0004751733861997059,0.0028302346031779083,9.52799295744119e-05,0.0001459078427429885,0.0018447535499878645,-6.596184194538838e-06,0.0014310472495238343,0.001776561718827752,0.0011457127201863508,0.0006495379011775258,0.00046483571941294624,-5.391944911263179e-05,0.002579866863612591,0.001474314516763536,0.0013834847042457272,0.0007878431364607577,0.0006829348713237725,0.00202502363205591,0.0003623822727258614,0.0019959357944333155,-0.000539969685710375,0.0015274964244700409,0.0007125938151203299,0.0004411779226121909,0.00037604808569486145,0.0021113973890249803,0.0002195588858320414,0.0001293374022928416,0.0022735271532573703,0.001459837913728504,0.0014135921510364977,0.0015351963224094745,0.0009790665871100784,0.0015370377832216872,0.0011383235494338653,0.002195164469715823,0.0003970530532691338,0.0025488539643120606,0.0009135781417037704,0.001501837588114433,0.0019495145493818576,0.002366001662740744,0.0012118204992328803,0.001681952931386424,0.0016468670131489444,0.0005521970768581899,0.00031655680972817824,0.0015240432283230975,0.00027744804726594584,0.0015501191504055912,0.0016576715309489928,0.0024183242557487394,0.0003639193490301539,0.002356306136769811,0.0007464048783477029,0.0021091614946360986,0.0002232825079464692,0.002227923518168069,0.0013105448247647464,0.001408183273717765,0.0012761751580063002,0.0006815586834524051,0.0009794587826703837,0.001776939735599211,-0.0003601284558115942,0.0016065720868307992,0.0013764351537755622,0.0017308613623194405,0.0005892237493658515,0.001585516913954089,0.000943555750957303,0.001504334339237404,0.0021762961825816506,-2.9014834464196242e-05,0.0006316933277564213,0.0012265743679789995,0.0028678913102271864
ARVL,0.00024317598843557201,0.000199184767012352,0.00016257914896688943,0.00029535672085734266,0.00015467413578542898,4.719193523883591e-05,1.3763039550486328e-05,0.0003380921658630135,1.226554459381258e-05,0.00010931101295979402,0.00016508279763370308,0.0003909956220698365,7.763857903343744e-05,0.0001226353986739001,0.00036621950656298946,0.00014720172085138468,0.0003822458223348444,0.00016896853492051015,7.68823143893288e-05,0.00014534249747991684,2.8579169261659432e-05,0.00014592009263500103,0.00010421772873658772,6.78374768900118e-05,0.0004944587526956971,-2.4183240719818894e-06,3.460623316268246e-05,0.0002728753277828693,8.65139717118999e-06,0.0002613260543605099,0.0001651647073429312,0.00015662059505168113,4.9295209463388645e-05,0.00011528442687199376,-1.5215527181231454e-06,0.0001851279904347751,0.00015602643848448115,0.00015054399349062817,9.482301169201487e-05,0.0001258154060031201,0.00020247574718180043,7.481331459489299e-05,0.00033029070460931025,4.0460228066066326e-05,0.0001769309824638305,8.185611624503321e-05,7.268922434471241e-05,5.0949700668627525e-05,0.0003682081838354961,4.940042754053297e-05,-4.565383984212203e-05,0.00036030879225555976,0.0002499136652365629,0.0001488908237017926,7.078349256474083e-05,0.00010812530580230238,0.00018732381314763165,0.0002184824418431709,0.0003261194017023816,5.556308973797588e-05,0.0003230987729339599,0.0001386662557102178,0.0003534777128505433,0.0002322360522746704,0.00039351779987872176,0.00011711927819485943,0.0002102801669728089,0.00016217812746616283,5.387338269168582e-05,6.671291559631591e-05,0.0001290938999095328,-2.8555287773941192e-05,0.0001648763371522029,0.00017580704400813507,0.00027783284038138454,-5.470451941702089e-05,0.0003051536590163196,0.00026439293722298234,0.00022658948962503124,3.279581404824298e-05,0.0003147326021800943,0.00016078724018860446,0.0001631342041481901,0.00012528959290407024,2.0204025033697895e-05,6.221855917170026e-05,0.00021405363210809676,-8.839232631580815e-05,0.00019643841116918117,0.00016920102496738323,0.0002398445421542306,6.621386326853867e-05,0.0001797077828703229,8.486225340563866e-05,0.00014607489852502226,0.00018020102038989583,-4.984433903342215e-07,-1.986753647854048e-05,0.00018099961302801612,0.0002479368849541718
ASRVP,-8.630024220151012e-05,-0.00028843587895679805,-0.00047981310557595547,-1.4754655365137614e-05,-0.00042310111267171533,1.3763039550486328e-05,0.00033134672770035906,-0.0005151685095887215,4.151996582402e-05,-0.0004293475959465492,-0.00013957832287866509,-0.0007897297224144387,-0.0004957532334440079,-6.559286277510499e-05,-0.0002938565072475368,-0.00030251240917679326,-0.00233110056553189,-0.0003282559070385975,-0.0003064583353400833,2.2185524929785984e-05,0.00018781188021104508,-0.0003163736419041931,-0.0003267985719788946,-0.00015110967167505828,-0.00012680236132675887,-3.6285197250252985e-05,-0.00014779103369920058,-0.00016010859527736178,1.0430397585565677e-05,-7.128019602258149e-05,-0.00012733038476760573,-0.00018735583566459468,-0.0001487525881439699,6.616450977117315e-05,3.1868209052062506e-05,-0.00066690228045266,-0.0003385847129924308,-0.00032792501718182195,-0.00011306239109299681,4.324410845051197e-05,-0.00031038620693006223,-3.07561159847682e-05,-0.00018400729502997837,0.000538219139465997,-0.0003475870002863587,-5.006724864370429e-05,-7.805183594680564e-05,-3.444972755465533e-05,-0.0006884505833429103,2.8845417663273232e-05,-0.00021035106824895906,-0.00013309073867784747,0.00020948477974413768,-0.0002593046596889396,-9.223095024602136e-05,-0.00019093852038199968,-1.8343196511328103e-06,-2.6825629275306753e-06,0.00022384357071225316,0.00015712016681459346,-0.00039144971114287087,4.555615444566908e-05,0.00029534713133467307,-0.0004524457224457137,-3.707611662482183e-05,-0.000356709247138124,-0.00027741949192505716,-0.00025514937366739643,-2.830703747799111e-05,-0.00020365240246134232,-0.00026331935162932617,-0.00011552787465242149,-0.0004268828529924904,-0.0004259614532737892,-0.0007072080359211699,-0.00013945419486146505,-0.0004050296417417949,6.112168726822826e-05,-0.00043252381933848105,-1.794247925111318e-05,-0.0004482621301850642,-0.0002638851736818183,-0.0002907406427539691,-0.0003150719808551693,-8.304261326319688e-06,-0.0005558028699678017,-0.00033032761981177384,4.761399193624307e-05,-0.0003061958064074075,-0.0006055269103523807,-0.0002636103920330436,-0.00010018660690516755,-0.000294438482841866,-0.0002162806553556977,-0.00036722092459636727,-0.0004168327389188315,2.2299147684021477e-05,-0.0003418714285143064,-0.00011246391665983675,-0.0009508007433450331
BRP,0.004539517511000121,0.003510173181454219,0.0038580047479739124,0.002978133950646466,0.00274971474775232,0.0003380921658630135,-0.0005151685095887215,0.005156338819763059,0.00023709918554438089,0.0027732492885266646,0.0012068332874483414,0.005010537420777204,0.002154578124573313,0.002211907617004944,0.004120687371364539,0.002651046664345838,0.010847609849387077,0.002480993754071175,0.00170020273480667,0.00033925490071455696,0.0004690655528800051,0.002491491603548682,0.002650834640755534,0.0011116750192813989,0.005660622359355142,0.00011889036388407338,-7.470961329645432e-05,0.00366215372748332,-7.6226078877289515e-06,0.002418922661016594,0.003326740547364765,0.002000416117209563,0.0011913798063110067,0.001433040313545772,-3.267517610953616e-05,0.004576199528754592,0.002763925472002249,0.002605869239625351,0.0016014827595411073,0.0013600993743566857,0.003543039594826761,0.0009515721163472363,0.0035869315813089114,-0.0009405902744733636,0.0026956802469319282,0.0012006801954051389,0.0006306441172587926,0.0005398379230296319,0.004455368145029536,0.00048380755897384583,0.0006868430822919866,0.0043314522961849485,0.0031445346955773024,0.002628886032232273,0.002892035564557906,0.0017502076988052213,0.0033045326059398224,0.0019398342707979473,0.004641752226920668,0.0008419029760401671,0.004731625952886631,0.0021042541540826896,0.003928924067264867,0.0031653978017518783,0.005102059171905452,0.002166453061488776,0.0034615121389248637,0.0028009098120746795,0.0011203388729847435,0.000984908426303138,0.002810525141194672,0.00028849848184396516,0.0029922873848168786,0.0031890373506435004,0.003944947357836039,0.0007611531278841671,0.004329397319948645,0.0010091828210656206,0.003787724401729073,0.0005237351022967367,0.004123767028486515,0.0027316281037782055,0.00265035829279136,0.0023639900352778347,0.001141966512347935,0.0018910784265087797,0.003041705318588885,-0.0007935327482507174,0.0030377193331774907,3.855006240082667e-06,0.003391265914596939,0.0012701713525733996,0.0028186358714231492,0.0017821398822510672,0.0032385159717532135,0.003652732653603338,-5.255047175091256e-05,0.0006740062821898003,0.002528955629655668,0.004910571339957878
BWX,0.0003618103658769232,0.00017879853099922515,0.00019114456587086286,0.00021690625064734796,9.126601841503765e-05,1.226554459381258e-05,4.151996582402e-05,0.00023709918554438089,5.79525436142168e-05,9.463878235211855e-05,-2.6743990211894175e-05,5.6771533592519056e-05,-5.563020761101549e-06,0.00015049153592972691,0.0002445857731759199,0.00012103700729925511,0.0004492657851137466,0.00014462507932830123,4.917000475789505e-05,-0.00010431597207111823,1.5258770883186128e-05,8.310227769630183e-05,0.00016279720597911192,3.923208187109445e-06,0.00041593847578506486,-1.1470161527737057e-06,-0.00014366958273292292,0.0002155797813653373,-4.045998565892212e-06,0.00019383329924957138,0.00017329646242970705,3.857055668915262e-05,4.216137761545515e-05,-3.4229964908132664e-07,2.859235089702273e-05,0.0001179034665092055,9.35671897771456e-05,8.602930091433333e-05,0.00013695163131248263,8.296723205555342e-05,0.00023436856156650048,6.571779204105581e-06,0.0001956934029265507,0.00016616543732135612,7.119259980544727e-05,0.00011364305353389246,1.4205824722154898e-06,-2.850400728629598e-05,0.0002012255666459702,6.300695987889132e-05,0.0001461063228867124,0.0002997562091068145,0.0003147927111612976,0.00022068982135970428,0.0003059842110499499,6.114534284088331e-05,0.0002829143624484269,6.252529512313114e-05,0.00042484962478429205,0.0001594570008188461,0.0002906540844284311,0.00020622025854132275,0.0005171282604386533,0.00016074672914982192,0.00043176367952837134,8.870597269344407e-05,0.0001097081897767319,4.939768413984037e-05,0.00013984157331667322,-6.451706969794209e-05,0.00017536057044616695,2.2056396510973408e-05,0.00015836489446364384,0.00014626896066727518,2.2546461835949648e-05,0.0001578747963641074,0.0003014862832021123,-1.0924802113798366e-05,0.00011003106123498234,4.840214199473058e-05,-2.3290002918954516e-05,0.0001702865415547369,9.35764602605179e-05,7.11305064096105e-05,7.787230327132963e-05,0.00011586520539208393,8.888001977336872e-05,-4.558161603198645e-05,0.00012131188638929559,-0.0005785862268234535,9.263395772704202e-05,6.997330842155882e-05,0.0001411075491224018,8.361099618648676e-05,0.00020062870616269408,0.00015357881154515722,-1.0721224694993414e-07,-6.763005646946322e-05,0.000157120657078905,8.583828314247836e-05
CACI,0.0026364722652774827,0.0020762833036377954,0.002549927911257263,0.0015507427696724186,0.0015226344770818325,0.00010931101295979402,-0.0004293475959465492,0.0027732492885266646,9.463878235211855e-05,0.0018847183040744367,0.00041986146208927396,0.0028301130450573806,0.0016972476000680172,0.0013088102264410355,0.0018793588936526697,0.0015682094010286004,0.0067998915516679055,0.0009175016025785034,0.0009513182527814173,-0.00011511488490116058,0.00010691703883636008,0.0014347871690977947,0.0013458303249374176,0.0006614212793893025,0.0025411193556626947,0.00010373490064005768,-3.8498603889844424e-05,0.002016788282901147,-3.562000866768352e-05,0.0010284714814590152,0.002201447335772308,0.0009554009362957522,0.0007780244513089086,0.0007404211797308425,-1.1525713045128815e-05,0.0029953257574506396,0.001670624208910199,0.0015585117546494196,0.0007763542523049462,0.0005593754640692416,0.001872970114695507,0.0005058615200015533,0.0018387894263991417,-0.001386829925719599,0.0014937563523862354,0.0005732844435794546,0.00012145389129229427,0.00039820425683744474,0.0017751141275484175,0.00012302743867975902,0.00036803911783302363,0.002093163496590682,0.001519188758232808,0.001267933556393663,0.0019158598995806394,0.0010022600667131737,0.0019626688019705805,0.0006983082479139874,0.0024743818260244766,0.0004088851506488952,0.0025639293536763893,0.0013464358559039677,0.0014332253065666288,0.0012428296157845496,0.0024992174524680268,0.001377779101249731,0.0018014428439379808,0.0016213357947666251,0.0005621244095824182,0.000803781652913293,0.0017699367404489894,0.00023092403195287966,0.0019204372564653202,0.0019056088454101582,0.002142578307421103,0.0004707769783541007,0.002004771842853882,-0.0002217861670487267,0.002206351140399859,0.00022030437298368425,0.0025921240250291883,0.001472986534211467,0.0015110380414076012,0.0014214819717484606,0.0008113034521952749,0.0008051832681360519,0.0016545109671939116,-0.0002515959383239972,0.001734433181301641,0.0003984903788598606,0.0019614151626642005,0.0007492722890662607,0.0016021600502506635,0.0010258804951402461,0.0018364168053760486,0.0022056808976327604,-3.1759062934993594e-05,0.0005285787955092031,0.0012867724931027878,0.002862993515451914
CALM,0.001099688578153103,0.00057483025594147,0.0007550036285277818,0.0009788717081357435,0.0009759775995067766,0.00016508279763370308,-0.00013957832287866509,0.0012068332874483414,-2.6743990211894175e-05,0.00041986146208927396,0.0015535705596091715,0.0016339328130219582,-0.00019513185255640912,0.000348834130254432,0.0016180356736645806,0.00044926467951467077,0.0020947721652978557,0.0003025986226769483,0.0001870519651313386,0.0011094987100566504,-0.0005370195712016864,0.0005460297938165432,0.00014514013284613953,-0.00011379762013155296,0.0015265961140623152,4.929085358992876e-05,0.000466528101924762,0.0009133913062542518,3.443397640571265e-05,0.0016080860042106198,0.0007674266496337687,0.000551298386032616,0.00017305639238221832,-0.000330856873740135,-7.481189781147366e-05,0.0006836209565307848,0.0005334467887677777,0.0004921167812005545,0.00018528293068590025,0.0002639195516692143,0.0010531664217712426,-5.643207734492485e-05,0.0017746999077049251,-0.00012193849138775526,0.0007777496693366,0.0004511298322664916,0.000567974287844377,0.0004952708585014727,0.00020370063193744385,6.0415131223670646e-05,-0.0007484054266911318,0.0013890851764948471,0.0006044221202067337,0.0003367152331592626,0.00014180361814209943,0.0004925177342893148,0.00028554159461061237,0.0011958295805812747,0.0008293632566912814,5.7482467356995636e-05,0.0013413247721498186,0.0002511816021889641,0.0001725564113098844,0.0012076707415090288,0.000780023261599262,0.0006232263133152115,0.00026836556908132873,0.0006977876602395759,5.611806326219611e-05,1.0913502826784933e-05,0.0005270428119171377,8.158503415769363e-05,0.0006351360951064754,0.0004923334992856586,0.0016353831616606287,-0.0006625811562326337,0.0008750965913206784,0.0015462856841002837,0.00092107562957994,-9.590741675788977e-05,0.001684557897705621,0.00018791888506762368,0.0005408035434966923,0.0004101334801318649,5.1747815587129074e-05,-0.0003804520762563996,0.0012569908247666267,-0.00021082691050934452,0.0007250943992088213,0.0037844966929309336,0.0007127574612859993,2.2028850336283984e-05,0.0009553366969261113,0.00019613322149796597,-6.805084267159436e-05,0.0009998607487326449,1.3240357888279933e-05,0.0003434177060867997,0.0004020355902108862,0.0011932057166198365
CBIO,0.0030191308393992416,0.0033165039535729144,0.0036549565664816056,0.004017116850602839,0.002593247975881482,0.0003909956220698365,-0.0007897297224144387,0.005010537420777204,5.6771533592519056e-05,0.0028301130450573806,0.0016339328130219582,0.006920339356055,0.003156770739156445,0.0017181593537975676,0.0044645898146220275,0.0027665628012384976,0.010672659181177822,0.002044984352062293,0.0015553377541647972,0.001449459724002792,-0.0009113766062939132,0.002478985549998929,0.002131027923227583,0.0011286982615485682,0.005069333994794938,0.00010478945120840651,0.0002707742692345511,0.003561323272586383,1.0685408571561908e-05,0.002776803300990218,0.0028609602746029065,0.0015485490327318417,0.001093682633222591,0.0009358830285809075,-4.6776658557585635e-05,0.004106207792814082,0.0027914788436810916,0.0026573873240100724,0.001382739695137085,0.0007445178526994867,0.0030901453170441456,0.0008984245635415868,0.004080146388322706,-0.002453416148561745,0.0026889487794433797,0.0008823422162668544,0.0007324043772066353,0.0007177110869731768,0.004437255262561889,0.00024363597387785466,0.0007780822330109305,0.003957038107023153,0.0021791185750456416,0.001971624430642104,0.0016766555864080278,0.0017093581371498807,0.0026065096368169506,0.0018094071714464019,0.0033326757279860454,9.72363959394673e-05,0.004670251953734961,0.002004972518963463,0.0028919226079759876,0.0027782941217237263,0.004360789721736053,0.0026185214499166725,0.002937733862261071,0.002023549175140335,0.0007152607238770411,0.0020169054276399398,0.002544110278403575,6.809967018314108e-05,0.003633377561522227,0.003330968927146164,0.004472594589033047,-0.00016996736163095777,0.003478587789439597,0.0011423812151249272,0.003565700310472685,0.0002600611309334279,0.005345617827266926,0.0025706974025711967,0.002586145307088224,0.002309956666948974,0.00021824273534467917,0.001599732995868091,0.00323305723372633,-0.0008915787499002435,0.003103333584165921,0.001766366076232787,0.0033270956623713426,0.001147798819659915,0.0029673811964102165,0.001559488921610366,0.0030330436840812053,0.003048250089214205,-5.752215194617885e-05,0.0006308059259376328,0.002235968972844633,0.005208582903484923
CNHI,0.0011395482300602413,0.001701561545921877,0.0019968455403882386,0.0016204905242974636,0.0009205652486617482,7.763857903343744e-05,-0.0004957532334440079,0.002154578124573313,-5.563020761101549e-06,0.0016972476000680172,-0.00019513185255640912,0.003156770739156445,0.002448138195598142,0.0008551563754552114,0.0012736223170328497,0.0014157978838567984,0.00557561300981495,0.0006368913358963179,0.0008262906453783453,-8.703114774648887e-05,-0.00019094787497245296,0.0011888054883384285,0.0009734779606615481,0.0008464921567132942,0.0015862125342298863,5.753955640088344e-05,-7.025403646302536e-06,0.0015443454145626378,-3.3865691996821277e-05,0.0003311849315938671,0.0014723368467405838,0.0005534121619096537,0.0006372887049528108,0.0008506707402861736,1.596094405921882e-05,0.0024416053103692415,0.0014579823556217547,0.001388513726874498,0.0005633372709374983,0.00018925221128249809,0.0009997783738700987,0.0006047888622367337,0.001173591322530682,-0.002094997474536406,0.0011502350520763097,0.00013402608100773417,-0.00013453042460962066,0.00022270114387767817,0.00211641844961605,-8.549861563602354e-06,0.0007422854131708052,0.001227442570808528,0.0006959915345416889,0.0007760538802270802,0.0010403035965346932,0.0007390845044522304,0.0014282249219379284,4.235010148643836e-05,0.0013131338523018046,-4.355288517323576e-05,0.0018424458238844705,0.0011499238557916716,0.0008913499312740294,0.00044500942292230493,0.00181051824346774,0.0012749701992931393,0.0015252169652566518,0.0009259134548322913,0.0002893112221523558,0.001429524413224976,0.0013036139304205057,-1.2860282843177559e-06,0.0019228256458932976,0.001782184096738216,0.0016662441780367384,0.00028249878011451184,0.0012374083058673709,-0.000805932485815016,0.001683330509615422,0.00017226568106000172,0.002428853529933167,0.0013641260241702953,0.0012573323568952997,0.0012274501411068416,0.0002666529120413424,0.0009918897350577533,0.0010879641247979806,-0.0002533831715258821,0.0014402602805808548,-0.0005870003375131939,0.0016914717579485875,0.0007047460880303588,0.001148484545160911,0.0008290952872659666,0.001816855676056976,0.0013362960259938742,-4.615037834312415e-05,0.00028297662686278363,0.0009889519609411104,0.0024773446813446
CTBI,0.0026084395989151026,0.001714726144296518,0.0019041435282224155,0.0012635632667074624,0.0011297015529332867,0.0001226353986739001,-6.559286277510499e-05,0.002211907617004944,0.00015049153592972691,0.0013088102264410355,0.000348834130254432,0.0017181593537975676,0.0008551563754552114,0.001231587298444274,0.0015241037760086978,0.0011928074297004336,0.004100514075583429,0.0007841681789510117,0.0006658690484468063,-2.6083897056824192e-05,0.0004908128669533065,0.001078089404364761,0.0012286040317724806,0.0004515154452251306,0.002383120558630278,7.01814119849614e-05,-0.00023333905402594368,0.0017208582476874747,-2.1507051204944272e-05,0.0008675576033133801,0.0020178889410903955,0.0008182227865975719,0.0006047293479118525,0.000865989650348397,-1.5964344906732096e-05,0.002232735245361457,0.0012400012640636005,0.0011390300383944216,0.0006994917811766829,0.0006570932276915424,0.0016576918539833395,0.00047504169957717776,0.001483002562894158,-0.0004822130367553469,0.0011115646926960355,0.0005514489212494442,0.00017870909128723318,0.0003212161755050478,0.000991751162354041,0.00018176046190137635,0.00021949831195505016,0.0019092904562776941,0.001772441820345235,0.001048022854841581,0.0018307650610502441,0.0007938367978464079,0.0018836569838568892,0.0008399350616596886,0.002732693654981168,0.0005734715494245273,0.0020456655697436085,0.0011795961631450953,0.0018223006844865794,0.0010059808867437599,0.0023848092816080636,0.0008614736201927442,0.0016648883562580563,0.001437272888865775,0.0005611436343187742,0.0004009854392591873,0.0014278100774501165,0.00018504046254771257,0.001215478858133291,0.0013253348052815203,0.0013778270418741958,0.0004149331792832466,0.0016043619567862098,-2.2856844886617492e-05,0.001727547435614681,0.0002198133722285213,0.0019375853072596807,0.0011560099547168327,0.0011746135493302964,0.0010578405109020598,0.0008513006571576237,0.00030205187135713533,0.0013370206631901063,-0.0002090101560288987,0.0013483286486275982,-0.0005397368887642656,0.001584499838389634,0.0006234537883191328,0.0012458576072543115,0.0008174933963026499,0.0014584414447278565,0.0017893400777825052,-7.023549495675891e-06,0.00027700146959148687,0.0011677236709226766,0.0018739706278974963
CUE,0.003383011907605864,0.00251042464548474,0.002835442984584209,0.0033063996531616812,0.002213616725719847,0.00036621950656298946,-0.0002938565072475368,0.004120687371364539,0.0002445857731759199,0.0018793588936526697,0.0016180356736645806,0.0044645898146220275,0.0012736223170328497,0.0015241037760086978,0.00432332917636284,0.0019650688798956346,0.008689020170595094,0.001938995604623358,0.0010862446546289156,0.0006561064283318043,-0.0005661558178801574,0.0018355025302289247,0.0014518314767121851,0.0005655774773240654,0.005475974673542516,4.239174284659754e-05,4.415280386712435e-05,0.0031803265045159063,2.9966632163148974e-05,0.003308732451067294,0.002074105931814394,0.001462501584755172,0.0007180720850980842,0.00016680599577983225,0.00010302743405369578,0.002705814491961797,0.0020066200947237286,0.001919919230570767,0.0013059651151384472,0.0010508722764060218,0.002881864053231601,0.0003820928335375365,0.003939581605900186,-7.978193548812476e-05,0.0021083821395360986,0.0012141036112026918,0.0005934539910281057,0.0004324471561407879,0.004206040312530051,0.0005273881091813435,0.00023655070004774127,0.004173329592169977,0.002635706868860885,0.002299750299258561,0.0018368370379057977,0.0013237013378915312,0.0023912315176933207,0.0018140985897405195,0.0035462272490870625,0.0008402498008370438,0.004324702352635435,0.001932358689705069,0.0038067529968311324,0.0029578646630216057,0.004525970456972631,0.001968304333684189,0.001796179519128602,0.001589809544418258,0.0009514373469717316,0.0004675720966706577,0.002104894729248403,4.107121766339471e-05,0.002772546329221547,0.0025519664888227368,0.003360513666413386,0.00021659110162498938,0.0040537103992126415,0.001984131812216462,0.0026913447570862475,0.00036103406252018314,0.0029876633058300403,0.0021040893158055093,0.0019369348060820802,0.001605305760159273,0.0003773362071109596,0.0014719055249917666,0.0024894825808762706,-0.0008549886393735215,0.0023816009831823365,0.0014267853158964183,0.0024304435602425034,0.0008016823496091527,0.0024708480345169525,0.001162278113582107,0.0020661230883503023,0.0026130215131621413,-3.198499365742075e-05,5.8856736649667054e-05,0.00198108247855274,0.0035237015564064007
CUT,0.002317326561664776,0.0019287705685480426,0.0021231106415778547,0.0016722885640087957,0.001358121718833488,0.00014720172085138468,-0.00030251240917679326,0.002651046664345838,0.00012103700729925511,0.0015682094010286004,0.00044926467951467077,0.0027665628012384976,0.0014157978838567984,0.0011928074297004336,0.0019650688798956346,0.001486478516192892,0.005570696678451838,0.0011608653003424528,0.0008850283020895867,0.00022580352198054462,0.00010153526855452983,0.0013119758114922277,0.0015336799887968157,0.0005959305011575844,0.0026235361684107555,7.504871503984021e-05,-0.0001942864652494215,0.0018739725659582206,-2.051581747847655e-05,0.001034385488411947,0.0019306956036931919,0.000848704549490072,0.0006722240551335591,0.0008012128254090284,-2.7148717733955597e-05,0.002489044779142461,0.0014837263733528086,0.0013872017033828622,0.000850249605626659,0.0005397162765737312,0.0018536353309839334,0.0005381448396348415,0.0017257620678139843,-0.0009501633797171705,0.0013462199876624224,0.0005413321674937523,0.0002992644455205885,0.00028962712005834373,0.0018598044857766115,0.00017186076920365034,0.0006508088520507829,0.0020469786176877942,0.001577538675574244,0.0012230037403491668,0.0016461036985890346,0.0009141325137164525,0.0018310597030873346,0.0008559999912296191,0.0024580098628201267,0.00034004507186801157,0.0023908067801355543,0.0011655187298961567,0.0019254666079114014,0.0013827013164935537,0.0025408614377800593,0.0011921742248304215,0.0019002885891540493,0.0013574381201252367,0.0005762924001990555,0.0007768355406718716,0.001550539585721487,0.0001930484384659705,0.0016726697270594971,0.001702016548302839,0.0019186744598763956,0.00041924591395971173,0.0018755049429263412,1.0635856680334933e-05,0.001952494549188764,0.00022812041083314545,0.002396019215117874,0.0014461090204932261,0.001389042257458916,0.0012692134216543993,0.0005776994323820246,0.0008495996580916116,0.001596914044851052,-0.00035141806980903815,0.0016069589153763601,-0.0007093627263733481,0.001753146026883243,0.0007155826600633014,0.0014961677595959173,0.0009604188711506971,0.0018736022034544437,0.001865611434268911,-2.62977687189578e-05,0.0003991399193976168,0.0012946818385548827,0.0025992811641805387
DDS,0.008981973184108316,0.007013017482232278,0.009375701795147687,0.0051644283273855575,0.006568962666919185,0.0003822458223348444,-0.00233110056553189,0.010847609849387077,0.0004492657851137466,0.0067998915516679055,0.0020947721652978557,0.010672659181177822,0.00557561300981495,0.004100514075583429,0.008689020170595094,0.005570696678451838,0.032527354306228516,0.005189521860055567,0.004042136898081954,-0.0017940289751317271,-0.0006049785752083045,0.0054218191482863845,0.004674760425060337,0.0022590680781128347,0.011187729849622609,0.0003297827797277055,0.0003785529472617586,0.007326578970765397,-9.515892774685257e-05,0.0055838154673547614,0.0056889699356081885,0.004127993291394284,0.002561573533914332,0.0005271171611991361,0.0002095193625605382,0.010491410462296416,0.006088432003777678,0.005812919391596364,0.003249277287820485,0.002277509884882605,0.00730072522807126,0.0009710382590805028,0.0076017391739897425,-0.0029466402861825897,0.005958618434001772,0.002805628675319697,0.00048086763863908427,0.0007590783552889402,0.011968391774060387,0.0009763839836185277,0.001676651228381033,0.00876085413728861,0.0047444388110347395,0.006668896672422578,0.006331973158396955,0.003644275977538765,0.006022845701286089,0.00229279986822004,0.007005254580584761,0.0018143211522743989,0.010642508479399683,0.004434552721303916,0.006134279350408494,0.007335727152701125,0.00978954740741973,0.005692322265294943,0.005190866564877042,0.00536945714611401,0.0025121123206945707,0.0013181727196994763,0.006349512504095998,0.0009358479162731037,0.007862030207790876,0.007743007537025453,0.009342996312571593,0.0028836498590296034,0.010973797876663116,0.0013346297792653336,0.008017598770110096,0.0011574477828827229,0.006632564268875945,0.005987856385117941,0.005551595589277081,0.005179254302533342,0.002273188426591068,0.006501656674663655,0.005831748957515835,-0.0014838015230949307,0.006337434393581161,0.0034816035865911305,0.0065163187284973,0.0024651319656242535,0.006143160636868485,0.003833957641886056,0.006629899866667141,0.00830042869039326,-0.0002073407706557173,0.0019269611522084013,0.004704028644365587,0.011808997425587716
