,ACHC,AFI,AIHS,AIN,AKR,ANIK,ATNI,AVD,AVRO,AWF,BAH,BBEU,BNTC,BOH,BTZ,CBD,CETXP,CFBK,CID,CMCTP,CNI,CVU,DMRE,DRQ,EGLX,EXR,FIZZ,GD,GHSI,GMOM,HALO,HAYN,HCCI,HRZN,IDHD,IOSP,JFR,JMIN,KRNY,KSS,LBTYA,LILA,LMT,LOV,MBB,MMSI,MNR,NNVC,NSYS,NUO,NVO,OPER,PBI,QVAL,RVLV,RYAAY,RYH,RZG,SFE,SMAR,SPTM,SQQQ,STC,STM,STRO,STSA,SVA,TCTL,TEI,TPOR,USIG,USWS,UTES,WTS,AVNS,CATY,CELP,CMRE,CSPI,DOOO,DTH,DVLU,EUDG,FALN,GSSC,JELD,JHSC,SRT,SSB,WMS,BOOT,IQI,JAGG,JHML,NTRA,ONTO,PANW,SFYX,THD,NTCT
ACHC,2.8495415655596487e-05,2.824177885565747e-05,-0.0001250740984028351,4.0929516767493605e-05,-1.4952287410087516e-06,3.3735388604881836e-05,1.8698376894398662e-05,2.364206714636259e-05,-2.706404181730696e-05,-9.58497110891062e-07,-1.5368807359727967e-05,7.618394894277355e-06,-2.396865696128805e-05,1.5050829779247856e-05,4.101178017341877e-06,1.91849431000531e-05,0.00013891841750628286,-3.3120214551998462e-06,3.2503546311675233e-06,3.7007716621293543e-07,1.620939899692738e-05,5.0271739052750015e-05,-7.825847668392797e-06,3.383521009011385e-05,1.770911551703686e-05,1.3473973877934032e-06,-7.037694111608482e-07,1.9492749276855627e-05,2.6832732271966842e-05,-3.348530340710414e-06,3.458665828216559e-05,-7.898047693075334e-07,5.168240292367144e-05,-1.3362695871022177e-05,2.244613597170078e-05,3.270939932080463e-06,1.968580534885773e-06,5.132089895264707e-06,1.825815601027699e-05,2.5098219133221947e-05,6.263896133540309e-05,3.2187557270679426e-05,1.3656805556942394e-05,1.889464076514312e-05,4.396577078460312e-07,6.108556297521326e-05,1.3154521575460234e-05,1.3396309153180869e-05,-2.2767218695346128e-05,6.7110186910695235e-06,-2.0835688916626853e-05,3.766636764955475e-09,2.7811395166146064e-05,1.9987755074215992e-05,9.39510863557166e-05,-3.881791029001256e-05,8.535875081477733e-06,2.3786168441975516e-05,2.5541569666923952e-05,5.7710166496757626e-05,5.966639329376512e-06,-2.58042762577113e-06,1.5397501094984766e-05,1.916034413259124e-05,7.628798214966836e-06,6.150209825587041e-05,0.0,8.929344794737634e-06,6.361324088144092e-06,5.721388500947875e-05,1.3660445440567965e-06,6.879750131309636e-06,2.632144720760547e-06,1.3241492653794537e-05,5.336150007799998e-05,2.0202635401979168e-05,3.966026991617726e-05,2.79706600571952e-05,1.810768598649611e-07,3.379758448531033e-05,5.315852379080854e-06,8.771418276427503e-06,-1.58874149429971e-06,-1.725372615416016e-06,1.9856567024157185e-05,-1.370831487186823e-06,1.8433536689349823e-05,1.5288675876033017e-05,1.8609527202215803e-05,-8.333293692753483e-06,6.75731555160631e-06,3.7386006529000207e-07,1.4326474206241156e-06,5.639191659667972e-06,9.149412565717582e-05,9.406466459802565e-05,2.634155992843913e-05,1.6632558299659138e-05,2.5678919587620873e-06,3.5307781301756977e-06
AFI,2.824177885565747e-05,0.0005433257616662757,0.00022671951940524072,6.953505258588843e-05,3.7855023366632137e-06,-0.00010947043187323515,1.669143330265493e-05,6.0234885475996155e-05,0.0007807450778816358,-2.8585726557009473e-05,-6.482272724953088e-05,7.436469669161852e-06,-0.00025092807351113287,-2.6319543832104505e-05,4.402069991247782e-05,-9.042143259227989e-05,0.0037813773901348474,-5.016878380595009e-05,-6.532349864516529e-06,-4.194442483938806e-06,-1.3292844238723534e-05,6.449412907629995e-05,-7.129005182122602e-05,8.585107768498797e-05,-3.906725061032986e-05,9.853517779262454e-05,-7.169346724471058e-05,4.6438427350041156e-05,0.00015458497441746797,1.2204212423012103e-05,-9.925361958925563e-05,-0.00021910864615910046,0.00027750889425772883,-7.578623745823081e-05,5.5995814288980125e-05,-1.0664630378104826e-05,-1.3466890740347114e-05,2.3895077451496464e-05,4.161912713861924e-06,0.0001443714616860605,0.00019463729270134572,0.00022838831774796278,9.09248064762262e-05,-3.0520033398404186e-05,-4.752715939536627e-06,-0.0004768276043310117,2.585099829989725e-05,0.00010294642228687044,-9.140918692307041e-05,-7.221880225782451e-06,0.00014497864269680269,-1.2128139903927142e-07,0.00015499368032794515,1.1337982965699628e-06,-0.00023534870525440836,-6.25531115757107e-05,4.4935540761462806e-05,3.499226253280524e-05,0.00019004810268694373,0.00019790250533522437,2.1705159320958197e-05,2.158022093540121e-05,-2.3563449071649754e-05,-0.0001715045722771805,0.00010319870962637585,0.0005686048724803241,0.0,1.8856889371397065e-05,-4.9811737069002635e-05,8.806904307143404e-06,1.968033566497471e-05,0.0002315449785756744,7.3516098427742e-05,-4.275133317664861e-06,7.896105240391888e-05,2.3362626388126475e-05,0.00037082632141894527,-0.00023063586009824076,8.128168193441948e-05,-0.00013831518132926502,-1.1158260886842991e-05,3.451682896284991e-05,7.70276654112694e-06,4.4879490464687405e-06,5.52706064409567e-05,3.272972109533725e-05,2.611512196680354e-05,6.704090592233827e-05,1.752420570595234e-05,-2.829412163542972e-05,-2.5583452177684784e-06,-3.4963221441543444e-05,8.519193740676772e-06,1.5103503109160302e-05,0.0004433182346552991,9.514454548348757e-05,4.431423823028206e-05,2.9267072017848285e-05,3.1571011678159355e-05,6.520351125775413e-05
AIHS,-0.0001250740984028351,0.00022671951940524072,0.0016052364288430389,-0.0004669956713091489,-8.486441244984765e-05,-0.00015491276107568652,-0.00017015335488553555,-0.0002443156829299593,0.0005790360317241741,-2.2156116471497515e-05,-0.0002377111947242305,-9.826587745194835e-05,9.4240590968995e-05,-0.0001179577149945305,2.8130153281549918e-05,-9.903487964643635e-05,-0.0003704167049583615,-8.765702720429822e-07,-4.33251602056067e-05,-1.1068043002608657e-05,-0.00018145026166045114,-0.00018447170950638758,-4.714937503568931e-05,-0.00019803380568623745,-0.0005927359945559969,9.386550968068623e-05,-0.0002872463139669467,-0.00023613043843583262,-0.0006880378962333507,-1.9573962328994975e-05,-0.0005860209959528348,-0.0002475679863996557,7.536053879839527e-05,-9.152483185910756e-05,-7.89582181443075e-05,-0.00013071570774269588,-1.8735093433992093e-05,-7.225044787811027e-05,-0.0001228227981030122,0.00029103304736139275,-0.0002327539543566956,-0.00020113644071264512,-9.757285568949277e-05,-1.8388642706054542e-05,1.9376110172872667e-07,-0.0006452525056890748,-0.00016683153738830377,-0.0017326860307413116,0.0004978908460934568,-1.8308173709117177e-05,3.7601562255584926e-05,-1.1443796874237461e-06,-0.00037871481836555056,-8.178592499772032e-05,-0.0008617145490869684,0.0006312883346456016,-3.0032351439005257e-05,-0.00016018758475728069,-2.6710168271463156e-05,-0.0001514390617592049,-8.904352352352523e-05,0.0002742149760422063,-0.00015454628045532238,-0.00026787127321507235,1.6267324019356232e-05,0.00010465343348286087,0.0,-7.587040652653615e-05,-6.420034442837542e-05,-0.0003417657393881393,7.210174834194553e-07,-0.00017214115585454545,-4.802048786186347e-05,-0.0001909342717360064,-4.2274387300907784e-05,-0.00015450839751320362,-4.327292451130127e-05,-0.0005893841032517134,2.52153859248636e-05,-0.0005008865427485273,-8.184065162288368e-05,-2.0463320908097384e-05,-6.480128017301447e-05,4.757147404912812e-08,-0.00010974235681928764,-0.000105518217016466,-0.00012659171981156475,0.00016544922157944107,-0.0002019587001410487,-0.00015412420691160038,-0.00010045368760663834,4.615864929831697e-05,-1.785420622594581e-05,-8.00489576968741e-05,0.00020086802571094129,-0.0002535011107650495,-0.0001640286793268542,-9.769176571121535e-05,2.824697774077001e-05,-0.00010266892855296543
AIN,4.0929516767493605e-05,6.953505258588843e-05,-0.0004669956713091489,0.0002485306606166021,3.1509567189983124e-05,2.1080026764145196e-05,9.878830763402533e-05,0.00015796717338167215,-0.00020402308579324545,7.608325557359353e-06,8.171268577405364e-05,3.4118930214386314e-05,-2.4940192195185075e-05,4.559163150693531e-05,2.671466829525604e-06,-4.5844180132575255e-05,0.0013738242833368157,-1.93539222920103e-05,1.7774792853490418e-05,5.3744342448036275e-06,6.927990657169751e-05,9.142249079262198e-05,2.985158522279623e-05,7.81478159003989e-05,0.0003531146334066053,-2.0736685360778203e-05,6.4340547711101375e-06,0.0001042424822010229,5.419978003393067e-05,1.765608357022903e-05,2.6804801433245854e-05,9.590553059100459e-05,8.689732993163884e-05,5.297839482565217e-05,2.6999631726123303e-05,3.754363133994882e-05,8.54510815081747e-06,3.0055848528392362e-05,3.285505098282287e-05,-4.069334551596651e-05,0.00012734538337213342,0.00015721987506663273,9.665477673383544e-05,9.540117031226489e-05,-2.7318624992428927e-06,-0.00015472962657043284,9.738897698248517e-05,0.0006120081168711567,-0.000495150967915785,-6.668117253531933e-06,1.1348497575534168e-05,5.756012173786592e-07,0.00017599696287466286,3.374465045846321e-05,0.00015065062518160665,-0.00028621384675024794,2.0175098904035297e-07,7.180287546670303e-05,4.760259437363754e-05,0.00011754457196389869,4.7296102659961325e-05,-0.00016406729880264902,2.406047864542281e-05,8.744246668554807e-05,4.925408399035598e-05,0.00026221984205865274,0.0,4.245583207893791e-05,-8.572301308199835e-06,0.00012934350934080136,-4.614555982858083e-06,-0.00010881144792742997,3.833929838602994e-05,8.543216729836885e-05,8.318815013512484e-05,6.662509674492927e-05,9.909790510922046e-05,0.0002444139858479741,7.902347733440088e-05,0.00017338177619236782,2.5713218393382503e-05,7.851221069718175e-06,3.0589265705684785e-05,-3.519425551692437e-06,6.328626236875747e-05,2.0162561888593556e-05,5.444678938973825e-05,3.003984597444388e-05,7.074415444919611e-05,5.432129701221861e-05,0.00010065603795222988,-2.9476276562114773e-05,1.622660834935293e-06,4.3240579522720244e-05,7.976483154724196e-05,3.938895892477236e-05,0.00010828547849076034,5.120122818448705e-05,3.958707772011853e-06,6.392853789691087e-05
AKR,-1.4952287410087516e-06,3.7855023366632137e-06,-8.486441244984765e-05,3.1509567189983124e-05,6.533114805596633e-05,4.522872693536508e-05,-8.735410853732787e-06,5.296687704200719e-05,-6.207621524485149e-05,-9.086313207014087e-06,2.6478453193753517e-05,9.827991365581038e-06,0.0001659625659998466,-1.759558501039012e-05,3.2377843443961185e-06,-5.326867526255426e-05,0.0003959196271535718,2.3977547373885943e-06,2.3613920942535943e-06,2.1403228517429017e-06,2.3847916081800573e-05,1.1392453155884243e-05,4.884267807506427e-06,-2.15972862761681e-05,6.73680081311075e-05,3.250320788994892e-05,9.789843047669902e-05,1.5380679582116426e-05,4.158435165872808e-06,1.566614299661899e-05,-1.4077205199685427e-05,-1.625690018262846e-05,-1.2066678222957656e-05,3.228689317534578e-05,2.275081873225817e-05,3.8747388828810194e-05,8.92865838020398e-06,9.067308065182267e-06,1.3166603996019326e-05,7.674493749312104e-05,6.0815755053119244e-05,8.880258872041202e-06,-4.082857232390461e-06,3.850581337971035e-05,5.041520277172545e-07,4.9508847126239505e-05,5.120858179583787e-05,1.0388777260172007e-05,3.095370337780825e-06,3.5919534993177713e-06,5.419003655119952e-05,-1.3882010846054377e-07,5.074635724480026e-05,5.882598130936474e-06,-8.802283751364733e-05,-3.569766947555041e-05,-2.5998986295686355e-06,1.1122788063757585e-05,-2.8358105781412426e-05,-1.882722696570883e-05,4.488139996492361e-06,-4.563791599415896e-06,2.5433604879859178e-05,-6.147265560102916e-05,-7.276735005711152e-05,-0.00010340670690700974,0.0,6.43834722636876e-06,1.5082530265456357e-05,-2.4992320585686854e-06,-1.2127874556252691e-06,0.00014823194936431855,2.5231983735785858e-05,2.5954719663964e-05,1.3585923677101227e-05,2.155539216465766e-06,0.00011572864438135124,9.074232658921771e-05,-3.5302021758429404e-05,1.526472520396731e-05,6.215651549894877e-06,-1.2808974153884109e-05,1.8979209404833628e-05,-3.1556142281453375e-07,8.632740664698982e-06,-4.467057143638109e-05,1.49698304789187e-05,-6.376265433132312e-05,2.5031539499323672e-05,4.298713098091067e-05,-4.553763214618687e-05,-8.303040098099257e-06,3.2324527311162114e-06,4.2131100296365497e-07,-5.703359484564615e-05,-1.840452761598352e-05,-1.4980865733021284e-05,4.66728507122748e-06,-8.916105370116526e-06,7.243028404899528e-06
ANIK,3.3735388604881836e-05,-0.00010947043187323515,-0.00015491276107568652,2.1080026764145196e-05,4.522872693536508e-05,0.00017101934223717963,-1.3427080372407025e-05,5.248558828125335e-05,-0.0005269010172015462,-8.227018777589087e-06,-2.316515640069415e-05,6.321265595262943e-07,0.0003269224656600576,8.525147368048803e-06,3.834014074109585e-06,-2.2307649008909195e-06,-0.0010183005477625955,1.040097474872694e-05,3.380085187078347e-07,3.3500756153262187e-06,3.570145124711443e-05,6.924827721174764e-05,1.9165179106291166e-05,-1.4289289985598675e-05,5.060314019140842e-05,1.970783542326589e-05,5.0257027113537296e-05,-2.649255866036097e-06,-0.00016125827550382668,-1.7108400906825084e-06,-4.752679674242117e-05,-5.43700703330222e-06,4.087179660107911e-05,3.9072716046623885e-05,4.259876656439723e-05,1.0339968044157837e-05,1.6398434866209602e-05,-5.374589874252618e-06,3.1174149845856314e-05,0.0001323528765960183,7.773288679173681e-05,-4.072143605766519e-05,-1.9088350990538104e-05,0.00011153226498643861,4.265803581224719e-06,0.0002161691033787629,5.6489980427982765e-05,-0.00034166901636276147,4.211422859447047e-05,1.7499391919186713e-05,-5.281045198654112e-05,-3.124525998582819e-07,-5.502967176197392e-05,3.421676327196639e-05,-7.379297896456988e-07,7.96350531190017e-05,-1.0179575613204134e-05,2.3723076303381903e-05,-4.834363610183182e-05,4.809537653322954e-05,-4.634166620316425e-06,1.8340773617903144e-05,4.514001235692047e-05,3.361958012225692e-06,-8.211137511522355e-05,-0.00016654350553749723,0.0,1.1038179056163046e-05,3.4715031150460983e-05,7.506194710378494e-05,-5.5919374661938926e-06,5.613152593240874e-05,-1.0017334614930229e-05,2.3343046587327857e-05,0.00012446864457991722,1.4352178407077335e-05,5.678669122348392e-05,0.00017815856043229032,-6.659935421387922e-05,1.9336164480868845e-05,6.158146066470907e-06,-5.562704168963218e-06,-7.952621216746536e-06,-7.4933506374038e-06,1.7131908650416596e-05,-8.64285186081312e-05,2.758392992973037e-05,3.482048422883271e-05,2.9091174165879757e-05,-3.230467584079011e-06,-3.6484840819304635e-05,1.8648505100192488e-05,4.4647441697057845e-07,-6.462302691642404e-06,1.7671369962620558e-05,0.00011174335756527484,6.921094023037089e-06,1.9464053604421637e-05,-1.7351521074733287e-06,-3.508287361216861e-05
ATNI,1.8698376894398662e-05,1.669143330265493e-05,-0.00017015335488553555,9.878830763402533e-05,-8.735410853732787e-06,-1.3427080372407025e-05,8.030290731954665e-05,5.4473254134121074e-05,7.389082632688017e-05,8.743451376501591e-06,-3.962185648748463e-06,2.3977191733861384e-05,1.9208646935912172e-05,4.473493120007514e-05,-1.9626716947528656e-06,4.5475767931889025e-05,6.113473554959324e-05,-1.1746577686973245e-05,2.3348120036210986e-05,1.6830575786608688e-06,4.076237289119348e-05,5.209477235783412e-05,1.5890913874770125e-05,3.742082461418312e-05,0.0001004850307245429,-2.8887152450867244e-05,-3.356385685215493e-05,4.759746628521956e-05,-0.0001368833531411214,5.877527256966796e-06,-3.1867825120411732e-06,0.00011051359498142882,5.174650039855036e-05,-2.828044927049679e-05,1.6773049381607727e-05,2.0958685562471343e-05,6.323470858380296e-06,1.3560060213565073e-05,9.845516860682051e-06,3.359009832643636e-06,2.5312355526808678e-05,3.325473073583997e-05,3.378966742288735e-05,5.565712419768437e-05,-2.563962974790898e-06,-8.777665113269501e-05,2.8428213251712045e-05,0.00018131465885938805,-0.0002684363210581954,-2.3666411264283185e-06,-7.920203755006931e-05,3.12284900834939e-07,9.241425411924317e-05,3.994810380549911e-05,0.0001476867218558079,-0.00018436685795762274,-1.917924049045861e-06,3.705684518360126e-05,1.343913050892371e-05,6.351162248428942e-05,2.3514351513972507e-05,-9.869927684233767e-05,8.346426301897367e-06,9.385526088667399e-05,4.1290566414986955e-06,0.0002794815445352681,0.0,2.1412615990491187e-05,-1.8255575114871024e-05,8.354171333998023e-05,-9.000316107402268e-06,-0.00030727271124841393,1.9676443705680997e-06,4.859286696468436e-05,7.82309352792994e-05,4.7761967333701055e-05,1.0588018412190312e-06,3.629373360828232e-05,6.45180469583665e-05,0.00015575636138804815,2.1748493758705013e-05,5.170044934246171e-06,2.034049581930804e-05,-3.4250321680688435e-06,3.28097042191288e-05,1.9248985653403466e-05,2.701996000877053e-05,2.4901617395420904e-05,3.0318433202145722e-05,3.855723099391547e-05,7.186925912287528e-05,-1.0917205405232063e-05,-7.962289814302534e-06,2.657697953568506e-05,0.0001084837661017919,8.08728142414854e-05,5.005748897280587e-05,2.6603888059223214e-05,-2.4427871539511765e-06,3.927378740742743e-05
AVD,2.364206714636259e-05,6.0234885475996155e-05,-0.0002443156829299593,0.00015796717338167215,5.296687704200719e-05,5.248558828125335e-05,5.4473254134121074e-05,0.00013849990663609128,-0.0002219879440811037,-1.0054944393572546e-05,4.509398421505036e-05,2.242751482333326e-05,9.351352336101895e-05,2.298787851940846e-05,7.1831513743843515e-06,-6.963864051506155e-05,0.0007941811045168758,-1.925391655510572e-05,1.7826795732411744e-05,4.881171994001832e-06,5.418625558813159e-05,6.824233481851318e-05,3.7550654137565476e-05,5.8328465678756605e-05,0.00024157275991411792,1.932129391222356e-05,9.85417041795953e-06,6.279448761088004e-05,-8.3726589491628e-05,1.863015301869807e-05,-0.00011104312348751566,2.7704935993292456e-05,8.95678539823676e-05,4.3344701534045655e-05,3.6213084572204756e-05,3.4488794193238394e-05,1.2701487261669038e-05,2.251891908439751e-05,1.7676619803520473e-05,6.42088078138582e-05,0.00012232023306491614,9.276206311845591e-05,6.788984896681132e-05,0.00014174268611199706,-5.359054393678858e-07,-0.00016700150833713184,9.069946848240027e-05,0.0002967603306857592,-0.0002879385193873086,-4.307699187603157e-06,7.011355567182192e-06,2.1066331355535023e-07,0.0001064043170756305,2.451477358850107e-05,-2.573004619205772e-05,-0.0001380726446821438,-1.3661155742040295e-05,5.0364379843636316e-05,7.3307874385708356e-06,9.494730209532877e-05,3.153102724074072e-05,-0.00011304020862458641,2.7656456480566845e-05,2.33549645090596e-05,2.401358843133755e-05,0.00019882026481527542,0.0,3.260092072175265e-05,-2.151996968899759e-05,5.4765447689619664e-05,-4.6798053460785515e-06,4.085813355619323e-05,3.563976509691889e-05,7.079121397238985e-05,9.692512905963559e-05,4.304847012003539e-05,0.0001501230009777522,0.0002298853816590577,5.940583288200623e-05,8.829238581957739e-05,1.9272249093118976e-05,5.425165441235718e-06,2.5125188826470967e-05,-5.25468619153732e-06,4.6400657119471754e-05,-2.7522347667607053e-05,4.155256537456651e-05,3.615366679294241e-05,5.5097965508411554e-05,4.080551909492316e-05,3.966305383470698e-05,-1.9618013294586478e-05,8.433428032916788e-07,2.7979633384442423e-05,8.028621175144313e-05,1.5133083983478728e-05,6.972536512058511e-05,3.7904519584610005e-05,2.1820034738366797e-05,5.008978094398255e-05
AVRO,-2.706404181730696e-05,0.0007807450778816358,0.0005790360317241741,-0.00020402308579324545,-6.207621524485149e-05,-0.0005269010172015462,7.389082632688017e-05,-0.0002219879440811037,0.0034638653931810806,-1.6896420569592314e-05,-0.00021601305749808277,6.628291110652871e-05,-0.0007848407725945009,-3.730896250770518e-05,2.9090950640079376e-05,0.0002437596844307657,0.0045164462242292935,-4.9764027314989985e-05,4.0807386917223674e-05,-2.031350039830748e-05,-4.997843718504875e-05,-4.719761051260748e-05,-0.00023310931609830205,6.632452995360892e-05,-0.0008053865449858429,8.288255224991883e-05,0.00011099050438633141,4.149927816705682e-05,0.0005068245982242192,1.7885115936064076e-05,0.00041805938011345604,-0.0001366098303633201,8.172354004941281e-05,-0.0004678114795149388,6.280190889368947e-05,9.09359900253003e-05,-4.026093391420691e-05,5.3286874564637904e-05,-2.3705768097038898e-05,9.123167364832756e-05,4.144932116072456e-05,9.840602779914856e-05,-5.435220269339993e-05,-0.0004848278117290429,-1.6457680450700365e-05,-0.00014593478519788326,-0.00017924580435325828,0.00026652152768638426,0.0005396161262241293,1.3676417874499823e-06,0.00010652519154827228,-2.4648741581798705e-07,0.0004602171003550985,3.257862214310497e-05,0.00018365980727724044,-0.00045839738956943285,0.00013389248713702038,-6.254511597449823e-06,0.00025281715481896333,-1.191188445933623e-05,5.533439890490552e-06,0.00015467397901591714,-3.5786402411959264e-05,-0.0002486349114156213,-8.387026041090205e-05,0.0009302848552486212,0.0,-2.9920998756758498e-05,-7.604058536725013e-05,-8.36363453155047e-05,2.8173019553943896e-05,-0.0001168723396560949,8.058277835640065e-05,-4.4744158065756844e-05,-0.0001585634580799805,3.156453962668997e-05,0.0003540917788347116,-0.0011872377879408895,5.9700296866396606e-05,7.897632444562474e-05,1.9564099444467158e-05,3.393303103966856e-05,7.881364290605563e-05,2.8825181444400004e-05,1.1588503215754105e-05,0.0002296366991670423,-1.4899726453188241e-05,-0.00038026693283932513,-1.694416463758034e-05,0.00010504647250712431,-0.00012619604598889514,-7.091270647221766e-05,-4.376964445204387e-06,1.3610876426594367e-05,0.0005372679867693336,0.0003014900026623188,-0.00014487064060984275,-3.226860250428376e-05,-5.188849974329704e-05,0.00014940309560892978
AWF,-9.58497110891062e-07,-2.8585726557009473e-05,-2.2156116471497515e-05,7.608325557359353e-06,-9.086313207014087e-06,-8.227018777589087e-06,8.743451376501591e-06,-1.0054944393572546e-05,-1.6896420569592314e-05,1.4763357471755416e-05,-1.4699436211489379e-06,-3.2766886242094964e-06,-4.218640756406424e-05,-3.139415445485986e-06,-3.7680931177368817e-06,-5.6429442861642055e-06,0.00013281702442855475,1.2019521839170565e-05,-6.106236542818459e-06,1.5160163393900523e-08,-6.484790800815035e-06,7.159289735605438e-06,-1.121507205724128e-05,-3.145769658560838e-05,2.223812472484241e-05,-2.1823957014367073e-05,-2.6780321462910074e-06,-5.654594923570483e-06,-1.4322010135248444e-05,-2.559968883330374e-06,4.1572878079536613e-05,5.385959357661598e-05,-2.5809185840168635e-05,9.471523261981548e-06,-1.7925194470867644e-05,1.0030837196055785e-06,-3.695874907063993e-07,-5.973477332265508e-06,3.9432390365665206e-06,-7.340362085295931e-06,-4.149234002500451e-06,-5.810586254600634e-07,-5.585613736395252e-06,-1.0285066258509749e-05,-5.896238082048311e-07,3.8269708979765205e-05,-9.751357309934179e-06,-0.00010626830572249275,-6.62100812149643e-05,1.4551066628301667e-06,1.018061944884256e-05,5.095601047081786e-08,1.942680421835184e-06,3.363132439588478e-06,5.794450774614553e-05,-4.7024323260359225e-05,1.1887377357962922e-06,-3.4683398329692623e-06,-4.053210623452554e-06,-4.706255669082673e-05,-5.9846316775841045e-06,1.687930334903668e-05,-1.6001812279291895e-05,1.2933810689790942e-05,-1.8662635968876603e-05,-6.300672225191847e-05,0.0,-6.183332966613721e-06,2.269424027797812e-05,1.698146317085992e-05,-3.1044792287806185e-06,-0.00013231053271978656,-6.901332160436384e-06,-1.0183984704721687e-05,-1.1051543277325135e-05,-9.359582538726785e-06,-5.2860951331934696e-05,-6.741215245922979e-06,-5.523252228326543e-06,2.9982114649605428e-05,-5.958324815097824e-06,-1.2832227114065139e-05,-1.7775133611808864e-06,-3.118250051163752e-07,-6.308028007795113e-06,-1.20898482009164e-05,-5.625186025078719e-06,-2.620381167333994e-05,-1.606366371991742e-05,-4.772758722637075e-06,1.2654314746074548e-05,3.7139681996314862e-06,-1.9302519863397247e-06,-5.071197547032559e-06,-1.495795938885522e-05,-1.3014547893811688e-05,6.597800193047807e-07,-5.728565893105872e-06,-2.1452195100434916e-05,-1.9113018255449362e-05
BAH,-1.5368807359727967e-05,-6.482272724953088e-05,-0.0002377111947242305,8.171268577405364e-05,2.6478453193753517e-05,-2.316515640069415e-05,-3.962185648748463e-06,4.509398421505036e-05,-0.00021601305749808277,-1.4699436211489379e-06,0.00013165910692564028,8.137566211321532e-06,-6.748418799341152e-05,-3.771706143226485e-07,-1.1032708202762915e-05,-5.005173381073669e-05,0.00033846654502786864,-4.575411462422517e-06,-8.661377595429286e-07,2.7837269597258824e-06,1.3782710324055337e-05,-5.32916579202094e-05,3.67470040221051e-05,3.177955960748605e-05,0.00019143956391789188,-1.4214548400169141e-05,6.323517089943756e-05,4.035857701970651e-05,0.0002815697228713481,1.1908463919818797e-05,7.711608402668005e-05,-9.783967064721348e-07,-9.117893937951863e-05,8.123596305443303e-05,-2.099281995306055e-05,1.3800474805157343e-05,-3.4945789658904428e-06,1.514985691214228e-05,-3.1841959672758852e-06,-0.00018184266214677666,-3.4967070714280974e-05,5.0076829414024325e-05,3.2992358945992895e-05,-3.469011404293632e-05,-2.966474882825078e-07,-2.7671215779632707e-05,3.194154050876688e-05,0.0007029190245176841,-0.00010206070939934537,-1.3551269037145871e-05,7.443092588048071e-05,3.957393442802545e-07,4.6768002037101956e-05,-3.793836757186152e-05,6.264986827544116e-07,-5.366377209162856e-05,-7.04834926006137e-06,2.1591969159165523e-06,-1.0184216400337665e-05,-2.0114779067902893e-05,2.131175013461576e-05,-8.851743194879746e-05,1.4823546191546052e-05,2.1826093069260514e-05,5.512127264003702e-05,-0.00013108872493467519,0.0,9.794383260725394e-06,-9.968441322452644e-06,-3.3536682676233996e-05,4.815723078851318e-06,0.0002511494607310211,2.204563621140227e-05,2.732484246988181e-05,-0.00011288764006258458,3.845172643680962e-06,-2.5000130048950295e-05,0.00016852100928418094,8.286379489271131e-06,5.600857022244633e-06,8.62622575414734e-06,3.1303011360248013e-06,1.3879663133772109e-05,4.713933874933781e-06,-1.3669706217418844e-06,5.5785942780004945e-05,1.784068754994597e-06,-3.138480200421308e-05,3.0150356372815258e-05,3.9397303585556293e-05,2.3171584772505266e-05,-2.0214966514101723e-05,9.240601413397429e-06,1.6019060712449045e-05,-0.00023821263349354892,-0.00015068629018163195,1.8017023307557067e-05,1.2842838709144028e-06,1.162438476374227e-05,3.555667507846603e-05
BBEU,7.618394894277355e-06,7.436469669161852e-06,-9.826587745194835e-05,3.4118930214386314e-05,9.827991365581038e-06,6.321265595262943e-07,2.3977191733861384e-05,2.242751482333326e-05,6.628291110652871e-05,-3.2766886242094964e-06,8.137566211321532e-06,1.4721354499555411e-05,5.830819653723987e-05,1.6747186881751686e-05,-4.6491036834042816e-07,3.081868002298022e-05,-4.873802378627823e-05,-7.67848267503952e-06,1.1881460686000522e-05,5.7256825596455e-07,2.3920419721321295e-05,1.1895704133659302e-05,7.155618763936437e-06,2.1869891235369484e-05,2.2827762433404246e-05,-6.633696276824718e-07,2.4271823914897925e-05,2.6317020225006995e-05,5.000671920867352e-06,5.422230415190236e-06,2.9052225470539292e-05,1.7348922608482854e-05,1.0986938454724846e-05,-1.5032742168924213e-05,1.8625525759916698e-05,1.6516522794967164e-05,2.765691054775504e-06,1.0160891912089572e-05,6.807330382059581e-06,-7.3247633077321835e-06,7.15710371924864e-06,7.95194230985386e-06,6.2690804630610785e-06,1.3016992747023492e-06,-8.15727453831985e-07,1.0420766513173651e-05,1.9174023589662795e-05,0.0001691083402045229,-4.733555802104805e-05,2.524193226074525e-07,-2.6948831041299578e-05,8.799354686315807e-08,4.8968738008600666e-05,1.4913155688360745e-05,4.84427104751565e-05,-6.45237483996359e-05,3.7512275445346617e-06,1.670226746891009e-05,3.323663131716663e-06,3.696232054665813e-05,1.2714859694215241e-05,-4.384350267637849e-05,1.940215267951789e-05,2.2887521685324025e-05,-1.504502057890149e-05,8.906874994244733e-05,0.0,1.1117945325633902e-05,-9.302514353875228e-06,3.1441531163112164e-05,-1.3390389640591819e-06,-3.308353837055184e-05,6.250367999929319e-06,2.6346438390260865e-05,2.170418109594929e-05,2.5065671128349344e-05,2.9284664008180955e-05,7.831393434231991e-06,7.058798297532907e-06,5.734860364214005e-05,1.408523246021021e-05,5.891071648646558e-06,1.286716440348798e-05,1.9171472933041653e-07,1.5220207080751972e-05,1.8645568880394342e-05,1.541534001396518e-05,-5.873324727525036e-06,2.6324473894794412e-05,3.162093618068161e-05,1.0320785947527101e-05,-7.781076090860387e-06,-9.977996757192292e-07,1.269627197088456e-05,1.167361001403763e-05,4.4180184943339784e-05,8.114896320872538e-06,1.2050499721110698e-05,8.433050908047987e-07,2.4643071070371682e-05
BNTC,-2.396865696128805e-05,-0.00025092807351113287,9.4240590968995e-05,-2.4940192195185075e-05,0.0001659625659998466,0.0003269224656600576,1.9208646935912172e-05,9.351352336101895e-05,-0.0007848407725945009,-4.218640756406424e-05,-6.748418799341152e-05,5.830819653723987e-05,0.002815624767119292,8.967426609258663e-05,1.666902282961145e-05,0.00033385202195085497,-0.005026851859462048,-3.764174699303833e-05,5.468097073908331e-05,5.87376553941281e-06,0.00021553127115163284,-5.758291894015427e-05,0.00012505891156710467,-0.0002912236965873151,2.1972358591385615e-05,6.133632109232154e-05,0.0002625212771840365,6.785726684719985e-05,-0.0011369500978214114,5.7461299024013e-05,-0.00010503568406243425,9.111763875179949e-06,0.0001115045611130803,2.4959000478975498e-05,0.0001964314517212907,4.53823642636492e-05,5.4371462073136046e-05,-3.344720308463876e-06,3.353599896406124e-05,0.0002571291476419511,-0.0003981152645630162,-0.0003498396462554604,-0.0001726531661421663,7.350168166004053e-06,-2.7437530270231734e-06,7.064304245119414e-05,0.0002833197403866105,-0.0005432986029701804,-0.0004277660902366858,1.3983947559992216e-05,-0.0004036352120176598,-6.259600492500195e-07,-0.00011179186300466828,0.00015938124175000359,-0.0006258287927939253,0.00022081598169578948,3.549038584136172e-06,3.6304699756561354e-05,-0.00019773285123647112,0.00034577868792692304,5.739422867352838e-05,-0.00031789141605787966,0.00018727727517850885,2.4011375967439863e-05,-0.0006791841305039099,0.0002333299603029396,0.0,9.189823661288649e-05,6.952529048608494e-06,0.00035407485809523453,-4.620381047411312e-05,-0.001142627371480827,-5.039479544096008e-05,0.00015480620136670872,0.00043513551837103014,0.0001821110167064786,0.0001395732325223177,-0.00017630061586483857,-0.0002735904021212802,0.00018111767354357132,0.00010116440022039171,-1.796039305939577e-05,6.384839054692488e-05,-7.160663574065028e-06,8.305199922166705e-05,-5.050565366476521e-05,0.00011191043099272079,0.0002803626602359866,0.0001966892199600851,0.00035923793646940434,1.6718884718666832e-05,1.1466951914644411e-05,-3.8415677805968555e-05,5.300569424355568e-05,-0.0002337824770506475,0.00033916551255984943,-0.00017370868859113025,7.239762830733005e-05,-9.467283989725888e-05,2.3487075966638152e-05
BOH,1.5050829779247856e-05,-2.6319543832104505e-05,-0.0001179577149945305,4.559163150693531e-05,-1.759558501039012e-05,8.525147368048803e-06,4.473493120007514e-05,2.298787851940846e-05,-3.730896250770518e-05,-3.139415445485986e-06,-3.771706143226485e-07,1.6747186881751686e-05,8.967426609258663e-05,4.526154660210179e-05,-2.8098780546860185e-06,7.776049023064228e-05,-0.0007235849247484739,-1.5857246555037008e-05,2.0714676701750877e-05,8.876996448641283e-07,3.324368255965125e-05,1.798154170897463e-05,2.791782772085712e-05,5.086783555376881e-05,3.1562249922376164e-05,-1.9565389835793837e-05,-3.331841795774027e-05,3.2728860478961294e-05,-7.950978596728194e-05,-1.828070199597708e-07,-1.1824453299789068e-06,4.212777271861517e-05,3.817954446283044e-05,-2.7327025203740422e-05,2.1664573647118818e-05,-5.604461237193161e-07,3.237899511263428e-06,9.515332708013749e-06,2.5101553657384225e-06,-4.220703919651436e-05,-2.8824960339379925e-05,-5.956011872016275e-06,1.6202313086739567e-05,2.330400164115334e-05,-7.360026999786797e-07,-3.3722990783948225e-05,1.611598932943198e-05,0.00023618339185242851,-0.00011194863232328795,-2.1065397600209538e-06,-0.00010346189249348109,2.1711133267676903e-07,2.2948041159857946e-05,2.4700704271418887e-05,0.00010028979366445333,-5.0176093827654144e-05,-2.279887307380111e-06,2.3725221023619943e-05,5.010890974518075e-06,9.231531740261797e-05,2.015699808585065e-05,-8.970226012197098e-05,2.311553874268882e-05,9.183036631467437e-05,2.0471295975993515e-05,0.00021194767321821914,0.0,1.9409404795189007e-05,-2.9806909262517708e-05,5.9191980463507634e-05,-4.3044537903007275e-06,-0.00015783203812723957,-9.83576081531981e-06,3.685002022103916e-05,5.803789153654068e-05,4.473397330408216e-05,-2.543431718408736e-05,2.0727906579899618e-05,3.689749683191764e-05,8.493061210100827e-05,2.197887300705774e-05,1.851415131907337e-05,7.3972166578301565e-06,-1.983141781481926e-06,2.3205698173818288e-05,4.255899950195277e-05,2.0554047466298456e-05,6.665352000876557e-05,3.422704531617441e-05,2.5470686793103598e-05,5.275074706431151e-05,-3.981326826806806e-06,-4.97714673936762e-06,2.266852307039626e-05,4.8232003516783336e-05,8.23660614494442e-05,3.094898755630167e-05,2.2287454032451727e-05,1.546520072641698e-05,3.452773850937478e-05
BTZ,4.101178017341877e-06,4.402069991247782e-05,2.8130153281549918e-05,2.671466829525604e-06,3.2377843443961185e-06,3.834014074109585e-06,-1.9626716947528656e-06,7.1831513743843515e-06,2.9090950640079376e-05,-3.7680931177368817e-06,-1.1032708202762915e-05,-4.6491036834042816e-07,1.666902282961145e-05,-2.8098780546860185e-06,4.960926903190759e-06,-8.447495008495308e-06,0.0002474972357935535,-4.050562680769217e-06,-1.2374639848647635e-06,-2.386095709017209e-07,1.6619152758328808e-07,9.311662356373793e-06,-5.28286047177827e-06,3.293706061266626e-06,-6.072271302426975e-06,1.2171713185198163e-05,-5.718203594080781e-06,1.5251987529061041e-06,-9.921419877557973e-06,8.028131377925654e-07,-1.995207619337968e-05,-2.5151863899989275e-05,3.15598439711719e-05,-4.2801974369539824e-06,8.557802322251537e-06,-2.3383090613744054e-06,-4.223384948143549e-08,7.370646760856806e-07,1.7395239268625625e-06,2.7860695967708907e-05,1.9843061201216288e-05,1.4808876906970753e-05,5.260262933365636e-06,5.2796822981397956e-06,-8.638908773907258e-08,-3.4522514588063146e-05,6.220587103661468e-06,-4.148164033785542e-05,-1.391905908795203e-06,6.092915698126138e-07,8.278869105542028e-06,-5.3162019455235534e-08,3.7281226606250527e-06,2.3762388709807934e-06,-3.55701377897674e-05,1.1131760397800465e-05,3.244313733957276e-06,3.4141732448308735e-06,1.347791128605834e-05,2.3330186997833073e-05,8.014438053212374e-07,5.7894856669709984e-06,3.1814274099068804e-07,-1.891449588595167e-05,1.0259061831710328e-06,4.0989021886439835e-05,0.0,2.1874608012819504e-06,-2.3170741740410827e-06,5.096546916810735e-06,1.319611069385824e-06,2.0243669257156427e-05,5.096073493428846e-06,-5.880353057179754e-07,1.90743377566751e-05,2.247849830140436e-06,3.8910497402589154e-05,-1.4967219962796163e-05,8.431199169664424e-07,-1.826013021394173e-05,-1.3155979158454184e-06,2.666111118998496e-06,-9.225480881429451e-07,-2.0937032022130178e-07,5.6871739273125834e-06,-5.132233533742567e-06,3.662346861231901e-06,1.3975181333646426e-05,2.3800882869064213e-06,-4.043023925735472e-06,-3.948891858601372e-06,-9.924868629849104e-07,5.481243881243616e-07,7.085838560769741e-08,4.467970049930983e-05,1.6790428705018513e-05,2.301234589631469e-06,3.5740891188095805e-06,2.8048771994240565e-06,1.644362815298288e-06
CBD,1.91849431000531e-05,-9.042143259227989e-05,-9.903487964643635e-05,-4.5844180132575255e-05,-5.326867526255426e-05,-2.2307649008909195e-06,4.5475767931889025e-05,-6.963864051506155e-05,0.0002437596844307657,-5.6429442861642055e-06,-5.005173381073669e-05,3.081868002298022e-05,0.00033385202195085497,7.776049023064228e-05,-8.447495008495308e-06,0.0002751746192158719,-0.0023171141675497973,-1.9575636110304077e-05,3.419801081568646e-05,-2.853796439012648e-06,4.9571206938718945e-05,-1.5710781062506065e-05,1.4152391513706181e-05,3.974083908623177e-05,-0.00019201708857370295,-3.8637253588538815e-05,8.90504605279598e-06,3.3388728863837035e-05,-6.320561373583078e-05,-9.190078516070056e-06,0.00018178106917211403,3.823019485864679e-05,7.1292788475155785e-06,-0.00011819565370872255,5.0529700304764926e-05,-7.901038629455982e-06,-5.009254447363344e-07,7.87198836613648e-06,6.218169763078576e-06,-0.00011187638473129519,-0.00016674438047787656,-0.00011148370265636559,-5.167768354574713e-05,-0.00012172555924047678,-1.5806231813445004e-06,0.00019849102210410625,-1.8699004593732514e-05,0.00025969769411249153,7.53163759197076e-05,6.911740934898821e-06,-0.00023546841397137082,1.3742140314005036e-07,-4.2517011131631195e-06,5.157075362438942e-05,0.00023156309260502448,-6.6327402862321445e-06,2.438283277238399e-05,1.7920616743569353e-05,3.5685336653048644e-06,0.00014637483780388706,2.1380327010663464e-05,-9.405120035853942e-05,5.935502014912619e-05,0.0001423333441073268,-7.173679907835995e-05,0.00026455650175975776,0.0,2.0671442828516975e-05,-3.154814371330496e-05,0.0001240508810545895,-4.457970016084919e-06,-0.00036230497943794604,-4.447435040457498e-05,3.3434449601746314e-05,6.528432095467452e-05,7.996361446659708e-05,-0.00011326263757373773,-0.0002232372003477624,-3.0080528652698914e-05,0.00013140949464490517,4.321640885734871e-05,3.5016555506770295e-05,7.0880852738903225e-06,2.5692992541452155e-06,2.1729507108936516e-05,0.00012028601927558896,2.563400863109916e-05,7.367385377887985e-05,5.671817038653383e-05,6.616596703260016e-05,4.3444359885663784e-05,4.207624286583171e-06,-1.0805222282467658e-05,2.7873244970577246e-05,1.998261030693023e-05,0.0002467267008525057,-2.6232321727720615e-05,2.227567343513806e-05,-4.506191842865414e-06,3.820067829403713e-05
CETXP,0.00013891841750628286,0.0037813773901348474,-0.0003704167049583615,0.0013738242833368157,0.0003959196271535718,-0.0010183005477625955,6.113473554959324e-05,0.0007941811045168758,0.0045164462242292935,0.00013281702442855475,0.00033846654502786864,-4.873802378627823e-05,-0.005026851859462048,-0.0007235849247484739,0.0002474972357935535,-0.0023171141675497973,0.047864819312090225,1.6741727185156818e-05,-0.00036679541204410993,-8.126056228316541e-06,-0.0003452916902744007,0.0006560766941606265,-0.000901763702276497,-0.00010052809743532954,0.0018120039309521493,0.0004686705803220123,0.0003082997904274846,0.0003595293187309732,0.003620273701894921,0.00015622603309581196,0.0005821173716707157,-0.0007332425271598848,0.0009290348841978446,0.00048282401299882014,-0.00018188896028166512,0.00025579547918078274,-0.00011901413445036971,0.00013602943731332875,0.00023450812793485425,0.0007998002996862283,0.0024835118217899454,0.0026225319173310566,0.0008621564782224038,-0.0003462153867340729,-4.2293583269122965e-05,-0.0025021324735009405,0.00026739615682516205,0.0006411348833852057,-0.002299891695562133,-4.653678698657068e-05,0.003119867553765297,6.338473042638083e-07,0.0019122211157958765,-0.00026831329716967803,-0.0009767450198428802,-0.0022367002606020997,0.00034965331188450266,0.00020063893201764793,0.00136633351128531,-0.0004891007295123484,1.753239331978158e-05,0.0008731078387978568,-0.0006034635351780306,-0.0018881317296045468,0.0005833045056452275,0.00026192392486901677,0.0,-6.169193406201335e-05,0.0004458819916003699,-0.00011714047321935146,0.00015441983327476252,0.0026276384429817137,0.000825885771659916,-0.0002601558153722973,-0.0005797150366453471,-0.0003763625474504274,0.002532118465649351,-0.00017938076949253198,0.00033463068226515945,-0.000770005681205828,-0.0003629115184505058,-0.0002128592337059071,0.00011622547752954358,5.457764020148115e-05,0.0002091433637032722,-0.00038404476928120774,3.710856269210621e-05,-0.0012457107061804686,-0.00024759760397014864,-0.00033102825759577064,-0.00016759253854774526,-0.00032975722261224165,0.00015374889064004435,-8.411980013555613e-05,0.0017789672739227638,-0.0010245119856479947,0.0004507080442080682,3.3355246932740594e-06,-0.00030576779953298493,3.220769564983107e-05
