,ACWI,AFGD,ARCT,ARW,CBD,CELP,CGC,CHD,CHH,DFPH,EMQQ,EWZS,FCG,FN,GDV,ILCV,INSW,IUSG,IWFH,KRE,KSM,MOHO,NBEV,NNOX,NVT,OPI,OPTT,QSY,RTX,SAIL,SRSAU,TFIV,TGB,UHT,ULE,UNF,VBND,VIRS,VOOV,EOSEW,EVER,METX,RYTM,SQNS,EQWL,FAUG,REKR,SCHI,LTL,NOW
ACWI,6.451776726080847e-06,-3.508609837978981e-06,0.00020494355787197886,7.400029740700535e-06,2.7139565749919195e-05,-8.557781232094099e-05,-2.34984201047343e-05,4.731410358384857e-06,-8.698254429081545e-06,4.227794182106623e-06,-2.6274335608446418e-05,-4.08787718995181e-06,-1.7770554223610467e-05,2.751003800191702e-05,6.968781048362261e-06,-3.916818925725414e-06,-1.7109410587370972e-05,1.052676379469073e-05,-2.0291800586654133e-05,8.90101647068218e-06,-1.0002377546850193e-05,4.6147984409711045e-05,-2.791813589114548e-05,-5.2936774073513556e-05,3.8520518512760276e-06,-2.489925647566107e-07,0.0001227087363704917,8.170751193383266e-07,6.57878662481106e-06,-4.29060222600633e-05,-2.853608469608264e-06,1.920844303887156e-06,4.456492666798089e-05,1.7069148951861166e-05,3.3482604305563565e-07,1.4939498357832956e-05,-1.1948225413192847e-06,-6.224497160240554e-06,-5.842375730294415e-07,0.00013942332180198812,-5.915231178114358e-05,-4.5502432675919594e-05,1.722626728279063e-05,1.4049887678724899e-05,-3.8896622046298437e-07,3.085233430291652e-06,-0.00010665782505098157,6.0718591603568e-07,2.2727580656038118e-05,-2.7065186810433512e-05
AFGD,-3.508609837978981e-06,7.617991903693072e-06,0.0004455113981062353,1.5213600323362115e-05,-2.647814381524262e-05,5.7939682021756944e-05,8.442166976012171e-05,-5.710547377520541e-06,3.6288358157655127e-06,-1.2192500780252718e-05,3.541779947007879e-05,-5.475600493115401e-06,5.9750450338420555e-05,1.4837424566552481e-05,5.391994604997732e-06,3.5056441095322295e-06,3.0261610926295535e-05,-7.3290193716424445e-06,2.8787198101320084e-05,1.9330722891942798e-05,-2.4091011418376768e-06,-0.00012665108725109172,6.766081279131029e-05,6.568098439731285e-05,2.7401235090825815e-05,1.0423816403267282e-05,-1.8683360993181945e-05,8.105857612664152e-06,1.3874983269202909e-05,5.210025729750917e-05,-1.795082655057307e-05,-4.895238666271375e-06,1.6194233607717644e-05,3.249956086466147e-06,-1.324387652025326e-07,6.835555123248363e-06,-1.8614946361092525e-06,-3.769388086101208e-07,5.107859457413679e-06,-0.00013148088535165815,4.91824454268871e-05,-7.298533879093749e-05,-2.2853825916115e-05,7.174587684798136e-05,3.275468849224265e-06,-4.942870163720474e-07,0.00016039357133885505,-2.936612573377749e-07,-4.310746517293025e-06,2.0001058169099475e-05
ARCT,0.00020494355787197886,0.0004455113981062353,0.07720805270021407,0.002788596073016407,-0.0001509691554797781,-0.0024168604137238367,0.0037496440721290214,0.0006035018773943398,0.00014693938959032152,-0.0006414653157823462,-0.002011096792421547,-0.0017393873136860361,0.002669635146513651,0.005971888619134111,0.0010563030532555967,0.00045245554295359413,0.0007716210650166985,0.0007327629990223516,0.0001866596666449538,0.003423821856878909,-0.0010637363304057004,-0.012235809917889898,0.0010727744709389084,-0.003355713634239777,0.0030513031037405344,0.00231739395133899,0.009232856452742797,0.001214011102401916,0.001923063746400537,0.00028965865683560884,-0.0022362665812734337,-0.00017079297985508142,0.0018812625409450868,0.0035092100463374747,-0.001432242561317861,0.003124658324103304,-0.0001131684143028213,-0.0005979707614079072,0.0009475130183283472,-0.005453498730013111,-6.252007360667111e-05,-0.004877865266450697,-0.0016566326207082976,0.0107392647443033,0.0006997656243441593,0.0006221523441731917,0.009264075646858294,1.7794271362458393e-06,0.0039131025607590745,-0.0007205065088911119
ARW,7.400029740700535e-06,1.5213600323362115e-05,0.002788596073016407,0.00010130278733197929,-2.9772598518991556e-06,-9.326411108852508e-05,0.00011135868488522087,2.6255941585288544e-05,8.259576871821772e-06,-2.0656151654482026e-05,-9.283938020615986e-05,-6.61351881215076e-05,8.006991292833874e-05,0.0002225792082701478,3.641867004833226e-05,1.84505775068489e-05,2.0830945510582455e-05,2.9616109902813723e-05,-6.995880399568861e-07,0.0001240433505644898,-3.710663232447231e-05,-0.0004462077586141859,1.4130735745509055e-05,-0.0001544832168086634,0.00010593883052146513,8.90409521971373e-05,0.00032943495200974326,4.4386582430218344e-05,6.683107886801555e-05,7.367201828983579e-09,-7.904227663605814e-05,-4.8235780817893156e-06,4.3492157562167384e-05,0.00013395092255402414,-5.932167000531124e-05,0.00011678831232747568,-2.8114127953812925e-06,-2.119106972289579e-05,3.609866380309365e-05,-0.00021178020483210417,-4.034689600257716e-06,-0.00012916839846565197,-6.241897727243177e-05,0.0003890171065479846,2.6967767145701403e-05,2.4428864802852617e-05,0.00033284014117956055,-5.194342558544781e-08,0.0001526920232040647,-2.879704712823516e-05
CBD,2.7139565749919195e-05,-2.647814381524262e-05,-0.0001509691554797781,-2.9772598518991556e-06,0.000139248636864789,-0.00038982273904254787,-0.00026568424318590053,3.2373730060684646e-05,-3.0113038738166705e-05,3.9592938803386914e-05,-0.0001796082064255129,-8.21561260129899e-06,-0.00019066905639814397,7.197321387640432e-05,9.987653329815028e-06,-1.5782686529788435e-05,-0.00012077579979619547,5.198176834352756e-05,-0.00012894486941884912,-5.9439375483632655e-06,-2.5811318057855255e-05,0.000372400353327319,-0.0002502425312328126,-0.0003402861968933331,-4.392244075463289e-05,-1.1663367847879674e-05,0.00042271258899827013,-1.129885062948086e-05,-8.05308323374105e-06,-0.0002486898417272764,2.6090989030220043e-05,1.7125452276523253e-05,7.685657790327139e-05,5.9938791141238866e-05,-1.0194201217014851e-05,4.159977306638832e-05,1.4765060993951438e-06,-1.8726976066881274e-05,-8.326193292606579e-06,0.0006653477002044844,-0.00028249954604303053,5.763742251569423e-05,9.308369416026138e-05,-8.357944545904538e-05,-4.6417141136908585e-06,1.3795803233380822e-05,-0.0006376382835391332,2.311751807727678e-06,9.819801480675237e-05,-0.00012767934985719227
CELP,-8.557781232094099e-05,5.7939682021756944e-05,-0.0024168604137238367,-9.326411108852508e-05,-0.00038982273904254787,0.0011980152103100647,0.0005781229943436208,-0.00010661425462725268,8.690166204494636e-05,-8.520244720178324e-05,0.000550988331527073,8.136050676199082e-05,0.0004174827660304959,-0.00041390434076108183,-7.109848736804896e-05,3.278176298166211e-05,0.00030488625604322214,-0.0001703048560545908,0.0003491771388073742,-0.00010858780100363913,0.0001160340468510104,-0.0006269529968205638,0.0006315128340884141,0.0010368892786585156,5.233437670061688e-06,-4.15960665283294e-05,-0.0015637942392965883,-1.129537229814548e-05,-5.299516919465218e-05,0.0006836606509463348,1.0955756343742735e-05,-4.028625489108907e-05,-0.0003381969018189544,-0.0002877604992917133,6.733632355944262e-05,-0.00022725207704869118,2.4301883603053217e-06,7.670035384904952e-05,-7.383897122479555e-06,-0.0017399939716963627,0.0008108141634440469,0.00010638072826846892,-0.0002114343716728883,-0.00015407703102749787,-9.183851692380856e-06,-5.879556670281667e-05,0.0014872431261147771,-6.9375836071665485e-06,-0.00040451819600872366,0.00038816376545739437
CGC,-2.34984201047343e-05,8.442166976012171e-05,0.0037496440721290214,0.00011135868488522087,-0.00026568424318590053,0.0005781229943436208,0.0013638929023410539,-0.00017218626523735973,-6.293016696959183e-05,-0.00016834340600506355,0.0008536778792123474,4.9003185125406166e-05,0.000944575379122186,-5.994329342456495e-05,9.906015193473926e-05,-3.587020402651506e-05,0.00043626490625067586,-0.0001429426518538164,0.0004337111408840745,0.0001516038017862125,-6.502552213005493e-05,-0.0008644263374410178,0.0012410965845788611,0.0014584254387786468,0.0003481707362816514,-7.122499735249643e-05,5.725575578756167e-05,5.0404196325769275e-05,0.00019323656814696654,0.0006928102087021373,-0.000197271782797475,-7.720117229400115e-05,0.0008744427969869437,-0.0001705105362278265,0.00021980322998824722,-4.800447821887576e-05,-5.299848429713336e-05,-1.9461802548628013e-05,-1.3711158716618962e-05,-0.000528222275812848,0.000405038849715948,-0.0019892286197114284,-9.67007927111603e-05,0.0005567782948557884,-2.3053634929388635e-05,-5.860789825117952e-05,0.001267508295208753,1.4550036962713645e-06,-0.00034807857996719844,0.00022210198147449352
CHD,4.731410358384857e-06,-5.710547377520541e-06,0.0006035018773943398,2.6255941585288544e-05,3.2373730060684646e-05,-0.00010661425462725268,-0.00017218626523735973,4.0407989921272146e-05,1.883960736893607e-05,1.7314708249686316e-05,-0.00018103446169303295,-3.858895008696825e-05,-0.00011714869157470242,0.0001054408435462514,-2.748984870055595e-06,1.6904101480662187e-05,-5.7879310028073525e-05,3.433635544009028e-05,-6.639417346876735e-05,2.9577456476297155e-05,-2.114953980300426e-06,-8.64036780733743e-05,-0.00019583846027666562,-0.00030364712044364566,-1.0979733410000199e-05,5.5466963223843894e-05,9.365047686834307e-05,1.2321747483422255e-05,-4.222636766001313e-06,-0.00010076893585112361,-2.659375651717448e-06,1.0193708817849098e-05,-0.0001508435861937494,8.65437972081293e-05,-6.69275586003896e-05,5.796815814282936e-05,8.376350795071094e-06,-4.041859689956931e-06,2.0075248560046125e-05,-7.370832708452321e-05,-4.545287039286015e-05,0.0003032734054969904,-2.1160553621232022e-05,8.492285700673275e-05,1.7198111346454572e-05,2.0568060456447615e-05,-1.0893993273364356e-05,-5.521351545192073e-07,0.00012383701013131784,-4.019147092570469e-05
CHH,-8.698254429081545e-06,3.6288358157655127e-06,0.00014693938959032152,8.259576871821772e-06,-3.0113038738166705e-05,8.690166204494636e-05,-6.293016696959183e-05,1.883960736893607e-05,2.9143033861458243e-05,2.3440285735713844e-06,-7.360565024338234e-05,-2.0837127043991372e-05,-3.924027435275442e-05,2.820495775911921e-05,-1.3133547499668246e-05,1.936653876224765e-05,-4.612173971960535e-06,4.105021756331224e-06,-5.25467982892673e-06,8.731259009067054e-06,1.5633554331010894e-05,-0.00016567714379099596,-7.490148078963886e-05,-0.0001066804754440904,-9.203609241005843e-06,4.119915056673814e-05,-0.00015369067414765827,8.726472250583827e-06,-1.1856782460344101e-05,1.4904471004814813e-05,-2.77062729677769e-07,2.814609220211521e-06,-0.00018062998451168297,3.1124355516775174e-05,-4.739308217377837e-05,1.5578032873388025e-05,7.597950735486351e-06,8.038158058096904e-06,1.603458498587938e-05,-0.0003215946342198897,8.155204771702728e-05,0.00027796263868226824,-4.9422551077840325e-05,4.83895868067799e-05,1.333024558632967e-05,8.861524547539695e-06,0.00021042524089876448,-1.5087711284888373e-06,4.580457634057191e-05,2.327991648634483e-05
DFPH,4.227794182106623e-06,-1.2192500780252718e-05,-0.0006414653157823462,-2.0656151654482026e-05,3.9592938803386914e-05,-8.520244720178324e-05,-0.00016834340600506355,1.7314708249686316e-05,2.3440285735713844e-06,2.2100310544586748e-05,-9.125727372150631e-05,7.338749710214738e-07,-0.00011752060586688409,-8.266090688691649e-06,-1.2043766112358206e-05,1.681285448749927e-07,-5.595276982782016e-05,1.60929812635864e-05,-5.4464694750406706e-05,-2.699109870083661e-05,7.270676829010196e-06,0.00016231499624619843,-0.00014574733184351247,-0.00015957289081905025,-4.798322580384504e-05,-2.7080958456670956e-06,4.653286856494988e-06,-1.0185818762606547e-05,-2.5793093099225332e-05,-9.12947515594518e-05,2.9108834095151586e-05,9.593009942010964e-06,-8.105801911580441e-05,9.640294173403223e-06,-1.6604427995573307e-05,-2.362579839309738e-06,5.530658386973486e-06,2.0543486817937646e-06,-2.9153041425043343e-06,0.0001363166859980759,-6.642809621781992e-05,0.000210046080953126,2.4383411552956374e-05,-9.886790921185338e-05,-7.857812922386429e-07,4.696312533921776e-06,-0.00021649289225641457,9.09479251532363e-08,2.876438884658625e-05,-3.123575330188755e-05
EMQQ,-2.6274335608446418e-05,3.541779947007879e-05,-0.002011096792421547,-9.283938020615986e-05,-0.0001796082064255129,0.000550988331527073,0.0008536778792123474,-0.00018103446169303295,-7.360565024338234e-05,-9.125727372150631e-05,0.0008254642337371387,0.00015796047817032456,0.0005843180136192583,-0.0004351666518126289,1.75972511191366e-05,-6.6510317405446e-05,0.00029142363022410155,-0.00015854212427150613,0.0003263895808353341,-0.00010172493049791006,7.820427866213139e-06,0.00018695425442784484,0.0009326969903785366,0.0013948970077741912,8.321494902746744e-05,-0.00022231437458146582,-0.00045011562526201974,-4.170720001754144e-05,3.54766649664276e-05,0.0005092965033422537,-1.243557776058317e-05,-5.050951354898196e-05,0.0006559578487228933,-0.00036815403683380894,0.000285135004579295,-0.0002409970425028674,-3.799665673923241e-05,1.8012688566738112e-05,-7.85478953371731e-05,0.00010694011032394286,0.00027282979282969495,-0.0013828243917255773,5.563945234142095e-05,-0.0002676399809247486,-6.880731784862774e-05,-8.901388494813513e-05,0.00028626862770225276,1.829935366593194e-06,-0.0005386103204309379,0.00020413620120139842
EWZS,-4.08787718995181e-06,-5.475600493115401e-06,-0.0017393873136860361,-6.61351881215076e-05,-8.21561260129899e-06,8.136050676199082e-05,4.9003185125406166e-05,-3.858895008696825e-05,-2.0837127043991372e-05,7.338749710214738e-07,0.00015796047817032456,5.80015150591303e-05,3.0344464523141523e-05,-0.00017254453760357156,-1.361263319630021e-05,-2.2591672338410702e-05,2.0825060818976562e-05,-3.3608659398415774e-05,3.614408686874303e-05,-7.931466935211828e-05,1.5893404925222064e-05,0.00030676809252438975,0.00011263242263612324,0.00026034828571198546,-4.492733819800804e-05,-8.303733585764803e-05,-0.00017652890128392088,-3.061498613736215e-05,-2.8313414029453234e-05,4.8894963937932726e-05,4.086265125665122e-05,-3.567006799029301e-06,9.966714575498276e-05,-0.00011921116964885381,7.565163286225294e-05,-9.209491463754854e-05,-4.759719311882681e-06,1.0762372110208616e-05,-3.2251061062259083e-05,0.00022026661062086246,6.311719045452196e-06,-0.00015935955660074317,5.386266441420845e-05,-0.000249649042765423,-2.5559252060294055e-05,-2.4986442084804664e-05,-0.00021022853139205018,6.712241682709647e-07,-0.00015144520275512543,2.9748754872493114e-05
FCG,-1.7770554223610467e-05,5.9750450338420555e-05,0.002669635146513651,8.006991292833874e-05,-0.00019066905639814397,0.0004174827660304959,0.000944575379122186,-0.00011714869157470242,-3.924027435275442e-05,-0.00011752060586688409,0.0005843180136192583,3.0344464523141523e-05,0.0006548984607945806,-3.5469418804757986e-05,6.746754312948739e-05,-2.1805495590831992e-05,0.0003045126446438633,-9.904422157661801e-05,0.00030243911104049835,0.00010848362398900826,-4.327037812427643e-05,-0.0006350007791812442,0.0008559439815506001,0.001001357984389811,0.00024289708870734993,-4.240720466736338e-05,1.809261757552554e-05,3.70331455876334e-05,0.00013379045792363074,0.0004868799111898768,-0.0001386718301343675,-5.35740943607501e-05,0.0005827602729279258,-0.00011307620571910217,0.0001455633309642635,-3.0060176919445403e-05,-3.586134290959995e-05,-1.2495619351126871e-05,-6.695710543032642e-06,-0.0004230126740959858,0.0002963472871575157,-0.0013473735376159641,-7.611966367184112e-05,0.00040047658842353356,-1.3742705560236987e-05,-3.934736145265898e-05,0.0009231142001294892,7.739249019361498e-07,-0.00023472282493829468,0.00015881941121881983
FN,2.751003800191702e-05,1.4837424566552481e-05,0.005971888619134111,0.0002225792082701478,7.197321387640432e-05,-0.00041390434076108183,-5.994329342456495e-05,0.0001054408435462514,2.820495775911921e-05,-8.266090688691649e-06,-0.0004351666518126289,-0.00017254453760357156,-3.5469418804757986e-05,0.0005661713043219111,6.950750875032196e-05,4.974077208120047e-05,-6.119200224502043e-05,0.00011079277283821056,-0.00011441128246242945,0.00026895894556826705,-8.098872735886307e-05,-0.0008413380003199809,-0.0002681075916040774,-0.0007390533426169552,0.00017728910260335234,0.00022956978550960007,0.0008607421471513882,9.549978163528365e-05,0.00012069681888956501,-0.00018723423225865127,-0.00014651118206868431,7.3448618817604525e-06,-6.45849079561633e-05,0.0003717245127300219,-0.00019211820423529124,0.0003011907249944458,4.5231710950086855e-06,-5.063029842474986e-05,8.928425109256675e-05,-0.0002921099419728924,-0.00014243246112853868,0.00011262457082574911,-0.00011585272998045972,0.0008154774037595973,6.965309681650894e-05,7.404441791800982e-05,0.0004362631299569602,-4.1225804907438247e-08,0.0004610064979720986,-0.00013817681558723466
GDV,6.968781048362261e-06,5.391994604997732e-06,0.0010563030532555967,3.641867004833226e-05,9.987653329815028e-06,-7.109848736804896e-05,9.906015193473926e-05,-2.748984870055595e-06,-1.3133547499668246e-05,-1.2043766112358206e-05,1.75972511191366e-05,-1.361263319630021e-05,6.746754312948739e-05,6.950750875032196e-05,2.2516704206157043e-05,-3.6596347929560733e-06,1.792195837532639e-05,6.733724268146707e-06,9.965449494614073e-06,4.557885349369692e-05,-2.3497244365893815e-05,-9.938761597592756e-05,6.594216427984484e-05,2.1690928738650605e-05,5.1399300176901416e-05,1.1375809991257146e-05,0.0002074021740142532,1.331919832000359e-05,3.5127035997966975e-05,4.189614714506596e-06,-3.3541466080197e-05,-4.65019367114133e-06,0.0001260400345097462,3.212309933416362e-05,5.80779752932558e-06,3.577856317980392e-05,-5.957946945123017e-06,-1.2649207213126676e-05,5.222625137279028e-06,7.75999933693777e-05,-3.7114490885826634e-05,-0.00022891522898631312,2.140360739995857e-07,0.0001333819582940412,2.9749541745085356e-06,3.7206597408592746e-06,3.956607047489775e-05,7.927068466028403e-07,2.857335115205092e-05,-1.934581478413885e-05
ILCV,-3.916818925725414e-06,3.5056441095322295e-06,0.00045245554295359413,1.84505775068489e-05,-1.5782686529788435e-05,3.278176298166211e-05,-3.587020402651506e-05,1.6904101480662187e-05,1.936653876224765e-05,1.681285448749927e-07,-6.6510317405446e-05,-2.2591672338410702e-05,-2.1805495590831992e-05,4.974077208120047e-05,-3.6596347929560733e-06,1.4681084787876048e-05,-4.281603315931529e-06,8.22810019234656e-06,-7.752594510329295e-06,2.1603314750234478e-05,4.710738679379126e-06,-0.0001551308318878531,-5.584504818313327e-05,-0.00010156678700752052,6.168503298827677e-06,3.837366264638059e-05,-4.539078066488208e-05,1.1138255831306502e-05,5.270980603165034e-07,1.7858214654586007e-06,-9.544859926317378e-06,1.794815308890282e-06,-0.00011137007416634204,3.9834420419298806e-05,-3.934206232890747e-05,2.6738854174575174e-05,4.710698574668958e-06,1.972131817888994e-06,1.4998492232976785e-05,-0.00021847826665076118,4.425191637572542e-05,0.0001690544422488535,-3.7731467143391944e-05,7.953840249625687e-05,1.2149959339626065e-05,9.464694910487361e-06,0.00016147736239926176,-9.296713643839321e-07,5.320768930172158e-05,7.534551261211412e-06
INSW,-1.7109410587370972e-05,3.0261610926295535e-05,0.0007716210650166985,2.0830945510582455e-05,-0.00012077579979619547,0.00030488625604322214,0.00043626490625067586,-5.7879310028073525e-05,-4.612173971960535e-06,-5.595276982782016e-05,0.00029142363022410155,2.0825060818976562e-05,0.0003045126446438633,-6.119200224502043e-05,1.792195837532639e-05,-4.281603315931529e-06,0.00015476561987712515,-5.851782344195773e-05,0.00015906839872719005,3.0221653954091665e-05,-3.1530703638719727e-06,-0.0003260543829000474,0.0004073599368346847,0.0005106378428635092,9.573649803028557e-05,-2.0447917477596428e-05,-0.00017792956099547963,1.344598710042773e-05,4.608901748729683e-05,0.00027073928219455585,-5.3177913342344093e-05,-2.5631366919280785e-05,0.00018511461763820534,-7.696857599918575e-05,6.377507468167818e-05,-3.775074201097495e-05,-1.3608751569848502e-05,4.182179638856288e-06,-3.086964245160743e-06,-0.0003756818948655364,0.00021232591839044998,-0.0005097437548693331,-5.561088925024159e-05,0.0001405653502999481,-6.129131066696829e-06,-2.2041277050184922e-05,0.0005399693253211565,-5.375355341092919e-07,-0.00013789228628355228,0.0001079104649333941
IUSG,1.052676379469073e-05,-7.3290193716424445e-06,0.0007327629990223516,2.9616109902813723e-05,5.198176834352756e-05,-0.0001703048560545908,-0.0001429426518538164,3.433635544009028e-05,4.105021756331224e-06,1.60929812635864e-05,-0.00015854212427150613,-3.3608659398415774e-05,-9.904422157661801e-05,0.00011079277283821056,6.733724268146707e-06,8.22810019234656e-06,-5.851782344195773e-05,3.6433785213803526e-05,-6.861394082615891e-05,3.428303215872613e-05,-1.3451388636649789e-05,-2.4829076473361886e-05,-0.00016738161991130981,-0.00027546114402459223,-2.465217930235538e-07,4.150387669984605e-05,0.00020868300886430104,1.093123509839435e-05,6.226878417580817e-06,-0.00011718473775609819,-7.422012148990549e-06,9.089931238750401e-06,-5.65346181568178e-05,8.346073938978839e-05,-4.8538674459959875e-05,6.053664723140358e-05,4.50957558031859e-06,-1.0227477546528433e-05,1.4608782536486392e-05,9.218210077424293e-05,-9.59768711638688e-05,0.00015999494305200324,1.7835106405349987e-06,8.703022596977662e-05,1.25119166403265e-05,1.8554512278133893e-05,-0.00011247503381151692,2.6617151532145673e-07,0.00011637415883493185,-5.838979917685272e-05
IWFH,-2.0291800586654133e-05,2.8787198101320084e-05,0.0001866596666449538,-6.995880399568861e-07,-0.00012894486941884912,0.0003491771388073742,0.0004337111408840745,-6.639417346876735e-05,-5.25467982892673e-06,-5.4464694750406706e-05,0.0003263895808353341,3.614408686874303e-05,0.00030243911104049835,-0.00011441128246242945,9.965449494614073e-06,-7.752594510329295e-06,0.00015906839872719005,-6.861394082615891e-05,0.00016853123325077804,4.0693068121713606e-06,5.981499570339337e-06,-0.0002521072556316016,0.0004247219708710939,0.0005711973715058153,7.673796513080379e-05,-3.992631376580442e-05,-0.000272207226475931,4.5401021501589495e-06,3.292516199497266e-05,0.0002878213091469014,-3.827846941536281e-05,-2.5921587156486735e-05,0.00017682068227966468,-0.00011067167616386428,7.87260643794969e-05,-6.597408520983206e-05,-1.3385388082091502e-05,9.712382098597088e-06,-1.0705579825329924e-05,-0.00036662860430035886,0.00023031207223957883,-0.0004962562854896612,-4.724507420195729e-05,6.24065147123048e-05,-1.197999618601884e-05,-2.8502704267696538e-05,0.0005072324671903388,-6.371167750965567e-07,-0.00017878932601635676,0.00012222901462727567
KRE,8.90101647068218e-06,1.9330722891942798e-05,0.003423821856878909,0.0001240433505644898,-5.9439375483632655e-06,-0.00010858780100363913,0.0001516038017862125,2.9577456476297155e-05,8.731259009067054e-06,-2.699109870083661e-05,-0.00010172493049791006,-7.931466935211828e-05,0.00010848362398900826,0.00026895894556826705,4.557885349369692e-05,2.1603314750234478e-05,3.0221653954091665e-05,3.428303215872613e-05,4.0693068121713606e-06,0.00015208620992118374,-4.608774532424948e-05,-0.0005478698225298886,3.245636802075175e-05,-0.0001691719099590172,0.00013265613617829123,0.00010645738186291153,0.00040370671758764294,5.426369410092142e-05,8.351673695613866e-05,7.388217490868337e-06,-9.813662561556984e-05,-6.769670282215362e-06,6.62005665351127e-05,0.0001600815116863403,-6.860432091497498e-05,0.0001409244039001517,-4.156588740617263e-06,-2.610577213812122e-05,4.334148064815069e-05,-0.0002563583976744485,-2.0771295522389684e-06,-0.0001845690810969497,-7.583346975890834e-05,0.00047743481361357576,3.2208758341674315e-05,2.8823874169793215e-05,0.000413799812460958,-1.598496716500978e-08,0.00018056183648164028,-3.2972113470157826e-05
KSM,-1.0002377546850193e-05,-2.4091011418376768e-06,-0.0010637363304057004,-3.710663232447231e-05,-2.5811318057855255e-05,0.0001160340468510104,-6.502552213005493e-05,-2.114953980300426e-06,1.5633554331010894e-05,7.270676829010196e-06,7.820427866213139e-06,1.5893404925222064e-05,-4.327037812427643e-05,-8.098872735886307e-05,-2.3497244365893815e-05,4.710738679379126e-06,-3.1530703638719727e-06,-1.3451388636649789e-05,5.981499570339337e-06,-4.608774532424948e-05,2.631867552963724e-05,6.351024383857034e-05,-3.262856862542878e-05,2.5055063616933187e-05,-4.6453861383771044e-05,-1.217588356347356e-05,-0.0002555087620534935,-1.2596189776142215e-05,-3.417487661034941e-05,2.559779473058718e-05,3.094064918181502e-05,2.4868604735789135e-06,-0.0001288204719470651,-4.160391234679887e-05,-2.317972467053307e-06,-4.2300794497530684e-05,5.507142325714446e-06,1.4781209499259615e-05,-5.082220784226463e-06,-0.00014496846815456214,6.85061940066964e-05,0.00021217196673768368,-9.231424541484108e-06,-0.00012785517739886612,-3.114502699824978e-06,-5.921371330384786e-06,2.779861903748154e-05,-1.0167530240254527e-06,-4.342274525032992e-05,3.424943112594595e-05
MOHO,4.6147984409711045e-05,-0.00012665108725109172,-0.012235809917889898,-0.0004462077586141859,0.000372400353327319,-0.0006269529968205638,-0.0008644263374410178,-8.64036780733743e-05,-0.00016567714379099596,0.00016231499624619843,0.00018695425442784484,0.00030676809252438975,-0.0006350007791812442,-0.0008413380003199809,-9.938761597592756e-05,-0.0001551308318878531,-0.0003260543829000474,-2.4829076473361886e-05,-0.0002521072556316016,-0.0005478698225298886,6.351024383857034e-05,0.003016436551752312,-0.000400500674038585,0.00018780908568166938,-0.0005090664763764882,-0.0004912426087761218,-0.00012716128606419697,-0.00022831970537120247,-0.00026606359030214053,-0.0005510865523064516,0.00038286451975201325,4.888367917613338e-05,0.0004061448957270687,-0.0005053189970739365,0.0003371988207978351,-0.000435341679485349,-3.240296909028643e-06,3.010661951083676e-05,-0.00020503899478112883,0.0030197641720955777,-0.0007620830517730932,-1.7980393943307278e-06,0.0005690616092223711,-0.0019025736200145628,-0.00015309896336845476,-9.374908962134135e-05,-0.0032018329660926876,8.579255293708408e-06,-0.0005384838019295605,-0.0002003503247920334
NBEV,-2.791813589114548e-05,6.766081279131029e-05,0.0010727744709389084,1.4130735745509055e-05,-0.0002502425312328126,0.0006315128340884141,0.0012410965845788611,-0.00019583846027666562,-7.490148078963886e-05,-0.00014574733184351247,0.0009326969903785366,0.00011263242263612324,0.0008559439815506001,-0.0002681075916040774,6.594216427984484e-05,-5.584504818313327e-05,0.0004073599368346847,-0.00016738161991130981,0.0004247219708710939,3.245636802075175e-05,-3.262856862542878e-05,-0.000400500674038585,0.0012128370113008815,0.001585745789726801,0.000244422280060969,-0.00015945031568174398,-0.0002144855544416362,6.718923946911747e-06,0.0001296761960186702,0.0006726566865912099,-0.00011994565232185657,-7.14530129192715e-05,0.0008499568463486802,-0.0002953617137346484,0.00027840590938573535,-0.00015697993960059716,-5.0668820547335194e-05,-1.2145902495166023e-06,-4.9716794921901446e-05,-0.00025544306713542173,0.0003820626461076079,-0.0018786533396973235,-2.7034467623904062e-05,0.00017681283487103948,-4.991206951024803e-05,-8.134952337330517e-05,0.0008883261596391889,1.775173261805481e-06,-0.000488715252135713,0.0002382375241384299
NNOX,-5.2936774073513556e-05,6.568098439731285e-05,-0.003355713634239777,-0.0001544832168086634,-0.0003402861968933331,0.0010368892786585156,0.0014584254387786468,-0.00030364712044364566,-0.0001066804754440904,-0.00015957289081905025,0.0013948970077741912,0.00026034828571198546,0.001001357984389811,-0.0007390533426169552,2.1690928738650605e-05,-0.00010156678700752052,0.0005106378428635092,-0.00027546114402459223,0.0005711973715058153,-0.0001691719099590172,2.5055063616933187e-05,0.00018780908568166938,0.001585745789726801,0.0023710837940605686,0.00014228528064701824,-0.00035721509077305707,-0.0009051612862581212,-6.549770580216751e-05,5.501654951184128e-05,0.0009094346410080139,-2.4238236619911013e-05,-8.695610456070685e-05,0.001015825203209916,-0.0006209950818091103,0.00046388470105330614,-0.0004094957519542721,-6.109600629971466e-05,3.7489782330038655e-05,-0.0001249288229497387,-6.92352404636141e-05,0.0005447494488835206,-0.0022230647689518096,5.767364768512248e-05,-0.00042350302818380033,-0.00011012156578894862,-0.00014931091804686253,0.0006784205922954608,2.0414964445533515e-06,-0.0009094562195431918,0.00037732112710435716
NVT,3.8520518512760276e-06,2.7401235090825815e-05,0.0030513031037405344,0.00010593883052146513,-4.392244075463289e-05,5.233437670061688e-06,0.0003481707362816514,-1.0979733410000199e-05,-9.203609241005843e-06,-4.798322580384504e-05,8.321494902746744e-05,-4.492733819800804e-05,0.00024289708870734993,0.00017728910260335234,5.1399300176901416e-05,6.168503298827677e-06,9.573649803028557e-05,-2.465217930235538e-07,7.673796513080379e-05,0.00013265613617829123,-4.6453861383771044e-05,-0.0005090664763764882,0.000244422280060969,0.00014228528064701824,0.00015483287847268732,5.7181744067024256e-05,0.00032351961508430036,4.5776467926382005e-05,9.412087126339216e-05,0.00011933562935564691,-0.00010321947728942847,-1.828949727736484e-05,0.00022444894588509383,8.045216190729024e-05,-4.125479795941538e-06,8.996789710295804e-05,-1.3148702411745843e-05,-2.3254987754190145e-05,2.5974524187156753e-05,-0.00021837361605844824,5.307032647896248e-05,-0.0005127107385340067,-6.219092221290391e-05,0.0004265470992390658,1.6903194571349078e-05,9.249336281163037e-06,0.00047367739203136737,4.845823785868312e-07,6.27633050751606e-05,9.938319070320143e-06
OPI,-2.489925647566107e-07,1.0423816403267282e-05,0.00231739395133899,8.90409521971373e-05,-1.1663367847879674e-05,-4.15960665283294e-05,-7.122499735249643e-05,5.5466963223843894e-05,4.119915056673814e-05,-2.7080958456670956e-06,-0.00022231437458146582,-8.303733585764803e-05,-4.240720466736338e-05,0.00022956978550960007,1.1375809991257146e-05,3.837366264638059e-05,-2.0447917477596428e-05,4.150387669984605e-05,-3.992631376580442e-05,0.00010645738186291153,-1.217588356347356e-05,-0.0004912426087761218,-0.00015945031568174398,-0.00035721509077305707,5.7181744067024256e-05,0.0001252671509649106,0.000134176088381247,4.396070387870165e-05,3.213788856863896e-05,-3.964063372551723e-05,-5.467280350393513e-05,4.597727081409602e-06,-0.00020968955876245096,0.00016277992717883885,-0.00011681467221025168,0.00012253078783087685,9.226409431783417e-06,-9.226534512576606e-06,4.892971073846807e-05,-0.0004652241335136156,4.560530541234242e-05,0.00031822136850358977,-9.669377695160756e-05,0.0003483400171577775,3.890263348818968e-05,3.501283303203045e-05,0.00040375289493010496,-1.6589990874990929e-06,0.00020789236523127602,-1.9798915936549204e-05
OPTT,0.0001227087363704917,-1.8683360993181945e-05,0.009232856452742797,0.00032943495200974326,0.00042271258899827013,-0.0015637942392965883,5.725575578756167e-05,9.365047686834307e-05,-0.00015369067414765827,4.653286856494988e-06,-0.00045011562526201974,-0.00017652890128392088,1.809261757552554e-05,0.0008607421471513882,0.0002074021740142532,-4.539078066488208e-05,-0.00017792956099547963,0.00020868300886430104,-0.000272207226475931,0.00040370671758764294,-0.0002555087620534935,-0.00012716128606419697,-0.0002144855544416362,-0.0009051612862581212,0.00032351961508430036,0.000134176088381247,0.0027638271495304284,0.00010150776893097041,0.0002724490629150683,-0.0006196474997617477,-0.00022801845336802522,9.824447614412888e-06,0.0010500889007724872,0.0004991815077488649,-5.053888588996855e-05,0.00045717952964226195,-3.713545719900769e-05,-0.00015136059428214792,4.894827885696006e-05,0.00200704815410994,-0.0009756567763275666,-0.0014462565219368255,0.00017897468882542529,0.0010361909802255706,3.4748186512821626e-05,8.482166900624941e-05,-0.001061453140845848,1.1021375714712419e-05,0.0005952657619601554,-0.0004852015665861899
QSY,8.170751193383266e-07,8.105857612664152e-06,0.001214011102401916,4.4386582430218344e-05,-1.129885062948086e-05,-1.129537229814548e-05,5.0404196325769275e-05,1.2321747483422255e-05,8.726472250583827e-06,-1.0185818762606547e-05,-4.170720001754144e-05,-3.061498613736215e-05,3.70331455876334e-05,9.549978163528365e-05,1.331919832000359e-05,1.1138255831306502e-05,1.344598710042773e-05,1.093123509839435e-05,4.5401021501589495e-06,5.426369410092142e-05,-1.2596189776142215e-05,-0.00022831970537120247,6.718923946911747e-06,-6.549770580216751e-05,4.5776467926382005e-05,4.396070387870165e-05,0.00010150776893097041,2.0563901772461882e-05,2.7220290287965083e-05,1.2696670246453799e-05,-3.482657756443494e-05,-2.4128740907711465e-06,-9.036328416990754e-06,5.865848920881313e-05,-3.119400691801122e-05,5.004886417052815e-05,-2.406374131988793e-07,-7.1416250469709614e-06,1.7887328563170415e-05,-0.0001619998515306565,2.1378841448297796e-05,-2.0168280500904138e-05,-3.722607823711895e-05,0.00017579146710436973,1.3476491650896323e-05,1.1002255745137113e-05,0.0001974441406790613,-3.2413142821687084e-07,6.696771935528798e-05,-3.6502839033525226e-06
RTX,6.57878662481106e-06,1.3874983269202909e-05,0.001923063746400537,6.683107886801555e-05,-8.05308323374105e-06,-5.299516919465218e-05,0.00019323656814696654,-4.222636766001313e-06,-1.1856782460344101e-05,-2.5793093099225332e-05,3.54766649664276e-05,-2.8313414029453234e-05,0.00013379045792363074,0.00012069681888956501,3.5127035997966975e-05,5.270980603165034e-07,4.608901748729683e-05,6.226878417580817e-06,3.292516199497266e-05,8.351673695613866e-05,-3.417487661034941e-05,-0.00026606359030214053,0.0001296761960186702,5.501654951184128e-05,9.412087126339216e-05,3.213788856863896e-05,0.0002724490629150683,2.7220290287965083e-05,6.006146412072415e-05,4.335258480516654e-05,-6.26944414143348e-05,-9.708208187743665e-06,0.0001665307196033073,5.695838637552102e-05,-5.4171679208592e-07,6.181062570042796e-05,-8.772790578841213e-06,-1.786939011924034e-05,1.4402101856705486e-05,-3.114114387897558e-05,-8.200055663226013e-06,-0.00034075478280175655,-2.4289657096102225e-05,0.0002587970282282888,9.263850632761655e-06,7.055624751524031e-06,0.00020610916714593625,7.157589050600915e-07,4.9496964465841245e-05,-1.1720767571252148e-05
SAIL,-4.29060222600633e-05,5.210025729750917e-05,0.00028965865683560884,7.367201828983579e-09,-0.0002486898417272764,0.0006836606509463348,0.0006928102087021373,-0.00010076893585112361,1.4904471004814813e-05,-9.12947515594518e-05,0.0005092965033422537,4.8894963937932726e-05,0.0004868799111898768,-0.00018723423225865127,4.189614714506596e-06,1.7858214654586007e-06,0.00027073928219455585,-0.00011718473775609819,0.0002878213091469014,7.388217490868337e-06,2.559779473058718e-05,-0.0005510865523064516,0.0006726566865912099,0.0009094346410080139,0.00011933562935564691,-3.964063372551723e-05,-0.0006196474997617477,1.2696670246453799e-05,4.335258480516654e-05,0.000511538415587471,-6.213761861674068e-05,-4.230567254412095e-05,0.0001523777843489697,-0.0001732955728255691,0.00010003021595957878,-0.00010789051974701371,-1.6666080077665743e-05,2.4787578196517268e-05,-7.129101399278835e-06,-0.0008938494901917171,0.00046804447915523196,-0.0006196098420042578,-0.00011990590690873493,0.00012688997036918739,-1.1095002006974466e-05,-4.3352296991223295e-05,0.0010374062547260335,-2.369106688303892e-06,-0.00028012248719253344,0.0002330994765022077
SRSAU,-2.853608469608264e-06,-1.795082655057307e-05,-0.0022362665812734337,-7.904227663605814e-05,2.6090989030220043e-05,1.0955756343742735e-05,-0.000197271782797475,-2.659375651717448e-06,-2.77062729677769e-07,2.9108834095151586e-05,-1.243557776058317e-05,4.086265125665122e-05,-0.0001386718301343675,-0.00014651118206868431,-3.3541466080197e-05,-9.544859926317378e-06,-5.3177913342344093e-05,-7.422012148990549e-06,-3.827846941536281e-05,-9.813662561556984e-05,3.094064918181502e-05,0.00038286451975201325,-0.00011994565232185657,-2.4238236619911013e-05,-0.00010321947728942847,-5.467280350393513e-05,-0.00022801845336802522,-3.482657756443494e-05,-6.26944414143348e-05,-6.213761861674068e-05,7.149009197935802e-05,1.016565810144737e-05,-0.00010611525271392895,-7.628064716732415e-05,2.1196664966745077e-05,-7.540164333123714e-05,6.583358840627391e-06,1.6097072158950654e-05,-2.3515624384571174e-05,0.00019461983199915034,-3.4281324858550595e-05,0.0002632729660984487,5.164475200006065e-05,-0.0003152499899967684,-1.643437744613168e-05,-1.148068534773363e-05,-0.0003421465649385175,-8.020802302753236e-08,-7.32997941641533e-05,-4.835028307816066e-07
TFIV,1.920844303887156e-06,-4.895238666271375e-06,-0.00017079297985508142,-4.8235780817893156e-06,1.7125452276523253e-05,-4.028625489108907e-05,-7.720117229400115e-05,1.0193708817849098e-05,2.814609220211521e-06,9.593009942010964e-06,-5.050951354898196e-05,-3.567006799029301e-06,-5.35740943607501e-05,7.3448618817604525e-06,-4.65019367114133e-06,1.794815308890282e-06,-2.5631366919280785e-05,9.089931238750401e-06,-2.5921587156486735e-05,-6.769670282215362e-06,2.4868604735789135e-06,4.888367917613338e-05,-7.14530129192715e-05,-8.695610456070685e-05,-1.828949727736484e-05,4.597727081409602e-06,9.824447614412888e-06,-2.4128740907711465e-06,-9.708208187743665e-06,-4.230567254412095e-05,1.016565810144737e-05,4.4317367312484684e-06,-4.454710163913632e-05,1.1954235997862888e-05,-1.2650503168095694e-05,4.819651323770357e-06,2.8288113230090764e-06,3.913255244354934e-07,9.773794980507336e-07,3.992887771326156e-05,-2.7707085405491355e-05,0.00010594607268189783,6.419639540099669e-06,-2.6959794970254245e-05,1.4479635596655038e-06,3.7104378137820942e-06,-7.739865065023097e-05,-2.896499338780923e-08,2.2472931435355058e-05,-1.4923358947011241e-05
TGB,4.456492666798089e-05,1.6194233607717644e-05,0.0018812625409450868,4.3492157562167384e-05,7.685657790327139e-05,-0.0003381969018189544,0.0008744427969869437,-0.0001508435861937494,-0.00018062998451168297,-8.105801911580441e-05,0.0006559578487228933,9.966714575498276e-05,0.0005827602729279258,-6.45849079561633e-05,0.0001260400345097462,-0.00011137007416634204,0.00018511461763820534,-5.65346181568178e-05,0.00017682068227966468,6.62005665351127e-05,-0.0001288204719470651,0.0004061448957270687,0.0008499568463486802,0.001015825203209916,0.00022444894588509383,-0.00020968955876245096,0.0010500889007724872,-9.036328416990754e-06,0.0001665307196033073,0.0001523777843489697,-0.00010611525271392895,-4.454710163913632e-05,0.001333023205479371,-0.0001640052933259128,0.0003102472589134863,-4.389234459112454e-05,-6.209759275399148e-05,-6.255780760539367e-05,-7.60996021886122e-05,0.0015150649920021386,-0.00032144556379696236,-0.0023023938276044106,0.0002122478475678246,0.00011750901300404707,-6.879262967478676e-05,-5.714231970046597e-05,-0.0005778651249764541,8.929792783165e-06,-0.00029720571257939874,-6.9654764881855e-05
UHT,1.7069148951861166e-05,3.249956086466147e-06,0.0035092100463374747,0.00013395092255402414,5.9938791141238866e-05,-0.0002877604992917133,-0.0001705105362278265,8.65437972081293e-05,3.1124355516775174e-05,9.640294173403223e-06,-0.00036815403683380894,-0.00011921116964885381,-0.00011307620571910217,0.0003717245127300219,3.212309933416362e-05,3.9834420419298806e-05,-7.696857599918575e-05,8.346073938978839e-05,-0.00011067167616386428,0.0001600815116863403,-4.160391234679887e-05,-0.0005053189970739365,-0.0002953617137346484,-0.0006209950818091103,8.045216190729024e-05,0.00016277992717883885,0.0004991815077488649,5.865848920881313e-05,5.695838637552102e-05,-0.0001732955728255691,-7.628064716732415e-05,1.1954235997862888e-05,-0.0001640052933259128,0.00025858078954403893,-0.00015328777724785738,0.00019926879379540213,9.41628893461176e-06,-2.8273056175756448e-05,6.212766964856362e-05,-0.00022786777457717343,-0.000102435569616473,0.000315233059514391,-7.869944258274413e-05,0.00048309815934801065,4.9736194040199374e-05,5.431539725221333e-05,0.00022651946295374072,-5.590516926757965e-07,0.00033420443860217747,-0.00010008449961237262
