,AA,ACER,AMK,AMSC,ARI,ASXC,ATHX,BAUG,CHGG,CHN,CONN,DIG,DSU,EFT,FBRX,FCOM,FJNK,FRI,FYC,GAME,GCO,GIGE,GVI,HLIT,HMC,HQY,HX,HYMB,IBDR,ICCH,IVES,JMIN,JOBS,KARS,LBC,LIVN,MCS,MDRX,MDU,MLHR,MUC,MUSA,MYMD,NPK,NSTG,NTAP,ORLY,PBCT,PHR,RAMP,SCHW,SDPI,SEB,SHY,SHYD,SSTI,SUSL,TDACU,TRI,TSLA,TUSK,UNOV,VFLQ,VGSH,VIAC,VOD,WMS,XL,XRT,AZN,BBP,BLK,BUI,CAG,CSCO,EIG,FENG,FENY,FLEX,FRG,HEI,IONS,OPGN,TGNA,TUSA,TWLO,VXZ,XYF,ABEV,AFT,BRBR,COMB,EMFM,WHFBZ,DWCR,EVG,FPAY,JMOM,JOF,OPNT
AA,0.0006201882757785683,-0.00044290203595830367,9.911725693151771e-05,0.0005077763738724431,4.605387502119342e-05,0.0003850807954792123,0.00010642211828269785,-5.204859740860257e-05,-0.0003441373409937358,4.276489809471952e-05,0.0012606772858600862,0.0005588822584171317,-4.999409195506346e-05,-0.00010512948394612372,0.00015733662125093392,-9.404991882300479e-05,-6.137674972945214e-05,-0.00013283931479715573,2.1877377999554794e-05,3.737645079473323e-05,0.00023077535371695014,-0.00015871985886085929,-0.00011365348063727114,-0.00015484269787141463,-1.225156270909939e-05,0.00033012721045561907,-0.0017974447636753123,-0.00010429212096420318,-0.00010958373967775756,-0.00010524573931410412,-6.985716061070788e-06,-8.609037101854414e-06,-2.9400115860809316e-05,1.791751679028974e-05,-6.330050005700253e-05,0.00022135440779541332,0.00012205282607683339,0.0003483187646625342,0.00024277905729316843,5.844690809327139e-05,-0.00014353313024323506,3.5437666417084405e-05,0.0007581921973058407,0.00024301412882275634,-0.00012607782600633827,0.0002846240792295783,0.0001839012725271947,0.00013926434654714303,0.0005792801620348691,0.0002844765710637411,0.00023691093400603168,9.321485512345294e-05,-2.66280440725549e-05,-9.59288671928669e-05,-9.207084522645768e-05,-9.217942970217678e-05,-3.947853956942156e-05,-8.53752910728106e-05,-0.00019841109205385047,-0.0012114456322006248,0.0009531887146117583,-6.335260406934583e-05,4.929918705989764e-05,-9.729372387834701e-05,0.00015001434601225765,-0.00031692073312435674,-4.433275290642139e-06,-8.732468946492224e-05,0.00011952100648948851,0.00012528780358304242,0.0001448174938661537,2.9214383244516595e-05,-0.00011417589696321488,6.500168749792466e-05,9.336517559613825e-05,7.18382346891078e-05,-3.2176867047312255e-05,0.0002375510926812687,0.0002307403798036025,-0.00025343801174683076,-0.00020777823019929898,-1.8727694076026947e-05,0.00015933147811068786,-1.1514715333378769e-05,0.00015258224303858872,-0.000479451968194226,-0.00019748390814636858,0.0004549267742920116,-7.097996628671919e-05,-8.799294633407356e-05,0.0002057584636286984,1.918938497987225e-06,-2.4204300814002136e-05,-3.2877373942922055e-05,-6.181641839789746e-05,-8.359832353879648e-05,0.0009141399391483845,-7.0626968433411e-05,4.58993339960515e-06,-0.00013203745152645747
ACER,-0.00044290203595830367,0.001044983538746281,-0.00016552857358310995,0.00028182350011976375,-5.892395109858973e-05,-0.0008008187516670353,-0.0001544886336495305,4.034053081632979e-05,0.0005118931578942684,-9.925637159150579e-05,-0.0002727158082665952,-0.0004181231922690272,5.7274210182761536e-05,0.0001284542192315738,-0.0008494616382036286,0.00011212139781014254,5.672391400885317e-05,9.366149695970769e-05,-3.201269151549014e-05,-0.00280951401947511,-0.00015381754744187842,-9.912333331009829e-07,0.00011489986172625181,0.00023645585551403873,7.910854879940792e-05,-0.0005121494250826949,0.0018204204991357088,0.00010359828790518929,0.00011888467313108276,0.00012107479462848885,-5.634244257135977e-05,1.678406083559438e-05,-0.0003334725110666299,-0.00014028951684825157,0.00024739490584756873,-9.833714983939456e-05,9.261867531011317e-06,-4.84645660380402e-05,-5.457740355424402e-05,7.045541558945787e-05,0.00012239209256528083,-0.00022628340973486694,-0.00027298634598494595,-0.00010210279824598227,0.00035905518508980513,-0.00013216009749877412,-0.0002222655382669101,-0.00014370321420989504,-0.00010973502506121538,0.00014964520184079368,-0.00036932850040127644,-0.0004471624142153072,-0.00012434164063303632,9.766832527607005e-05,9.222705029974363e-05,-0.00022328083598275147,3.257634455248199e-05,8.202141223426717e-05,0.00018782753523915563,-0.00018308815814141048,-0.0009523739955670594,4.749199653114524e-05,-4.5076379195584126e-05,0.0001007591872547643,-0.0001808901349977661,0.00017142126849228076,0.00035718079892774917,7.843086944713624e-05,-8.799981895790167e-05,6.359727136443114e-05,-9.318335160543965e-05,0.0001012615180959885,2.5230093232785987e-05,0.0001780454339336136,2.298023959212497e-05,3.137346600153528e-05,-0.00017014954530673396,-0.00017712377916959316,-0.00042449730681657825,0.00027440100398947305,0.00010938822281582833,0.00011741920447792324,0.0007696452354304441,0.00014915817177877703,-1.0387506828668214e-05,-0.00014529890753027332,0.0002629885811001814,-0.00018199374099669958,-0.00015294826206367203,2.368795551386572e-05,-0.0002111894220917495,-2.1270884531077865e-06,1.644058123413278e-05,0.00010166495881026139,7.12418224108561e-05,0.00011042164918073326,-0.00016202184198789796,1.153822174624863e-05,2.0192149836435823e-05,-3.328888708294289e-05
AMK,9.911725693151771e-05,-0.00016552857358310995,0.00015221293207094377,9.204351721296718e-05,6.806794720566756e-05,0.000287817883347743,-2.8137035297314515e-05,1.4587336953539624e-05,-0.00012181775760946758,-8.705068320388058e-05,0.00017363729446901507,8.925689007464684e-05,2.0873481924296044e-05,6.183857483761722e-06,8.332672916300444e-05,8.102475064633353e-07,1.989570886201539e-05,1.1397976519638626e-05,8.953161721724476e-06,-0.00015422264469417633,-6.838590839905807e-06,-8.952696168203134e-06,2.4018124236314666e-05,9.980572547522137e-06,-1.0348012634676455e-05,0.00010137633648696119,-0.0004539253343592552,2.1490059944625397e-05,1.9866252795768594e-05,1.5771508915105846e-05,-1.1170558529452648e-05,3.0153607066876512e-05,-6.24176375716124e-05,-8.57195112143184e-06,1.2749614921322965e-05,5.467361847987006e-05,0.00014796347985498719,5.384631407254475e-05,8.453800123446528e-05,8.145555074909462e-06,2.237930156539682e-06,5.592326271573721e-05,0.00043545683291295565,2.317106564149055e-05,1.2044464812860566e-05,-0.00029771383341384246,2.80844226233659e-05,4.3020483866407294e-05,0.00020809324074140653,0.00010386269602924295,4.427584774063757e-05,0.0002536950377371106,3.3176257216786006e-05,2.415814836919389e-05,2.7637975510480323e-05,2.4338097708493297e-05,-4.915217300056839e-07,2.4713940430726113e-05,-6.482239744715798e-06,-0.00013100811054972316,0.00014104915722583475,2.2629552472972423e-05,2.0893580009080313e-05,2.3440528076661347e-05,4.483028971006566e-05,2.2392040027526095e-05,8.644792964472646e-05,2.3361738466494096e-05,1.8972355580566413e-05,-6.295780978743891e-06,-2.099514680839928e-05,-1.9884652784342533e-05,2.2689309202096294e-07,3.441048328945894e-05,-0.0001913351974111885,6.60936907092113e-06,-5.205964635358017e-05,5.870686217563645e-05,4.45352534723024e-05,-2.4097490133315055e-05,1.702971174434889e-05,2.1686581467874445e-05,0.00022225269348055107,5.25603115008446e-05,3.8674762423734744e-05,-4.586387395863796e-05,9.7233812900373e-05,-4.0456385168058364e-05,5.097420527123685e-05,2.970772869852378e-05,3.2101249452105094e-06,4.964673400935685e-05,3.9952336551772816e-06,6.405516393246691e-05,2.697007706044238e-05,2.358271577310354e-05,-7.271756241861709e-05,8.011009691538287e-06,-1.3624806193419157e-05,8.379033766095468e-05
AMSC,0.0005077763738724431,0.00028182350011976375,9.204351721296718e-05,0.0015568101972239265,8.723023254311705e-05,0.00011682843807960207,-0.00011588527801502198,-4.3282088956180966e-05,-0.0002701612245896976,-4.003906838258512e-05,0.0021094259672450083,0.0006050191870568412,-2.8440506061539213e-05,-4.708980434480266e-05,-0.0010808638560760473,1.3762647230996572e-05,-2.1319380227745082e-05,-0.00013468240138055402,5.310960381288343e-05,-0.0021013263392268234,0.000636958402282569,-0.00027987443345779505,-6.798066827018722e-05,0.00017376819771514843,0.0001066000042142708,0.00021949414392715338,-0.0006171817844002327,-5.600859417936406e-05,-5.537669306163791e-05,-3.815684522652239e-05,-3.2432158526018014e-05,6.359319536402874e-06,-0.0003822299765322484,-1.463225617545689e-05,0.00021964956478095696,0.0002876954733232194,0.00027765819073953383,0.0005046352107137501,0.00043806500506576466,0.0002551046588317467,-0.0001415369190699271,-0.0002481969921488813,0.0013166153163500227,0.00015647695912895864,-8.921901396912872e-05,0.00023322988598743565,8.177175777506328e-05,9.13005551170708e-05,0.0007435456191911718,0.0008142243010282545,-2.715905690711513e-05,-0.0004982071021820941,-0.0001855258348673278,-5.331917952048687e-05,-5.540405329177659e-05,-2.9574617374481438e-05,-3.9815587856004723e-05,-4.907190053485985e-05,-9.998383705589084e-05,-0.0021475956378579153,0.0010514578153644134,-3.876590456056803e-05,3.778417742067277e-05,-5.2042680780465625e-05,7.991574213711902e-05,-9.675292189666629e-05,0.0005934099526338934,-4.320668362020493e-05,0.0001991711133994697,0.00026932524005565596,0.00010088652434102791,0.00012207949187436788,-0.0001585251815136086,0.00023177499598321143,0.00010400490273253277,0.00010694220366697018,-0.00017614846702265283,0.0002769456015187276,0.00010375132746222584,-0.00028700617464949156,-0.00034404025277171767,0.00017347330697284485,0.0008470601492053932,0.00022882830314993667,0.00027417404998722407,-0.0010674783205110515,-4.735058149772262e-05,0.0005055211209441992,-0.00038642857962826517,-0.00011891592661895742,0.0003275542301117398,0.00010309692807322883,-4.3204538865778166e-05,0.00010152694868656312,-2.8854633185796626e-06,-3.8151182131472516e-05,0.0011934655212306417,-9.08095897312614e-05,-8.420792941031058e-05,-0.000350909489625279
ARI,4.605387502119342e-05,-5.892395109858973e-05,6.806794720566756e-05,8.723023254311705e-05,6.560705210385171e-05,3.1728019394216646e-05,2.4470094905472134e-05,8.679151085998004e-06,-4.8120592621001934e-05,-5.0602293227886106e-05,0.00016570558684681592,7.886832287642181e-05,8.856907189299252e-06,7.527756754329491e-06,-0.00010762507197924503,3.7593696225368042e-06,1.0586989788837886e-05,-4.656782417808566e-06,1.1378521228419546e-05,-0.00025002609505686,3.814090621590332e-06,-9.943961162164087e-06,1.146052805801476e-05,1.3842605855639916e-05,1.6761097083043703e-05,3.1597805947242194e-05,-0.0005209931074808403,1.3343640874614705e-05,1.204279799711626e-05,-3.648557971237027e-06,8.426843231092314e-06,1.4728846301239115e-05,-8.789661288688152e-05,8.833851394556437e-06,4.286605522735539e-05,1.4203183023229275e-05,9.386008490482738e-05,6.803179118663526e-05,3.3807338708625346e-05,1.2154746155690116e-05,-3.0074037486002192e-06,3.5811151713780156e-05,0.00012080190713528583,2.686385942301297e-05,-0.00012067319113516462,-0.00015731812514997517,5.021361547909696e-05,3.452506935847029e-05,0.00017633008772952968,-5.8750112787688496e-05,1.011436557713935e-05,7.852878464678558e-05,3.860105820079933e-06,1.2961619376549644e-05,1.1988433721213852e-05,4.1893881112033094e-05,-2.8879120820599067e-06,1.3369242602407907e-05,-2.2046244685838918e-05,-9.794448161792361e-05,0.00012957035656352745,1.36706820248984e-05,1.3783515162086635e-05,1.3258299469514576e-05,8.996906580304388e-06,-3.231632104764532e-06,2.31549511898208e-06,1.2672794694699139e-05,1.823019405842986e-05,4.5596294260819015e-05,-1.372452257141794e-08,-5.2362402773201304e-06,-3.930831732777815e-06,3.4964462965932056e-05,-0.00010008037686271522,9.540761749659254e-06,-6.374797079672526e-05,4.615051751984345e-05,1.302365385076186e-06,-0.00010489204140722185,-1.7016024188599977e-06,-2.928992035276973e-05,0.0002450002910213609,4.2548192735588706e-05,2.96346576996512e-05,6.75967204089295e-05,7.095536658653564e-05,-7.522192111797031e-05,-1.4194932816250533e-05,1.799487164510486e-05,-2.0381805512404703e-05,2.090357900292657e-05,-3.7125351709659055e-06,5.150025233210365e-05,1.0129840181333517e-05,1.7778456095608873e-05,-1.721341961175215e-05,-3.968789982809852e-07,-1.8220923955887696e-05,-5.630506180689177e-05
ASXC,0.0003850807954792123,-0.0008008187516670353,0.000287817883347743,0.00011682843807960207,3.1728019394216646e-05,0.0024060148971224767,0.0001405084576490208,1.839031462071149e-05,-0.0013963944944904143,8.915362144934324e-05,0.00024429550742094375,0.00033585909851540936,5.793795250093761e-05,-1.9390701003182387e-05,0.0013577664076042937,1.054690656430613e-05,5.55774201731092e-05,-1.6450199022481387e-05,7.821053176995466e-05,0.0007671251953435537,1.061567630309129e-05,0.0001142239205306152,1.1170609598515844e-05,6.301006620888153e-05,2.0446957606258416e-05,0.0003735042697413199,-0.00022705070339887546,4.312380108143007e-06,1.1811313821102618e-06,-2.3962004047147192e-05,7.217069260327784e-05,8.771919953361614e-05,0.00037961539715402443,0.0001391384763731361,-0.0002177088717459644,0.00034856139357710965,8.312930731873725e-05,6.898079232362443e-05,8.960581000087373e-05,-5.958407604518608e-05,-1.2439773827252458e-05,0.00012686441703504422,0.0011491352124644138,0.000171617596748872,0.0004055222319136882,-0.00011457108554195709,-1.8333033568061175e-05,0.00017162330105692264,0.00022803139968268843,0.00048685184939237214,0.0003990803320088895,0.0007464531844505987,0.00017038274694004428,2.0688149131252976e-05,4.522865749895607e-05,-2.6974142681316668e-05,-1.4945365653024137e-05,3.2535593002657754e-05,-1.838970841689164e-05,0.0003203212927636048,0.000616221682710675,3.689418113736158e-05,0.00012263360325551073,1.456412153240043e-05,0.0003757202710758289,0.00024567593025948625,0.0001413072246058931,3.2726202563800245e-05,0.00013870730168745552,-0.0001113627185396547,-0.0001459793901534519,9.388310878143542e-05,7.63595275784064e-05,0.00012786272636605448,-0.0001716061084925646,0.00011517596780126053,8.875695930687473e-05,0.00018797639345137818,0.000681686947249135,-6.308262226165386e-05,-0.0001946008888462931,0.0002479025783157118,-0.00016051329339466342,-0.0007581223133234559,0.00011117680403999398,-0.00035941403276601946,8.862719684225973e-05,0.002296819337313613,0.00022410104837236567,5.9926441466753414e-05,0.0005639628371050724,0.00012206435247620517,0.00011582946549355507,7.14244821593289e-05,7.66283253599605e-05,-3.2744277579730845e-05,-2.901459989317667e-05,4.589595180462969e-05,7.744336212002555e-05,0.00033480143369837503
ATHX,0.00010642211828269785,-0.0001544886336495305,-2.8137035297314515e-05,-0.00011588527801502198,2.4470094905472134e-05,0.0001405084576490208,0.0002137249291997981,3.288516686699094e-07,-0.0001729663522130731,6.422116422847004e-05,-3.5377744592840764e-05,6.925818922216241e-05,-5.558356966771089e-06,-1.0880114083426995e-05,0.00018363135687004216,-1.0609575402618803e-05,-5.794490968216984e-06,-4.207422975241691e-05,3.929212860684453e-06,7.943118467906626e-05,-0.00013376688838178372,3.173455056163927e-05,-1.654223408997025e-05,-0.0001142895303141765,4.1130659293022195e-05,-4.0307058932627555e-05,-0.000775666151552046,-1.160599812781748e-05,-1.3964202484767882e-05,-4.311630330351078e-05,5.420284894223317e-05,-3.824256049999622e-06,4.785914082310664e-05,2.998688488697389e-05,-3.5851642396131033e-05,0.00010974045010366464,-7.198095247813065e-05,0.0001019342104913658,-7.734477203847784e-05,-3.824994181224753e-05,5.876165662898736e-07,8.215714106517776e-05,2.3905160437973957e-05,0.00010393112168020467,-0.00014158584976524743,0.00016570977165060094,-2.0512336495507293e-05,4.218298079172765e-05,0.00011751440774524234,-0.00018001176907300195,9.597180052067357e-05,0.00017229797359462416,2.758513696033931e-05,-1.2592736497598694e-05,-1.2115111623133319e-05,-2.5228711217096097e-05,-8.334861993727484e-06,-9.172095479456931e-06,-4.7556007123433005e-05,0.00015161063543998283,0.00010207526627432148,-4.877943003786036e-06,1.4012259906863771e-05,-1.281181895219941e-05,7.579624115216424e-05,-8.845732913228074e-06,-0.00012877894025321835,-1.1307229535167037e-05,-6.093266195305537e-06,8.778974334778698e-05,1.6428115129502292e-05,6.499189864184968e-05,3.4502209219962365e-06,-1.016848814872343e-05,6.605155408577979e-05,2.9297656155951524e-05,2.1796413260820475e-05,2.372998061401306e-05,7.823939407524248e-05,-0.00017373616811680684,-9.493661004056143e-06,-1.8374741632112666e-05,-1.3217377464312688e-05,-0.0002556205108645914,4.64753049429076e-07,0.0001060925594365664,-4.248657456557183e-06,0.0005453977772569491,-4.395394204123243e-05,-5.544527488007424e-06,-2.9578390782196465e-05,-3.7843988164381664e-05,2.2126417267885688e-05,5.835276878167411e-06,-2.1210289805825813e-05,-8.142804945723238e-06,0.0002922828752677756,-1.5499168925811072e-05,5.0659418334517876e-05,-0.0001373838468673592
BAUG,-5.204859740860257e-05,4.034053081632979e-05,1.4587336953539624e-05,-4.3282088956180966e-05,8.679151085998004e-06,1.839031462071149e-05,3.288516686699094e-07,1.2886877945266654e-05,-5.973079993841679e-06,-2.568903547405518e-05,-9.819888755983242e-05,-4.234095820753212e-05,1.8471941111572603e-05,2.1406291304659568e-05,9.278058164973387e-06,1.4188972630233219e-05,1.6713191860565945e-05,1.7662847815446833e-05,-4.901647785904163e-06,-0.00027855480722458804,-4.6558715695217206e-05,1.2756959456162161e-05,2.6175027875201902e-05,2.1835159670677765e-05,7.14928084622194e-06,-4.369776997473607e-05,6.120100156158609e-05,2.397366847694878e-05,2.494441383431884e-05,2.02961325647029e-05,-1.0344448511312303e-06,1.1408526137345166e-05,-3.7248783503217356e-05,-1.1672327295709604e-05,2.0445613540420588e-05,9.876502352001121e-06,1.0222554708591695e-05,-1.0122014308169084e-05,-1.6111243614008054e-05,-7.995206415660972e-06,2.746521139429537e-05,1.2633627510217788e-05,1.8005033576825295e-05,-7.442790025582706e-06,3.971536322229551e-05,-8.071095005833278e-05,-2.6401966927353798e-05,-6.955795100895878e-06,-6.9575731564551054e-06,-3.7674748021947374e-05,-1.755537287582908e-05,8.020502544509927e-05,1.6061864109576022e-05,2.3515814522657097e-05,2.4597727337638877e-05,-6.5347302317236325e-06,5.745666203259617e-06,2.196637464191367e-05,1.9945912949663743e-05,6.643334458956166e-05,-9.447692799503399e-05,1.639006804953693e-05,2.982071539166886e-07,2.3638653230526067e-05,4.012626554469254e-06,4.761194090220323e-05,1.340079206744058e-05,2.106609581314428e-05,-1.2381184762589682e-05,-7.667573520651588e-06,-2.5480638940460975e-05,7.619510666973048e-06,1.6075412349674064e-05,2.1898833760137827e-05,-4.51661269689835e-05,4.397969389907828e-07,-1.2747715118348701e-05,-1.0929381273799208e-05,-2.7106876706701947e-05,2.5564544324394248e-05,3.442723356316964e-05,1.020286211927757e-05,0.00014202638316124596,-1.550537937643527e-05,-4.7859672078101164e-06,4.8334045792524254e-05,6.724868467861321e-05,1.0877753385186196e-05,2.8016096399485776e-05,1.96721740746796e-05,-5.372638196152515e-05,1.0365243214175103e-05,8.621551054790307e-06,2.396655677798454e-05,1.626191132299131e-05,2.24676553595833e-05,-9.558556132711066e-05,7.711032178047771e-06,6.095155509160631e-06,3.506940948505395e-05
CHGG,-0.0003441373409937358,0.0005118931578942684,-0.00012181775760946758,-0.0002701612245896976,-4.8120592621001934e-05,-0.0013963944944904143,-0.0001729663522130731,-5.973079993841679e-06,0.0011450778705400424,-7.105985947077263e-05,-0.0009123498377840459,-0.0005617521171084272,-6.901609425180183e-05,2.817608283271997e-06,-0.0006598754282391155,1.0819289256074641e-05,-4.453127227946962e-05,7.498814650105859e-05,-3.886059432718262e-05,0.0008106655874068361,-0.00030429135138542303,7.131711812523967e-05,-1.9792191229034176e-06,-0.0001295260500902522,-6.471972371146527e-05,-0.0002830599519547132,0.0011828805178605876,-4.933094201120385e-06,-3.114394791057707e-06,3.26841789158681e-05,-5.4058475708300994e-05,-6.461144828273993e-05,3.700124490982428e-05,-0.00011068191171816347,2.8385524024840173e-05,-0.0003479027496178428,-1.712068313066117e-05,-0.00025027480938900475,-0.00011650970126032003,7.015799486078295e-06,1.802810320715965e-05,-9.539593568927575e-05,-0.0005455333607406965,-0.0002233036470110124,-9.655916588642505e-05,-0.00026682788155191043,-0.00014651532241273142,-0.0001531076546163709,-0.0002722228327712672,0.00010271974549916287,-0.00030257600149589096,-0.0004848840478275409,-0.00013558753612155714,-1.3430697057398685e-05,-3.0544992289034894e-05,-2.469049644287468e-05,1.8728236687290885e-05,-2.2934924240005825e-05,0.00015363270757941667,0.0006990798667670652,-0.0010135900016197757,-2.3138350260866332e-05,-0.0001008107455019206,-1.1599692134220964e-05,-0.00032630544986124866,-6.230173618740223e-05,0.000139516105315367,-2.3256806043120517e-05,-0.00017993417741182986,2.180251212715712e-06,3.845873828445088e-05,-9.881139156040807e-05,-2.472069549951194e-05,-0.00025951873226321494,-4.2621471047722716e-05,-0.0001058966782248574,-3.007150392482274e-05,-0.0002972818355349024,-0.00045110755826719817,0.00022214929285072267,0.00022195554500940233,-3.9207549622581055e-05,-0.0008794406717255749,0.0004764065685587358,-0.0001612519853961101,0.0001322232332214577,-8.581102931162738e-05,-0.0015109934445563598,-0.0002238513558904353,-2.6692362959962254e-05,-0.0002183925863801444,-0.00010633847278309797,-5.498604097023749e-05,-3.3222271510866464e-05,-3.3062717261724925e-05,1.8648044530821374e-05,-0.00019309213800336808,1.0780819674993062e-05,-2.0882734234339958e-05,-8.786594767101409e-05
CHN,4.276489809471952e-05,-9.925637159150579e-05,-8.705068320388058e-05,-4.003906838258512e-05,-5.0602293227886106e-05,8.915362144934324e-05,6.422116422847004e-05,-2.568903547405518e-05,-7.105985947077263e-05,0.00012709676139465147,-8.838223703390584e-05,4.285884284835442e-06,-4.283342380469253e-05,-4.497765475084615e-05,0.00010566185212231065,-1.4416914163794919e-05,-3.316761360450015e-05,-4.007214163969503e-05,1.1559060523762545e-05,0.0010454759394914548,5.543560408317054e-05,2.6214228570839736e-05,-5.7194400065508494e-05,-7.005219918944193e-05,4.459201833257146e-06,4.3827473770199056e-05,0.0002210517441082928,-5.139823272655166e-05,-5.443832970724679e-05,-4.7267773797953454e-05,3.669646207441452e-05,-3.4748853620672554e-05,0.00020411708049176692,5.3665736313444036e-05,-8.661560479803474e-05,1.4352476160339383e-05,-0.00014312064593133175,-3.246929469526285e-05,-5.42732597809692e-05,-9.4860123847694e-06,-4.0094362150732226e-05,-2.3745898270523445e-05,-0.00011128604278879183,-7.2324246264680795e-06,-8.151726037272463e-05,0.00032288210677346906,-3.2389707677551926e-05,-4.667634114901627e-06,-0.00016275661473648495,5.01766687562864e-05,5.303917644361975e-05,-0.00015712727805109882,-1.5186168566824053e-05,-5.243833556183566e-05,-5.4063598796469095e-05,4.54955635764392e-05,-1.0648469836864828e-05,-4.81781736921012e-05,-1.1973034693057812e-05,0.0002453517532091712,0.00010279052493200227,-3.529145773284001e-05,-8.488780873333792e-06,-5.3045203394176784e-05,1.9462282068085385e-05,3.3240872963572918e-06,-4.392059548343304e-05,-4.4134535058278575e-05,8.257956780063731e-06,6.318665217362214e-06,2.8945868371283888e-05,1.802799767620302e-05,-9.235779046142626e-06,-0.00010690120142429345,0.00017863574701432178,-9.588709396319245e-06,0.00011299950981548588,-2.2930255995983088e-05,0.00011745461831989473,-5.7139938696007524e-05,-6.938923860722328e-05,2.4086077656350188e-05,-0.0006132427590830267,-0.00015206028394861408,-2.9846303160176913e-05,-7.040619377755432e-05,-0.0001717818779896863,0.00034035885467714635,-8.228814059269136e-05,-4.523060315423136e-05,0.00013922650581693751,-3.8856504553214654e-05,9.51043798261526e-07,-7.254193688319819e-05,-3.8851227251390494e-05,-5.835181599990932e-05,0.00022807053394411934,-1.021724578118105e-05,1.2593194757360825e-05,-9.391769622734601e-05
CONN,0.0012606772858600862,-0.0002727158082665952,0.00017363729446901507,0.0021094259672450083,0.00016570558684681592,0.00024429550742094375,-3.5377744592840764e-05,-9.819888755983242e-05,-0.0009123498377840459,-8.838223703390584e-05,0.004532843919734129,0.0017262575519813408,2.0458130434890115e-06,-0.0001245989485633181,-0.0009042939008019436,-0.00015347936471955353,-6.232147172410573e-05,-0.0003102883762076333,3.558350812414904e-05,-0.004348616068793118,0.0013000595054749162,-0.0006971824057548854,-0.00016485739826219384,0.00020788286795782893,7.46773498749633e-05,0.0007109165452057975,-0.0042085205877161296,-0.0001420164045565534,-0.00014269959803198942,-0.00013906207406086166,-0.0001070067162666736,3.9374682371888635e-05,-0.0009347217501169769,-1.186864640369144e-05,0.0003091181269052286,0.0005425054440496814,0.00047422834686053675,0.0010748682703718205,0.0008385412938421812,0.0003247940652155984,-0.00029346949214065346,-0.00013620389801246525,0.0014561649407950357,0.0005729153113288696,-0.0002584506340712998,0.0007439519907308575,0.0006969755608281319,0.00030713999400038726,0.0015359402130167002,0.00029926241481747443,0.0002977618748163801,-0.00023974394995822406,-0.0001226822198177823,-0.0001270547056696149,-0.00011870904055651415,-0.00014764824304558833,-8.170876611564095e-05,-0.0001121092719385463,-0.0005574248221208025,-0.004978133374761035,0.0029042383493117388,-9.153384552228702e-05,0.00013765817207412202,-0.0001243220872467106,0.0003169363113839436,-0.0007545995924954975,3.9185272100538294e-05,-0.00011397835818717871,0.0004605849005061525,0.0003510705738541839,0.0003352357559542406,9.115295235919954e-05,-0.00029818257426498173,0.0006702152664714862,0.0002727406649681006,0.00022077851469641738,-0.0003340396918313089,0.0008206988992044698,0.00027252138009252946,-0.0006146171034326117,-0.0006366752609001062,-0.0001663052670640134,0.0029508953546405793,0.0004969297621132854,0.000572413282235293,-0.0011833265582781144,-0.00015256557020745378,0.00026975709421145995,-4.2807163355342205e-05,-0.00017678545791455927,0.00022610250470239449,0.0001697185287023154,-0.00011450852926439488,2.3139517161100206e-05,-7.081852059495404e-05,-9.723034361802473e-05,0.0018717042263946516,-0.0001990777190969945,-0.00014659264557174474,-0.00037926298447115076
DIG,0.0005588822584171317,-0.0004181231922690272,8.925689007464684e-05,0.0006050191870568412,7.886832287642181e-05,0.00033585909851540936,6.925818922216241e-05,-4.234095820753212e-05,-0.0005617521171084272,4.285884284835442e-06,0.0017262575519813408,0.0007821857066571325,-4.085218988051582e-07,-7.044419868092438e-05,-2.3089887308826588e-05,-8.891841253767255e-05,-3.0074621227135533e-05,-0.0001413303677201437,1.8385981128626315e-05,-0.0009979019960822564,0.0005274231439029338,-0.00025758170109279173,-8.340835833797375e-05,3.023346644200831e-05,1.4143823595543122e-05,0.0003904561831050908,-0.002233776434297587,-7.141581380585396e-05,-7.557611646106578e-05,-8.514758765584669e-05,-1.4334840347000057e-05,1.572256200795732e-05,-0.000280425561588013,4.751555106623001e-05,5.2829304184965226e-05,0.0002334583685540253,0.00014116254740445172,0.0004130243913504837,0.0002928441038577118,8.181520306655983e-05,-0.0001280625031847583,4.014339866436246e-05,0.0004374223209485587,0.0002576850192589109,-0.0002162092520349585,0.0003620353004037341,0.00035105355085851775,0.00015996297593209142,0.000565292460414403,-0.00011238857224174712,0.00023116244472856082,9.1615493781447e-05,1.600609810709772e-05,-6.466562733566458e-05,-5.9075436628002335e-05,1.750113023123498e-05,-3.740530484462954e-05,-5.46910254388974e-05,-0.00028034123727508915,-0.0017721363750379119,0.0013849697380217715,-3.975091782422246e-05,7.020148521788595e-05,-6.421486676095344e-05,0.00018749972732964954,-0.0003264165446023723,-0.00019640652392358506,-5.5022511110359246e-05,0.0002021695555278172,0.00010432865979552214,0.00014416021163743588,9.660456016621322e-06,-0.00010199443420563655,0.00023336766979299966,0.00011526624126436507,7.754140752793378e-05,-7.283685905078254e-05,0.0003719283034605581,0.00022750690740323438,-0.00032702726295905104,-0.0002631572711866574,-0.00013509238800606823,0.0010630590576690617,9.137297824853374e-05,0.00021391372520853568,-0.0002617124631440294,-0.00010287147317817184,0.00020161966193528924,8.666745736872074e-05,-5.790928848402844e-05,9.483371107021034e-05,6.383602383837205e-05,-4.1973398381718896e-05,-2.475981070604966e-05,-4.422251729878912e-05,-5.9800199580936545e-05,0.0006489800581865285,-7.451920058432198e-05,-5.625207090968423e-05,-0.0001276243720825598
DSU,-4.999409195506346e-05,5.7274210182761536e-05,2.0873481924296044e-05,-2.8440506061539213e-05,8.856907189299252e-06,5.793795250093761e-05,-5.558356966771089e-06,1.8471941111572603e-05,-6.901609425180183e-05,-4.283342380469253e-05,2.0458130434890115e-06,-4.085218988051582e-07,3.747752520378478e-05,3.460127547412559e-05,3.8687391258997116e-05,1.5392226448228422e-05,2.8053062799345402e-05,2.077109670858888e-05,-1.1419248384459166e-05,-0.0007156007020578522,-1.9879282407892458e-05,-1.0292273976093632e-05,4.094668881623085e-05,5.536700994744409e-05,1.0133259394639597e-05,-4.7927193195587116e-05,-2.1487139772884902e-05,3.71644749436584e-05,3.9427948375332334e-05,3.303031983836666e-05,-1.0501079519777861e-05,2.2818116894621594e-05,-0.00010314338486702319,-2.2529795851060953e-05,4.263524749681182e-05,3.8137301496047845e-05,1.980740913095797e-05,1.4680552122729726e-05,9.725648744583946e-07,-7.616643709712549e-06,4.040351051830627e-05,1.7768816041803667e-05,3.029599444928634e-05,1.2558546692308386e-05,9.629627877999681e-05,-7.857427047644771e-05,-9.814148808958013e-06,-2.8360927491822316e-06,1.5098155134381393e-05,-8.676475928252883e-05,-1.2571289201617732e-05,0.00014314610140817458,3.257173665069403e-05,3.746969085658871e-05,4.0724754169449355e-05,-2.9685588069220887e-05,8.132999007650976e-06,3.522642063123897e-05,7.2134751939965315e-06,-0.00010808104275437432,-4.588894583910702e-05,2.502557427585625e-05,7.137219899610135e-06,3.7775598424554684e-05,2.6151983504092055e-05,4.446248894330157e-05,-7.330650829861662e-06,3.325967215421871e-05,-1.2584063239511135e-06,-1.7869134362092183e-05,-3.247178544390546e-05,1.5178156607930772e-05,2.033645661038626e-05,7.8713601487267e-05,-5.048631974638147e-05,1.0439875127936361e-05,-2.697943551662403e-05,1.741586994720058e-05,-3.408293238123108e-05,4.576873242987382e-05,3.472541661932389e-05,3.350577702211477e-06,0.0004134767341477216,-1.6356088317035848e-05,1.3557338383811908e-05,5.2848001754191505e-05,0.0001086945572432766,3.811259153630921e-05,8.269502471570863e-05,2.920248177238119e-05,-9.493624750317086e-05,2.5173506090988847e-05,1.191005982836543e-05,3.115997819082833e-05,2.5969733084344288e-05,3.478259207884073e-05,-0.000127991145023167,6.430581951101601e-06,7.889146621395924e-06,7.724774486379684e-05
EFT,-0.00010512948394612372,0.0001284542192315738,6.183857483761722e-06,-4.708980434480266e-05,7.527756754329491e-06,-1.9390701003182387e-05,-1.0880114083426995e-05,2.1406291304659568e-05,2.817608283271997e-06,-4.497765475084615e-05,-0.0001245989485633181,-7.044419868092438e-05,3.460127547412559e-05,4.193192854289482e-05,-2.863595212753212e-05,2.5756168521099265e-05,2.944261425554535e-05,3.184672253912129e-05,-9.528794506540364e-06,-0.0006934886700604449,-6.470426388982317e-05,1.1686263627987844e-05,4.680816720812303e-05,6.091055528724866e-05,1.5144785183032595e-05,-9.425467556492287e-05,0.00017067696493593604,4.269964959565218e-05,4.559706955564222e-05,3.740414915132729e-05,-7.604548739679861e-06,2.023684202315922e-05,-9.202429279001983e-05,-2.4964081504968122e-05,5.070474426662517e-05,2.860245417895972e-06,1.762620459033389e-05,-1.4092890288567857e-05,-2.401199780766061e-05,-7.971763236263472e-06,4.814139150272619e-05,4.056313549628471e-06,-4.232012149306062e-05,-9.905077897964735e-06,8.9591544699208e-05,-0.0001159874493411685,-3.2597060346556494e-05,-1.61952121464956e-05,-1.3125385880120677e-05,-7.892215110327073e-05,-4.638394804717974e-05,8.429434740352728e-05,1.804985705295386e-05,4.2038132468122856e-05,4.360273181825314e-05,-3.1001423822930015e-05,1.0668003221327564e-05,3.8705569654517415e-05,3.228006852122637e-05,3.5268848097317426e-05,-0.00017542915917768975,2.7664662834034826e-05,1.0107489329627624e-06,4.249777036178667e-05,-3.840552646827635e-06,6.616696744070853e-05,1.649870925784955e-05,3.6803596304344315e-05,-1.7169776370758997e-05,-1.1159240774634835e-05,-4.2214170689673935e-05,1.5920969891093752e-05,2.6238415655924385e-05,6.412565884899974e-05,-5.905927479156667e-05,7.1520171963672265e-06,-3.790165848275909e-05,-1.6883860243917933e-05,-6.686101876685582e-05,5.604683706137349e-05,5.083838302279251e-05,8.780745942807776e-06,0.00033676518696597226,-1.0012769785987064e-05,-1.7418001960197656e-06,8.126093355006846e-05,0.00011990746747651975,-1.0537866866108719e-07,5.0677202172381825e-05,3.284051087996649e-05,-9.436377892623608e-05,1.686900933441149e-05,1.3384221978310695e-05,3.934329091700964e-05,2.9407262081570054e-05,4.080268230918655e-05,-0.0001768728897355794,1.2128027005269575e-05,8.66446098935349e-06,5.5876604406095626e-05
FBRX,0.00015733662125093392,-0.0008494616382036286,8.332672916300444e-05,-0.0010808638560760473,-0.00010762507197924503,0.0013577664076042937,0.00018363135687004216,9.278058164973387e-06,-0.0006598754282391155,0.00010566185212231065,-0.0009042939008019436,-2.3089887308826588e-05,3.8687391258997116e-05,-2.863595212753212e-05,0.002009526724869954,-9.137139336034171e-05,3.851679513197214e-06,4.500072182131673e-05,-1.888789113722333e-05,0.0016666058461990636,-0.00045984132454040264,0.00017178729126036954,-2.573966505379609e-06,-0.0002104029346841395,-0.00013510482330887256,0.00016803735425346684,-0.0004309492609582701,-1.842395781180014e-05,-1.8312684506549766e-05,-2.739143337262544e-05,8.60090352189427e-06,4.060455882299967e-05,0.000490069784983482,3.775311595859798e-05,-0.0003731707450936905,4.181666014806114e-05,-0.0001451824777268066,-0.0002153695103844764,-0.00016435640535361645,-0.00023710748871121935,3.7317508765215146e-05,0.0002802353584060136,-0.00023622753966857164,0.00014450132598291945,0.0005134276820406183,-1.7398896447016077e-06,5.858295481600618e-05,7.728551035582972e-05,-0.00020809813084068216,-0.00024730015098576875,0.00038295989144376764,0.0008932320854106349,0.000239385931914789,-1.8172710188300991e-06,1.9849266635412736e-05,-0.00023823033562122618,9.23003490981497e-06,4.914123212693841e-06,-5.7167661114734514e-05,0.0009913487636403248,-0.00015657309585932525,3.865243569376336e-06,6.423316685693844e-05,-7.358327406576012e-06,0.00021392005113817915,-0.00011287487532240554,-0.0005087587164760885,-6.334727661270446e-06,-4.045097650006841e-05,-0.00028701132445384096,-6.40952197311168e-05,-4.3624410352081865e-05,0.00010390350096844359,-1.0571878801543212e-05,-6.117854553265903e-05,3.4781481163880276e-05,0.00016379364432982823,-4.136220574457031e-06,0.0003496629151209987,0.0002590984220147504,8.429112312946223e-05,-4.8625478924642934e-05,-0.0004984666208812327,-0.0005751633480932204,-7.904227578035459e-05,0.00036543554691315924,-5.682856594504675e-05,0.0010141624692871394,0.0005416559345909964,7.5706061494741e-05,0.0001009025932044371,-4.288144406606476e-05,8.84023759596459e-05,-0.00012121834550333173,4.8617198147217e-06,-3.587718565034907e-05,-0.0005337082616009998,5.7084129120020785e-05,0.00015202807272885236,0.0005749082927238104
FCOM,-9.404991882300479e-05,0.00011212139781014254,8.102475064633353e-07,1.3762647230996572e-05,3.7593696225368042e-06,1.054690656430613e-05,-1.0609575402618803e-05,1.4188972630233219e-05,1.0819289256074641e-05,-1.4416914163794919e-05,-0.00015347936471955353,-8.891841253767255e-05,1.5392226448228422e-05,2.5756168521099265e-05,-9.137139336034171e-05,3.123691695236412e-05,1.977913470225102e-05,2.0334835570889923e-05,-4.739315902070971e-07,-0.00023439652946862898,-3.2805513659504954e-05,2.5340981690625398e-05,2.9521795356261613e-05,4.0480424643678665e-05,2.180721538470603e-05,-7.13943487821814e-05,0.00035036987156636016,2.784557312245006e-05,2.8837895408234637e-05,2.6371040553352308e-05,6.8261830439565335e-06,7.476906798990671e-06,-1.850802350924454e-05,-6.905753894429098e-06,3.129922836970876e-05,1.4363734638490207e-05,-7.421327307749693e-06,-2.543306353876396e-05,-2.6912259466734542e-05,3.878209724515139e-06,3.2422545820958407e-05,-1.7027572753179663e-05,6.038321219895771e-05,-3.593194058336852e-05,3.731095328777593e-05,-6.602211722488607e-05,-7.351636423738893e-05,-2.197469224426842e-05,-5.50193003823075e-05,3.1390016898925675e-05,-4.736141794518521e-05,1.2579717894755211e-05,1.4082464889177557e-06,2.5961588666112754e-05,2.6043172968308724e-05,1.6649028330569975e-05,6.566695101758527e-06,2.393396264634754e-05,4.8917096067568254e-05,0.0001542454445605258,-0.0001525742999163497,1.8162599659486214e-05,-6.604147425729441e-06,2.618431693838341e-05,-5.403468700845583e-06,0.00010839911503912501,8.632811888022111e-05,2.4736281519176055e-05,-1.6599475772501598e-05,1.961063488533228e-06,-3.8921847274079525e-05,2.1861312898814968e-05,1.9221830796280937e-05,1.5437521163672234e-06,-3.0325827465880116e-05,-4.156722471852313e-06,1.1078718577996536e-06,-3.4321904954188075e-05,-2.8071102204405227e-05,2.7465934578247537e-05,2.9565334907898288e-05,4.882091627176068e-05,3.5818853202394086e-05,-3.4561472229846837e-05,-1.2373628346260987e-05,-3.12434656103891e-06,6.864914035107161e-05,8.435449024955598e-05,-2.3804398654885685e-05,1.5150508135939303e-05,-2.7972120404451633e-05,1.3213268870688414e-05,1.1382865289244784e-05,3.186308226554758e-05,2.0559535530482638e-05,2.3236179386869528e-05,-7.257682769117247e-05,9.69466179390765e-06,3.2563122297318456e-06,6.060092521168886e-06
FJNK,-6.137674972945214e-05,5.672391400885317e-05,1.989570886201539e-05,-2.1319380227745082e-05,1.0586989788837886e-05,5.55774201731092e-05,-5.794490968216984e-06,1.6713191860565945e-05,-4.453127227946962e-05,-3.316761360450015e-05,-6.232147172410573e-05,-3.0074621227135533e-05,2.8053062799345402e-05,2.944261425554535e-05,3.851679513197214e-06,1.977913470225102e-05,2.4316314889162548e-05,2.0495072541123393e-05,-5.842886206366428e-06,-0.00046728331879860425,-2.7263939069147147e-05,5.94689774470236e-06,3.538364711287691e-05,4.598841326446441e-05,1.2590273089741296e-05,-4.7115136432523745e-05,8.282997730025232e-05,3.2553053415713955e-05,3.4022936573641796e-05,2.8464332666581555e-05,-2.7177702405017384e-06,1.7302285291276597e-05,-6.423653481682875e-05,-1.3463251232862665e-05,3.408338345926986e-05,2.5786188505611084e-05,1.4507312094679182e-05,-2.421873112424917e-06,-9.25623687225223e-06,-5.068282704353437e-06,3.5364111655847365e-05,1.0355567076837919e-05,4.316893609197024e-05,-5.694950707832816e-06,6.337598093701572e-05,-8.675288695490965e-05,-2.799902629860315e-05,-6.781512961679851e-06,-5.989941691990421e-06,-4.589389839408874e-05,-2.0144331621137183e-05,0.00010286054043707208,2.2861427415442967e-05,3.2145829905458216e-05,3.416634831790249e-05,-5.9189512317386e-06,7.111684341242577e-06,3.0222029796502637e-05,2.0968515676107874e-05,1.18000363742215e-05,-7.612510117046547e-05,2.2375136637797036e-05,3.0706557049801864e-06,3.235295454634665e-05,1.4893732958363404e-05,6.616143588128307e-05,2.1908629927241077e-05,2.932451220910462e-05,-6.226683849431695e-06,-1.1705088370243766e-05,-3.441815864519632e-05,1.3620282086339882e-05,2.0298352269546142e-05,4.520886469242381e-05,-5.1296121451066934e-05,3.948001692338457e-06,-1.6622193707752723e-05,-3.9062025654886275e-07,-2.529074430090874e-05,3.251648538412265e-05,3.279592067454983e-05,1.6757334417119717e-05,0.0002518725884247675,-2.230217524848537e-05,3.108659537443505e-06,4.262621247604104e-05,9.191063722573075e-05,4.660586260248506e-05,4.491436329514036e-05,2.5196796309550337e-05,-6.436379965944446e-05,2.1004070683782765e-05,1.1380150845201806e-05,3.188719705536866e-05,2.3499137177970876e-05,2.9347905937074658e-05,-0.00011812256235179094,8.66801573710102e-06,4.802624583046679e-06,5.092010307959909e-05
