,ACET,ADN,ADP,ADXS,AFGC,AMCR,AMRN,ASTE,ATMP,BA,BSMO,CCRV,CCXI,CSM,DHC,EBIZ,EMGF,ERES,ESEA,ESGU,EXD,FENG,FFA,FIZZ,FLIY,FNDC,FOVL,GENY,GKOS,GRCY,HAFC,HEWG,HP,HRL,HTD,HTGM,HTLFP,IEZ,INSW,IRIX,IYJ,JHMD,KLAC,LGI,MET,MTR,NSSC,PBCT,PCG,PFPT,PMX,PRFT,PTMC,PVI,RCHGU,RDY,REC,RESN,RING,RVPH,SITC,SNDX,SNR,SPUC,SQZ,TMF,TOPS,TPLC,TRUP,TSQ,USAI,VAC,VC,WK,WPG,WTRG,XTNT,ZNGA,ECCY,EQRR,EZM,FCT,GNCA,GNE,INTU,KTRA,PSTI,ROAM,STE,VMI,XNTK,AERI,BGH,JHMI,MMLP,MOXC,TRND,TSEM,CAT,CNTG
ACET,0.005200271924307704,1.4816334365008657e-05,-0.0005659145870025481,0.0024755222524918204,-0.00026997929563661534,-0.0009741436057462753,-0.0009011319995580747,-0.00047332404143855415,-0.00048023337416367096,-0.0009637252657445503,-4.720819550771025e-05,0.00031245510468888755,-0.0013945696399472074,0.00010328809587743771,-0.005501510210143255,0.00020878753188431816,-0.00015423891968032502,0.0002029834440837959,-0.002416265150490515,-0.00012792252265055967,-0.0006562213655056965,-0.00048369052034114116,-0.0004502264987682809,-0.0003494843467491799,-0.0001897475275714406,-0.0003038042885538725,-0.0007958248930097127,-0.0003222797582357656,-0.0008557007941091299,-0.00016092816777569195,-0.0009184195156285199,-0.0003639505131778328,-0.003390500770612552,0.0005267074810071425,0.0004056120164812817,-0.00013561141436792083,-0.0010411224191968303,-0.00363548299617555,0.0009378882955707237,-0.0013081694588498896,9.466423966927545e-05,-0.000253510006088955,-0.001069367944269592,-0.00020400084195503458,-0.0010049881691311718,0.001084490661768201,0.00026632716412999753,-0.003404614226601668,-0.0012720603877085037,-0.0010672321341916923,-5.174364954622668e-05,-0.00030313313896631483,7.302660707370686e-05,-7.65164723890622e-06,-3.343866047786254e-05,-2.5761955789103204e-05,-1.1164145761266877e-05,0.00047140920476052066,0.0015254991269433972,1.4828289355835277e-05,-0.0061268441107143875,0.0026009728934352776,-0.0019010194757494631,-0.00020119733359737639,-0.003572933423662316,0.0012696975822822673,0.0013135802457078937,6.653480957901034e-05,0.000398430776790544,-0.0023674288982941947,-0.0003900008883453889,-0.00033363773105228134,0.0005596769018128176,0.003391564423425436,-0.0024518742062253043,2.5062788936656494e-05,0.0014083294273694446,0.0020365151931486538,-0.00021597838776473514,0.00379090782941337,-0.00032580181267949425,-0.00012371127220641635,-0.00020951982827142532,-0.00038229136782691226,-0.0017386571306028705,-0.0007776639478158807,0.002406049268524892,-3.702478970031526e-05,-0.00101014049779096,0.0009721719772784134,-4.8469185930065275e-05,-0.002831901108990084,0.0005166815842222159,0.00020401619685501846,-0.0012786075866642987,-0.0005365732152582913,-0.00010724144404877591,-0.0013153463673919782,-0.00028796535588546714,0.002678003214090454
ADN,1.4816334365008657e-05,4.303078107260042e-07,1.5039666478954296e-06,7.379042991432553e-07,7.326344246024748e-07,3.327240509286003e-06,-1.3745302512874618e-05,1.7639515718088763e-05,9.240192416915537e-06,2.6974131181176913e-05,-1.654787844212991e-07,3.2839532255582725e-06,-7.752201223806243e-06,-1.7638382913211316e-06,4.089355563112521e-05,-1.1430375797463496e-05,-1.40338377341895e-06,2.134906403192662e-06,1.010061935873598e-05,-1.278378917712119e-07,-1.1862093277282241e-06,-1.2127631346876711e-05,-3.1935517954192575e-06,-1.9158101090237576e-05,6.3040488410043094e-06,3.31194151678571e-06,1.4134320341587594e-05,-2.734484614302599e-06,4.3538338554759065e-06,-1.192423034537214e-06,2.799868405772052e-05,1.709504265099458e-06,1.0881770282894486e-05,-4.690878447952747e-06,3.8562549848159426e-07,3.0575232239365865e-05,-2.2647208244420807e-06,1.801198774609201e-05,2.253360375671806e-05,2.2663568771447376e-05,5.013143047247383e-06,1.9813124953347916e-06,-1.165770312530032e-05,-2.1741542768150338e-06,1.6018905806366035e-05,1.1383962963787112e-05,-2.3979930997401673e-06,2.499070807352082e-05,-5.864775709560324e-06,-9.593607323713014e-06,1.9517902501085368e-06,2.436388205210194e-06,4.678219139349795e-06,8.836357727102504e-08,-8.888898010906369e-07,-1.2456312057703704e-05,1.3203053007601286e-07,1.5818120629466052e-06,3.5040777893178226e-07,2.03037562992708e-07,3.0577561425483755e-05,8.652732693003538e-06,4.728349703138552e-06,-2.0644632294689175e-07,4.3817204901758655e-06,-1.0810495352974164e-05,1.4089599962934206e-05,1.1836330537817662e-06,-1.5238952095351022e-05,2.1010030948075124e-06,5.249747099858817e-06,2.6153550964504724e-05,1.2325063122905565e-05,1.124645166116595e-05,1.3172465678410484e-05,8.588661043390933e-06,5.852826906078684e-06,-8.478306730972389e-06,6.043158501130827e-07,1.4570898070528484e-05,9.235046318836325e-06,-5.735048988274037e-07,-3.2833988702912295e-05,8.483678266040375e-06,-8.712251830021567e-06,-5.104746712021966e-07,-2.2348674306447935e-05,1.2589748455932115e-06,5.29096809476661e-06,4.531932160238298e-06,-9.017718496511458e-06,1.0921590552247945e-05,1.8110652818357287e-06,5.228602894934054e-06,7.927234497774121e-06,-1.326702514723713e-05,1.7409128523272772e-06,-8.077072897172704e-06,1.2710125518166755e-05,-6.2728227101422955e-06
ADP,-0.0005659145870025481,1.5039666478954296e-06,0.00019159181368289294,-0.00012107265188042317,2.1429883707307455e-06,-3.77706204120483e-05,0.00025977540037374676,0.00016277739065083776,1.024683036233754e-05,0.00029716240068943537,2.7626995853914813e-05,-2.8333762784919017e-05,1.3386427832534896e-05,-9.436339993772648e-05,0.0010995269032320076,-0.00026461389329664913,-5.791529806036758e-05,1.1134638633394803e-05,0.00033377826421288043,-7.559878809327653e-05,1.0808353249204216e-05,-7.99375174929993e-05,-7.655735709790499e-05,-0.0002583978480134584,-1.3025411297707855e-05,-1.6885677661159553e-05,6.753276179849508e-05,-0.00011360258161139747,0.00029777553616396437,4.353589621135738e-05,0.00020450697516128096,6.521891163053507e-06,0.0004323912904767574,2.0096394837024423e-05,-8.419319806534788e-05,0.0003505390950392829,0.00020217078376231525,0.0005611798708414246,-0.00025513047051089484,9.121423143215179e-05,-3.2061413734923685e-05,-3.718246377832372e-05,-0.0001411987258877603,-3.0840542317491075e-05,3.9200872854888605e-05,-2.962619296119191e-06,-0.00021709396153952236,0.0003802794339770652,0.00027860843977793354,-2.0028544249507453e-05,5.309484194639951e-05,1.7601636570584286e-05,-7.471183983319673e-05,2.474115813743356e-06,-1.1318595594033439e-05,-0.00015528155682353122,-1.0346586448047529e-05,-5.8229302213940845e-05,-0.0005244809727849376,-1.3833537546934575e-05,0.0009432612293631894,-0.0008322783917390339,0.00030059270203051854,-7.58672570599949e-05,0.0002982251452647062,-0.0003849167610794687,1.477670471767037e-05,-6.86170298251835e-05,-0.0002473294290523384,0.00044199395207769165,3.054656893920658e-05,-7.292796748239562e-05,-6.142068808168948e-05,-0.0010394034851820486,4.697723456546205e-05,6.461434987922512e-05,-0.0002285615162018659,-6.90568799988829e-05,9.013894432068703e-06,-5.737393400708814e-05,1.207836189401468e-05,-1.1303563874339387e-06,-0.0005842211861608595,5.319517897901828e-06,-3.856743963296531e-05,0.00016306016184213702,-0.0006998016265872422,-5.653021760011525e-05,0.0001569802716338444,-0.00010821775519757408,-0.0002549989904459309,0.0005616875346100874,-4.545666392491796e-05,-5.809162691417007e-05,2.2931563266460137e-05,-0.00015583825813173267,-5.7997381937000616e-05,2.9975588055286256e-05,-8.20111019360315e-05,-0.0007850982729215955
ADXS,0.0024755222524918204,7.379042991432553e-07,-0.00012107265188042317,0.0016625665146683952,-0.00021778913221973315,-0.0009195038389777957,0.0002661102832080081,-0.0005673397927465828,-0.0005647642855265202,-0.0009492368828055353,2.0624644332550735e-05,8.169016477367201e-05,-0.000790815101706464,-4.343994628946705e-05,-0.003247305812048997,-2.4989659976794678e-05,-0.00019494627862346746,0.00011279500419598589,-0.001481611071785428,-0.000238561499232731,-0.0004470569393666854,-0.0001353809259092508,-0.00038887274603657655,-0.00015613756560407902,-0.0003534773778136724,-0.00035839082374178685,-0.0008756641424852555,-0.0004049799811432267,-0.00025140377284828356,-8.798087060066578e-06,-0.0011021928925865503,-0.0003039571214130533,-0.0020431972677712015,0.0005976123435157547,0.0001520827428170701,-0.0004358298218691623,-0.00033952098740424447,-0.002198135201348629,-0.0004082046724764176,-0.0014177920106823985,-0.00013636937650376827,-0.0003192396646077623,-0.000757952724401303,-0.00012331000972488679,-0.0011387833260582383,0.0005102747631718901,-0.00015150273008890616,-0.002551911111514915,-0.00027622798337214807,-0.0005530266310948555,-1.0011274009430669e-05,-0.00025255857022038014,-0.00021612491089537347,-3.429013735784797e-06,-1.7466967548871502e-05,6.14402336066345e-05,-3.1676971094966463e-05,0.0002357618469498241,0.00011341417769684607,-2.0526634266516553e-05,-0.0037087717015874713,0.0001417976192278588,-0.0009232960652741186,-0.00029119773040474746,-0.0024156176637216286,0.0005791671519534518,0.0006291781855331553,-0.00011473350316451677,0.00025752348378569895,-0.0010673952156752527,-0.0003360922107904926,-0.0011857651056467232,-4.702312701573165e-05,0.00018635236879585722,-0.0020541503363554745,-0.00011282324125682412,0.0005137265669044903,0.001720555283923551,-0.00016410638605902344,0.002422290686919867,-0.0004824108170673335,-7.425002978639404e-05,-0.000307581890766204,-0.0005172396699311495,-0.0011574560307137517,-0.0002867879135105285,0.0011915229777956465,-0.00017639944057295438,-0.0006389270310417512,0.00040855255750629467,-0.0002697142478304275,-0.0013461699136123352,0.0002624473318200842,-0.00010540314226012827,-0.0011313739039047227,-0.00025592534351216907,-0.00024313168428876926,-0.0007033165725739875,-0.0007457471615226962,0.000764603431484061
AFGC,-0.00026997929563661534,7.326344246024748e-07,2.1429883707307455e-06,-0.00021778913221973315,5.7807170777018006e-05,0.00016806850744959564,-2.918090413249402e-06,0.00022193465319413384,0.00030035528000804353,0.0003773829054657289,-7.420625357389028e-06,-7.671508865070647e-06,0.00013761699473219838,1.1984706087334081e-05,0.0009773756881801584,-0.00011011378771668941,4.653348756366149e-06,-6.9678123136335126e-06,0.0003824274272419671,4.058677590728382e-05,6.56705854103796e-05,1.923695578766145e-05,6.517622106724699e-05,4.663864360633174e-06,0.00010866589005941021,9.326452595439776e-05,0.0002957825516253877,-4.827970811347591e-06,-2.9131669888564873e-05,-1.760082744750254e-05,0.00046213489641495594,9.472970379276561e-05,0.0005282210540444751,-8.661492819212577e-05,1.4333645230203168e-05,1.553875950549519e-05,4.89473833693644e-05,0.0005917031233114159,0.00029210408962838534,0.000588783139418253,5.802598696478733e-05,7.858558374340601e-05,1.626162345758564e-05,7.769333381357375e-05,0.0003703564714811905,4.695803414805055e-05,-1.582841799173607e-05,0.0007554427908898752,-1.8689228709537254e-05,7.764525286549431e-05,-2.289765508016567e-05,0.00010398454090689006,9.158809594697883e-05,1.914681233163705e-06,6.240023349476484e-06,-6.456554181728746e-05,7.758786448980091e-06,5.67713105212239e-05,-0.00011450439216711683,6.464187252415024e-06,0.0010175532420190745,4.067090687984656e-05,0.0004305102464925177,5.311500816374747e-05,0.00011650050220365007,-0.00010136210610571922,1.7835089098468493e-05,2.939661749676054e-05,-0.00020407310662051153,8.749156340836988e-05,0.00024276761468646282,0.0003259526577573631,0.00010624652753577618,-0.0001728020493163782,0.0007445354060797861,7.014869975553469e-05,7.366837432126998e-05,-0.00023197566252577964,3.607254801453221e-05,-0.00015209424862970973,0.00018481860050770823,2.3228220491618384e-05,-0.00015761267316941535,0.000183554461055414,0.00011037250191797571,-5.122767317802197e-06,-0.00026600464946036984,3.159873980164422e-05,0.00011511011144526498,-2.3368005709031393e-05,-4.01930816357641e-05,0.0004700034896953205,-1.229947617442892e-05,6.340781067175876e-05,0.00033866933113788517,0.00011383362406606282,5.6436165635125664e-05,8.334447488948888e-05,0.00022833466464658854,-7.913930948983917e-05
AMCR,-0.0009741436057462753,3.327240509286003e-06,-3.77706204120483e-05,-0.0009195038389777957,0.00016806850744959564,0.0006527311979805832,-0.00038691770022566095,0.0005641296324843077,0.0006646434636049844,0.0009149716912191892,-3.45566904110184e-05,-1.4027109504488024e-06,0.00043697120169810855,7.094013656766865e-05,0.002292084052166827,-6.131180482048528e-05,0.00011365712794035498,-4.665510223046815e-05,0.0009956805221672652,0.0001944519549220969,0.00025897872360910047,2.3697305989785905e-05,0.00026408733908160956,5.6807387613175565e-05,0.00034247767652883306,0.0003039863228013098,0.0008094411252154336,0.00021764517825843563,-4.9304940660647724e-05,-5.0426963480395125e-05,0.001139761264637182,0.0002542089239208991,0.0013636087471264418,-0.000418027519847141,-1.9158808032296375e-06,0.00027877185056751825,7.498751301988104e-05,0.0014933062734895095,0.0008477082107368617,0.0014419988303718868,0.00018746049757490402,0.00026989204431651035,0.00033957289858731605,0.00014139250616740747,0.0010437274048558899,-7.837189280015896e-05,0.00015203409291472206,0.001997737207948101,-0.00010312304628157725,0.00026553582399848453,-3.4267945487299146e-05,0.0002413986052326766,0.0002821366803295188,3.0585016692762463e-06,1.3619616751895241e-05,-0.00011945935263077256,2.9924342937760536e-05,3.557605191766167e-06,0.00011822105046093879,2.601210426371586e-05,0.002544702086446805,0.0005233400213526222,0.0007704294081590173,0.00023170746440342297,0.001089897648053797,-0.0002510641192167543,-0.00015143486650373778,0.00013337305541287768,-0.0003363335383022596,0.0003490651246320454,0.0004514118888735307,0.0011649213409770794,0.00028030208440556285,0.00040259878933931017,0.0018471263340401997,0.0001667194293119747,2.9407368782724964e-05,-0.0010696829282550188,0.00011454253807350605,-0.0011058620624309202,0.0004969533899309762,5.5241188150561e-05,9.234101442082544e-06,0.000508608608739818,0.0005927581482375367,2.7605508526836205e-05,-0.000633590064393032,0.00015750469016043362,0.00037423687444167045,-0.00011083220295230942,0.00014266418368328356,0.0009117163645719481,-9.109565042045067e-05,0.00019599677122736294,0.0009447409893824561,0.00021696229592802721,0.00022038415180491915,0.0003245880094690658,0.0007470961233504874,-4.6089926360510726e-05
AMRN,-0.0009011319995580747,-1.3745302512874618e-05,0.00025977540037374676,0.0002661102832080081,-2.918090413249402e-06,-0.00038691770022566095,0.0014108396687687928,-0.00015488238873052613,0.0001767241365672231,-6.5306166003796e-05,5.886453032495146e-05,-0.00017735274780860004,0.00024019429839152603,-0.00011669635644286005,0.0012831577868535613,-0.00044166004235836277,-0.0001989279280242561,-1.0375712788927689e-05,0.00040069054388298996,-0.0002081127959505621,-4.839087806226664e-05,0.0003519900534536336,-0.00010100287939440931,0.0002246093425523102,-0.00022905037701592313,-0.00015434371185261612,-0.00018862338236927216,-0.0004569150568794949,0.00014776721481436523,8.338888727013553e-05,-0.0001450146012403269,1.9826401322670547e-05,0.0006370935976718447,0.0004378420577367836,-3.242093347945647e-05,-0.0009559834279119795,0.00044752784957093425,0.0006806618840082462,-0.0009295223483783245,4.33048533900447e-05,-0.00021279519689280867,-0.00015596002453798153,-0.0003061560230819875,0.00020412623865680656,-0.00029016376497934633,2.5756954228272342e-05,-0.000536179223464841,0.00024256676314011463,0.0006003127637582153,0.00023504928758936067,-6.202390853956755e-05,8.247833332263674e-05,-0.0002378850981821359,5.1448087960141586e-06,2.4524091074153814e-05,7.013362137316381e-05,-2.712883360374417e-05,0.00018043517359172195,-0.001466169756534525,-3.370639460375107e-05,0.0011979377367567572,-0.001970740294486658,0.0011862788411607147,-0.0002035358794747026,-0.0010623620258701663,-0.00022576595823424353,-6.8272860242967e-05,-0.00019483386274311897,-0.0003255764520571194,0.00032430625650399167,0.0003904479318323828,-0.0011991314026701591,-0.000382552877540145,-0.0032435439865562453,0.00042346853856263826,-0.00010861957790904806,-0.00011360157783396851,0.0008079794342133887,-1.4231172144623812e-05,0.0005845093540897833,-0.00015133770358391363,4.556878895844337e-05,-0.0005250565721452007,-0.00016282382942016193,-0.0002118891120511643,0.00013572693814816004,-0.00045594567272509766,-0.0002131289119837252,-1.379304998909283e-05,-0.0002058453669557766,-0.00048648961433879804,0.001268366666345623,-1.8875393831788773e-05,-0.00023674274448358236,-5.023505383335163e-05,0.0004696072961616953,-0.00020620101907104646,0.00017411694694349008,-0.000577921559069032,-0.0010891390531910525
ASTE,-0.00047332404143855415,1.7639515718088763e-05,0.00016277739065083776,-0.0005673397927465828,0.00022193465319413384,0.0005641296324843077,-0.00015488238873052613,0.001493793082236156,0.001483139513879332,0.002468827036656345,-1.1923914546223942e-05,6.702747327751992e-05,0.00016809256730855344,-8.217373163461985e-05,0.005535365710449492,-0.0010496885825925484,-0.00012191356159453374,7.42721908533357e-05,0.0018537281457999826,5.355356210743266e-05,0.00013876584388501856,-0.00037795312411881185,2.776856979918163e-05,-0.0007956738603167678,0.0005694176986503925,0.0004049838568421228,0.0015612553021338773,-0.0003085743587755367,0.0001478263678754452,-8.584378011949586e-05,0.002770007940912127,0.0003968676340034735,0.002447428681795867,-0.000343542675287864,5.845592281057886e-05,0.001126206764369255,0.00020519879647975094,0.003001242763016304,0.001693950339187532,0.0030062997779058713,0.0003503424105019112,0.0002945889507054677,-0.000606416273037571,0.00022769874369810562,0.0018578655010220652,0.0007043075250651532,-0.0003511697327093622,0.0037152567346594666,-0.00013447382528790694,-0.00011460183133031653,-8.30506405778388e-06,0.00048420608105478354,0.0004371775854787067,1.2195454964225578e-05,-1.2086420829160296e-05,-0.000766638106621783,2.2126528052152505e-05,0.00033118564106439206,-0.0008681770231943432,1.906499998175636e-05,0.005153953428477532,-0.00013557384174261436,0.0020495460919693525,9.234731439292565e-05,0.0001728177482488034,-0.0009034321086109154,0.0007019716876100435,8.398020104019307e-05,-0.0014948373193983434,0.00047689996686458197,0.0011839896950395876,0.00186411610272853,0.0007939526878318155,-0.001168116007107802,0.003206637197624519,0.000592417228581635,0.0004910094689860101,-0.0008535605678975935,0.00014036725308617498,0.00041915149425295214,0.0009842256042502402,6.542974684528122e-05,-0.002232828315004372,0.0009405268889515713,-0.00013131478126835697,-1.0608723886273919e-06,-0.002053832993409233,8.71352124951743e-05,0.0006112943920557165,6.986472504711098e-05,-0.0007244695580843335,0.002486355416077171,4.202552424112739e-05,0.0003709030281595252,0.001460131518958594,-7.524557952669604e-05,0.00019364649877871642,-4.9849270810849904e-05,0.0011385560885532363,-0.0009106227731770754
ATMP,-0.00048023337416367096,9.240192416915537e-06,1.024683036233754e-05,-0.0005647642855265202,0.00030035528000804353,0.0006646434636049844,0.0001767241365672231,0.001483139513879332,0.001987341029527547,0.002522489058096744,-3.3991621852957223e-05,6.559146049939764e-06,0.0004726124887597448,1.796897768428667e-05,0.005932889887660844,-0.0010317876692407715,-0.00012911999452853632,4.12656382798489e-05,0.0021048915265010834,0.00011949445435485084,0.00019321105380046912,-4.537307741358105e-05,0.00018662883397405343,-0.0002782297352044973,0.0006262207324727392,0.0004847733860112277,0.0017844483521834648,-0.00037688000183347164,-0.00026752390474066263,-0.00013350903464735725,0.003043910890362621,0.0005331814005965177,0.0028813197942125683,-0.00027338155294067453,0.00018874313869576842,0.00012168661776465765,0.00020178229131017432,0.0033526085077697034,0.0020143339341763453,0.003731389222766321,0.00037146267438483576,0.00038340578791557894,-0.000522021627568015,0.0004911737017338765,0.002178598311758227,0.0007845851325053091,-0.0003206739860276022,0.00434786978091009,-0.0002706833528595099,0.0001516682082462718,-0.00015350533923695975,0.0006488797371186399,0.0005580850212374526,1.383182983422865e-05,2.680252239362002e-05,-0.0005855791726406799,3.495650639687038e-05,0.0005917848289223801,-0.0009944343574550365,3.1871338390879445e-05,0.005805051362684712,0.00016292459135469864,0.0028228640997485814,0.0001791455849281495,-0.00065000981737548,-0.0005826267726970774,0.0006644427836443002,0.00012947808181741703,-0.0015776133982742806,0.00010458662668599752,0.001685363764772605,0.0018209538521116347,0.0008389011576394218,-0.0015172210434314288,0.004421013176991612,0.0005375336543665391,0.0008796832779248732,-0.0006690837571218434,0.00017139361562242317,0.0005771732671582569,0.0011516191463380137,0.00012414891327287137,-0.001837008817735216,0.0011107137305298867,-1.8270033522225468e-05,-0.000183629822771821,-0.0016105544769277119,0.00010831860391245538,0.000532583582203538,9.148523658979048e-05,-0.0006439904479367045,0.0029641041163272633,8.202578779852878e-05,0.00042653371169000304,0.001885478980682161,0.0005682339642325257,0.00025620320882604965,0.00011789058415321747,0.0012908517734831718,-0.0003996718946060732
BA,-0.0009637252657445503,2.6974131181176913e-05,0.00029716240068943537,-0.0009492368828055353,0.0003773829054657289,0.0009149716912191892,-6.5306166003796e-05,0.002468827036656345,0.002522489058096744,0.004108878598568828,-1.4057736374395194e-05,8.290514338296949e-05,0.00034692925207935527,-0.00014412964122434841,0.009439297083984678,-0.001793165387049773,-0.00022253712514548428,0.00011688015428575825,0.003174425222420644,7.222598827889333e-05,0.00023847919759760315,-0.0005588663558067358,5.233911259609552e-05,-0.0012559328261353728,0.0009265165549905371,0.0006650836696043053,0.0025976136445212336,-0.0005624924472346057,0.00024665311907727283,-0.0001340614636455118,0.004614110607037298,0.0006755685376676956,0.004212932669961699,-0.0005250175224924687,9.6117207410861e-05,0.0016982761155742033,0.0004054752427504526,0.00513516714195717,0.002716490973610532,0.005063299043228854,0.0005580083864555272,0.00048151073487367763,-0.0010187649272934282,0.0004212840003926146,0.0030884185093520283,0.001161080461307877,-0.0006441489792595618,0.006287353273041935,-0.00014691487928393301,-0.00013036368474339158,-2.9619299436200934e-05,0.0008284645013829319,0.0007063982923484512,2.1036952202701057e-05,-1.4238031291954045e-05,-0.0012522578324495296,3.475712734186801e-05,0.0005801292113086473,-0.0016345763363075788,2.8556759971992674e-05,0.008823158410394263,-0.0004619053669048653,0.003613680873285343,0.00013962531038679804,0.00016767630373878067,-0.0015220761243236163,0.0011354611968420487,0.00011991326062865551,-0.0025288421931788357,0.0008379558790991915,0.002048016423442366,0.0029637814796594194,0.0012702248733457672,-0.002371926830309553,0.005487877955835545,0.0009672924988888554,0.0008074680216673996,-0.0013456253625212743,0.0002367447472700554,0.0007141944039720246,0.0016331231001889357,0.00011944419304901483,-0.0037346582544502977,0.0015603507133092722,-0.00020775645484652082,1.2642688121905792e-05,-0.0034659083633582256,0.00012304644778573772,0.001023026926291054,8.008964528629224e-05,-0.0012502278923938784,0.004341929469166121,6.261466765149237e-05,0.0005901677992089443,0.002465869399662625,-2.172026525044089e-05,0.00030444322954293414,-3.251574581268927e-05,0.0018405457370907654,-0.001637822749192457
BSMO,-4.720819550771025e-05,-1.654787844212991e-07,2.7626995853914813e-05,2.0624644332550735e-05,-7.420625357389028e-06,-3.45566904110184e-05,5.886453032495146e-05,-1.1923914546223942e-05,-3.3991621852957223e-05,-1.4057736374395194e-05,5.4220550151651495e-06,-5.654449879937269e-06,-1.2537427365704493e-05,-1.5218057929139913e-05,2.9386925491446412e-05,-2.6702458527490448e-05,-1.1709877118707322e-05,2.2391894133735095e-06,-2.5057771385079217e-06,-1.8594887315676062e-05,-8.637169813319704e-06,-5.75124274364622e-06,-2.0054062762470505e-05,-2.801718388642284e-05,-2.010828311296751e-05,-1.7262010424317142e-05,-3.391330516722506e-05,-2.2522216909203905e-05,4.2066483053111996e-05,9.027569344808514e-06,-3.76626816711637e-05,-1.1233203508199717e-05,-5.35977955905576e-06,2.2593951047710046e-05,-1.2326051969985124e-05,2.1833062184529552e-05,2.6179952029284743e-05,2.870162997573312e-06,-8.562718648856012e-05,-6.427814013755579e-05,-1.538298914924047e-05,-1.784931680197601e-05,-2.634089050828312e-05,-9.840827748227018e-06,-4.906071483386836e-05,-4.7718992266478425e-06,-3.471571355509611e-05,-4.8405214062659276e-05,4.6882845893945936e-05,-8.754829615947957e-06,8.117469610375877e-06,-9.770878496263361e-06,-2.5368422716986355e-05,1.513331968488158e-07,-1.7249907691149444e-06,-9.352527893592786e-06,-2.792740917009715e-06,-1.0319099789599077e-05,-7.665166587574165e-05,-3.1566518520083823e-06,2.9395123176054364e-06,-0.00014278145290724757,3.264089949226919e-06,-2.020457135972678e-05,-2.8532469026938607e-06,-3.719926952024883e-05,-5.246246222476925e-07,-1.5867933640557223e-05,-1.016674872018741e-05,4.678255286321214e-05,-1.9898640858967952e-05,-7.427144986794756e-05,-2.7980110993273647e-05,-0.00016507442387431678,-8.315248701827217e-05,-3.1654673120886225e-06,-3.808891791472295e-05,3.8984994650547105e-05,-3.985266091640553e-06,2.7566468680414933e-05,-2.5351212782838002e-05,-2.3212261497656333e-06,-6.165614232918942e-05,-2.629497144019353e-05,-2.461828364466201e-05,2.2430532315511952e-05,-5.8023418116512235e-05,-1.5135976649351937e-05,3.2164692960617055e-06,-1.3305808461803695e-05,-3.556557078904742e-05,3.075870357300021e-05,-3.839048931755649e-06,-1.960408948228386e-05,-4.256398002301252e-05,-2.4787511768699153e-05,-1.8409807747398945e-05,-4.825912094140364e-06,-5.0701967155944295e-05,-0.0001043833202828388
CCRV,0.00031245510468888755,3.2839532255582725e-06,-2.8333762784919017e-05,8.169016477367201e-05,-7.671508865070647e-06,-1.4027109504488024e-06,-0.00017735274780860004,6.702747327751992e-05,6.559146049939764e-06,8.290514338296949e-05,-5.654449879937269e-06,3.672614261199883e-05,-0.00010295072573488344,2.01348572133117e-06,-0.00010957680116523182,-1.6223808517482698e-05,-4.300078655045455e-07,1.7802541845341033e-05,-7.341087224923338e-05,5.870866807175895e-06,-2.7729899341342437e-05,-9.397026390327553e-05,-2.658516797181703e-05,-0.00011369100914402262,3.252382334849778e-05,1.0812786830045675e-05,3.935322883487414e-05,2.8371054978748608e-06,-1.8048286085803546e-05,-1.5538938221455966e-05,9.144039312579183e-05,-8.891906077147273e-06,-0.00012227069354034972,-2.6006438504754492e-05,1.7605024251753443e-05,0.00019113439732380507,-7.477639102782139e-05,-0.00010252099531878486,0.00018266496292732918,3.849604074764798e-05,3.715510226914777e-05,6.989994489516434e-06,-7.402581104469988e-05,-3.135820785348813e-05,4.440578584272449e-05,8.785740319123295e-05,3.015189543497083e-05,-4.139044830274552e-05,-0.00010647727551078772,-9.781473101545075e-05,1.142032808203322e-05,-7.321136267204382e-06,3.5351613231058436e-05,-2.1971836238645296e-07,-6.880415820553886e-06,-6.0422138537192065e-05,1.573135302039339e-06,1.1789416702037236e-05,0.0001444574769919238,3.2403224439632585e-06,-0.0001753074151089879,0.00024568196503873386,-0.0001271195672630881,2.2904119459877215e-06,-4.759143105549729e-05,1.1307290200846147e-05,0.00011472649615952148,1.8326213193978764e-05,-3.110554394183676e-05,-9.554223812525885e-05,-1.9419129108771415e-05,0.0001690887318414719,9.575091138107144e-05,0.00036600304480348904,-7.226482475649382e-05,4.4702136367425964e-05,8.125415032604854e-05,-7.439364645881206e-06,-5.0670043201423925e-06,0.00017135547406281774,3.4464558420821005e-05,-1.0340111094809055e-05,-0.00012319715881901536,2.9718260522001052e-05,-9.236612565566993e-05,-3.7637138788717686e-05,1.662411576301763e-05,1.6013460794263193e-05,-1.3910324403512707e-05,6.791830700133849e-05,-1.3622039481718614e-05,-0.00013750544672544278,2.806150221075268e-05,4.325817315260351e-05,-1.5574023882410295e-05,-0.00011065932997693174,1.4628009813665407e-05,-9.622720875307484e-05,7.54341108757139e-05,0.00013175858567225816
CCXI,-0.0013945696399472074,-7.752201223806243e-06,1.3386427832534896e-05,-0.000790815101706464,0.00013761699473219838,0.00043697120169810855,0.00024019429839152603,0.00016809256730855344,0.0004726124887597448,0.00034692925207935527,-1.2537427365704493e-05,-0.00010295072573488344,0.000588666448399265,6.152116314407012e-05,0.0017067855439185256,2.9238830949805173e-05,7.785025053164282e-05,-8.193626366752271e-05,0.000832347029493333,0.0001240613966942258,0.00024447934956565184,0.00031315281857138063,0.00026620439920067255,0.0004262715678043686,0.00014173917494509654,0.00017763452189579215,0.00043670848596292654,0.00013250422656152006,-6.504202838063026e-05,-1.452211494433053e-06,0.0005051957708375046,0.00020306281969786753,0.0012111086375008388,-0.00019099756155320545,-2.2917410016685586e-05,-0.0004880433266342965,0.00022623085475563615,0.001219722889105544,0.00012553458293945415,0.0009068521143214905,2.7573977971176943e-05,0.00016890367904224063,0.00043504584423429527,0.00021018457949181283,0.0005883456124315829,-0.0002702424408498526,4.094156281947875e-05,0.0014340214996928383,0.00017164504936098205,0.00046362327870173376,-7.573628466921937e-05,0.00019351434791725885,0.00010967540510971353,2.5277065932950606e-06,3.291446164198123e-05,0.00012021166841218166,1.7570717554145337e-05,1.0757058697462847e-05,-0.00027478772990402353,1.0993307122230735e-05,0.0020881351547717966,-0.00019921489603505574,0.0009015531104873741,0.00016003426904207096,0.0006861598542899239,-0.00011375560272502362,-0.00040464220274067915,4.90021279428751e-05,-0.00012199259650052453,0.00038601895918831543,0.00040264213747962,0.0002997430482863058,-6.152399131100702e-05,-0.0006598098722180308,0.0015251704774499324,-2.4065536768760225e-05,-0.0001235087848524192,-0.0006329020541661265,8.974306710262113e-05,-0.0011307245745924767,0.00024761377085992476,7.029875603537769e-05,0.00043362457875135014,0.0002685012574306277,0.0006396291252172142,7.814731227381624e-05,-0.00032800575219169335,6.62180470181232e-05,0.0002512628894505563,-0.0002369702648804589,0.00016001376498208695,0.0009570590374233647,-0.00012266850570113175,2.381956689866367e-05,0.0006981184936858366,0.0005281026720254291,0.000115586650571225,0.0004797456830990109,0.00030587230718548446,-0.00023929022448493674
CSM,0.00010328809587743771,-1.7638382913211316e-06,-9.436339993772648e-05,-4.343994628946705e-05,1.1984706087334081e-05,7.094013656766865e-05,-0.00011669635644286005,-8.217373163461985e-05,1.796897768428667e-05,-0.00014412964122434841,-1.5218057929139913e-05,2.01348572133117e-06,6.152116314407012e-05,5.52185279299545e-05,-0.00043074331474112404,0.00015834620615996645,4.411829243784545e-05,-1.7282801766213386e-05,-9.373349623813753e-05,5.41776627284635e-05,2.5337303353617408e-05,7.704631450493858e-05,7.123385587177891e-05,0.00018491075187883772,1.6804864552421553e-05,2.5270839516832215e-05,-4.925417752421602e-06,8.722572886447957e-05,-0.00014896113770773706,-1.9734614349331055e-05,-8.697568034329185e-05,1.3917865044939752e-05,-0.0001080097374147717,-3.7148795441911467e-05,3.404855846569578e-05,-0.0002234769430309166,-7.681770216649443e-05,-0.00017872119682537936,0.0001139893191962031,6.2126588105283894e-06,1.5056002113186165e-05,3.5858538456175794e-05,0.00014269590868038091,3.088708284748053e-05,2.3266235837885073e-05,-5.171184950509495e-05,0.0001244451733469593,-7.542277493155099e-05,-0.00011399714625289956,6.682318427648405e-05,-3.194280313883568e-05,4.033852577469114e-06,4.352058559398129e-05,-1.193656455716903e-06,9.062250720477563e-06,0.00010170529761881063,7.1065099939516625e-06,1.4976941107649554e-05,0.0002561951274847003,8.038230012331703e-06,-0.0002993693183735893,0.0003991761145145886,-9.443686918754215e-05,5.8001878746105154e-05,-1.9888181848908473e-05,0.00018429157026095253,-7.491255545561014e-05,4.009814951710655e-05,0.0001383079165821636,-0.0001662731556866058,1.3393713776602072e-06,5.833428273425371e-05,1.0206521839140608e-05,0.0004879962031612814,9.307017248494733e-05,-4.3376530577689395e-05,7.710021604324245e-05,-5.286330797067925e-05,4.828591853331876e-06,-0.00014829815711051524,7.700993532691706e-06,7.058246846698686e-06,0.00038478925879899316,1.4807948682073195e-05,0.000110096966730548,-6.601565104204413e-05,0.0003300127798747357,3.7356207995246914e-05,-5.1224678235607036e-05,2.0708868595972192e-05,0.00016470019620144126,-0.00021630558070932543,3.6261833393161973e-06,2.6317534257246233e-05,4.8360068960239406e-05,0.00012912332274350722,4.1812463400592576e-05,4.660902216035874e-05,6.463504043666539e-05,0.0003687800918576893
DHC,-0.005501510210143255,4.089355563112521e-05,0.0010995269032320076,-0.003247305812048997,0.0009773756881801584,0.002292084052166827,0.0012831577868535613,0.005535365710449492,0.005932889887660844,0.009439297083984678,2.9386925491446412e-05,-0.00010957680116523182,0.0017067855439185256,-0.00043074331474112404,0.024416692652773405,-0.004295606980503354,-0.0005272305934899521,0.0001331069740510772,0.008515582271612724,0.00010416974677181923,0.000853385981329274,-0.0006877806267746593,0.0003162414325160906,-0.002335235582583562,0.0019839523294421166,0.0015269104735353117,0.006000833888062471,-0.0013470264224341932,0.001042195712573188,-0.00015788517193396752,0.010493452390859734,0.0016999188589254938,0.011481225900069317,-0.0011445766611506663,-1.5015753467813286e-05,0.003037079531562138,0.0017323826550994423,0.013639875187856459,0.004860154796636976,0.011862069556333937,0.0010320657742262998,0.001099880211629488,-0.0018185631258701611,0.0011920613137515559,0.007132314531873634,0.001964738956482462,-0.00188259739276522,0.015783563611640173,0.0007342485128734067,0.0004807461983603121,-9.451830390244122e-05,0.0020430649626491013,0.0013642498219827953,5.344732192893622e-05,7.789619547600142e-06,-0.002645197968616687,6.632326208552389e-05,0.0011547694920260602,-0.005333407379341958,3.4504125224197094e-05,0.023394837678517525,-0.0036283475719360346,0.009756155197662921,0.0002964920739494908,0.001532558112188432,-0.004107046185172665,0.0017093361380172052,0.00010781457630889698,-0.005940978050263652,0.0032705497034609537,0.004985023496253406,0.0058734054868111235,0.002225785183725696,-0.009107498517937664,0.013713930275643538,0.002017184196367456,0.0009706048134592586,-0.0035053803565613098,0.0006283166823918943,-0.00011960080749960265,0.003660524795874048,0.00036399237107798105,-0.008299228207208575,0.003525917430430613,0.0003755562220929189,0.0005129361496346574,-0.00908875560229982,0.0001563064338111542,0.00275921165586158,-0.00048229780374693925,-0.002993153062820616,0.011862358510898499,-0.00015175125154094887,0.0010319361248569024,0.006090773596753839,0.0006258713893733522,0.0005994063649566058,0.0007776000914626603,0.0038202411701775416,-0.005646633906044984
EBIZ,0.00020878753188431816,-1.1430375797463496e-05,-0.00026461389329664913,-2.4989659976794678e-05,-0.00011011378771668941,-6.131180482048528e-05,-0.00044166004235836277,-0.0010496885825925484,-0.0010317876692407715,-0.001793165387049773,-2.6702458527490448e-05,-1.6223808517482698e-05,2.9238830949805173e-05,0.00015834620615996645,-0.004295606980503354,0.0010754751217869388,0.00023004138108937347,-9.319495808694255e-05,-0.0013001532684066186,0.00011956801829873032,2.455100527461787e-05,0.00029293418120759907,0.00015712451196651743,0.0007551917010492264,-0.00027725486175650806,-0.00016452567689326347,-0.0009509777963736816,0.0005269667895059889,-0.0002516480883879327,2.352047105557185e-05,-0.0019092106643591985,-0.00022858217147272002,-0.0017127165654335658,-1.952811343039738e-05,-3.12677355507293e-05,-0.000723156836186158,-0.0002862252146933788,-0.002181401969157811,-0.0008216508062284329,-0.001980709655923003,-0.000162457898816434,-7.824789446366433e-05,0.000836790485152899,-0.00017108454945431088,-0.0010647083269868579,-0.0006917041854323621,0.0005673091846856785,-0.002422592886213836,-0.00012300513072562968,0.00020070340372860577,-7.045594896309295e-06,-0.0003317663363566848,-0.00017603806785629252,-1.109657779485685e-05,1.5050023060851926e-05,0.000647734851140283,4.358868213757971e-06,-0.00033080142857966723,0.0012907544279627187,7.160047827228922e-06,-0.003759690402793293,0.0010169732904096794,-0.0017757676525814562,0.0001036084501392564,0.0006274073274073288,0.0008109293435810494,-0.00071158764143485,5.3879687989653315e-05,0.0013012551945678478,-0.0004006647140966553,-0.0009282559427865547,-0.000775449917267786,-0.00047241829972211784,0.0022229648998057672,-0.0020195479527301457,-0.0004368567123652847,-0.00036357507606781913,2.057010830135107e-05,-6.372452357648489e-05,-0.0011130310447303104,-0.0005937084571279315,-3.959736221182026e-05,0.0022738712572577527,-0.0005435024500470705,0.0005011869051173541,-4.539502755117162e-05,0.0017630938794579224,6.616406842767261e-05,-0.0003790326947400251,-5.746296590065175e-05,0.0008989087473082174,-0.0021648018793948725,-7.560912784821835e-05,-0.00016620539519346782,-0.0008074823297531271,0.00011001772127790677,2.117093252857842e-06,0.00017852843553981866,-0.0004822880520530332,0.00120209414162598
EMGF,-0.00015423891968032502,-1.40338377341895e-06,-5.791529806036758e-05,-0.00019494627862346746,4.653348756366149e-06,0.00011365712794035498,-0.0001989279280242561,-0.00012191356159453374,-0.00012911999452853632,-0.00022253712514548428,-1.1709877118707322e-05,-4.300078655045455e-07,7.785025053164282e-05,4.411829243784545e-05,-0.0005272305934899521,0.00023004138108937347,7.587038979478451e-05,-2.8733220451632126e-05,-0.0001055887782092279,6.277844252745035e-05,5.5445973629699564e-05,5.1017924297899194e-05,7.996557081628661e-05,0.00015106159457213217,3.6248810571833276e-06,1.9980303795819842e-05,-6.372689945714142e-05,0.00016826388939278702,-4.0927413949921686e-05,-1.911143389891251e-06,-0.00021660963363775588,-8.14307126399722e-06,-0.00013471789316157242,-9.435672219152998e-05,-1.5774941564395423e-05,-4.4986517816417606e-05,-4.871501995429426e-05,-0.00020925491743067407,-3.3700735592121536e-05,-0.00019876302762303387,4.882806988274251e-08,3.199411228773458e-05,0.0002544136195548187,-2.6069649369659702e-05,-4.7604885141774235e-05,-0.00017841871603153066,0.00015755611069396224,-0.00017853701932405626,-3.9706537716432635e-05,8.390171483960611e-05,4.0593315146573204e-07,-3.593395107031267e-05,1.013813110615544e-05,-1.987602872618158e-06,3.8109330593171994e-06,0.000111302550039776,6.307227021342614e-06,-9.063851987424635e-05,0.0003235227357777895,6.129195519673552e-06,-0.00036947525271412433,0.00031720583028498273,-0.00029189213110859965,6.551929821040833e-05,0.00041756687144953815,0.00011200729704781357,-0.0001907042002194635,3.656833227803451e-05,0.00023121521211949176,4.852775513882308e-06,-0.00014902846296005066,6.471407057877384e-05,-5.303901048902877e-05,0.000605408975748276,-0.0001543999542658009,-6.164730598847944e-05,-0.00010129102271846608,-0.0002261988026624389,7.141143129513719e-06,-0.0004900162789485429,-4.333652577402392e-05,-1.2530950688961503e-06,0.0004930224871307835,-2.971527795261155e-05,0.00022863956039273356,7.099074470544388e-06,0.0002415373713593893,4.584110991940154e-05,-4.086065841299084e-06,-3.7581929249916264e-05,0.00022792533156629896,-0.0003324295240463147,-3.851537331840528e-05,-1.2582360602663207e-06,-1.5771179441920404e-05,2.982484597471023e-05,4.164042552633905e-05,9.715753317594756e-05,3.3850457768892226e-05,0.0002298597526450149
