,AFGE,AGMH,AMZA,ASGI,AYI,BGRN,BLU,BMY,BNOV,BPRN,BSMQ,CBTX,CCNEP,CEM,CFMS,CFR,CHD,CNCR,CRBP,DBLV,DBV,EL,ESGN,ESI,FN,FNGD,GBX,GLNG,GSID,GSL,GTH,HAYN,HLIT,INDF,JACK,JCS,JP,JTD,KLXE,KRUS,KSPN,LFC,MANT,MCF,MET,MGIC,MLAB,NMIH,NOK,NQP,NXST,PAYS,PWR,QQEW,RUTH,SCHJ,SOI,SPQQ,ST,SXI,TACE,TOWN,TSLX,UGE,UUP,VDE,VVNT,VWID,WIX,XLP,XOM,YELP,AMEH,ANF,BKR,CDE,CHIL,CMI,CRDF,CWEN,FSBW,GSBD,HYD,KRG,MGTX,NBH,PBA,PEZ,PHT,RMED,SMDY,SPYV,TDACU,TWST,UCO,BWB,CEE,EVG,MSON,ANSS
AFGE,7.436538315930761e-05,0.00013282101144806773,-0.0002042252151530098,8.637842942003141e-05,-0.00026108379676834207,8.209985196534697e-05,0.00024186999269387613,-3.651023776969619e-05,3.163797242804664e-05,-0.00017080851602153453,6.827882995286972e-05,-0.00022960701244563981,0.00012501686527941893,-4.596591946777062e-05,0.0002527374618733591,-0.0002531937390707344,0.00025952355567201193,0.00023139795215898495,4.9710288082097616e-05,-3.9485970636809696e-05,8.154919507128317e-05,-3.126658179151938e-05,-6.109638561787917e-05,-0.0002906954095908908,6.487627655680318e-05,0.00018285440182910347,-0.0002216992318116007,0.00011934950881634115,8.397190129704335e-06,0.00019967326276504687,0.0003203741789585747,-9.69418424172431e-05,0.00013590999945666896,-2.8643375006617827e-05,-4.132057049608408e-05,6.798452905400835e-06,-0.0005995378676609581,4.829985955623959e-06,0.00039620879863922864,-0.0005555554896087612,3.6923644144349803e-05,0.00020138469304197313,-2.4895079326103105e-05,6.77557620714198e-05,-0.00014569927802537914,0.00013138292613732914,0.00028736076697782203,-0.00015508335196743283,7.670628917453414e-06,8.428703929997793e-05,-7.603997681587387e-05,-0.00014548699573739822,-7.974697288135643e-05,4.741038879695155e-05,-0.000502888108025897,7.908975398208123e-05,-0.0002591034085430052,7.906446810833366e-05,-0.00015538653111242507,-0.0001975383765502302,6.126392089746722e-05,-0.000375320035991155,-2.50778363043985e-05,-4.855486901529478e-05,9.362952529541934e-05,-0.0002535064507721312,0.00034471128888653263,-2.7609021565756727e-06,0.00019480021901695157,4.4430518708045015e-05,-0.0003562060894911134,-5.5087158267593986e-05,5.8796727626583224e-05,-1.5144297084411678e-05,-0.000248882677169831,0.0003989858579091101,2.831996452611354e-05,2.0626270186529646e-05,0.00031492880075463303,-2.4768939219256355e-05,-2.4786349711781136e-05,3.0597824219587646e-05,8.260760170224298e-05,-0.00015519507861714473,0.00020263102684663854,4.900622271813819e-05,-0.00018944962220900883,4.623674475195781e-05,-2.0642672950350457e-05,0.00035256497402776413,-3.064099710334725e-05,-4.6473089483422456e-05,0.00034650242786556123,0.0006962840737948781,-0.00021502727208972612,-0.00018808999298339888,0.0001213525732167764,0.00010750178316918006,-7.784266575740757e-05,-0.00010645878474620156
AGMH,0.00013282101144806773,0.0003114185879366508,-0.00018974801080771667,0.0001946721178210133,-0.0004069537379766224,0.00014030798583994876,0.00024879149845982956,-8.107301465644475e-05,5.090193673026015e-05,-0.0001981188978009132,0.00011800058192983639,-0.0004275417179802961,0.00021065677291444554,1.8714139422151345e-05,0.0005032130858670999,-0.00047247673529650055,0.0004918490841800619,0.0001925088275338697,-4.988709921832273e-05,-6.489729058447555e-05,0.000156867647768682,-6.186178776872495e-06,-0.00010858500242100894,-0.0005602470736733418,3.934913521746573e-05,0.00024572375971199047,-0.0004268507549394643,0.00048253019471541437,-1.8721570703778724e-06,0.00018188430270765272,0.0007439755275531158,-0.00018780785520359076,0.00034430771906847064,-0.00012456576495628225,-0.00013131149712879942,4.805764780585074e-05,-0.0007764222410619624,-4.5527174600397e-05,0.000664107531460271,-0.000656691257080902,-4.947696617466103e-05,0.0001177685445889304,2.9878518101358877e-05,0.0004110875151186593,-0.0002654800586898764,-5.035143851640898e-05,0.0004072185913249561,-0.0002012840585967496,9.461507571842293e-05,0.00016598261110561792,-2.5262960958660982e-05,-0.0002724377176466074,-0.00018168499900551074,4.33726694053857e-05,-0.0009503500333804342,0.00014271232267561073,-0.00048037700837651274,0.00014181113378070864,-0.00032861996868038844,-0.0004036184051013213,9.797984776239952e-05,-0.0005989247053926443,-3.464892632128896e-05,-6.155559020547144e-05,0.0001664613188218849,-0.00042621137923415386,0.0006166584172957771,-1.3012226484313642e-06,0.0002461084750524496,8.538852376757937e-05,-0.0005986283328860212,-3.894477479308361e-05,7.0562342786643105e-06,9.170019437413508e-06,-0.00047823904264545096,0.0009758281263927729,-6.508508054979171e-05,-4.390336105829912e-06,0.000779046468322651,-0.00010486617162351543,5.245424004606585e-05,8.06813291733797e-05,0.00014885801621406736,-0.00023335273411325156,0.0005546006004182414,0.0001455719850028165,-0.00030014968619761613,6.562400829955711e-05,-3.5085341325723714e-05,0.000940757756114699,-6.966154713571931e-05,-7.885876998399544e-05,0.0009151452684253143,0.0002574298903604126,-0.0001354192193466736,-0.00028183008112212866,0.00014661063748628523,0.000168940889063201,-0.00021268313083248156,-0.00014608541726806765
AMZA,-0.0002042252151530098,-0.00018974801080771667,0.0009736791107260985,-0.00014192898310031013,0.0008570157489463145,-0.00024039111011166345,-0.0010963853982983367,6.284576093625274e-05,-0.00010010783980518605,0.000721375372260807,-0.0001968264102576579,0.0005893939306876499,-0.00037312084876469287,0.0003640363494527538,-0.0005718671238845754,0.0006475457007034867,-0.000645900049655202,-0.0011562707588715824,-0.0004636277488256538,0.00012171137325573542,-0.00019749674273306073,0.00020300206954687987,0.00016905157364032608,0.0007014930242381505,-0.00035867580535830514,-0.0006929127839092673,0.0005359909636603267,0.0003076354353462277,-6.285500825980719e-05,-0.0009605500681399611,-0.00047464504071889044,0.00023163520344797556,-0.00013366396856479953,-9.449627870480088e-05,-2.2183815862536913e-05,6.604927537702398e-05,0.0023408998010372175,-0.00014100636059325103,-0.001190801830029556,0.002317242240454222,-0.00037367381020925183,-0.001123701503029631,0.0002437327684880593,0.000498169077916133,0.0003877353533895004,-0.00103310998055033,-0.0010392611238496958,0.0006044725351588515,0.00016980264223954614,-0.00019504925231240977,0.00046959520642837033,0.0003698457665835276,0.0001264134657863279,-0.0002276339008998522,0.0012580083126223223,-0.000213771313416873,0.0006700372935484303,-0.0002157211321358865,0.00030621303108195884,0.00042264977412910667,-0.0001952337357176043,0.0011991881233247299,9.279249317771457e-05,0.00019270748968715196,-0.00025893749235938904,0.0007588561324094473,-0.0009443401234668328,1.6144610795004554e-05,-0.0007751401833795998,-0.00010778587250829734,0.0010668669503894517,0.000291503927459768,-0.0003925411123909368,0.0001270250994282879,0.0006039510346862586,-0.000474818549644019,-0.00035061553940343026,-0.00015390129121414778,-0.0003540209049270253,-7.499089151146911e-05,0.00029622937737733843,-2.2623255518626287e-05,-0.0002237562601331008,0.0005296040977561093,-0.00010194316595599445,2.3355197254006527e-06,0.0006104271761094413,-0.00016697800827753895,6.089727559199522e-05,-0.0002344868593812619,4.891799247311218e-05,0.0001374036679476499,-0.00025271223800510086,-0.00423842647160649,0.001177008998780844,0.00064417871523642,-0.0004986966218854201,-0.0003496301302651427,4.0040060433253063e-05,0.0003962847481481294
ASGI,8.637842942003141e-05,0.0001946721178210133,-0.00014192898310031013,0.00012232576273956227,-0.00027094144333255515,9.191736904281056e-05,0.00018119449651990017,-5.104527186913929e-05,3.3696872478182716e-05,-0.0001401677073349273,7.715829662745878e-05,-0.00027619876819516564,0.00013833516867332702,1.4972643076652091e-06,0.0003217729862669888,-0.0003051244160311317,0.0003168689069107932,0.00014857037455214255,-1.77617915527497e-05,-4.280086110848453e-05,0.00010082938971699822,-9.28050429280955e-06,-7.067368508965076e-05,-0.0003600036173487278,3.3691975357526434e-05,0.0001683646769273161,-0.0002743272427126377,0.0002852889111138051,5.685425462671729e-07,0.00013678672286866062,0.0004656493299081002,-0.00012058590294478859,0.00021316319195031878,-7.323794449816711e-05,-7.930794830445737e-05,2.7451232817590865e-05,-0.0005361038304383048,-2.387460211387579e-05,0.0004365039829641281,-0.000462597725613731,-1.995637734864685e-05,0.0001022015951827537,1.1560259076995372e-05,0.0002366348002042126,-0.00017209543623270473,-2.5707316745302055e-06,0.0002760544865834013,-0.00013891747713000612,5.2965020747241665e-05,0.00010630987540117703,-2.8133552719499082e-05,-0.00017584349263240144,-0.0001140007640128735,3.257993703443919e-05,-0.0006125253556951639,9.26572508934534e-05,-0.0003105433219170187,9.216180415745245e-05,-0.00020830468175633149,-0.0002571093608026829,6.493123555497783e-05,-0.00039706429439226234,-2.360719823706311e-05,-4.269630615750828e-05,0.00010833713081765256,-0.0002799937070150219,0.00040093171314798797,-1.230541869568924e-06,0.00017083303338663537,5.4892597542317664e-05,-0.0003932885810509086,-3.162074352634734e-05,1.4960027665704425e-05,2.1290407528857914e-06,-0.0003074465878269348,0.0006067498898359688,-3.0081352204076466e-05,1.5099397968288604e-06,0.00048371451701061487,-6.177958054556056e-05,2.387249710026106e-05,4.971400603531878e-05,9.66685694103821e-05,-0.00015639885753010235,0.0003402767912627715,8.852559418870494e-05,-0.00019924478080558938,4.4473069753221434e-05,-2.3006144091654972e-05,0.0005788773697428735,-4.372229034688342e-05,-5.1723618439725394e-05,0.0005637858846476215,0.0002718251610865763,-0.00011439150151918478,-0.00018901330838346782,0.00010277142659982282,0.00011231034131109052,-0.00013051804981672774,-9.966912401189232e-05
AYI,-0.00026108379676834207,-0.0004069537379766224,0.0008570157489463145,-0.00027094144333255515,0.0009641082532232648,-0.0002933002664937913,-0.0009957342159275702,0.00011548941339700432,-0.00011555993365751797,0.0006852481727087422,-0.00024287475685809396,0.0007921491171349925,-0.00044901751725782014,0.00024203281482591558,-0.0008458671758407557,0.0008727116604974878,-0.0008884806047583461,-0.0009890337460925487,-0.0002854689890380588,0.0001431301891653112,-0.0002773316137135744,0.00014950014848683757,0.00021492813375694045,0.0009877403264203697,-0.0002889919688605085,-0.0007066657316767022,0.0007536393869075197,-0.00020351009337608367,-4.297791698817694e-05,-0.0008408215503280946,-0.0009873545524168468,0.00032861390910936874,-0.00039589968095871114,4.1832674092554754e-05,9.90580549514957e-05,4.865748423258279e-06,0.0023403970756629543,-6.0282937282952914e-05,-0.0014258576416605506,0.0022189253541598803,-0.0002219779167061539,-0.0009005713493299467,0.00014687998158904598,-5.807033813166819e-06,0.0005073223497448477,-0.0006892836726479564,-0.001093698270712495,0.0006050373606626071,3.780563005740933e-05,-0.00028356348888433267,0.0003554075921741443,0.0005007072585456563,0.00024857397370723353,-0.00019949565962594848,0.0017238197598364344,-0.0002765075192316946,0.0008955834012026846,-0.0002771036083269273,0.0005046600314098329,0.0006528775898075229,-0.00022424036060730086,0.0013748216296307044,9.615764287373329e-05,0.00019060188993713217,-0.0003293301331953472,0.0009112709306890432,-0.0012094339428341007,1.2597150831820288e-05,-0.0007653674044697539,-0.0001511610778392537,0.0012806404434037033,0.0002409595869619919,-0.00028479636082524585,8.214564977471772e-05,0.0008468059235812337,-0.0011901839115160523,-0.00019196506414285693,-0.0001054012978291907,-0.0009323972243411206,3.845453210325498e-05,0.0001644045661087468,-8.659687997526565e-05,-0.00028896798524489153,0.0005799327532279639,-0.0005572409104575707,-0.00012561424013524537,0.0006957011287768723,-0.00017589597996389017,7.389984921024362e-05,-0.0009889339224844345,9.562650869957047e-05,0.00016647500889049215,-0.0009794776464201267,-0.003233519352031213,0.0009538410049104631,0.0007036414682250517,-0.0004821568392214177,-0.00039587197319481093,0.00021436713164981844,0.0004090053080690559
BGRN,8.209985196534697e-05,0.00014030798583994876,-0.00024039111011166345,9.191736904281056e-05,-0.0002933002664937913,9.117835278321384e-05,0.0002826498378164535,-3.895466213372111e-05,3.540655652026059e-05,-0.00019769500863380717,7.571707739923522e-05,-0.00025199943310171523,0.00013909658436790518,-5.9344084639753525e-05,0.0002746054008615469,-0.00027779988123147046,0.00028410007815249204,0.000274293438369977,6.670670961044584e-05,-4.407264146172122e-05,8.907431295689253e-05,-3.8753405096454834e-05,-6.749657317002441e-05,-0.0003174289454913901,7.814989505534287e-05,0.0002087687267465407,-0.00024212362100429813,0.00010879071869842938,1.0709256473729251e-05,0.00023534301115051215,0.0003390464363663185,-0.0001057738396244961,0.00014138391624825787,-2.5362194093785652e-05,-4.07135779648846e-05,4.442625214734999e-06,-0.000686999508857911,9.950664442517695e-06,0.0004411306057378049,-0.0006419542310133301,5.060755864037325e-05,0.00024296102362345137,-3.382438897160672e-05,5.00649832838275e-05,-0.00016040498348077816,0.0001693536459091888,0.0003262900809672911,-0.000177669169387496,1.5678648380616119e-06,9.173659421074009e-05,-9.337641811721793e-05,-0.0001595449270751686,-8.469367121862962e-05,5.5863938419599884e-05,-0.0005507431899972426,8.719164699527605e-05,-0.0002845505951142483,8.723673465097401e-05,-0.00016719063823836564,-0.00021375104068083284,6.861147743675811e-05,-0.0004204464433654303,-2.855098105952936e-05,-5.575110661685977e-05,0.00010343296330685977,-0.00028213833669624286,0.00038047956323066667,-3.357618561848553e-06,0.0002237437404461557,4.853707122897105e-05,-0.00039645839912219474,-6.588607040016776e-05,7.326600215179462e-05,-1.9808186374563227e-05,-0.0002718923691675897,0.00041803543193505964,4.1129631580048045e-05,2.62877040167183e-05,0.0003292143649298819,-2.217466022281256e-05,-3.5613085177740484e-05,3.1560155704145143e-05,9.108709011833329e-05,-0.00017507466323741182,0.00020727304417037773,4.9153092585578705e-05,-0.00021241292834442137,5.2491828696592524e-05,-2.294175843759435e-05,0.00036270659862866657,-3.255418057201045e-05,-5.1660071434827634e-05,0.00035727434973869757,0.0008528046870342598,-0.00025859525050389294,-0.00021226711984389908,0.00013995500758718,0.00012064955886793323,-7.965767021672294e-05,-0.00012128836781665934
BLU,0.00024186999269387613,0.00024879149845982956,-0.0010963853982983367,0.00018119449651990017,-0.0009957342159275702,0.0002826498378164535,0.001239052587580427,-7.957608813712561e-05,0.00011674236158425844,-0.0008196510111095222,0.0002318261935844112,-0.0007036973310703804,0.0004378007977659216,-0.00039843660949943134,0.0006940855476734878,-0.0007734789972749108,0.0007741468356373565,0.0012977863354492836,0.00050410403674954,-0.0001423210488389164,0.0002375396005889311,-0.00022431286578246368,-0.00020003867471775946,-0.0008441145326056223,0.00039996683490430327,0.0007944053318649067,-0.0006448080842110634,-0.0002769623914095661,6.896857396706772e-05,0.0010809226844764675,0.0006178561792168591,-0.0002790892995544954,0.00019124872159454503,8.810222203713647e-05,7.617094972744165e-06,-6.657356865421641e-05,-0.00267690049167246,0.00014943104008128383,0.0013961764107670513,-0.0026355250905540657,0.00040511029257965893,0.0012523576656232765,-0.000264543924267996,-0.0004958999486077556,-0.00046091035049160306,0.0011310885862883088,0.0011964343746491753,-0.0006913371123714764,-0.00017485429966765576,0.00023601151810456685,-0.0005202945239676512,-0.00044210317183975164,-0.00016244824873163846,0.0002561946084759082,-0.001506817451769952,0.00025364715832035007,-0.0007992552837965225,0.0002556786996183136,-0.0003792304196887747,-0.000517036726297253,0.0002275097093518219,-0.0013970664054001804,-0.00010660707379418306,-0.00022006549845462472,0.0003064186911291653,-0.0008901180289633682,0.0011187291118168196,-1.7943033041939682e-05,0.0008849933061920552,0.00012961104960933928,-0.0012513326201681364,-0.0003259536396955203,0.0004331213881893436,-0.00013869061894721929,-0.0007262155227173278,0.0006477263550062011,0.00037772337973330193,0.00016889522571194673,0.0004895290573276638,6.914699948568285e-05,-0.00031945686468849103,3.5237859178404984e-05,0.0002654280587234318,-0.0006130062380001267,0.0001832409637455275,1.606287966237782e-05,-0.0007105492842996623,0.00019225614168693565,-7.154383688186065e-05,0.00037861326399055037,-6.277977158570343e-05,-0.000161386668739335,0.00039540219670175606,0.004699788647888373,-0.001313312780355527,-0.0007453672725090997,0.0005678709809740284,0.000406595707260662,-7.131247587918275e-05,-0.0004550403532910627
BMY,-3.651023776969619e-05,-8.107301465644475e-05,6.284576093625274e-05,-5.104527186913929e-05,0.00011548941339700432,-3.895466213372111e-05,-7.957608813712561e-05,2.1316863007659165e-05,-1.4334376809018926e-05,6.0990893865015585e-05,-3.267753442041498e-05,0.00011645834650267778,-5.867728340125714e-05,1.0120299482051298e-06,-0.00013516093754118114,0.00012863876158413732,-0.00013347127307569638,-6.639975267877819e-05,5.244873864570268e-06,1.81827830578263e-05,-4.2435333198103185e-05,4.732899496269843e-06,2.988095066145282e-05,0.00015149575728880653,-1.5489440570050087e-05,-7.248342646685455e-05,0.00011544811921364478,-0.00011619019953666292,-5.155687619901882e-07,-6.066789621252518e-05,-0.00019401695867074205,5.072971187833151e-05,-8.844216672256153e-05,2.975830898048599e-05,3.2583338106590044e-05,-1.1017017315876936e-05,0.00023140250389337333,9.207666509198305e-06,-0.00018521100760427638,0.00020100495274829328,6.551797725210501e-06,-4.714554690683665e-05,-3.673259338891984e-06,-9.528732962737697e-05,7.265520573003925e-05,-3.563735852019017e-06,-0.00011841202705671877,5.995254131366606e-05,-2.106689399181635e-05,-4.468287540117952e-05,1.3695188432256249e-05,7.411971530246807e-05,4.754512907945327e-05,-1.444476476139151e-05,0.000258049727523416,-3.914044303710903e-05,0.00013097252835728084,-3.8944996024394294e-05,8.721213717696268e-05,0.00010784547502507076,-2.763166555854956e-05,0.000168995537586984,1.0143711046551282e-05,1.8457401152460977e-05,-4.5804199811428664e-05,0.00011878056836235085,-0.00016944885616845422,5.793497905007376e-07,-7.386859457246509e-05,-2.3103441723305244e-05,0.00016684744319664445,1.4335299432776897e-05,-7.921597104546165e-06,-3.089399331283518e-07,0.00012940063837311175,-0.00025216492776564353,1.0827459773169845e-05,-1.3109449142718223e-06,-0.00020092178926966661,2.5123631332483426e-05,-8.512181917373515e-06,-2.0588257453512068e-05,-4.083817976031807e-05,6.682154162804003e-05,-0.00014068341801780538,-3.647072760885783e-05,8.483992112270909e-05,-1.9074462592168978e-05,9.753288225400305e-06,-0.0002396032557860505,1.823675415189836e-05,2.1930051765839267e-05,-0.00023346564988826213,-0.00013098527621343748,5.2407526259815065e-05,8.077459343797738e-05,-4.4583499857490065e-05,-4.7847396173372114e-05,5.396534409333459e-05,4.2846759358392826e-05
BNOV,3.163797242804664e-05,5.090193673026015e-05,-0.00010010783980518605,3.3696872478182716e-05,-0.00011555993365751797,3.540655652026059e-05,0.00011674236158425844,-1.4334376809018926e-05,1.3883539762341997e-05,-8.07493651104919e-05,2.9346902968305847e-05,-9.636552354422978e-05,5.414139548353312e-05,-2.7172254593743328e-05,0.00010361024361228512,-0.00010618812083233275,0.00010827160413120767,0.00011512630408998451,3.162569801063726e-05,-1.7224023184499666e-05,3.3846866173371716e-05,-1.705377912981242e-05,-2.6033371884865936e-05,-0.00012057208105965898,3.33824451176471e-05,8.390299818260825e-05,-9.198636766330709e-05,3.04249788026248e-05,4.847059525303155e-06,9.815113612044376e-05,0.00012332243153506434,-4.01350021482651e-05,5.0148107427522486e-05,-6.639988309650163e-06,-1.3234378140663681e-05,1.788695804665164e-07,-0.00027730867488633956,6.146289063655451e-06,0.00017185278644932497,-0.0002617077445073573,2.442933649759558e-05,0.00010395425225339405,-1.6208074024199217e-05,6.910520526607555e-06,-6.15893971727518e-05,7.742846493623615e-05,0.000130265003148939,-7.169816919266753e-05,-2.849881457168726e-06,3.4692445870030485e-05,-4.070259248862076e-05,-6.094477435202044e-05,-3.096194022220408e-05,2.329093132493717e-05,-0.0002100075454162041,3.353810668917763e-05,-0.00010890289900385639,3.359202350594419e-05,-6.2247598509537e-05,-8.020236325532041e-05,2.6928494512858915e-05,-0.00016507183311208638,-1.143531823306579e-05,-2.2558521095356288e-05,3.9891617741620763e-05,-0.00010985879227068667,0.00014657949869290233,-1.4488436102363565e-06,9.056812520492129e-05,1.844669637315727e-05,-0.0001543831577497784,-2.7927372515777575e-05,3.241537859907683e-05,-9.179368181017219e-06,-0.00010333693633087973,0.00014985792015439063,2.0787231656423844e-05,1.1890240396259603e-05,0.00011762127718975486,-5.957174408858454e-06,-1.7852782166588525e-05,1.1050773078984381e-05,3.5045118363386374e-05,-6.933793013492662e-05,7.164919372713824e-05,1.6463854802865977e-05,-8.348684502717086e-05,2.0952114812137382e-05,-8.91697092677897e-06,0.00012649423303521563,-1.1907531423556918e-05,-2.008464659995862e-05,0.00012503197680946174,0.0003707341236277533,-0.00011026573459225865,-8.410901688159274e-05,5.6926806029944913e-05,4.747801273748575e-05,-2.7552838419420197e-05,-4.862031126592969e-05
BPRN,-0.00017080851602153453,-0.0001981188978009132,0.000721375372260807,-0.0001401677073349273,0.0006852481727087422,-0.00019769500863380717,-0.0008196510111095222,6.0990893865015585e-05,-8.07493651104919e-05,0.0005465132531692204,-0.000162521975110076,0.0005022245522859438,-0.00030535750738690536,0.00025090839511987176,-0.0005058206962234362,0.0005523528922717889,-0.0005552625046380027,-0.0008497716419925156,-0.0003140884578135292,9.880648654444041e-05,-0.00017114007093836265,0.00014340209167934363,0.0001411050238194033,0.0006085188776818542,-0.00025932943711925354,-0.0005365697426543882,0.0004646966477587337,0.00011418328118566748,-4.360712083759898e-05,-0.0007105361048830566,-0.00048824163127693143,0.00020152451709687494,-0.00016575457939999491,-4.003269426347796e-05,1.2001637573884918e-05,3.615993666373522e-05,0.0018014562967736446,-8.91617824901773e-05,-0.0009728191789772068,0.0017597928361171825,-0.0002512050709877916,-0.0008113025639097,0.00016435300594706373,0.0002625388974616703,0.00032708214823656893,-0.0007126389107488152,-0.0008128787424154364,0.00046534277048832255,9.902795100000673e-05,-0.00017133782261340974,0.0003340217123185194,0.0003160178552302363,0.00012658369279992237,-0.0001684413191223321,0.0010798783961975377,-0.0001795647642568204,0.000569753779441756,-0.00018074072958695176,0.00028325294050122356,0.0003804848925808269,-0.00015720953642220636,0.0009650235339880154,7.222089224119706e-05,0.00014780442577501298,-0.00021616110551115586,0.0006205722235844915,-0.0007903433916930779,1.1574331705320898e-05,-0.0005942110606366821,-9.335456799482517e-05,0.0008723341954072533,0.0002122231362778969,-0.00027626524654700155,8.699727250540356e-05,0.0005230439645677052,-0.0005369731992254118,-0.00023179147661273627,-0.00010681319640195593,-0.0004111555236385433,-3.050877998562913e-05,0.00019636836106690775,-3.275229595002123e-05,-0.00018784290983144266,0.0004196570212357451,-0.0001876393551655036,-2.888564919099717e-05,0.000490239247997669,-0.0001306463086192755,4.99851647654289e-05,-0.00036138385533326163,4.884868240745786e-05,0.00011271853241302957,-0.00036877204589303575,-0.0030209474029510843,0.0008523194021365203,0.0005100250525893649,-0.0003798349243224673,-0.0002801674489806987,7.261980933532141e-05,0.00030803465308577025
BSMQ,6.827882995286972e-05,0.00011800058192983639,-0.0001968264102576579,7.715829662745878e-05,-0.00024287475685809396,7.571707739923522e-05,0.0002318261935844112,-3.267753442041498e-05,2.9346902968305847e-05,-0.000162521975110076,6.290068326811755e-05,-0.00020988555028225665,0.00011545703693709286,-4.757029382433256e-05,0.00022929381754760843,-0.0002313923204851568,0.0002367746366983517,0.00022421169666586165,5.302363416321791e-05,-3.655372118680764e-05,7.427761403677853e-05,-3.135095350504318e-05,-5.6124429477111054e-05,-0.000264717886281904,6.363996573889798e-05,0.00017219308647738716,-0.00020190992573435596,9.524205301677053e-05,8.607951935067386e-06,0.00019263284102127918,0.00028500890744854595,-8.8226877077141e-05,0.00011937965174281084,-2.2391336506539982e-05,-3.4877165241492505e-05,4.3301477665149995e-06,-0.0005661389078949503,7.317439466376155e-06,0.000366098491790537,-0.0005279482516362602,4.0045980558697085e-05,0.00019777999042723196,-2.681498403028093e-05,4.676879145680759e-05,-0.0001334946845560603,0.00013580158165457076,0.00026948529246727997,-0.00014642026407370187,2.7354707189263485e-06,7.656646498191817e-05,-7.570121989418993e-05,-0.00013290921639500617,-7.113044445396081e-05,4.5728806085185485e-05,-0.000458951696172002,7.253916340822493e-05,-0.00023695962397330637,7.256151599191923e-05,-0.0001399489791284585,-0.0001786661321470222,5.685872581393795e-05,-0.00034840323374564616,-2.356516811434434e-05,-4.592049681494269e-05,8.600707612916763e-05,-0.0002341720143463478,0.00031644549050024605,-2.728162981773462e-06,0.00018427647637122625,4.0472879118243224e-05,-0.0003290521719692454,-5.374285528114387e-05,5.9199028468578176e-05,-1.5832815529819833e-05,-0.00022671747491201299,0.00035231846419106976,3.21593348069851e-05,2.113288232350804e-05,0.00027762455055736345,-1.9514307878068437e-05,-2.7906589757160246e-05,2.6707745734818326e-05,7.577640109187431e-05,-0.00014482635642308806,0.00017578892347040344,4.1905375626869696e-05,-0.0001759783100742019,4.335512780832744e-05,-1.9048092478871462e-05,0.00030715029844850166,-2.7338106135178372e-05,-4.28900731926548e-05,0.00030237097031618395,0.0006917926716180882,-0.00021066347242548218,-0.00017557589986895065,0.00011515363287332634,9.993087952919706e-05,-6.755081764269133e-05,-0.00010009074728910316
CBTX,-0.00022960701244563981,-0.0004275417179802961,0.0005893939306876499,-0.00027619876819516564,0.0007921491171349925,-0.00025199943310171523,-0.0007036973310703804,0.00011645834650267778,-9.636552354422978e-05,0.0005022245522859438,-0.00020988555028225665,0.0007130278487551898,-0.0003830253728184666,0.00011821139145313188,-0.0007925254933753117,0.000786513471050457,-0.000807954434752077,-0.0006625258541267142,-0.00012086757968967905,0.00012059153924163259,-0.00025442537026760143,8.48577887793435e-05,0.00018851203666997595,0.0009071916367643965,-0.00018231065768048896,-0.0005455532175779894,0.000691771531918011,-0.00043185194602523517,-2.1958963328982975e-05,-0.0005754021845750547,-0.0010295715756363881,0.00030276194235590807,-0.0004435169748704597,0.00010570310087269906,0.00014110578047938334,-2.9437765885629815e-05,0.0017818650175355363,-2.175961347699372e-06,-0.0012130736963692156,0.0016363826473861137,-8.685599477492347e-05,-0.0005648874791341797,5.937962116769948e-05,-0.00027742375921406266,0.0004510895133222377,-0.00033861805225129027,-0.0008623045596789844,0.00046102251690949574,-4.271449010826211e-05,-0.0002638723218251279,0.00020877650320628532,0.00045215968363440797,0.0002554549813828958,-0.00013666717386265627,0.0015649617224599384,-0.00024453556867643075,0.0008041354929576895,-0.0002442561613683191,0.0004917803990644287,0.000621858861460497,-0.00018646462092463163,0.001142022578932939,7.504385074542995e-05,0.00014399663349522443,-0.0002889057566736714,0.0007764660993936315,-0.001064545459418858,7.670681312913789e-06,-0.0005775088653288947,-0.00013860049380133251,0.0010909669066619912,0.00015610332888971483,-0.00015849838779854507,3.824025638638081e-05,0.0007763691066341975,-0.0012937975116849999,-6.023489999041491e-05,-5.398745244018686e-05,-0.0010232947851706235,9.073483576663491e-05,5.377982159823798e-05,-0.00010059501010198087,-0.00025536479319682745,0.0004688630352940456,-0.0006709540965699165,-0.00016496110139540564,0.000575946672687037,-0.0001387699800539982,6.331580929282733e-05,-0.0011617225016912602,9.811834127280201e-05,0.00014251321393506217,-0.0011395268065218182,-0.0019178670651900645,0.000605430116204732,0.0005680111606740418,-0.00035818743991685104,-0.0003264928417622516,0.0002576659911610345,0.0003183351072902828
CCNEP,0.00012501686527941893,0.00021065677291444554,-0.00037312084876469287,0.00013833516867332702,-0.00044901751725782014,0.00013909658436790518,0.0004378007977659216,-5.867728340125714e-05,5.414139548353312e-05,-0.00030535750738690536,0.00011545703693709286,-0.0003830253728184666,0.0002123182231425092,-9.44367120522662e-05,0.0004160609326977227,-0.00042219940865766673,0.00043146722181046604,0.0004265936787138485,0.00010717697978663421,-6.733847793340883e-05,0.0001351842451281405,-6.101671139531023e-05,-0.00010280152083171515,-0.0004817046871609179,0.0001220922924030288,0.0003211663423885653,-0.00036744461725913245,0.00015478263922403298,1.698867882357828e-05,0.0003654231423538031,0.0005093437756614712,-0.00016047407181543136,0.00021118979729908876,-3.5655740628254184e-05,-5.967386648169588e-05,5.3146387636777145e-06,-0.0010580107910211798,1.7339136738666466e-05,0.0006734863929721359,-0.000991081236612598,8.172333492930905e-05,0.0003797359735812741,-5.450791800896486e-05,6.452232960196518e-05,-0.00024404324641914002,0.0002693911248210605,0.0005011370096612568,-0.00027360133651003777,-8.800602214864737e-07,0.00013906759689329067,-0.00014665236319977054,-0.00024243732692039302,-0.00012738149742032797,8.67343342326557e-05,-0.0008365331959137425,0.00013271166627824567,-0.00043258620632880815,0.00013281489129877597,-0.0002525250146269383,-0.00032343608011986894,0.00010493957398615359,-0.0006431153781225426,-4.3885307057925924e-05,-8.591080131852694e-05,0.00015753263968496694,-0.0004306966025178839,0.0005793323683145935,-5.259369237269022e-06,0.0003448154744233178,7.3665796750846e-05,-0.0006052211611789146,-0.00010272794579770278,0.00011552095405610368,-3.162533569269292e-05,-0.000412660165051573,0.0006259307693610391,6.730064991796275e-05,4.1694340006262346e-05,0.0004925630851361063,-3.1318018002345803e-05,-5.8135453416241834e-05,4.700674547258773e-05,0.00013864896801987363,-0.00026836363139698117,0.00030784209205562523,7.250352501197349e-05,-0.00032499336560058267,8.061627734527887e-05,-3.500640118168843e-05,0.0005397473655274125,-4.896850443813427e-05,-7.883232464179083e-05,0.0005320724798154491,0.0013384250563398556,-0.00040381405983508215,-0.00032541305815666366,0.0002159474114585635,0.00018464947141478628,-0.0001183238510362347,-0.00018646993846995255
CEM,-4.596591946777062e-05,1.8714139422151345e-05,0.0003640363494527538,1.4972643076652091e-06,0.00024203281482591558,-5.9344084639753525e-05,-0.00039843660949943134,1.0120299482051298e-06,-2.7172254593743328e-05,0.00025090839511987176,-4.757029382433256e-05,0.00011821139145313188,-9.44367120522662e-05,0.00016539459391855916,-8.582176309667246e-05,0.00012897545698313474,-0.0001219267028850606,-0.00044302579657830754,-0.00021915376839732698,3.2052576843936926e-05,-3.516618787846772e-05,8.680082316284425e-05,3.849361472131923e-05,0.0001239061184614407,-0.0001440805597934973,-0.00022290290227009886,9.5071121346001e-05,0.0002922400088955274,-2.811326836158093e-05,-0.00036086083119652996,3.5371106702950956e-05,3.9995377178983913e-05,5.399770428710069e-05,-8.204015796399045e-05,-5.2604224377108676e-05,4.459913753356265e-05,0.0007705923293719956,-7.656927695002096e-05,-0.00030406892587381924,0.0007993558472009696,-0.00017966122664411853,-0.00045319215819880306,0.00011640408666576752,0.0003522668654921937,8.29210506342831e-05,-0.0004684774139439061,-0.0003216861544200289,0.00019872456488825147,0.00010520526548533022,-3.1117560779456854e-05,0.00019721415416810124,7.282063527058884e-05,-4.043206828190066e-06,-8.542988446801254e-05,0.00023996254168257198,-4.691135827539018e-05,0.0001362355315786831,-4.805889193844725e-05,2.662462316080018e-05,5.3069408719475666e-05,-5.341396667999966e-05,0.0003290327220237337,2.9281152369995893e-05,6.420799778743153e-05,-5.8914911322293615e-05,0.00019279269595097763,-0.00021173282590077508,6.638838907318717e-06,-0.00025875509721539627,-1.926535622986244e-05,0.0002712335756875902,0.00011482219396494719,-0.00016944773085762082,5.8574452522147865e-05,0.00010801851688155745,0.00011103865139297007,-0.00017467126634444237,-6.877242912172127e-05,9.960639398391954e-05,-6.707012625686872e-05,0.00014674873452913856,1.6459015269193746e-05,-4.927245972568754e-05,0.00015549008581877477,0.00013657702400979982,4.8578506908472827e-05,0.00016903175153565412,-5.1621185681246616e-05,1.5183108352228289e-05,0.00020473660363716498,-1.3539533716519016e-06,3.4357554843132197e-05,0.00018839495680711657,-0.0017703870407210101,0.00047075012137205545,0.00018978423636104749,-0.00017030439319613472,-9.778663307601909e-05,-5.196184985386359e-05,0.00012566655997603874
CFMS,0.0002527374618733591,0.0005032130858670999,-0.0005718671238845754,0.0003217729862669888,-0.0008458671758407557,0.0002746054008615469,0.0006940855476734878,-0.00013516093754118114,0.00010361024361228512,-0.0005058206962234362,0.00022929381754760843,-0.0007925254933753117,0.0004160609326977227,-8.582176309667246e-05,0.0008951294860046006,-0.0008746477541728925,0.0009017933786097142,0.0006322537727542353,7.21090635000169e-05,-0.00013026726258212964,0.00028498443026618754,-7.158599388719028e-05,-0.00020726673528612837,-0.0010166184120691286,0.00016705092901351902,0.0005649786433368318,-0.0007750303860829971,0.0005937189628565159,1.6758170546444017e-05,0.0005565828970723326,0.0012087671304080341,-0.0003397055016763636,0.0005328253117923225,-0.00014860757946646955,-0.00018059156535834935,4.8184932198727354e-05,-0.0018320107138775398,-2.1400752960945745e-05,0.0013161436183556435,-0.0016537793346792647,4.4886591251140404e-05,0.0005154924546778383,-3.2694333071245696e-05,0.00043283264987453577,-0.0004988399541643042,0.00024749331151034275,0.0009025837497632544,-0.00047420021466801414,8.25726070492932e-05,0.0002972395876560025,-0.00018123178872779733,-0.0005032418251476386,-0.00029843726086600076,0.00013228490407896643,-0.0017455354980023398,0.00026980851138567953,-0.0008928784735422977,0.0002691248070333751,-0.0005637718028509836,-0.0007068280460004028,0.00020022153125121868,-0.0012256865393027573,-7.814736590788945e-05,-0.00014744433985832637,0.00031767306565753223,-0.0008430131728268427,0.0011722191802594456,-6.848387408491059e-06,0.0005909472284689194,0.00015521397727296797,-0.0011843583078773796,-0.00014570849441907484,0.00013142123478208776,-2.6177594300419474e-05,-0.0008693968914993899,0.0015397942468648013,1.5477618782129442e-05,4.1309054008873905e-05,0.0012215423005635896,-0.00012651588421574961,-1.669566943450714e-05,0.00012216760085938144,0.0002816682923192445,-0.0004968343054836437,0.0008232159096632296,0.00020708446165874477,-0.0006171733486059358,0.00014529818227110772,-6.891041578086836e-05,0.0014154356784165378,-0.00011456531015365071,-0.00015504855222083638,0.001384507531244999,0.0016777330255301414,-0.0005571683217290902,-0.0006014555992114904,0.00036345391177623797,0.0003492489959548737,-0.00031598654006649666,-0.000331045018659728
CFR,-0.0002531937390707344,-0.00047247673529650055,0.0006475457007034867,-0.0003051244160311317,0.0008727116604974878,-0.00027779988123147046,-0.0007734789972749108,0.00012863876158413732,-0.00010618812083233275,0.0005523528922717889,-0.0002313923204851568,0.000786513471050457,-0.00042219940865766673,0.00012897545698313474,-0.0008746477541728925,0.0008675864317860566,-0.0008913403278391916,-0.000727563937313019,-0.00013138647156277347,0.00013290249444538897,-0.00028071506390104587,9.289548158846969e-05,0.0002078698752417742,0.0010009459084662192,-0.0001999917451908255,-0.0006004895436315518,0.0007632573637020075,-0.00047990021991670416,-2.398390369909354e-05,-0.0006321202757570319,-0.0011376861157605242,0.00033406426139921897,-0.0004904675968923855,0.00011756601521405347,0.0001563879819093243,-3.295322082922503e-05,0.0019608817714207713,-1.6585212217423245e-06,-0.0013370927089107645,0.0017998911098995273,-9.419908794006457e-05,-0.0006196063322649614,6.446227653031333e-05,-0.00030989148953411167,0.0004975002314954452,-0.00036950341457395197,-0.000949435392083495,0.0005073459162335091,-4.8209532381286806e-05,-0.0002911902772416217,0.0002287107787665617,0.0004987807238165118,0.0002822340539351567,-0.00015014135099692904,0.0017264384893498055,-0.00026967573882613757,0.0008869823784014583,-0.0002693559162450157,0.0005429983348593776,0.0006864353727926097,-0.00020546293451240873,0.0012583613640109654,8.261407947669003e-05,0.00015844456251239332,-0.00031857354709170506,0.0008558662528646787,-0.0011739159539250535,8.408996697914046e-06,-0.0006354412146809391,-0.00015292098566331265,0.0012025239736462758,0.00017132592347497808,-0.0001734400431918825,4.1672976580178436e-05,0.0008565841700519957,-0.001430306305219189,-6.483999764899908e-05,-5.896925709131625e-05,-0.0011313774713258796,0.00010088525312828252,5.79809900020384e-05,-0.00011128496871295484,-0.0002816155318717479,0.0005164279185442513,-0.0007425153755813844,-0.0001827011757258689,0.0006345887299936202,-0.0001527933105411006,6.97956154456079e-05,-0.0012853182711103732,0.00010840204519529118,0.00015709638488859966,-0.0012606401993014691,-0.0021013893405718745,0.0006642218829680817,0.0006256205960735582,-0.0003940231874786636,-0.0003597167380921839,0.0002851428679566972,0.00035043375294355406
CHD,0.00025952355567201193,0.0004918490841800619,-0.000645900049655202,0.0003168689069107932,-0.0008884806047583461,0.00028410007815249204,0.0007741468356373565,-0.00013347127307569638,0.00010827160413120767,-0.0005552625046380027,0.0002367746366983517,-0.000807954434752077,0.00043146722181046604,-0.0001219267028850606,0.0009017933786097142,-0.0008913403278391916,0.0009165101184075575,0.0007232544632019269,0.00012053985114744042,-0.00013565162913139022,0.00028887585547495207,-9.015754030468193e-05,-0.00021301189935423592,-0.0010301523691256872,0.00019719345546277326,0.0006072612566603835,-0.00078548578099586,0.0005193469750159924,2.2864377680943354e-05,0.0006301161328455306,0.0011836319720320773,-0.00034391014365758746,0.0005130790275344717,-0.00012798560378794217,-0.00016615820232347296,3.743694356866994e-05,-0.001979904336555017,-3.81849546272898e-06,0.0013660824815760787,-0.0018106929519891082,8.479183021248507e-05,0.0006104442120008672,-5.84980319825772e-05,0.00034719814903138777,-0.0005104729295488004,0.0003496974432763395,0.0009623668380280345,-0.0005123149791413131,5.766029838834038e-05,0.00030004349260916657,-0.0002231631639039519,-0.0005125330825990192,-0.00029328981808917384,0.00014968572098504078,-0.001774914760516354,0.00027656570076803035,-0.0009109506420421577,0.0002761506502751739,-0.0005617795364264353,-0.0007087732107122106,0.00020943358738630358,-0.0012825423695914375,-8.364595663163536e-05,-0.000159841117979026,0.0003264597325140123,-0.000874555614841528,0.00120336394928682,-8.249318778181005e-06,0.0006409517062423052,0.00015735877623816017,-0.0012287577067923517,-0.00016955146617540767,0.00016779371052641772,-3.9023979945534795e-05,-0.0008814348519617886,0.0014928864773407352,5.4674163226223775e-05,5.624198009239619e-05,0.0011817305670266157,-0.00010958553265979038,-4.957395170785568e-05,0.00011671981925448794,0.00028878998656671966,-0.0005248716153327145,0.0007807139720765832,0.00019318358422318782,-0.0006465587561352848,0.0001548850856749181,-7.135873219191825e-05,0.00134914884532035,-0.00011263400760994901,-0.00016060139264595692,0.0013223472359821303,0.0020534288749296235,-0.0006554907827142505,-0.0006357470435665403,0.0003967269779234557,0.00036635933879221604,-0.0002997767752381559,-0.00035470505292757614
