,ADS,AJXA,ALLK,ANIP,ASX,AVUS,BBC,BBRE,BIV,BMY,CAG,CCL,CHNA,CHSCP,CNET,CRMT,CYRN,DG,DURA,ELVT,ETHO,FCEL,FCRD,FTSD,GDX,GENC,GLDD,HYDB,HYT,IDIV,IEV,INDS,INVE,IQLT,IWV,JRSH,JUST,LDSF,MCEF,MFMS,MOR,MOTS,MPW,MRO,NURE,OLN,PAPR,PEO,PETS,QADA,REMX,RFEM,RPG,SDCI,SILJ,SNGX,SRRK,TPIF,TSLA,UEPS,VNQI,WORX,ZNH,ACIU,AMBO,CF,EBF,EEFT,FCTR,FENY,HCHC,HTBK,JJG,PALL,PANL,PSCF,PY,PYS,QQQ,RDUS,SALM,SFL,TXRH,UJAN,USX,VEL,VOT,WMC,YORW,ZSL,AVNW,BOUT,FELE,MSM,NMIH,NMT,THQ,JJU,SHSP,COLIW
ADS,0.0059389896043462835,0.0010841425402307726,0.004087375575182326,0.0030464459142967347,0.003949002399999803,0.00457748178241114,0.003772547620762971,0.004542251675298906,0.0003430428441150613,0.0026423003857948767,0.0028873904987828498,0.011177251850211699,0.002878937534779484,0.0014816052365101352,0.0020585865154974566,0.005276168455612618,0.002229473396494831,0.0028507687278559184,0.004101642186512719,0.001443267138209595,0.004309405780564221,0.008312979925407308,0.00956127511207018,7.878949906861159e-05,0.0007333296501999354,0.002670050204035049,0.004811859213545622,0.0018540368289554929,0.0036390265225004236,0.0022376483444693177,0.004418207200357239,0.004754450294715678,0.0036658389532668936,0.004030882872078223,0.004679556608401174,0.000279483603815677,0.004517279293334186,0.00017680299157670737,0.0020031662832856226,0.0031622592556534808,0.0039345369027798975,0.003230779850445864,0.005066332131225292,0.008574684348709522,0.003949759375578521,0.005859862857700955,0.0026865139321912033,0.005024213014992996,-0.0010955663436926454,0.004043826293072041,0.004237797378337901,0.00418490131846039,0.004601499649384419,0.00173565482194309,0.002688218499263599,0.004800520828578845,0.003128047918960753,0.0038452327167699967,0.0033531077597484687,0.0030377248248688077,0.002852502134261763,0.0004035125064050281,0.0035601326913333453,0.0031960548953196308,0.0009765629822286509,0.005892007473166764,0.0034652977425552933,0.005365252889840916,0.003637103090901468,0.005673706432180124,0.00576584156044578,0.004469076174768517,0.0006806898769107897,0.0028986016489133326,0.0011287460066844595,0.004767426001732293,0.005667595363136754,0.0008054557713956167,0.004426587055257294,0.0018831760191728862,-0.00102495142891331,0.004557259362231367,0.0045280267127959725,0.001404274914186015,0.005032398329436891,0.003067100422075981,0.004149129944399043,0.004697733874784019,0.005139161454023444,-0.0006528205133915224,0.003179199818610437,0.00307185876789849,0.005276576737361246,0.0017581276483509614,0.0026057333903774143,0.0010462941628904643,0.004297983300579882,0.0012025663366805736,0.004257447011342319,0.0034170727528389597
AJXA,0.0010841425402307726,0.00044212911573854286,0.0008658007735683605,0.0006715756199405608,0.0008380331361154773,0.0008194057041244581,0.0008171380451455043,0.0008688375409724429,4.3960964207063536e-05,0.00043852904608197564,0.0005100690903074645,0.0022769589067348213,0.0006137194790230831,0.00020991120220765618,0.0010296595421247755,0.0006988853233566619,0.000283600015584347,0.0005013560750552499,0.000786848415592641,-0.00015136717110708473,0.0008245099954466851,0.0021976519600611652,0.0015349026186118064,1.5412887261183572e-05,0.0009037377713678453,0.00033583238612425246,0.0005797933057206774,0.0003853463394198102,0.0007117214886209331,0.0004028813926636428,0.000926627718847039,0.0008289434367163014,0.0007947876407133652,0.0008257459927060024,0.0008557436891428189,8.720015709891304e-05,0.0007716435344007359,5.105446862376127e-05,0.0003668425180115954,0.0006986753667949632,0.0008231366631729137,0.0008359140677461142,0.0009687832641092436,0.0027910011331978286,0.000789068860253129,0.0012682986115579741,0.0004677819908141715,0.0009524657712526771,-9.736295269833184e-05,0.0008964336705915456,0.0010070057355936557,0.0008813494241845004,0.0008963568372341136,0.0005945239906469323,0.001149512806779577,0.000935538428425932,0.0008686766835284829,0.0007853081007362225,0.0012475615688893056,0.0008353328297937805,0.0007217115059439862,0.0005565431331840113,0.0006022396577818291,0.001134073788850504,0.00025110364336848855,0.001017121409794175,0.0007342407310757077,0.0010615291514980154,0.0007480211393782184,0.0013139461340493908,0.0013667994016987044,0.0011789636500438413,0.000192181308864828,0.0006670483595444522,0.00036954839898101666,0.0010517342037743085,0.0012202459478768042,0.0006147671942260555,0.0008020234214846084,0.0008243053331349366,0.00022874838943670798,0.0011986401127320125,0.0007494971054878171,0.00030040660912042665,0.0010343371495164652,0.0007208903631410444,0.0008267049904261614,0.0009780945788764183,0.0006035233780642111,-0.000742000632932257,0.0010100816997617391,0.0005058977844045929,0.0008303623067371183,0.0005416901280033762,0.0008025064424654785,0.0002115429850715814,0.0006146402918278336,0.00037050938060775586,0.0010521887177524728,0.00065042638714389
ALLK,0.004087375575182326,0.0008658007735683605,0.004116790233938981,0.0024645547642271337,0.0026826656225529552,0.0029773341391858945,0.0024084948977467252,0.002915185972103137,0.00017356629487554846,0.0016968120525332204,0.0020667727978114494,0.007806518530169004,0.0019082726456589093,0.0008753033397732261,0.001578782588360745,0.0038992976618264915,0.0021310329302217305,0.002443105505860111,0.002707149796507076,0.0007673749747600164,0.002851496432562983,0.005571426054279677,0.005081163119762528,2.6840668135610562e-05,0.0010325991707913628,0.0019299741970745959,0.0022584377490563823,0.001155803531149868,0.002227497576228046,0.001210959310048347,0.0029559613563034863,0.0028919866212362404,0.0025968625408354343,0.002702097095679276,0.003071338154429697,0.00044874001506275946,0.0029005170624161894,0.00010547377527069383,0.0011766486162319565,0.0020168484051611337,0.003122223997324484,0.0029020481066999795,0.0031981927850978577,0.0039451246028806945,0.0026552400086222484,0.00403421606775698,0.001766268028556827,0.002506227377956977,-0.0003711668757906127,0.00243607936738183,0.0031547329046220144,0.002639350348652677,0.003086519017918854,0.0011196392924791672,0.001971663760152262,0.0027771551362963647,0.002656266084340564,0.0025391017284198854,0.002327470559549249,0.002458029616132762,0.0018607276470169105,0.0016322958899246845,0.0027188147066524045,0.0020208762313533176,-5.8257572195702876e-05,0.0029246330622064356,0.0023119970558366696,0.0044403938882241435,0.002472455021099367,0.0029400752017591063,0.0037039778899365747,0.0027668322926628157,0.0005039088615236024,0.0023001927927535615,0.0012267223212902476,0.0030577153375611235,0.0036748666465365658,0.0007488769982242408,0.0029511639345314003,0.0016593561601700843,-0.0010633914009414809,0.003113153710068056,0.0037508531870862117,0.0009840766925699796,0.00267330941247136,0.0022197760736293055,0.0027357660009792043,0.0026573469861626876,0.003225781926767897,-0.0007021156032152307,0.001778806513869427,0.0020084230589761352,0.00402784073481417,0.0011028407026562365,0.002174435080463573,0.0009689820121028773,0.0028103990618164767,0.0009325581579455871,0.0028240797056814336,0.002338869889082117
ANIP,0.0030464459142967347,0.0006715756199405608,0.0024645547642271337,0.002150173682487549,0.0020848810681054516,0.0023573436779197477,0.0020568787075353418,0.0024247746895398473,0.00023551416189134585,0.0014086293355147065,0.0015123760889821632,0.005993154369863115,0.0015497222362724594,0.0008468876762389606,0.0013951098936690965,0.0028784298769969144,0.001397715817023287,0.0014001222401931587,0.002135880385641868,0.0008399178435683363,0.002257370322259022,0.004349808634495481,0.004736355047062368,4.666621162916473e-05,0.0008368698089989471,0.00140125062605281,0.002468728619430967,0.0009901348252389043,0.0020811030373436537,0.001221871451221056,0.0024044427004615778,0.0025898815464361975,0.002208028955355346,0.002191741373253045,0.002395848070851179,0.0003434974136185931,0.00231029783207054,0.00011976100683060064,0.0010651946757844054,0.0016447642731155893,0.0023956096715425,0.0015403183763388676,0.0026680423778774236,0.00420051762757542,0.002107907409672862,0.0029905739768059524,0.0013527067708677548,0.002706633379235719,-0.0002425165030802174,0.002185942334368979,0.0021666088244550246,0.0021907224961714615,0.002390554408326028,0.00098537341547395,0.0016734645827867353,0.0027598674609763804,0.0018173876608746742,0.002082350341584152,0.0019233337023433854,0.001197124202500905,0.001607564080410414,0.0008554873796401485,0.0018918156682478661,0.0018015398520544118,0.0002566549922945732,0.0031078856914310005,0.00204889282105833,0.0029656198642379087,0.001939489057254837,0.002914923210545305,0.003184389055827746,0.0021844241735387735,0.00041420063366704916,0.00165718593089021,0.0008141295711237965,0.0024850250501163625,0.0030200572993437013,0.0005546257830533552,0.0022175949740643446,0.0012737622697986967,-0.00014737750688263663,0.002267588850316598,0.002561352001313592,0.0007659340826383932,0.0026000544624364672,0.002143758119632212,0.0021741608978199933,0.0023097432432751014,0.002529772582363426,-0.000778545208278963,0.0016530755503715848,0.0016112400152332451,0.0026358621987696545,0.0012629455353493164,0.0015299853454743095,0.0006900132137806828,0.002276916995294756,0.0006951033580903182,0.0025517065734120864,0.001867145941259953
ASX,0.003949002399999803,0.0008380331361154773,0.0026826656225529552,0.0020848810681054516,0.0030374946665674704,0.0031637638696841957,0.0027487305304990965,0.003263454426236851,0.00025796904292917517,0.0017437186632544466,0.002055854386352651,0.007799177557405468,0.0020939627279043926,0.0011697021436775012,0.00141766635115743,0.0038322269946999684,0.0011157806708198984,0.0021166273144279705,0.0028133141970394294,0.0006980504855824329,0.0030110434298002437,0.006480122466830181,0.007292506608408565,6.956839054325726e-05,0.001080359124599348,0.0013408070988507824,0.0034352059183383804,0.0013289213968773381,0.0026079233184093534,0.001535696958299824,0.0031430123651859107,0.0033780502263303334,0.0023887899629878493,0.002898197526565292,0.0032647935520202643,0.00013324369600596785,0.003098743047009,0.00017117772671948906,0.001472486490158636,0.002302312432526263,0.002917854381268988,0.002515564499830226,0.003744374825464964,0.006242630643284956,0.0027782856512739906,0.0042773533718773425,0.0018655030885796858,0.0035038396101645464,-0.00041901206609621955,0.0028272257489793604,0.003128276898209589,0.003082272886449512,0.003251857696740387,0.0014023842325508265,0.0024124911103742095,0.003042185841803968,0.0022015564509088674,0.0027651923487115766,0.0025506796333532376,0.0024037637515024095,0.0021635984561359386,0.0003996949186395965,0.0025966941508329122,0.0025903195980161863,0.0008216277096658816,0.004078256151735523,0.0022540220644683257,0.003796745223810431,0.0025669512709203916,0.0039915518003887885,0.0038510514288010718,0.003188811842125229,0.0005813748501999144,0.002127834247407739,0.0009142057022834274,0.003410788881051242,0.0039180811776446025,0.0008785148248986478,0.003082332921494789,0.001570476015771177,-0.00046165358392303744,0.0034025067255728375,0.0027723230025382623,0.001057706545736548,0.0031284875468210824,0.0018705200702129876,0.0029424310080525228,0.0035332131386348795,0.0033012432184377155,-0.0009361221751253211,0.0022776958384411283,0.002128993750060661,0.003791476977908907,0.0010364555749755636,0.0019700040513581842,0.0007664926902638849,0.002938989568190297,0.0010095507070325147,0.0032717523618768607,0.00249422840374845
AVUS,0.00457748178241114,0.0008194057041244581,0.0029773341391858945,0.0023573436779197477,0.0031637638696841957,0.003698370233793051,0.0029554595296544654,0.0036409276198762167,0.00022932183369261727,0.002058673890582788,0.0021686024500211596,0.008773800310070225,0.002142351159896968,0.0012336387347086394,0.0008940778410658913,0.004055461921078649,0.0012087913813085736,0.002095350095890745,0.0032882994636208277,0.0011789619162323106,0.0034614929123000407,0.006521166522088095,0.00810521564660107,5.787187459541617e-05,0.00021584734170515887,0.0019090231546839173,0.003818652191267243,0.0015030386220567598,0.00295509124214257,0.0017115492481752917,0.0034940647164138972,0.003937160334454005,0.0025499183139844495,0.0031994353253340753,0.0038012859662882783,0.0001409795240117926,0.0036590690605074454,0.00012616825956432684,0.0014130588209461073,0.0025546373530284,0.0030927325005779696,0.002615161870631104,0.00395268494523764,0.007846361453059256,0.0030892275631578736,0.004954749426413868,0.002144601807531843,0.004227384392584941,-0.0009123860410012361,0.0030662151518532944,0.003314983496702232,0.0033739620813503027,0.0037453136456131637,0.0013889699024641244,0.0017683680649461923,0.003402251077701221,0.002673457566966796,0.0030282059588186234,0.0026035213120275892,0.0024426773116586285,0.002162823528890333,0.0006136920422101103,0.0027371638866858896,0.002533397619541206,0.0007083452511216215,0.004797784779062872,0.0026043844653933584,0.004333549805463559,0.002921322674113601,0.00476409577607077,0.004781565538270286,0.003791236295697482,0.000572975054745906,0.0017606012423677596,0.0006825444881852305,0.0038273741458930265,0.004384382450776072,0.0005037027443682734,0.003585587866702513,0.0019102685461392052,-0.0007836141582447342,0.0037217026942974896,0.003637507182358064,0.0011261306746355735,0.004219961309620328,0.0022203298467917566,0.003374778742250768,0.00359392197507107,0.003906508138265988,-0.00011524084071984938,0.0025113693817156394,0.002480066911654529,0.0040818512379536005,0.0015194456549418424,0.0020459898991656953,0.0007267684808506934,0.0033576891948775937,0.0011055527988501172,0.003186389472743601,0.002736481857153674
BBC,0.003772547620762971,0.0008171380451455043,0.0024084948977467252,0.0020568787075353418,0.0027487305304990965,0.0029554595296544654,0.00279109798297217,0.0030639278343723235,0.00028115052593710916,0.0017692386595023657,0.0020183687984165247,0.006949188189773657,0.0019835096484092777,0.0009763051528435733,0.002001752223953111,0.0033254443968986237,0.0012261787908898051,0.001848959544017839,0.002698794154177361,0.0008297214529697994,0.0028195755648985684,0.006051586815423036,0.006497609439530599,6.655640431946489e-05,0.001454366890869839,0.0012999245861929649,0.0033078648234015893,0.001254107862650057,0.002481800294581835,0.0016252545957741473,0.003001310718322733,0.0031866110266243496,0.0024644479232602506,0.0027342467543179315,0.003031729939172112,0.00032993070344992476,0.002881378488588628,0.00016553584652560248,0.0013924875230807133,0.0022133196959668398,0.002927394774752481,0.0026910717058517735,0.003656581133209715,0.006012519286484963,0.0026754516715855247,0.0035934999651115697,0.001712164455435464,0.0034453562014394624,-0.00037320656922076455,0.0028027367033843092,0.0028954501123569904,0.00280871235191003,0.0030274312538939433,0.0013060442529565716,0.0026229374666425684,0.0034256394106036785,0.0022022780248638885,0.0026126433470660773,0.002493908699070733,0.002167896230693003,0.0021489377039263387,0.0008632918677303804,0.002220802051621819,0.0029194838879250625,0.0009642682393297716,0.003985412102470667,0.002237671035943251,0.0032154954280655297,0.0024955463970760513,0.0039013782939557188,0.0038585901747290445,0.002920307902779846,0.0004964376375228384,0.0022655348449485413,0.0009369254533923286,0.003229493982097006,0.003499397737955505,0.000864367660513923,0.0028435264322421495,0.0015184874514279439,-0.00019742742056551695,0.002986522390807969,0.0025575521249348084,0.0009844552656361547,0.0032182479136352075,0.0020217276609206707,0.0027761249637559267,0.003348816292468338,0.0033233374063267114,-0.0012190726660970964,0.002465185295377476,0.0021094165869132977,0.003350739733098459,0.0011513111868961022,0.0020965151533581024,0.0007195059320814308,0.002882680823572307,0.0008577704832003256,0.0032397480108853406,0.00236063458597891
BBRE,0.004542251675298906,0.0008688375409724429,0.002915185972103137,0.0024247746895398473,0.003263454426236851,0.0036409276198762167,0.0030639278343723235,0.0037065866853933102,0.0003053649194861812,0.0020399624501597734,0.0022191691291304585,0.008756737046535906,0.0022811535996734834,0.0012793207658594768,0.0012641470489665185,0.004139457709765527,0.0014284182570051154,0.0021503158053409535,0.0032381856815133863,0.0010384524557479388,0.0034276917215929027,0.0068840687326572675,0.008324386812684624,7.549115562175821e-05,0.0007394047570575763,0.0017557858057257948,0.004010164169515483,0.0015218204027067554,0.0030125928524780514,0.0018492601080370525,0.0035462096574260765,0.00397359844826987,0.002684732665825289,0.003260789784184221,0.003736188969930397,0.00015803092667264577,0.003586973803299064,0.00016167066592007832,0.001547823736809713,0.002587426625967407,0.0031667357367411025,0.002596257891716111,0.0041558554339003505,0.00752447043060509,0.0031570602722456654,0.004795151142269071,0.002116967453093405,0.004282647779323618,-0.0007015206875278357,0.003216772528947697,0.0033254540719122572,0.0034347439772133555,0.0036841605279843196,0.0014645462152858531,0.002274739105290815,0.0034720221132760153,0.0025164523417386493,0.0030973010043056815,0.0026861236796884187,0.002347729569502254,0.00231029880642206,0.00021574004080470973,0.002745436760160693,0.002758403030229974,0.000834790910928053,0.004933330621422602,0.002625601393098393,0.004168293939379436,0.0028956033835930775,0.00471756135908661,0.004605019286382117,0.0036864929865814307,0.0006036842896718876,0.0020852748048813177,0.0009113438273255083,0.00386191303290086,0.004402697771835229,0.0007798243622814732,0.0034971834847745105,0.0016889495865135351,-0.0007022747574053473,0.0036847605415797893,0.0035370456842804595,0.001141381456964324,0.004013933751935296,0.0023466196553854944,0.00334197747807176,0.00380154866591183,0.00400836041414189,-0.0005828081965685095,0.0025114536785505502,0.0024637132036575762,0.004122659701892686,0.00141969100522857,0.002160706155788663,0.0008272203086945692,0.003393732936484444,0.0010751525645633492,0.003502039912110952,0.0027724031478802516
BIV,0.0003430428441150613,4.3960964207063536e-05,0.00017356629487554846,0.00023551416189134585,0.00025796904292917517,0.00022932183369261727,0.00028115052593710916,0.0003053649194861812,8.875208974094107e-05,0.00017011047698889612,0.00021927634003592153,0.0006014700941411846,0.0002640939783772267,0.00013173331990073688,0.0003402275073493608,0.00043654999921870707,0.00038954404258415086,0.0001940259948328123,0.00019864692236818007,0.00011580641574777838,0.0002194998402387475,0.0005587998465524851,0.0007090289451637374,1.8109656391122417e-05,0.0002561585327463219,0.0001324685781430018,0.000526451357018422,0.00011139099888344826,0.00025687716503359776,0.0002550318088686036,0.0002758210621255988,0.000313125035866541,0.0003532900524460593,0.00026218564066370737,0.00021923388784789784,3.832624095087374e-05,0.00022477082145037322,3.320983387531805e-05,0.00024110216094276558,0.00017486510237811511,0.00026247734126091254,5.561664730444055e-05,0.0004396832116005023,-9.261841362515207e-05,0.00027164223340348274,0.0001286349482251519,0.0001414083998539679,0.00034191943020857047,5.7052661352676896e-05,0.0003424062539936155,0.0001828328937621329,0.0002550470377075598,0.00020175215600928836,8.761797690423876e-05,0.0003899106862784801,0.00043346933926391397,-3.029828387319132e-05,0.0002624234982378001,0.0001139855099181624,-2.0193848954002327e-05,0.00024124746833101995,-0.0004089888992512409,0.00022161871791310286,0.00021605812891519388,0.00014471830923287702,0.0004906071053903436,0.0002430305405349281,0.00014476859496036438,0.00017420906896877257,0.00023921793901579357,0.00014864330564159803,6.73185223529749e-05,3.874487970323172e-05,0.0004246161139114571,0.00020195740789214864,0.00025862596249982876,0.00033042908302519683,0.0001289752836583771,0.0001863954030805525,-0.00021237130486143218,-6.247434685900923e-05,0.00012042313029083794,0.00020402729092107972,7.920534054905017e-05,0.00014641559560576534,0.00030611345200675603,0.0001965628993994157,0.00041053066305193133,0.0004831079777921953,-0.00027016133959270475,0.00010430933873460167,0.0001821338227397217,0.0003456625329950696,7.950543949869078e-06,0.00014431534200874593,0.00013617863525820938,0.000335470085905612,-1.3425734886520938e-05,0.0004450102910710683,0.00021749716649577537
BMY,0.0026423003857948767,0.00043852904608197564,0.0016968120525332204,0.0014086293355147065,0.0017437186632544466,0.002058673890582788,0.0017692386595023657,0.0020399624501597734,0.00017011047698889612,0.0012551534616431945,0.0013551812108049438,0.004819044121781159,0.0012796882124316389,0.0006858035448246487,0.0010414166190555673,0.0023999929778388478,0.0009228090182487744,0.0012172737699548567,0.001854097895217028,0.0008628068648336432,0.0019345184222044553,0.003572655396229727,0.004285409631513309,3.6894663622523974e-05,0.00031985092517356785,0.0011857361702781052,0.0023315230697675124,0.0008266647651096404,0.0016743631884016527,0.001047864076989297,0.0019827670976676247,0.0021612691921739234,0.0017116720753238299,0.0018014188845461953,0.0020943434193114578,0.00020227693080590863,0.0020367592540564677,8.765171325254202e-05,0.0009435770485106906,0.0014147085505720827,0.0018726568610723023,0.001473288533994314,0.002332849821614423,0.0035952625324550524,0.0017639545120668781,0.002434982556343347,0.0011997568673025772,0.002313472837333165,-0.0004485781452697252,0.0018268192780593348,0.0018389926344558108,0.0018401446586847248,0.002058239873327754,0.0007369931659411638,0.0012052214579684542,0.0024699008117537594,0.0013660007162309205,0.001726883781390896,0.001417919804379238,0.0012589154904734778,0.0013151317103679415,0.00042998817581976225,0.0015728900413557307,0.0015057970447321636,0.0005352429775408006,0.002719808154492985,0.0015961163914559322,0.0022706820483567574,0.0016630982479574874,0.002567142195434066,0.0026042766555907193,0.001845798526095417,0.0002865661379822682,0.0013808617827046044,0.0004477487690570757,0.0021009107151482814,0.002449245792221982,0.0002178989617803014,0.0019777626604574805,0.0008365469312734596,-0.0002887129805190311,0.001881707051832461,0.0018380665162746309,0.0006368934353103195,0.0022937845936909134,0.001403988873073414,0.0018658432718012127,0.0021416952281705787,0.002356427830674961,-0.0003482963263397201,0.0014936431714448464,0.0014417703006747756,0.0022904588304373174,0.0008140036816959217,0.0011321544986396608,0.0004453479525122024,0.002025901735096968,0.0004938464091749309,0.0019696371954957556,0.0015661699413907465
CAG,0.0028873904987828498,0.0005100690903074645,0.0020667727978114494,0.0015123760889821632,0.002055854386352651,0.0021686024500211596,0.0020183687984165247,0.0022191691291304585,0.00021927634003592153,0.0013551812108049438,0.0016810891568764088,0.005265170236125398,0.0015508531688560626,0.0007881843079702538,0.0016948145251410498,0.0029763009798732007,0.0012020018361632405,0.0016713025682324936,0.001955884763207744,0.0008182526515374082,0.002069969959422996,0.004258340497987232,0.0045039333235132265,4.876015980946433e-05,0.0009159856817676405,0.0011571422078984713,0.002569849067189028,0.0008667783643288947,0.0017508804908230805,0.0011200007938848302,0.0021756272335907148,0.00218931978173237,0.0020450403528197744,0.001988846753663628,0.0022101677967394026,0.00027810006175882796,0.002127378926803145,0.00013578836209009534,0.0012410579615603158,0.001530298717647953,0.0022438286281986045,0.0018670231842689976,0.002728890361233246,0.002554013288718905,0.0019508064197246264,0.002449497805032157,0.0013041989667175904,0.0021352604480011587,-0.0002103354937885018,0.002031687964485558,0.0021836488311783144,0.0020140039187555693,0.0021911376313159233,0.0008430036514047222,0.0018658819128305863,0.00287232454962144,0.0013179315833533132,0.0019298274030312428,0.001583930547128146,0.0016345325933984222,0.0016001925181700076,0.00046792058239628303,0.001953695348240738,0.0017682674879111863,0.0007087146165369384,0.0026684916653653967,0.0017094991163120665,0.0025144257905392263,0.001807038904204241,0.0024043771049180596,0.002416827882546051,0.0016925947230223464,0.0003370035628839484,0.002116744173091647,0.0007286179171182635,0.0022384913941559024,0.002658755817120136,0.000422897277284076,0.002115372220378291,0.0006614118765140489,-0.00027528391904746733,0.0020289659674931895,0.0016494848663071273,0.0007417838463443795,0.0018861880922896772,0.0014042210230686102,0.001981900048490025,0.002591084896074395,0.0025633560108927647,-0.0009531114852360421,0.0015864515662081403,0.0015524004815405125,0.002783389760555658,0.0005178692910040633,0.0013024444284335567,0.0005990708226829174,0.0022705104719228696,0.0004908790738041928,0.002439624322773423,0.001772912447522096
CCL,0.011177251850211699,0.0022769589067348213,0.007806518530169004,0.005993154369863115,0.007799177557405468,0.008773800310070225,0.006949188189773657,0.008756737046535906,0.0006014700941411846,0.004819044121781159,0.005265170236125398,0.022579969761913447,0.005625890845078468,0.003151651054325311,0.003679072917283786,0.01038351522549544,0.0036766865816833592,0.005354305923630995,0.0077666921359265265,0.0022387311707633005,0.008315353581135675,0.016426455720652464,0.01881902958231898,0.0001612264484466791,0.0011091049253124288,0.00508087745972684,0.009166709884061423,0.0036111655341937053,0.007164163158579809,0.0039845316097792205,0.00851173554280762,0.009106355888945757,0.007074624208010075,0.0077880416517527905,0.008982814793842732,0.00015333909510067576,0.008667948277372309,0.00037189159815786667,0.004033324515964292,0.006029938870968589,0.00713693578711605,0.0047981505208623135,0.009394628290554296,0.017695813496505206,0.007446784623902367,0.01213790593300649,0.005184609192064483,0.009669945248310455,-0.0020932220916900887,0.007817181566730407,0.008207805741630863,0.008353054715746296,0.008860070209050495,0.0037088684768948332,0.005031680015990773,0.008919675096305845,0.005674985460745806,0.007459339835200621,0.007021007784903282,0.005646869214721111,0.005531170510801302,-4.12820759057228e-06,0.00717298946744184,0.005525114179104232,0.0017200263305270956,0.011326303342463973,0.006860050851882074,0.010817968570106338,0.006838299732534163,0.01116866184413143,0.011040446270588204,0.008952072868967424,0.0014665610657213243,0.005160261827714016,0.0019678797643146884,0.00924457378351742,0.011768768841473348,0.0017763706635830446,0.008489268943898494,0.0038888134909175957,-0.001307071378853268,0.009394919297475516,0.00821046317595452,0.0027364964422734797,0.009497601198128706,0.0059225633057846516,0.007954794868696742,0.009210384105429889,0.008837471278486435,-0.001396379083530813,0.006078109450721235,0.0055363483108028634,0.009949751985082073,0.00358889553674395,0.0044320381365243735,0.001953885053128338,0.007801619030928493,0.002545361586680444,0.00831632321946004,0.006503613040924536
CHNA,0.002878937534779484,0.0006137194790230831,0.0019082726456589093,0.0015497222362724594,0.0020939627279043926,0.002142351159896968,0.0019835096484092777,0.0022811535996734834,0.0002640939783772267,0.0012796882124316389,0.0015508531688560626,0.005625890845078468,0.0016780991505323764,0.0008368837841141608,0.00191185022143578,0.0028701360303249727,0.0013599731224923832,0.0015381108157281346,0.0019156289898511515,0.0005231427791673153,0.002062134479998383,0.004602442689988253,0.00479114352233188,6.470696959037109e-05,0.0010756368012743004,0.0011965798612877286,0.002706742987562357,0.0009141092584433397,0.0018471612217127878,0.0012180732474399185,0.0022266612846489594,0.002245856622626974,0.002181743195305284,0.0020404894419391584,0.002171674735433202,0.00013041274253820762,0.0020981071757793764,0.00015166424530778526,0.0013523177961213696,0.0015549314182516406,0.001973948832083832,0.0012659434713882835,0.002736474318065907,0.003308382509545485,0.001988234556046411,0.002596353017832081,0.0012935412500848517,0.002370895636845914,-0.0002646269728960553,0.002250355333999037,0.0021367742036435236,0.0021521622653453785,0.0021399611750550222,0.0009999302638698606,0.002104716094501211,0.002843402195631679,0.0010799000396057748,0.0019932700263868676,0.0018554607464188037,0.0013802579265298027,0.0016774795838483982,-0.000490978171333919,0.0019068399300070308,0.0017385555921287648,0.00078874270603639,0.0029825919264555674,0.0018428199559175134,0.002402081482554471,0.0017223576607230918,0.0026497309540756274,0.002439608784629736,0.0019034463480806217,0.000371338816343137,0.002111489989463922,0.0008043960379374351,0.002346219453572967,0.0030171459302461828,0.0007270814486317247,0.002041747621598476,0.00044859452008735943,-0.00014026915725147432,0.0022133526551216566,0.0016531797673824226,0.0007208463335885186,0.0020165327865890675,0.0016500188932918403,0.001950745280679171,0.002775942534380336,0.0024963370885198338,-0.001175719481329742,0.0016466509338792512,0.001417144144103945,0.0026373579797865925,0.0006374818102878872,0.001213112808266272,0.0006265950082378724,0.002134788894403538,0.0004844541510577454,0.0026223114801945595,0.0017114931698994802
CHSCP,0.0014816052365101352,0.00020991120220765618,0.0008753033397732261,0.0008468876762389606,0.0011697021436775012,0.0012336387347086394,0.0009763051528435733,0.0012793207658594768,0.00013173331990073688,0.0006858035448246487,0.0007881843079702538,0.003151651054325311,0.0008368837841141608,0.0006139757606509279,0.00029386681028828823,0.001807884463011449,0.0004199784432104033,0.0007757116162628058,0.0010411831838364701,0.0005053771853746323,0.0011594713409981375,0.0021963901722234676,0.003131149831151667,3.571689590357589e-05,-5.993939144968892e-05,0.0006265716015835335,0.0017039939846327002,0.0005055960896244674,0.0010894396604831163,0.0005869715705254985,0.0011777050011251278,0.0013597763306345593,0.0010037267524093338,0.0011019579063236973,0.001251472654343507,-3.115791248255947e-05,0.0012365891590833524,7.900999840795355e-05,0.0007232399441002681,0.0008057652064182991,0.0010150349709177548,0.0003267813278404896,0.001422345805398409,0.0016852531001492871,0.0010186492524415685,0.0016184126450868677,0.000745202173694081,0.0014081012066243332,-0.00016932539474469617,0.0010949025484062152,0.001043647492254442,0.0012147223559356032,0.0012142668099052968,0.00046883165160468206,0.0006013560938588885,0.0013680923391253454,0.0004592400961586584,0.001074555902103293,0.000727373748382388,0.0005601740372746299,0.0007978651613027654,-0.00042664064141332626,0.001144621674957113,0.0005332150835202109,0.00032751170382495714,0.0017443978838028572,0.0009532425516305414,0.0014465837783175397,0.0009123729898769862,0.0014608506604690632,0.0012549948210093687,0.0009700620973107368,0.00021965359903987637,0.0007984648513506593,0.00021606951437447728,0.0012252936287743895,0.0016719172935433326,7.763612375444529e-05,0.0011741436524997408,0.00025074122578719825,-0.00011625042004998891,0.0011558715392588636,0.0008431059125194372,0.0004003742543332958,0.001085665089083474,0.0007434818663352193,0.001088622399236518,0.0014520211745020948,0.0012864379381203267,-0.0001709680371375776,0.0006476373475760663,0.0007890441981222888,0.0014707411098848662,0.00032905371222087185,0.0003591942571291305,0.0002866144938815301,0.0012066785685193545,0.00030377554096974247,0.0012776487729690316,0.0009640605649532066
CNET,0.0020585865154974566,0.0010296595421247755,0.001578782588360745,0.0013951098936690965,0.00141766635115743,0.0008940778410658913,0.002001752223953111,0.0012641470489665185,0.0003402275073493608,0.0010414166190555673,0.0016948145251410498,0.003679072917283786,0.00191185022143578,0.00029386681028828823,0.007094482587647669,0.0018220214021262512,0.002073709529722536,0.0013330988584777078,0.0010648886537473197,-0.00021033445463540025,0.001114582603588991,0.004531324093338849,0.0001564870363576689,7.876204410412469e-05,0.004330793517278503,0.0010200776113555975,0.001776233953127579,0.0004934664989462761,0.0010934923112313703,0.0010553833278349,0.001655371319040522,0.0004392956439138883,0.0035807787684008926,0.0013741664016104645,0.0008187962320042759,0.0006772078432412469,0.0007597871558803547,0.00027707082092574023,0.002067187789315244,0.0010156540574802232,0.0018132811908501975,0.0007872072930137345,0.002287071523090766,-0.00029671284538675124,0.001414935200194839,-6.430421581081762e-05,0.0006326744941907537,0.0005678675062068858,0.0004786581131822717,0.002531421727176233,0.0019097523758287275,0.0013073906499779075,0.0009257728523849713,0.001283265112599927,0.004878054959441042,0.005388404833638307,-2.330865986106134e-05,0.0015283507975059245,0.002949180019415154,0.0011368531655099618,0.002281292686728914,0.0003217901079142988,0.0014439572196091328,0.0027722021793106957,0.0017934947384256792,0.0013718481077519727,0.0022175522618495557,0.0005511157727620848,0.001158462770364059,0.0013708317547271509,0.0011915497833385857,0.00029003253476506314,0.0002043936668332211,0.004544191025950772,0.0013920052518319246,0.0015081677940324174,0.002697627220867636,0.0017006928473092626,0.0008113155433516418,-0.0004685569906317281,0.0022100486591117565,0.0013314069250585216,-0.0012873449946804926,0.0005504149859101014,0.0003962540473181873,0.00215101560107191,0.0009445981988547694,0.0031559446547334133,0.0010900689453623214,-0.004775522711289694,0.0027228086406684187,0.0006291045501966198,0.0012059227926421341,0.0003200677672468667,0.0011360529730238885,0.0006502952399297527,0.0013094178436372707,-0.0001933221313900789,0.0035682744750068253,0.001082022282057078
CRMT,0.005276168455612618,0.0006988853233566619,0.0038992976618264915,0.0028784298769969144,0.0038322269946999684,0.004055461921078649,0.0033254443968986237,0.004139457709765527,0.00043654999921870707,0.0023999929778388478,0.0029763009798732007,0.01038351522549544,0.0028701360303249727,0.001807884463011449,0.0018220214021262512,0.006326694004013584,0.0023733554062048143,0.0031742966276355434,0.0034924990634521086,0.0017824946815051003,0.0038251842365207814,0.007210014050680339,0.009099197229143074,0.00010063029340101834,0.0003397187088995991,0.0024207174423750257,0.005207579175390317,0.0015806156375650512,0.0033304270330394656,0.0019201165026690057,0.003910168487504867,0.0041769065432985105,0.0036924089594297374,0.003639722865727248,0.004110192104120538,0.0002085480003801656,0.0040413193997700225,0.0002494930765503594,0.002446539158531465,0.0026112991567423614,0.0037817064690781753,0.002067704545040523,0.004826616871838281,0.003109087731711797,0.003484124959383262,0.004891087818718146,0.00248957810985119,0.0038989509464079255,-0.0004481657852995571,0.003581775111459702,0.0037434053218061035,0.0038007392397309517,0.0039987193763115735,0.0013580877072472586,0.0023644944356329255,0.004857833702387922,0.0017359398170320082,0.0035481321713135045,0.0022502278112120702,0.002355108097767705,0.002685930397269073,-0.0006997623483221325,0.004030985501440766,0.001866173036826298,0.0009184975381184436,0.005067423414520414,0.0031823466028750155,0.005057814714011472,0.003106165005473494,0.004043356638088071,0.0038638701311743033,0.0027559835970319513,0.0006480985085919905,0.0035298065056914205,0.0011398778724769504,0.003939682514600313,0.005303444268485409,0.000292068223165416,0.003925372999265243,0.0004993607785025665,-0.0009616081168893392,0.003605868548940948,0.0031963072886391905,0.0013403424361478962,0.003062907968499283,0.002532707310349714,0.0035595933038002703,0.004712391300296029,0.004747098365747229,-0.0008868109253449311,0.0020197488719792575,0.0027232752162512216,0.005447715835942611,0.0007174162905427571,0.0015733216660999238,0.0011630687279767181,0.004235385437118283,0.0008321657767997865,0.004268882921163979,0.0032449020958254266
CYRN,0.002229473396494831,0.000283600015584347,0.0021310329302217305,0.001397715817023287,0.0011157806708198984,0.0012087913813085736,0.0012261787908898051,0.0014284182570051154,0.00038954404258415086,0.0009228090182487744,0.0012020018361632405,0.0036766865816833592,0.0013599731224923832,0.0004199784432104033,0.002073709529722536,0.0023733554062048143,0.0031199725152831473,0.001375777301257007,0.0010920294682511867,0.0005824557662472359,0.0011551184633594811,0.002460857242513807,0.002149114604180317,6.121904603578223e-05,0.0010818347077476086,0.0014822011882546814,0.0019504411906954581,0.0004979591714828501,0.001062247127666692,0.0011582538478621027,0.0014021001771907721,0.0013069967838728327,0.0021670625900051415,0.0013035669370269724,0.0011463459210172516,0.0003317641362709973,0.001182910250686917,0.00010500003177160179,0.0011251966528215552,0.0007715738855024756,0.001333436894668403,0.00047320524453008887,0.0019492651022601927,-0.0017795203471075455,0.0014509942992951231,0.0007079253106488383,0.0007745840094495506,0.0011323949656341886,1.2410321139794686e-06,0.0016870840469718547,0.0011158315103257566,0.0011201218097518408,0.0010424204685108107,0.00027224262748830926,0.00165682940295349,0.0022100071720162827,0.00012046123248805886,0.0012893301927518336,0.0005545671276960756,9.47470363992063e-05,0.0010525552415347698,-0.001901385421673754,0.0013363516330355684,0.0005957623959674503,0.00018778538252960193,0.0018903746767423503,0.0014501502592860892,0.0013504792538759779,0.0008918629904575484,0.0006633236077285374,0.0008141315168803543,0.000305054052426215,0.00011384609017248796,0.0024461756836548143,0.0012749938904709343,0.0012551205163283845,0.0019041876863359801,0.0006172471443384969,0.0010336414767654974,-0.0013194146330696764,-0.0010761216753615859,0.0006496670679093755,0.002051332210133299,0.00035352742557420984,0.0007127475947368321,0.0019345166930127928,0.0009610826257003606,0.001684733415372662,0.002769446692012842,-0.001056708668826551,0.00028166224522964135,0.0008836099643897187,0.0021758536358220198,7.575045017131486e-05,0.000863870620785713,0.0008595042339306892,0.0017251834099372189,-0.00019118335676448397,0.0019536581175020585,0.0010181591017303295
DG,0.0028507687278559184,0.0005013560750552499,0.002443105505860111,0.0014001222401931587,0.0021166273144279705,0.002095350095890745,0.001848959544017839,0.0021503158053409535,0.0001940259948328123,0.0012172737699548567,0.0016713025682324936,0.005354305923630995,0.0015381108157281346,0.0007757116162628058,0.0013330988584777078,0.0031742966276355434,0.001375777301257007,0.0019719897929811447,0.001858579918747673,0.0005568930362220366,0.002002748029586172,0.004337508303216222,0.004373066419034158,4.370606637564789e-05,0.0009225182649411479,0.0010768520174069672,0.002232376870321144,0.0008177202488039219,0.0015770817189970194,0.0009651654937310409,0.0020930662435108003,0.0020393887292450156,0.0018468631175374334,0.0019435341878191706,0.002158733040861529,0.00020282515260390462,0.002047346214969112,0.00012800845141855207,0.0011708958836373394,0.00146061933223795,0.002201456117062929,0.0020623144337325837,0.0026382444827064678,0.0017047247658803495,0.0019101757126022381,0.0026044376116689835,0.0012939187408498635,0.0017193833625307393,-0.00010856449553416477,0.0018410513898018837,0.002288674598429106,0.001976305002764702,0.002145098584279143,0.0007934290805587851,0.0018086054605392415,0.0022046697768690884,0.0013197636460761414,0.0018709796531174417,0.0014422697934647235,0.0019060599613364485,0.0014912294230374334,0.00025990416019033207,0.0021168567915188998,0.001505968627950502,0.00046226060083214205,0.0022336386235092477,0.0014925817007464858,0.0028112148948960685,0.0017176336006754268,0.0019456856992345318,0.002038950055946362,0.0016289301877588742,0.00036181574572992744,0.0021317258817286373,0.0008889814406844595,0.002151232345527291,0.002576977223481918,0.0005445629253284476,0.0020947876296625576,0.0005474811785879819,-0.0007448759299106644,0.002116835203927461,0.0018926964852419874,0.0007387433699765843,0.0013787916521840154,0.0011446538189311083,0.0019085336480508443,0.002460366893246172,0.002507253978671997,-0.0008380947804510567,0.0012138161152279174,0.0014601492328019028,0.0031151984673704635,0.0001970996759047314,0.0013423044272147136,0.0006895114096353833,0.0021670833037434473,0.0005358184780402194,0.0022884022893513763,0.0017380069700156247
