,ACHC,ADAP,ADFI,AGNCM,ALE,ANTE,AUD,BBGI,BHLB,BKR,BLU,CARA,CCS,CGEN,CLRB,CLVS,CLXT,CODI,CPA,CS,CTXR,DWUS,FBIOP,FCEL,FDX,FINS,FLS,FONR,FORD,FTNT,FXB,GGB,GOOGL,GWB,HFRO,HOG,HPK,HUSA,IBTI,ICLK,IEC,ILF,JJE,KELYA,KRE,MC,MSI,NVT,OMC,OVB,PBPB,PDLB,PDM,PHI,PTE,QTRX,RJZ,RVP,SBEV,SLB,SLQD,SP,SVC,TRQ,USAU,USLB,VAW,VFMO,WLDR,XENT,ZTS,APEN,ATNF,BKN,BSBE,EVK,FINV,FOVL,OCX,RGNX,SMCP,SPSB,TOMZ,TR,UHS,VNRX,AG,ARAY,ARE,DISCB,IT,NWBI,PDN,SLDB,VTWO,WMB,DTST,MJO,PXD,AVIR
ACHC,0.0003761943154097381,0.0006508139068545443,-2.0205478503306362e-05,-1.0453382359400396e-05,1.7973671636814008e-05,0.0009378261266012631,-0.00013991323854355942,0.00030961915577676553,0.0002384337022661731,-3.230572310798398e-05,0.0003978896540352302,0.00027087825623569673,1.529114046313048e-07,0.0003024791938852898,2.193921474696308e-05,0.00010053107677200803,-0.00012029528103017222,0.00014752190211778814,0.00020215157775918424,1.196953293124934e-05,-0.000152662330844717,8.3568720246358e-06,4.142002737289617e-05,-0.0006287820035315736,-0.00010004775827827195,8.16294597370125e-05,-0.00010320799803750609,-0.00017435243907946066,-0.00014159604652206367,4.414003521673051e-05,6.531697491143214e-06,0.00021794236304526122,-3.055985711602821e-05,1.2503738302018063e-05,-0.00013167616408036974,0.0001239245182209172,-1.3229580413426561e-05,0.0008596276945558174,-2.6913722663252337e-05,0.00013221483459980156,-9.94035582522233e-05,0.00014371698088288441,-6.602969278255855e-05,2.134901543041941e-05,8.049984843268403e-05,2.5805218198585923e-05,-8.454546215972599e-05,-2.1322073467475427e-05,3.322450003405754e-05,-4.188269389405297e-05,-0.00019743897081989027,5.70434944059423e-07,-8.571940283880663e-05,-2.3738242407020372e-05,0.00022842732300095152,0.00013739281166054557,-3.682091651831936e-05,-6.279803216081244e-05,0.00029619472636724977,-0.00019933667013198616,-1.4754625017900513e-05,-0.00010557212594263635,-0.00011390157822087336,4.867351455485326e-06,-8.824410104654612e-05,-2.084528506439985e-05,1.988361138947302e-05,2.517068471520459e-05,0.00010352238601661509,-5.3197169705960174e-05,8.868020518048844e-05,0.0004637712545444991,-1.4568554297473664e-05,4.809470868512255e-06,-1.2189747080543338e-05,3.721071263621816e-05,-7.078386447291257e-05,2.1327454595387515e-05,-5.3228242764433426e-05,4.685761952073823e-05,-2.405891835585673e-05,-1.8283205717946585e-05,0.0012177594875829565,6.536729521866776e-05,0.0003739153400334094,-0.00036622307751214844,3.9006811619702746e-05,9.704474651446487e-05,-4.9545272714326545e-05,-0.00018097257467396846,3.4041628875491065e-05,1.1388191791016918e-05,1.4183006695048378e-06,0.001302468953179155,-1.0270391478272618e-06,-0.000250042869967605,-0.0002895230804474286,3.0544599330892055e-05,-8.595474896355335e-05,5.531821879721116e-05
ADAP,0.0006508139068545443,0.002222501949496651,-0.0003037822826317692,-0.00014351839242014933,0.00015769218525718348,0.0006054724413031931,0.00010436450145617158,-7.281440737704015e-05,0.0010889465595485292,0.00017168107957884481,0.000660504693438481,0.00018823165323572554,0.0004895207698107406,0.0011899295160715043,0.00016592387048211348,0.0004801656871439711,0.0005755001712266024,0.0004954884354437027,0.0005023512122761604,0.00044403261230419646,-0.00029201568469532823,-9.769625636489467e-05,-6.817320980328707e-05,-0.0006924286225423685,-0.00013951594796485505,5.996154428704248e-05,9.680176554466302e-05,0.0002301056060417181,0.0001253775294662046,-8.192972868422885e-06,-0.00017844777952374144,0.0002131736596590608,3.10555602505168e-05,0.0006530250477801206,-0.00023419223667654762,0.0007294853523855632,-0.0008907153513549826,-0.002161185692564292,-0.0003371520889379362,0.0005593557803667551,-0.00024131037166628255,0.00013568899576535246,-0.00044865162396274627,0.00037954891857811446,0.0005562955571497126,0.00032886021120929294,-4.4420472336441435e-05,0.0002591400719233707,0.00023548093186654274,-0.00027228389015408684,1.9217078382864112e-05,0.00018574827328320651,0.0003748816922818376,-0.0003425883078017169,0.00037025460530950845,0.00030726961233689987,6.601670977645698e-06,0.0005961865668835436,0.0007238274888626025,0.0001109876065830659,-0.00030754722050638916,0.00047882581211328645,0.0010745223313302042,6.674767626237585e-05,0.0001517042281393615,6.193653646771168e-05,0.0001466369747691432,6.047103655383267e-05,-2.7195149148032276e-05,0.00019832005389847765,-0.00015040018085752386,0.0006645958001850596,-0.0003161767284182866,-0.00011006389385797126,-0.0002840106244116992,-0.0003949854832953236,0.0001728596441764245,0.00025609382987158984,-6.823184031131995e-05,0.0001776187584139219,-5.539268029873362e-06,-0.00031082953040653465,0.0017207078242194394,8.401133344255549e-05,0.0010756383194128899,-0.00032381202272192095,0.0010138797625402463,0.0009270019103097445,5.114164347933055e-05,-0.00026641827356101025,0.00019804473029310423,0.0005782911440514339,5.3805580415651126e-05,0.006502661287533923,0.0003042548550648491,-0.0006840985637800786,-0.001365992759028514,0.00021076881334571815,0.0001259085145592361,0.0005912306676436012
ADFI,-2.0205478503306362e-05,-0.0003037822826317692,0.00015699696648477593,7.848990015290056e-05,-2.3364473167446985e-05,-6.727775149007582e-05,8.898552249173841e-05,0.000305782670361526,-0.00016994182527936758,-0.00015104906364066232,1.2847899918727363e-05,0.00012357771348601263,-0.00022250767350376802,-0.00021667959562578958,-0.00026782608368146614,-0.0003203006601356464,-0.00019774015836054634,-8.989654903272709e-05,1.2869281583524259e-05,-4.505003270509172e-05,-8.77506545680803e-05,1.235736270623641e-05,7.834395169693181e-05,-3.7290227760056566e-05,2.63872652207988e-05,0.00010132645542681165,-3.8404640956662224e-05,-8.851612894780929e-05,-0.00029857001426744607,4.209996379835584e-05,0.000140619250401532,1.4223047661680642e-05,-2.3892467127681365e-05,-0.00013174806528408936,2.8828037021188912e-05,-7.700146939920686e-05,0.00029533037149648197,0.0017871739693963225,0.0001676365333912977,-3.613280861792037e-05,7.52367647990749e-05,2.974422380478362e-05,0.00022465199891932058,-3.708019112337246e-05,-6.208487153213345e-05,-6.232728575507312e-05,-5.185920521386732e-05,-1.5791000371514944e-05,-2.1019073799499935e-05,0.00012377679844262162,-4.211556279079094e-05,-8.159572776356468e-05,-0.00014026677141507158,0.00017237260645198166,7.823679820510566e-05,3.0841280692232585e-05,5.174308640653639e-06,-0.000669399513281895,-0.0001447576042614845,-0.00011063177541218863,0.00016261270807414553,-0.00021540791005464658,-0.0003599657386380493,0.00013080117993288223,-9.319507098363004e-05,1.6576574493853414e-05,-3.02156350122999e-05,-1.2760012227603739e-05,0.00010764912116560541,-0.00011445388883659463,8.461112430962572e-05,0.00030275585192862653,0.0001638600744026676,0.00010877811032764513,0.00015411508673900855,0.00016546567981771823,0.00018020907522369267,-2.9319504658051257e-05,5.7315339892118956e-05,-1.3595159618153004e-05,6.999460500134898e-05,0.00016118102952446148,-0.0001276636645193213,5.464788178640883e-05,-0.0001839188301185389,0.00015120433731540228,-0.00017724617256227165,-5.2014408543465334e-05,4.340358191537767e-06,0.00035746210333480855,-1.454759194585486e-05,-9.44897489935192e-05,6.018276519474723e-05,-0.0001943178990363411,-6.873552228699775e-05,1.4311081740823334e-05,-0.00021970614459005896,-0.00019311368372381115,-0.00012963716295517606,-0.00012084072032267072
AGNCM,-1.0453382359400396e-05,-0.00014351839242014933,7.848990015290056e-05,7.949155793209086e-05,-2.3807809161018514e-05,-0.0005069598066060023,6.061902884594043e-05,0.00037961531975477667,-7.911477314837673e-05,-0.00016165005445990308,7.316982354885327e-06,-1.011443289659764e-05,-0.00019870830846679816,-1.8755791317371248e-05,-0.000253114254728352,-6.983407323694773e-06,-6.878129786327513e-05,-0.0001077473314010025,2.549776740417012e-05,-8.588605349147842e-05,-5.285631098562737e-05,3.873399615474397e-05,4.0549416270670156e-05,0.0002700320897166107,2.884862914826027e-05,2.2298137106087365e-06,-0.00012847060339090695,3.210300105955555e-05,-0.00014262481688269714,4.905742532417938e-05,6.216533855596545e-05,-0.0001051893423556607,-6.831473514098765e-07,-6.134736107535285e-05,1.1841216198162077e-05,-0.00010261437504575016,0.00017117501344754313,0.001884831196515383,8.850306951189161e-05,1.8101087410626824e-05,7.451487602927133e-05,-2.042459120700454e-05,3.404150056205687e-05,-5.737964799336066e-05,-3.763648225331907e-05,-9.675183375440629e-05,-3.370631968505065e-05,-2.6425972657483383e-05,-5.893585660053616e-05,6.146064815708907e-05,-0.00014850038192002897,-1.0112671423564336e-05,-5.321425901604436e-05,0.0001125308009660579,1.6978704653643712e-05,7.978074352544192e-05,1.6916415997468843e-06,-0.00033323709948911205,-0.00012594130674214074,-0.00018347919868345295,8.0586359260089e-05,-0.00013846454811421345,-0.00016503315053528986,1.6923474511119132e-05,-7.743902212914327e-05,3.3579920180360026e-06,-4.24669278751147e-05,2.4074634960837073e-05,4.048808899108499e-05,-7.515497582577357e-05,3.852897550602772e-05,0.0001765210510596726,7.174643949146113e-05,7.34530962503025e-05,8.058603406834202e-05,0.00016470792325704514,0.00015288190289154457,-4.046550051874883e-05,0.000145586276888954,-1.8623149093288853e-05,1.975322051106504e-05,7.927676507105614e-05,-0.00015092524201827486,2.7440494019360398e-05,-0.00015895759279453735,6.82735727634007e-06,-0.00018147673285284421,4.920102662078797e-05,9.335858304101218e-07,2.079575960387906e-05,2.0019917082323602e-06,-5.337564414936812e-05,2.79971509307214e-05,0.0004886044962175232,-2.9608145434462154e-05,2.4255847822730472e-05,-0.00039632929427058664,-0.00010463062659097498,-9.331958490700806e-05,-7.815268211831155e-05
ALE,1.7973671636814008e-05,0.00015769218525718348,-2.3364473167446985e-05,-2.3807809161018514e-05,3.818201592994003e-05,-5.179491957326232e-05,-2.4156461196550914e-06,6.503486419514812e-06,5.735809928181714e-05,2.616678122224584e-05,1.2230628993712258e-05,2.5835661371897114e-05,3.111463927375279e-05,9.391041053028624e-05,3.630429572296804e-05,-0.00010876718321039297,0.00016984178691644862,9.283098501064726e-05,8.727410237410787e-05,4.912908380895815e-05,-2.6337362110335927e-05,-2.3028984915024874e-05,-1.50457371563777e-05,-0.00011936479955462213,2.2511629866409374e-05,2.982681156620503e-05,7.286340855378028e-05,4.1465020194712226e-05,0.00010303398864890803,-2.013658615612306e-05,-1.5041846358880655e-05,2.5028932359352543e-05,1.6214889121965754e-05,4.653550182350457e-05,2.1163561745808697e-05,4.402985958181939e-05,-0.00012447624866213674,-0.0002626206752690565,-2.75547661794638e-05,5.930175422193443e-05,-3.208332915779488e-05,1.1389062150890844e-05,-1.834765190542106e-05,5.2915544624506915e-05,4.420547257217967e-05,5.070430979642806e-05,3.5446530965463395e-05,6.058545920484599e-05,6.271670822140818e-05,-1.8727098110162666e-05,6.520146015885258e-05,4.212416997627251e-05,6.447642703552436e-05,-2.724318893988763e-05,4.412719973661593e-05,3.066051214853795e-05,1.0401565526112804e-05,0.00017497027477343058,1.8900079495987706e-05,7.621208230445761e-05,-2.468070510324862e-05,0.00013504471032737934,0.00012383933329966965,2.5943796325543482e-05,-3.092569903038176e-05,2.3839000809070415e-05,2.662652220560846e-05,-7.479326814062667e-06,1.5408334491405247e-06,6.458868914437627e-05,-3.328059104999932e-05,9.90877397612723e-05,-1.9932408084542942e-05,-2.0414640051906076e-05,-2.576457049886426e-05,-8.003420170644404e-05,3.806143275621853e-05,2.785749184299841e-05,-0.00014920509242694323,0.0001240731802584658,2.6106414101488912e-05,-2.4534821499073044e-05,2.6850449130160426e-05,1.7164715299360698e-05,0.0001260420311332029,-2.652683686395806e-05,0.0001707980511150529,-2.442257535449318e-05,3.620675737102173e-05,0.0001305295385165283,4.0972050214790706e-05,7.536782544306215e-05,1.6267722805773505e-05,0.0006101300381361397,4.324418765348708e-05,-7.286001655653096e-05,-9.936017320686176e-05,7.978412192916557e-06,1.596352694232024e-05,7.862476030585806e-05
ANTE,0.0009378261266012631,0.0006054724413031931,-6.727775149007582e-05,-0.0005069598066060023,-5.179491957326232e-05,0.010394484699763382,-0.00042040951077609157,-0.001960757631265242,0.0005267783811517885,0.0011893524613007993,0.0010347493751086372,0.0012116342292205332,0.000788734305124976,-0.0011493638436002784,0.0015594094862895957,-0.0010221255647273673,-0.00187382840073995,0.0006845083151239493,-0.0003435252757927646,0.0006077172767815455,0.0001904747112792938,-0.00026549422971854374,7.74220383998303e-05,-0.0046822940706989745,-0.0006370804801112351,0.0005331380617149404,0.0008696066385306133,-0.0019834920931940357,-0.0009916099643877722,-0.0003145974985195802,0.00011853649708241413,0.0020379012650260002,-0.00041796018290044895,-0.0002626947865599201,-0.0004971490931536765,0.0007428179813245734,0.00032420486384835957,-0.007661135691465106,-0.00012308743688615174,-0.0008829290095373651,-0.000641187356521801,0.0007879491518770412,0.0009600004686440451,0.00042072961339961366,0.00012424545991918307,0.0007347536901609052,-0.0002983536198913286,-0.0001986924451513833,0.0003503712080692822,-0.00012895865512263364,0.0007828500612485983,-0.0004523170297572602,-0.0009173458704855753,-0.0004696915597667747,0.0007652678275978279,-0.0008202102583127384,-0.00011025368375554359,-0.0010771472772157144,0.0016177436065827608,0.0008118256664179992,-2.8126381275215252e-05,-0.000540532767221387,-0.0011089931782866855,0.00024305737631355746,0.0006572209458450616,-0.00010654204979430243,0.00038340939019170515,-0.00034490271335939365,0.0004472120046507375,-0.00014388423488456375,0.0005474110136895444,1.949734614483657e-05,9.63911223926637e-05,-0.00024527811891793944,-8.872447072358813e-05,-0.00015683262695000914,-0.0018890830885189482,0.0003196205395034175,-0.000700938970529225,-0.00048340412383381174,-7.409161257579958e-05,-3.2702559956523735e-05,0.005122605481031981,5.635619458610114e-05,0.0014711684118483366,3.1472308495056756e-05,-4.9836597896092054e-05,-0.0009660720452508903,-0.00048662018644069264,0.0002960301132617529,-0.00027740382973114156,-0.0003157801304810731,-0.00016225046933738895,-0.013301671334508295,-0.0003609273926720649,-0.00018853665820339478,0.005172993506683989,0.00036627743561516626,0.0001775061244387119,-0.0001241444134654358
AUD,-0.00013991323854355942,0.00010436450145617158,8.898552249173841e-05,6.061902884594043e-05,-2.4156461196550914e-06,-0.00042040951077609157,0.001310344953473896,0.00037395449902654125,0.0007174399750184844,9.73249734195816e-05,7.063606373657429e-05,-0.0003769476967117901,-0.00027522592067271605,-0.0002466298257488095,-0.0009053680050578727,-0.0005182087816729707,8.026909421009652e-05,-0.0001379411415458362,-0.0001767367371610809,0.0005585140558201117,-1.4076268041141358e-05,-7.74332737700997e-05,1.1642756817028797e-05,0.0012123365916130145,8.637097941199823e-05,3.4583883326595765e-05,0.00039089422450312044,0.0002475496028235323,-0.0007735060434191825,-0.0001452673888816666,0.000213500845452724,-0.00016924612463801138,-6.444267350750643e-05,0.0004875719604816118,1.9729333716648937e-05,0.0003162500375546545,-2.9457660504968e-05,0.006913946027295153,0.00010395702195623001,-0.00016825779042500764,0.00020289585608902275,-8.712728825878039e-05,0.00033232075569817455,0.0005825669721413754,0.0004703545246269482,0.00028223937047812636,-3.691940099607231e-05,0.00031704885308321963,7.754059851993341e-05,7.202306571632562e-05,0.0004837005795725575,0.00019368774132208288,9.29655931358026e-05,1.8462130322941394e-05,0.0002931060950470763,-4.9605313111310775e-06,0.00023456788717537757,-0.0016074124789753966,-0.0001198693217128983,0.00036246911331930926,0.00010230450883192404,5.3470576344363024e-05,0.000545492234384753,0.000353069455143604,0.0006776246066969187,0.00022473023687675231,0.0001826489607822547,-7.194443307319127e-05,5.500818709433538e-05,7.162037768150975e-05,-3.1790815489584496e-05,0.0008854485951100347,6.341924733690706e-05,0.0001702279098008256,7.907487077869311e-05,0.0006816141768588575,0.0006253544536696022,0.00031881273366102773,0.0009587746694045752,-0.00019535234820269724,0.00025769151981140713,9.749491028691198e-05,-0.000566265343910774,0.00015445807565127615,2.512907514223905e-05,0.0013200608396054974,0.0003091969001936844,0.000764584400385237,1.0052141395264828e-05,0.0008714972923988578,6.75525786434328e-05,0.00046310276880748335,0.00021557925052703033,-0.0014562075962814142,0.0001141359582186769,0.000170602604136088,-9.463156077352166e-05,-0.00026291791236710406,0.00010555776637775956,8.461862250854792e-05
BBGI,0.00030961915577676553,-7.281440737704015e-05,0.000305782670361526,0.00037961531975477667,6.503486419514812e-06,-0.001960757631265242,0.00037395449902654125,0.0038751688129244344,-0.00010638762747691786,-0.0008002493657993128,0.00046207599829034177,-5.496920736380556e-05,-0.001770773955383219,0.00044211795184772993,-0.0014399910818409642,-0.0005530924959625289,-0.0005505898488974048,-0.00011532848921145159,0.0006594980390646266,-0.0004289017723400479,9.727946974264481e-05,0.00020877942444974418,0.0001585235879687466,0.0008708895982399565,0.00027308700447464985,-3.1456263491363937e-06,-0.0005630170303067145,-1.4579680515914111e-05,-0.00028254701725132116,5.334332032709942e-05,0.00028711001200703006,-0.00044706749925051077,-7.030933151344073e-05,-0.0003658214829474809,2.904868737912487e-05,-0.0008050072115600677,0.0006041962616175206,0.01740123848977704,0.00034997998323107066,0.0005240641281205926,0.00024354559335424748,-0.00013801449754279456,2.575587194107088e-05,-2.565223257115832e-05,2.1687931891283047e-05,-0.00036317907858848396,-2.161306038190829e-06,7.522477553402125e-05,-9.161981076967762e-05,0.00021265160062322247,-0.0008253150775769959,0.0003286540236818409,-0.0002502487095801585,0.00046669161763861943,0.0006991627863961777,0.0009137058390805562,5.368522347597221e-05,-0.0012417091698483014,-0.0006815663957314877,-0.001140857563587574,0.000329014141813086,-0.0002764567049071395,-0.0006107047882602609,-0.00019578818068726096,-0.0009118921199983517,0.00018673520439548005,-4.4905166640007726e-05,0.00012000772181808103,0.000542125059016935,2.0865442635595966e-05,0.0003301263617411008,0.0019484026161346916,0.0003289361370856154,0.00026854713447052196,0.00029121638375857604,0.001294953305043843,0.000484106083444364,-8.251384766307177e-05,-0.00021056598420066377,0.0009581423371718953,0.00032402214361140145,0.0003142154381055297,0.0010817727372431744,0.00018524256556454093,7.10564122465532e-05,-0.0007394595487255621,-0.0013252422917862116,-0.0005361266426731235,1.6414160112509116e-05,-1.3293365268497125e-05,0.0003130828769405601,-0.00011640929475993757,0.00021953884911393167,0.0010985699687794032,-4.654857651526887e-05,-6.308112107840143e-05,-0.002733620297507024,-0.00041497517839521954,-0.0006128503828783222,-0.00024302417477300433
BHLB,0.0002384337022661731,0.0010889465595485292,-0.00016994182527936758,-7.911477314837673e-05,5.735809928181714e-05,0.0005267783811517885,0.0007174399750184844,-0.00010638762747691786,0.0011744284661323987,0.00021870187885024306,0.0003025307663211699,-0.00023802912846549774,0.0001674040713882852,0.00017603180082259207,-0.00035709513878023685,1.5978721154609202e-05,0.0010683901131670033,8.146172566828669e-05,0.00020539308888663607,0.00045085220335506576,-0.000425527831985746,-9.540405852728615e-05,-9.550105558479403e-05,0.00038568548497655005,-4.2832876480773335e-05,7.540666890443727e-05,0.00030948226572469597,0.00012768436908211852,-0.00041281500967490625,-0.0001027163461233817,-3.0245108091208665e-05,0.00015792335040743554,-1.673203579004288e-05,0.0006596292504093979,-5.488429578010003e-05,0.0004359960219929237,-0.00047673139852600244,1.5596300468974887e-05,-0.00017252215402535422,-0.0005111422168354128,-7.438006093543568e-05,0.00020245995751525236,5.67732358203659e-05,0.0005172642812665887,0.0005144266389754726,0.0003015071358654234,-9.09717336531661e-05,0.0002307159370070128,0.00014225771562778025,-0.00016452133974092682,6.480279551424532e-05,0.0003165762584787789,0.00019821582522751847,-0.00023375608114077412,0.0003197264180659209,-0.00016462984442246445,0.00013743780437167722,-0.0005152739119761802,0.000657368007349322,0.0003518251200275099,-0.0001658559402233526,0.00037246035863292075,0.000766515261721677,0.00023917832938583829,0.0008515848390590787,0.00011243539250256631,0.00021015664551117796,-5.3863478437464094e-05,-0.00013126794363950845,6.005688731275996e-05,-0.00013724975512831303,0.00039466099576093987,-0.00017060956037391855,5.299989502888888e-06,-0.00016011338474158598,0.00017720690524769818,0.00012215704269682266,0.0002920637066035503,0.0008954241148646052,-0.00039370893865022194,-4.429392886669704e-05,-0.00016919534033150814,0.0006316926411842859,0.0002667865107083684,0.0006786913068531411,0.0006231858524603716,0.0008737828560678756,0.000842377449194528,-5.5713019381557076e-05,0.00020781457662442324,7.019242415330325e-05,0.0005799379555726694,3.2949932280286335e-05,0.0005735144860804692,0.00016146635114243861,-0.00012875876263299568,0.0008919176340875207,-1.0690394957409928e-05,0.00018901958746974759,0.0003405674969325714
BKR,-3.230572310798398e-05,0.00017168107957884481,-0.00015104906364066232,-0.00016165005445990308,2.616678122224584e-05,0.0011893524613007993,9.73249734195816e-05,-0.0008002493657993128,0.00021870187885024306,0.000408872237998681,9.940571301433002e-06,-5.40930484543244e-05,0.000408244729306847,-4.731084576940005e-05,0.0004180157767559631,1.8643435484490202e-05,-1.1750588753011365e-05,0.00018956742843058186,-0.0002520306625199058,0.00026816996736906665,0.00020284616900648433,-6.986063338706106e-05,-7.74553143946741e-05,-0.0002175343882735604,-6.793898359507264e-05,-5.675887533729266e-05,0.0003282002598136198,-3.464773863392199e-05,0.0001943224624243412,-0.00013651511140783034,-9.861507150674497e-05,0.00017364368018856253,-6.823626360379537e-06,0.00014160269861666553,-3.867599018820854e-05,0.00023425986069770262,-0.00028573876819460917,-0.0007487508476554998,-0.00017022578596008746,-3.9354629788078136e-05,-0.00011095821453888414,3.18773666479575e-06,-9.393187705177023e-05,0.00020373649008113422,0.0001112224626461935,0.0002468639926150554,8.92378298647645e-05,7.430425211476461e-05,9.903333702090654e-05,-0.00011949426216233235,0.00045481235952614396,7.238285472072138e-05,8.855851746518365e-05,-0.00024205134764586163,-4.617279566897716e-05,-0.00017438014449102791,5.631392852675979e-05,0.0006347753658167979,0.0001654704832669851,0.0004359753726844659,-0.00015193094455937767,0.00020361744691528157,0.0003476981645860757,-3.2559496819563406e-05,0.00030036020763543896,1.122711430141919e-05,0.00011990133524595742,-5.563334417509824e-05,-8.931461781109527e-05,0.0001800104591240519,-5.674264894384561e-05,-0.00011042872475658692,-0.0001678931749625522,-0.0001362151542104933,-0.00015818447376940052,-8.401262765964936e-05,-0.0002426505736422747,0.00012363924552235843,-5.6305044355639384e-05,3.958603732909099e-06,-5.552196483204488e-06,-0.0001504950698514749,0.00017234777945694842,-6.355109603104792e-05,0.0002640841401428372,0.00018243557921103525,0.00036230299207054887,-5.523760072713607e-05,-2.3267649195895144e-05,1.4944731580559864e-06,-2.5775601500072057e-05,0.00012594259646259672,-3.874182743996091e-05,-0.0023138351962059124,5.774861034095678e-05,7.372424861859658e-05,0.0010845392868957687,0.00025132633260882667,0.0002506899617985491,9.455405179795959e-05
BLU,0.0003978896540352302,0.000660504693438481,1.2847899918727363e-05,7.316982354885327e-06,1.2230628993712258e-05,0.0010347493751086372,7.063606373657429e-05,0.00046207599829034177,0.0003025307663211699,9.940571301433002e-06,0.0005696890113436752,0.00031708711498555354,2.148801193096754e-05,0.0003725857862325364,-0.00016474072077721013,9.94637990737257e-05,-0.00016021396175055564,0.00019426488410092502,-2.002725069107439e-05,0.00010708752881877897,-0.00015195533589428955,4.802864443287013e-05,7.834928001310101e-05,-0.00021227599626835134,-0.0001131366338520334,4.0829822689277045e-05,-6.518369861007919e-05,-7.63531075893738e-05,-0.0002047650697236161,3.829092602124858e-05,5.755347897145844e-05,0.0001725504216885436,2.7874688630862655e-06,-2.801584523831656e-05,-0.00014932532413677808,0.00014940344708202452,9.355569627419862e-05,0.007857197179617957,6.0624718732073654e-06,0.0002675350911103708,-6.29495952032961e-05,0.0001439868120240054,-0.00023064295229749943,0.00011790092311506661,9.908338080222616e-05,7.261282938528163e-05,-2.989797223069224e-05,1.5668955957653074e-05,1.9851470479067906e-05,-2.8870852296340166e-05,-4.245976982206751e-05,0.00013992051966456518,-0.00011010534141261159,4.449717848460507e-06,0.0002464347253206734,0.00023760238781811525,6.326239170397376e-05,0.00024022535319874905,0.00012995891368420423,-0.0002174835596284393,2.3090244640865594e-05,-0.00024938420085958283,-0.00021605168979729446,2.6932351522004663e-05,-4.3007377023118105e-06,-8.45003851131331e-06,5.8565657366725804e-05,4.545723718436935e-05,0.00010374801237484636,-1.2716373328951378e-05,0.00013282554966779567,0.0013270330563836467,-5.868796256101194e-05,4.2097738222284355e-05,1.945203009258338e-05,0.00047438804257715297,0.00018986889845263002,4.814924922460843e-05,0.00026108592198629144,0.00014455642078153822,2.608854715598172e-05,1.621782116616034e-05,0.0011312507005864644,0.00010798759311911085,0.0003632448352645601,-0.00031985752983123607,0.0002070116975592951,0.0001236905892543232,-4.817025470640668e-05,-4.4029324052057914e-05,2.8359334986287577e-05,3.0697919564864136e-05,4.0834288087457456e-05,0.0007703892782281395,1.0367753156353341e-05,-0.00017632933377262366,-0.00010946819480565088,0.00010088049302217723,-3.813131116646319e-05,-4.3636826638400465e-05
CARA,0.00027087825623569673,0.00018823165323572554,0.00012357771348601263,-1.011443289659764e-05,2.5835661371897114e-05,0.0012116342292205332,-0.0003769476967117901,-5.496920736380556e-05,-0.00023802912846549774,-5.40930484543244e-05,0.00031708711498555354,0.0005985084522493572,0.00012878678350022028,6.080868060717041e-05,0.0001755205449231351,-0.0003061082133043681,-0.00027469491094367495,0.00021399342439571458,7.522173868324274e-05,-3.747953226631292e-05,-0.00020967614909935163,-4.515077444844848e-07,0.00011925085098934451,-0.001105461807934481,-9.38022028392549e-05,0.00021119399597279738,-2.7750263756604648e-05,-0.00026005202841504645,-0.00011449780771209932,9.073833368606386e-05,0.00010167375700085256,0.0003394928550195618,4.9405582218540715e-06,-0.00027193486663593005,-5.867953603626995e-05,9.413069182013031e-05,0.0002304547069219893,0.0014140838071882338,0.0001138739987001652,0.00023339754767531432,-9.927762120638302e-05,0.00019531517099291668,6.064997172181528e-05,-0.00010586539898190165,-0.00013158531832620015,5.3466820246677694e-06,-3.8434835882594944e-05,-5.5642544259977764e-05,6.72726472419062e-05,7.776664696278394e-05,7.03019507779181e-06,-0.00013834106237887127,-0.00019766772299485052,0.00012162715613558956,0.0001345875519297982,9.92200206842538e-05,-4.3969516001092154e-05,0.00012326122576573138,6.289888018245625e-05,-0.00012284017670426202,0.00012889235726704199,-0.0002774747805797482,-0.0005912844624390422,0.0001439213769942675,-0.0003153254998541366,-5.71964756010794e-05,-2.4261469108817476e-05,-2.0685719780449086e-07,0.00015086981575487073,-0.00010810118978496663,0.00013877141303160232,0.0007443136808433153,0.00010825080232754845,4.304876190957974e-05,0.00012467769157151366,-6.370406876422967e-05,8.183214222040877e-05,-6.377936235189053e-05,-0.0003709859097896358,0.00018357776896047118,2.869782472132682e-05,0.00012684036151124122,0.0007505623367245676,5.803418526668275e-05,0.00014056315118285572,-0.0003783085904463811,0.00015082462832240634,-0.0002454862413505551,1.3700424515469436e-05,0.00035906658026348956,-2.149899811302946e-05,-0.00017884154350600708,2.87840917845998e-05,0.0011824035170676767,-7.202975650261904e-05,-0.0002622797259010511,-0.0001262599029747051,-3.796546101472174e-05,-0.00013338749275428283,-8.219592051692673e-05
CCS,1.529114046313048e-07,0.0004895207698107406,-0.00022250767350376802,-0.00019870830846679816,3.111463927375279e-05,0.000788734305124976,-0.00027522592067271605,-0.001770773955383219,0.0001674040713882852,0.000408244729306847,2.148801193096754e-05,0.00012878678350022028,0.001045011266317162,0.00025100665310861316,0.0007317558857108917,0.0005946049500942612,0.0004982443853875227,0.00022367330825147076,-0.00038272289692445306,0.0002247463246554794,-0.0001153910680255594,-4.682051605170455e-05,-7.420513020191262e-05,-0.0001928195328228281,-0.00016754808949215818,-7.834862678287783e-05,0.0001971402586590348,0.0002028239155385621,0.00039949511465518024,1.166736346452198e-05,-0.00020764421897130302,0.00015900293885688473,0.00011936605156641991,0.00017454530388442564,-6.007432002068766e-05,0.00044782379261309937,-0.00041849087128872925,-0.003120455618181739,-0.0002532881233315706,6.511267578478391e-05,-0.0001657407944029886,8.459308261592004e-05,-0.00044780746162853124,2.73765919930282e-05,2.144973974267657e-06,0.00019138124391136017,8.396117809847453e-05,-1.536791287527902e-05,4.57335621291997e-05,-0.00018013614369755056,0.0003977392781813196,2.5007529048859158e-05,0.00021490272627793994,-0.0002766973193379587,-0.0003676703074477909,-0.0002463711940112244,2.7325645773823684e-05,0.0016465815742861556,0.00028884969173367965,0.00044111999375780707,-0.000235786182781979,0.00013678423443617518,0.0003706441573492076,7.384085986131944e-06,0.0003812982249620462,-0.00012123733064352226,3.4002262414566846e-05,1.1807107333511756e-05,-0.0003276514567986981,8.006075364761658e-05,-0.0001782780810853023,-0.00016748790468201232,-0.0003205935242596121,-0.0001639701786482858,-0.0002087755384305669,-0.0004326340890495564,-3.0180077611770064e-05,2.529067549327163e-05,0.00021088339321793142,-0.00025206646835213237,-0.0001868375472461724,-0.00023117240253179498,-0.00034551151476727493,-6.832180984374889e-05,0.00013656027636038982,-3.555559657990944e-05,0.00099398974597373,0.00032115764672082503,2.2676534228829998e-05,-0.000199464143699235,-0.00011875083105674999,0.00010864304557649854,-0.0001157728484703697,0.001229266024246587,9.456318620634576e-05,-6.447054596341072e-05,0.001118929481203537,0.00040117846543242006,0.00035918770962135854,0.00013711953929312285
CGEN,0.0003024791938852898,0.0011899295160715043,-0.00021667959562578958,-1.8755791317371248e-05,9.391041053028624e-05,-0.0011493638436002784,-0.0002466298257488095,0.00044211795184772993,0.00017603180082259207,-4.731084576940005e-05,0.0003725857862325364,6.080868060717041e-05,0.00025100665310861316,0.0012719423377224302,0.00016678332804667762,0.0008533248508864414,-4.108312503538626e-05,0.00034272845155944727,9.920248394798802e-05,3.00038300478312e-05,0.00017387559659619008,7.751992899292337e-05,-2.5731249662544797e-05,0.00030555941666724894,-2.9675923657809644e-05,-0.0002376532449734052,-0.00026413017707730237,0.0004988091794650498,0.0007138304258177035,6.722564849206138e-05,-0.00020984376728585218,-0.00030387650757049336,0.00012919911506044818,0.00013135129469478982,-0.0001452036199429962,0.00018866828494059756,-0.000520480497570315,0.005537974042285836,-0.00024034584149819167,0.0011130170345576272,-7.285249950553952e-05,-0.00018546965771600198,-0.0009086908260305633,-1.566511807059576e-05,0.0001288436439173614,1.0229001678085188e-05,0.0001567960186984749,9.544816813010501e-05,1.5131244403568647e-05,-0.00018073162135821044,-4.958905586826523e-05,0.00020826157517916073,0.00034593817037435396,-0.0001573144100518975,-4.7062306761926615e-05,0.0005992739592419376,6.719422349329556e-06,0.001795553277925045,-0.0001572981105599582,-0.00030737558329401924,-0.0002261878150637518,0.00019501484080745217,0.0006315022021929762,-0.0003078279664733807,-0.0004649719506752264,-1.8124592716722486e-05,-2.752626418999406e-05,0.00017759795917841057,-4.7086575531049206e-05,0.00026986566324163023,-9.165199966854138e-05,0.0008516865514847482,-0.00032407114263248817,-0.0001131777561730169,-0.00020372914840185955,-3.530057248127863e-05,0.00034557107510195555,-7.151570692434661e-06,-0.00033661024522127465,0.0006256161723999435,2.4605559349760034e-05,-0.0002289266956655871,0.0004706110946006433,-0.0001439286834864918,0.0003387385049544966,-0.0008995887248128336,0.0003230051938833529,0.00029403953940299895,0.00011947226553834218,-0.000741068680784864,0.00016432591765988487,0.00015930566954152118,2.2159645152661575e-05,0.005923530573094368,0.000232865172593514,-0.00035068374040331626,-0.002175581075556595,0.0003689413336857174,6.366310089493319e-05,0.00022457551326754256
CLRB,2.193921474696308e-05,0.00016592387048211348,-0.00026782608368146614,-0.000253114254728352,3.630429572296804e-05,0.0015594094862895957,-0.0009053680050578727,-0.0014399910818409642,-0.00035709513878023685,0.0004180157767559631,-0.00016474072077721013,0.0001755205449231351,0.0007317558857108917,0.00016678332804667762,0.0013207157860423222,0.0004554176190257722,-0.0004191148386207953,0.00031382855624666883,-0.00011158237225181506,-6.364600429288791e-05,0.00041757995384540507,-6.720679185259296e-05,-0.00011271682795537083,-0.0014084679773860305,-0.00014552559479807838,-0.00010278390094141757,9.770620026851129e-05,-0.00022294353109216327,0.0008397517975026309,-6.100987579778024e-05,-0.0003026995448658879,0.00029589814172786155,5.45831587611518e-06,-0.00012421710852652369,-8.764537739749842e-05,0.00014445871403941067,-0.00043616623197313,-0.010630006088394664,-0.0003061693234553637,0.000261831857914218,-0.00027597272338548295,-3.473457044315413e-05,-0.0002818707381873276,-0.0002235364079541128,-0.00018159680649590602,9.805266947234859e-05,0.00010883004891256582,-0.00013379103657430076,7.299009845001008e-05,-0.00019347685404665497,0.00024422949327931,-0.00022544959384464047,9.608951685915963e-05,-0.0003356877891047833,-0.0003110987722871976,-0.00019196683228950341,-0.00017370242419944477,0.0016485430896526346,0.00028130206628587814,0.00030480587239911037,-0.0002821559019654148,0.0002717392157644547,0.00022709944482087642,-0.0003185840302128842,-0.0002716097246237156,-0.00014239395717422643,-2.411229248011208e-05,-1.568815112929601e-05,-0.00011450317348023309,0.00017420475353802282,-7.697564483007656e-05,-0.0013694500834726838,-0.00022358068825416568,-0.0003141807158010223,-0.00026962672975212567,-0.0009491493198793217,-0.0008298190584955779,-7.383544293003293e-05,-0.001086559404917992,0.00015086648468072133,-0.00016000074012998775,-0.00027422129056473645,0.0005756683857938035,-0.00030814367797812046,0.00023075002481184428,-0.000684720207935565,2.8872331886898346e-05,-0.0005247984648802771,-9.63217611041592e-06,-0.0007219152424546761,-6.657064699257961e-05,-0.00019037846017143286,-0.00019015202794652922,-0.0008142704052653244,1.0184953589220877e-05,-0.00010850299431773427,0.0006395472637315499,0.00045911023004041634,0.00021057271440990877,0.0001399315639805885
CLVS,0.00010053107677200803,0.0004801656871439711,-0.0003203006601356464,-6.983407323694773e-06,-0.00010876718321039297,-0.0010221255647273673,-0.0005182087816729707,-0.0005530924959625289,1.5978721154609202e-05,1.8643435484490202e-05,9.94637990737257e-05,-0.0003061082133043681,0.0005946049500942612,0.0008533248508864414,0.0004554176190257722,0.002047755235836987,-0.0002121453981634219,-0.00016078316594619787,-0.0004723940128382355,-0.0002856900002939948,0.00024139161891129077,0.00019578680320453322,-7.99646656445171e-05,0.0011876755657239794,-0.00019836146607151895,-0.0005433802197362932,-0.0006389332287458592,0.00042953395786882555,0.0006101850854685851,0.00016611221472761226,-0.00036741007750437285,-0.0004631805204209391,0.00011987937741339769,3.8860993349188635e-05,-0.00023352732556241253,-6.679203693473948e-06,-0.0002120082114083871,0.0015640695234278913,-0.0003319971470536485,0.00047337016863690384,-4.604026427384126e-06,-0.00021722017861151985,-0.0011112545615898255,-0.00037246476680427674,-0.00014935349227190197,-0.00025842715714990885,1.7255905122631095e-05,-0.00030443372827331346,-0.0003558946371956772,-0.00025882213058081485,-0.00045394371010555465,7.876055473066503e-05,0.00019481490708802033,-0.00024206360132990982,-0.0006051893881557207,0.00015801863191992885,-7.293395195399157e-05,0.0020153201603921355,3.089688835850921e-05,-0.00050631920307567,-0.00033668931636029797,-0.00024700303160828574,0.00034419415460129485,-0.0006040868436760987,2.7362370556762832e-05,-0.00024103149609817917,-0.0001747647957732055,0.00022863380846105554,-0.0003695900038727111,-2.3962841415302808e-05,-9.74503720632827e-05,-0.000565940596440976,-0.00046671701850126525,-0.0001605491409963734,-0.00028307023736936734,1.9866305348131548e-05,-0.00017706344661591158,-0.00019434734276415412,0.0006666648368444542,-0.00034302738370791465,-0.00035929137521550464,-0.0003352656238700542,-7.291077470044228e-05,-0.0002740491243701544,-0.00028050614949637494,-0.0009013140813808818,-0.00017425422533077212,0.0005302338131160905,-9.830616635272743e-05,-0.002008992743991017,-0.00012850601523719426,-0.0001743362446343261,-0.00023204519695995492,0.002678289299362596,4.85591198928524e-05,0.00012759813351622605,-0.0004938982923436634,0.0006035749694831946,0.00021250302648968033,-8.134194413215817e-05
CLXT,-0.00012029528103017222,0.0005755001712266024,-0.00019774015836054634,-6.878129786327513e-05,0.00016984178691644862,-0.00187382840073995,8.026909421009652e-05,-0.0005505898488974048,0.0010683901131670033,-1.1750588753011365e-05,-0.00016021396175055564,-0.00027469491094367495,0.0004982443853875227,-4.108312503538626e-05,-0.0004191148386207953,-0.0002121453981634219,0.004699341327228106,6.74410560067007e-05,0.0005403249119854714,-6.360711574164026e-05,-0.001709701664667751,-1.4006132867945295e-05,-0.00022486825330708711,0.0013484258157101575,0.00019486631773055305,0.00023591952506603583,0.0003365260930737364,0.0005993889370046899,0.0004015502913030369,4.7986115828714646e-05,-0.0001765770661549024,9.622780063644623e-05,0.0003557673233371134,0.0004934487372616644,0.00047592846654128523,-0.00016079581873484894,-0.0005893438418517748,0.0004108084117476574,-0.000182236844432584,-0.001822982872091958,-0.00017766907942567639,0.0006795855685840835,-0.00021304100876209855,0.0002566673410116532,8.645795608760271e-05,2.324751709267118e-05,0.0001271353939422139,0.00017398028149564327,0.00018328854729274724,-0.00021920585459949673,-0.0004864628910689857,0.0009343373978466326,0.00043988631049599893,-8.838269949265262e-05,-9.881280126716125e-05,-0.0006359805274719047,0.00025633347173447546,0.0019810205893640654,0.0007755202743140966,0.000497675256134932,-0.00021806115291639873,0.0009509557211022102,0.0003360170486640991,0.0004300585772616963,0.001256851622558357,-2.034026488566101e-05,0.00017060604806405093,-6.022782536043451e-05,-0.0007277208461014798,-2.3956090330178686e-06,-0.0004839732391318659,0.0006949061274034378,-0.0003081113187878944,-6.366254697710327e-06,-0.00017519187586945032,7.139199439038969e-05,0.0004439921163867907,3.1663678514407987e-09,0.0015321122947714767,-0.0005662115242066963,-0.0004783840458789522,-0.00021671555744358923,-0.0016036590192748045,0.0007995533035451185,0.0006204039422141982,0.00018818335449133014,0.002511168237353984,0.00031652854744401764,9.857380663640956e-05,0.0008425694238914476,1.713471539790631e-05,0.0006841649241691,-0.00018586127722885798,0.0029506152187890027,0.0001616732618545504,-7.198925340389038e-06,0.004017510856068338,-1.0146192607745719e-05,0.0002946270592897461,0.00033255047061084975
