,BY,CEA,CHAD,CHRA,CLRO,CLVT,CMCM,DDM,DOO,DORM,FHI,FLEH,GBF,HYLB,IDHQ,INFU,KELYB,KEMX,KORU,LSTR,LXU,MRVL,NEPH,NLR,NUWE,PCVX,R,RMED,SCHJ,SCHM,SMLF,SMPL,STON,UPH,URE,VRRM,XLNX,XME,AOA,BOUT,CFO,CHRS,FXI,JPS,KNSL,MRNA,PROS,TMO,FFBC,UMC
BY,0.00025849561645969495,8.723238255049414e-05,6.722122593782242e-05,0.00032238134109952965,-8.724976304066321e-05,-6.191732622095041e-05,-0.00042563022419708644,-3.702426816682341e-05,7.645770878118678e-05,0.00013073329355444088,0.00028193288074449956,9.826672103567872e-05,4.959087252672083e-05,1.9465605507821286e-05,2.9399313569468203e-05,0.00033828414032105035,-0.00021275421120226442,-4.4145427744657326e-05,-0.00018696520381381222,0.00013632945752522688,0.00018338161755354393,0.00010338542081505625,-7.568913500916058e-05,2.630416556892259e-05,0.00020427695788232503,0.00033891061588129214,0.00016757391410872753,-2.665033703340275e-05,3.048956427218273e-05,9.875304707865115e-05,0.0001287220130850883,0.00010289722614029284,0.00023501697803582914,6.552906735043331e-05,0.0002873536249544559,0.0001675950886525716,-2.5802590328717504e-05,0.00028983404047474974,2.6955612269847515e-05,-0.0001591594973917517,4.149025619886007e-05,-4.0996359148510396e-05,-7.241625596702647e-05,2.1837617777671292e-05,0.0001144039356667451,-3.113739654482679e-05,0.00012528838430479042,-9.58891262443041e-05,0.00018400878029481362,3.047222774895797e-05
CEA,8.723238255049414e-05,0.00033181920917138585,-0.00023059218965808536,9.425862996866299e-05,-0.00012067622445810161,4.870969445286745e-05,0.00014752948908390757,0.00012126688370458992,-8.751614385318163e-05,0.00015535077951943027,0.0001927503154893343,-8.598888341797165e-05,-0.00014020407614544694,-0.00012126826254392346,-9.538803803749309e-05,-0.00020119869634335026,-7.475672003178866e-05,-6.99670858676057e-05,0.00031574151035580826,-2.138135698614427e-05,2.8714469566687925e-05,0.00028204916982077244,0.00021709743965601423,-0.00013473826324153512,-0.00010221205943206123,-0.00022464118775175973,-4.555314173268668e-05,0.00037219805500081116,-0.00015995943759279503,-1.099870224043334e-05,1.2769766739892883e-05,-0.00010167853879975709,-0.0001737682152298946,-0.0001509436736723439,0.00012545379158598947,5.1604414783020596e-05,0.00018290193515378396,0.00011220766472044361,-5.620542873972433e-05,-0.00010768791387349614,-2.4282469024583527e-05,0.00018580390576605012,-7.367237536691442e-06,-4.7746983478863276e-05,-5.586038981710406e-05,-2.8736809877095238e-06,-0.00030595619430887245,-0.00010835776905436956,9.239304914109519e-05,-5.1585636645899995e-05
CHAD,6.722122593782242e-05,-0.00023059218965808536,0.00031702614747693614,9.631613219928423e-05,3.511416717990639e-05,-5.317672358175819e-05,-0.00017559721940168648,-8.199929018135896e-05,0.00014044311783129596,-7.697702133270035e-05,0.00017398068791624533,0.00014614890834120555,0.000156899642912532,0.00011963599151053294,8.356686425546225e-05,0.0001970585160125815,-8.784183837283254e-05,1.5866122778620153e-05,-0.00040730024491489526,0.00011519450819358313,0.0001805148680373597,-0.00020358584710629982,-0.00010071978158347289,0.00015683106845670614,-0.0010982154345882732,0.000503992324567701,0.0003337984213425552,3.0260599019981846e-05,0.00016290101810574424,7.549634132528131e-05,6.928989471360406e-05,0.0002277310400763267,0.00038487757914877684,0.00011331605027640871,4.64527487021385e-05,-5.580780523236111e-05,-0.00025356971805339017,0.00011596328493749503,6.679226154178699e-05,5.325006325465518e-05,7.238287852312401e-05,-0.0002824313399283498,-4.254980665118333e-05,5.2945606204453574e-05,0.0002468905588024833,9.70463828434242e-06,0.00040528250964545873,8.599526248222119e-05,0.00012668732602570402,9.112118022194559e-05
CHRA,0.00032238134109952965,9.425862996866299e-05,9.631613219928423e-05,0.0004939590680789109,-0.00016039788443571063,-0.00021630196112726227,-0.0006676767887860456,-6.933489247400195e-05,0.0001265717744397047,0.00010606318186725047,0.00032475164056450657,0.00013204807233917285,8.251619483589685e-05,3.726069114277962e-05,6.731595829560368e-05,0.000565645920607967,-0.00023192354210499082,-5.373403657498933e-05,-0.00019604710925683782,0.0001988586033746372,0.00010745526239100456,0.0001257675427555244,7.63853577097956e-05,1.437695627644117e-06,-0.00016825254928501577,0.0005366365223157793,9.537975738596828e-05,0.00016293150402229916,5.4610580765982005e-05,0.00010692106058197694,0.0001516771476211164,6.02189893998465e-05,0.0003328500254104464,8.331228940900356e-05,0.0002476746892983834,0.00011541844834084416,2.9269569382824046e-06,0.0003105335966274766,4.1665234612129754e-05,-0.00022160426738511484,5.361244809416538e-05,0.00011937296333006572,-0.00012204321547491075,-1.007517161438644e-05,0.00021567873014456248,2.5317799436751862e-05,8.128252704188378e-05,-4.409354478168506e-05,0.00016180325224041638,4.6741619553137036e-05
CLRO,-8.724976304066321e-05,-0.00012067622445810161,3.511416717990639e-05,-0.00016039788443571063,9.520644103706743e-05,7.862450632574642e-05,9.339489709942814e-05,-2.596748517895858e-05,-1.2820345728745741e-05,-4.228412624521596e-05,-0.00014947865288223732,-3.912283422402657e-06,1.9920585120409904e-05,2.6226854651703994e-05,8.754870081194531e-06,-6.517239296082433e-05,5.9688482293801435e-05,3.628698139538164e-05,-7.63899512253139e-05,-4.62850358226019e-05,1.2640121731905774e-06,-0.00010986307987890915,-0.00018525046341459373,5.1649257564697854e-05,0.0005199535355926432,-9.978337887885946e-05,3.7376951034264e-06,-0.00031263712856142837,3.331639496408517e-05,-1.1374829212895166e-05,-2.999618914225961e-05,3.390807552851056e-05,-4.344237647851638e-05,4.448242392591711e-05,-3.76398037424303e-05,2.4269710344823857e-05,-5.80586512334478e-05,-8.247746120557005e-05,6.523048775338559e-06,7.534227762864686e-05,-8.695141315055012e-06,-0.00013474700070627792,4.022401076456045e-05,3.351945548015156e-05,-8.117031973922107e-05,-3.644074707623621e-05,0.00010191249085182434,1.2937776358435195e-06,-5.262473223096175e-05,-1.7663721344637426e-06
CLVT,-6.191732622095041e-05,4.870969445286745e-05,-5.317672358175819e-05,-0.00021630196112726227,7.862450632574642e-05,0.0002382466698812565,0.0003963323033616518,7.441625535456436e-05,-7.641214890668413e-05,6.676121206151945e-05,3.321111837603883e-05,-5.141736326580983e-05,-6.443672212818897e-05,-4.241490922370449e-05,-7.243685905067308e-05,-0.00038359325626020365,-7.945363114613447e-06,-4.78904234696368e-06,3.932662683604375e-05,-8.050310661110835e-05,0.0001574286601571098,1.3341653309803531e-05,-0.000167373269027229,2.499747968186787e-05,0.0002325951998849344,-0.0002719326894084078,0.0001636325054459924,-0.00013681723724448286,-5.5936226057272064e-05,-3.35581157075941e-06,-1.9994356916381692e-05,7.665584169628327e-05,-0.0001278926095473684,-5.758947188230343e-05,9.943220678430937e-05,7.2755926113286e-05,-3.7133536239039885e-05,2.176715283392923e-05,-2.7536951597352226e-05,7.623791541890718e-05,-1.1466277536366637e-05,-0.0002383503615054774,6.496523860906562e-05,4.18583021150548e-05,-0.00011684879375639936,-8.085441287593744e-05,4.649355825900978e-05,-8.977569912176695e-05,8.737415791995738e-05,-2.2340041433024817e-05
CMCM,-0.00042563022419708644,0.00014752948908390757,-0.00017559721940168648,-0.0006676767887860456,9.339489709942814e-05,0.0003963323033616518,0.0015148765773087811,0.0002938348910480932,-0.0002172668535186836,-7.478258534012991e-05,3.4202255004470524e-05,-0.0002389563079373743,-0.00022478573008817202,-0.00014902090043063915,-0.0002096763245467786,-0.0013530456573547101,0.00023058829065369254,-1.709120600058477e-05,0.0005128060731748018,-0.0002762034066352059,4.804486055465644e-05,7.840488059851586e-06,0.00036204352105061616,-6.882507217042778e-05,-0.002574571769799411,-0.0007459986654067681,0.00020638147201305673,0.0008521732827323329,-0.00020012262639009656,-0.0001543660054922145,-0.00020670441053757496,-2.1676210923833047e-05,-0.0004385809260100638,-0.0003653351317261778,-0.00030674879694682626,-0.0003661808648664448,-1.0284809086150682e-05,-0.00028726808989010597,-0.0001034734346127007,0.000346343776801664,-4.461512089836843e-05,-0.00019871337600820262,0.00015819385007558322,-3.2663047136133384e-05,-8.87635074631415e-05,2.0923372739897195e-05,-0.00025115224985346234,8.44611318976258e-05,2.9759733530695546e-05,-5.31568305335577e-05
DDM,-3.702426816682341e-05,0.00012126688370458992,-8.199929018135896e-05,-6.933489247400195e-05,-2.596748517895858e-05,7.441625535456436e-05,0.0002938348910480932,8.559869317930313e-05,-5.4189416562281264e-05,3.19394830525832e-05,8.981339273756288e-05,-5.8027656159154184e-05,-7.325007196314926e-05,-5.719585751881665e-05,-6.111341677270143e-05,-0.00028222001616359414,7.102517063987493e-06,-2.63288011604605e-05,0.0001653222756910432,-4.3481440178759246e-05,2.9530977719801026e-05,8.225694512231814e-05,0.00013996741270732774,-4.671885765197248e-05,-0.0006136618613188666,-0.00015662217725653636,4.579761883887155e-05,0.0002947910665197479,-7.560952730093168e-05,-2.4585735893759547e-05,-2.5489050293672655e-05,-2.184753068624754e-05,-9.990772421031568e-05,-0.00010681985851814229,-1.0340236895300549e-05,-5.5897845507330514e-05,4.1002015080223594e-05,-1.9166910133950707e-06,-3.1344525558486694e-05,2.6139677786041622e-05,-9.462439159354757e-06,1.33462877519272e-05,1.9359836770117296e-05,-1.9616577311588844e-05,-8.108339217435358e-06,6.899394062380548e-06,-0.00011820138767310147,-1.1687392531762576e-05,4.6665458404978494e-05,-1.8538383257626276e-05
DOO,7.645770878118678e-05,-8.751614385318163e-05,0.00014044311783129596,0.0001265717744397047,-1.2820345728745741e-05,-7.641214890668413e-05,-0.0002172668535186836,-5.4189416562281264e-05,7.983660385544472e-05,-2.276215631358274e-05,9.391408608019105e-05,8.085880852822277e-05,8.084727746088015e-05,5.778294187073757e-05,5.17731678732391e-05,0.0002091064870596791,-6.268443674670748e-05,1.7150111901895573e-06,-0.00019378494214913132,7.959769623680722e-05,6.279841512970704e-05,-6.6448517403805e-05,-2.6209905607457195e-05,5.95084637585301e-05,-0.00037547341841136006,0.0002933617812540709,0.00011431561130141797,1.3905832549174453e-05,7.880278127562285e-05,4.435818317948922e-05,4.961887022709153e-05,8.588733058789807e-05,0.0002048103129365479,6.810574074485676e-05,4.2243433042454775e-05,-5.272524978032481e-06,-9.221510390135086e-05,8.158163845074006e-05,3.53142495493724e-05,-1.9631803233234465e-05,3.526117065363954e-05,-6.680257953408077e-05,-3.92744892216638e-05,1.6184309677112265e-05,0.00012887608059730318,1.3171888191377906e-05,0.00016542800802171737,3.417195678436598e-05,5.489888053662104e-05,4.299668403701527e-05
DORM,0.00013073329355444088,0.00015535077951943027,-7.697702133270035e-05,0.00010606318186725047,-4.228412624521596e-05,6.676121206151945e-05,-7.478258534012991e-05,3.19394830525832e-05,-2.276215631358274e-05,0.00013982389518358163,0.00015423073680819157,-4.576912951340626e-07,-4.260482859159637e-05,-4.256123461947517e-05,-3.586154949528443e-05,1.3639312860179437e-05,-0.00012044197223121991,-3.8046644458308836e-05,2.1856265905162078e-05,2.4985563694105234e-05,0.0001288156259359499,0.0001430114126637836,-7.683436258933973e-05,-2.387735686237633e-05,0.0005453571992876656,-3.514036322755097e-05,7.291539726404569e-05,-6.644403958858878e-05,-5.4454284595506494e-05,4.1465917002816925e-05,5.7618187874983145e-05,2.6589579892484657e-05,-1.2384410477599785e-05,-1.6895118092011057e-05,0.00021851613153318856,0.00015688312440891955,4.9798349465567554e-05,0.00016966654523668229,-1.4190765164323002e-05,-9.578639750506971e-05,9.287309561613803e-07,-2.804156548940518e-05,-1.0966964785686701e-05,1.314205358331771e-05,-4.344133247879583e-05,-5.430168201045936e-05,-2.922341677995985e-05,-0.00012661103904089763,0.00012063336363912731,-1.693624233604385e-05
FHI,0.00028193288074449956,0.0001927503154893343,0.00017398068791624533,0.00032475164056450657,-0.00014947865288223732,3.321111837603883e-05,3.4202255004470524e-05,8.981339273756288e-05,9.391408608019105e-05,0.00015423073680819157,0.0007254673634025239,0.000111192170973275,2.6350683386335453e-05,-6.092134888874967e-06,-3.398425545024195e-05,-8.878400908696765e-05,-0.000314395426700875,-0.00010480931796338577,-0.00018184567911032424,0.0001691843319196553,0.000439371233948663,0.00014140235545761847,0.0002053047400260544,5.391545169083034e-05,-0.0024280484157344767,0.0005112019565846667,0.0006068888912382294,0.0007847022084457155,2.0280123262572853e-06,0.00012449106328399473,0.00015422466156858174,0.00026795606506532847,0.0004011469342471771,-8.43555684178396e-05,0.0003407279824207401,-1.1538167964743023e-05,-0.0001577188056920993,0.0004432748094736141,1.771072878843952e-05,-8.13753251886944e-05,9.454208266992585e-05,-0.00024363395934606623,-8.540995680241744e-05,1.831993868415195e-05,0.00036534710797228224,2.8902142221889493e-06,0.00021634827856187642,-4.8372000779763126e-05,0.0004446471270100825,7.733692164349128e-05
FLEH,9.826672103567872e-05,-8.598888341797165e-05,0.00014614890834120555,0.00013204807233917285,-3.912283422402657e-06,-5.141736326580983e-05,-0.0002389563079373743,-5.8027656159154184e-05,8.085880852822277e-05,-4.576912951340626e-07,0.000111192170973275,8.940274968849127e-05,8.420807024602997e-05,5.983235056668717e-05,5.078753369440814e-05,0.0002212029310109757,-8.66847265812675e-05,3.9850505185572634e-07,-0.00022794415179672596,8.495558759890694e-05,0.00010278203086597551,-6.331148794706926e-05,-8.793435579283599e-05,7.210022996768243e-05,-0.00018022499424241468,0.00029774031979530477,0.0001478060545676458,-6.688258593824049e-05,8.195712759556808e-05,5.7279294821483204e-05,6.300770927088051e-05,0.00011045912241695297,0.0002167607091616019,8.12548423143922e-05,9.253407671998791e-05,3.724150290022669e-05,-0.00010405071223847524,0.00011499017225751273,3.738668648636875e-05,-2.852380687777585e-05,3.7879651150548656e-05,-0.0001118129361264659,-3.774752970101839e-05,2.8662279120740936e-05,0.00011630447087220824,-6.477573623088419e-06,0.0002003949182673634,7.645842922747273e-06,8.010851575199643e-05,4.365655780553866e-05
GBF,4.959087252672083e-05,-0.00014020407614544694,0.000156899642912532,8.251619483589685e-05,1.9920585120409904e-05,-6.443672212818897e-05,-0.00022478573008817202,-7.325007196314926e-05,8.084727746088015e-05,-4.260482859159637e-05,2.6350683386335453e-05,8.420807024602997e-05,9.464543905313562e-05,7.21370378476368e-05,6.220913860644552e-05,0.00022483020014363634,-3.95145917404633e-05,1.723525004856286e-05,-0.0002304695971756715,6.813420797598367e-05,4.980659025333497e-05,-0.00011055078113447818,-9.679760013667331e-05,7.834402970908519e-05,-0.00011910092393776245,0.00027385226885963995,9.743141050352453e-05,-0.0001211791977510867,9.71855107716399e-05,4.1130855491462624e-05,4.057925385860479e-05,9.223375081994929e-05,0.0001963886625283454,9.445905405117652e-05,2.4030372857907376e-05,6.4472604887926635e-06,-0.00011039902971558675,4.845739609110964e-05,4.0495461663328684e-05,8.668443478266778e-07,3.205843531561014e-05,-0.00010060690127086208,-2.8533910488739032e-05,2.7221207588373817e-05,0.00010054586676144035,2.781029963424526e-06,0.00020321238632539543,3.8117877379655366e-05,2.498913600616907e-05,4.327293723924793e-05
HYLB,1.9465605507821286e-05,-0.00012126826254392346,0.00011963599151053294,3.726069114277962e-05,2.6226854651703994e-05,-4.241490922370449e-05,-0.00014902090043063915,-5.719585751881665e-05,5.778294187073757e-05,-4.256123461947517e-05,-6.092134888874967e-06,5.983235056668717e-05,7.21370378476368e-05,5.666334533802693e-05,4.759636903537736e-05,0.00015514505227145028,-1.5276557362258266e-05,1.8252409971254025e-05,-0.00017364171409422723,4.2659927952692564e-05,2.7637369389754156e-05,-9.80605661213595e-05,-8.420002261303169e-05,6.237694589016607e-05,-5.5191603097519496e-05,0.0001874202000321339,6.443465184582302e-05,-0.0001166544716033741,7.59572166317489e-05,2.5888043335656664e-05,2.275320234588989e-05,6.725260940117374e-05,0.0001363103393302,7.343220856354555e-05,1.0515946423283795e-06,-1.149992549296137e-06,-8.702384696439603e-05,1.6486929360764802e-05,3.0439002597855116e-05,1.3141066123899633e-05,2.1836522372466937e-05,-8.297339126609906e-05,-1.5784775259919632e-05,2.205468191694449e-05,6.546927447851662e-05,1.3170095400776845e-06,0.00015673416427238886,3.4318850113104016e-05,5.011615597110447e-06,3.156446925282858e-05
IDHQ,2.9399313569468203e-05,-9.538803803749309e-05,8.356686425546225e-05,6.731595829560368e-05,8.754870081194531e-06,-7.243685905067308e-05,-0.0002096763245467786,-6.111341677270143e-05,5.17731678732391e-05,-3.586154949528443e-05,-3.398425545024195e-05,5.078753369440814e-05,6.220913860644552e-05,4.759636903537736e-05,4.895051995771481e-05,0.0002063960366392005,-8.861479325282623e-06,1.644444895704793e-05,-0.00013179195677544983,4.2869719415318536e-05,-1.6987428706598255e-05,-6.855198423937387e-05,-5.913502474639791e-05,3.8047787009060166e-05,0.00014492184872174577,0.00016538914872460115,-7.670298652210681e-06,-0.00012597008155395853,6.336984756604924e-05,1.97090331634717e-05,2.0983340817825627e-05,2.5945621947962163e-05,0.00010679589105368382,7.272268734072431e-05,-7.339974402181282e-06,9.07093964420237e-06,-4.498398110086779e-05,6.374680382163516e-06,2.6468002760880942e-05,-1.3524295966774134e-05,1.3879662388036596e-05,-8.772454256778938e-06,-2.153472594263043e-05,1.0292420313198043e-05,4.561396297594261e-05,8.507431732041693e-06,9.828448611878907e-05,2.9060896665443246e-05,-2.2989839250555146e-05,2.219103100876271e-05
INFU,0.00033828414032105035,-0.00020119869634335026,0.0001970585160125815,0.000565645920607967,-6.517239296082433e-05,-0.00038359325626020365,-0.0013530456573547101,-0.00028222001616359414,0.0002091064870596791,1.3639312860179437e-05,-8.878400908696765e-05,0.0002212029310109757,0.00022483020014363634,0.00015514505227145028,0.0002063960366392005,0.0012295571233313114,-0.00016596503977559364,3.1197944061171176e-05,-0.0004878174711841605,0.00024348515473320584,-8.625746545474366e-05,-6.841940090098966e-05,-0.0003111639885121641,7.71728174423662e-05,0.002138576901791675,0.0007007177123647454,-0.00020622678169824075,-0.0007629184097586786,0.0002073444255296586,0.00012687350081048448,0.00016779070918147157,1.6897525868585992e-05,0.0004116847786395846,0.00034331463844357904,0.00019938676471567307,0.00027582433454923985,-1.7188775968032436e-05,0.0001994592611703508,0.00010128434484673874,-0.00027632692771733424,4.17318486203643e-05,0.0001791792595547731,-0.0001395816365908937,2.751721338494998e-05,9.96374654133046e-05,-3.980009484627018e-07,0.00025313999537378897,-2.8601891778205015e-05,-6.997868860244286e-05,5.674461837030903e-05
KELYB,-0.00021275421120226442,-7.475672003178866e-05,-8.784183837283254e-05,-0.00023192354210499082,5.9688482293801435e-05,-7.945363114613447e-06,0.00023058829065369254,7.102517063987493e-06,-6.268443674670748e-05,-0.00012044197223121991,-0.000314395426700875,-8.66847265812675e-05,-3.95145917404633e-05,-1.5276557362258266e-05,-8.861479325282623e-06,-0.00016596503977559364,0.0002013745654287334,4.393197912998414e-05,0.00018704843131490652,-0.0001115326474758154,-0.0002377802990677684,-7.490289626133878e-05,7.76317979002114e-05,-4.6185233191724766e-05,0.00019572952848307727,-0.00029284389377830586,-0.0002625426308409668,-4.646259295539056e-05,-2.5320275500740176e-05,-9.266738391077951e-05,-0.0001134951556410794,-0.00014552731903528618,-0.00022575502814656278,-3.514899806425157e-05,-0.00027503996572691937,-0.00013065524440579235,7.027992275979483e-05,-0.00027823374928851927,-2.179172186063346e-05,0.00010225836323312555,-4.56241943913293e-05,0.00013972595976997963,5.190177248752899e-05,-3.2506500619960834e-05,-0.0001236091688839865,3.945555878853194e-05,-0.00016583076588693856,8.697932472443148e-05,-0.00021785497575176516,-3.49670698314749e-05
KEMX,-4.4145427744657326e-05,-6.99670858676057e-05,1.5866122778620153e-05,-5.373403657498933e-05,3.628698139538164e-05,-4.78904234696368e-06,-1.709120600058477e-05,-2.63288011604605e-05,1.7150111901895573e-06,-3.8046644458308836e-05,-0.00010480931796338577,3.9850505185572634e-07,1.723525004856286e-05,1.8252409971254025e-05,1.644444895704793e-05,3.1197944061171176e-05,4.393197912998414e-05,2.1621400961166526e-05,-2.8940624763211198e-05,-1.6368079739249037e-05,-4.614850237660309e-05,-5.775161732731381e-05,-6.0033987749846236e-05,1.5810918239989978e-05,0.0002803800758533806,-2.5823129701113795e-05,-5.236401604789103e-05,-0.00014441563911011287,2.3024969801167122e-05,-1.1265277218709324e-05,-1.8430642810807094e-05,-1.0331409887269145e-05,-1.8440919740887488e-05,3.087693710990745e-05,-5.1803684263857895e-05,-4.180892085119588e-06,-1.254631971104056e-05,-6.273842074868686e-05,6.129110961600908e-06,2.6747422988319392e-05,-6.457136116820952e-06,-9.380878405701612e-06,1.1708510384766807e-05,6.623311432222131e-06,-3.292830052151807e-05,-2.161269045380125e-06,2.5884564990979587e-05,1.9069131261249025e-05,-5.841714375111543e-05,-7.565057669239828e-07
KORU,-0.00018696520381381222,0.00031574151035580826,-0.00040730024491489526,-0.00019604710925683782,-7.63899512253139e-05,3.932662683604375e-05,0.0005128060731748018,0.0001653222756910432,-0.00019378494214913132,2.1856265905162078e-05,-0.00018184567911032424,-0.00022794415179672596,-0.0002304695971756715,-0.00017364171409422723,-0.00013179195677544983,-0.0004878174711841605,0.00018704843131490652,-2.8940624763211198e-05,0.0006631732837596911,-0.00017853624416204925,-0.0002988600928398161,0.00025132150665294485,0.0004116125806058365,-0.00023635059623067797,-8.938154724599128e-06,-0.0006731510991022243,-0.0004185378985021201,0.00045783341262112975,-0.00023611628952505088,-0.0001441639332321851,-0.00014262541086750445,-0.00033196313124271207,-0.0005234140443784384,-0.0002451580359522431,-0.00023655771456462332,-0.00013527567066011048,0.0003267374849562464,-0.00024718557281103263,-0.00010074068390783991,8.356603530318152e-06,-9.199376352992315e-05,0.0004390273462785877,5.944046570183802e-05,-0.00010967686494340887,-0.00022507220475693747,5.982718540754569e-05,-0.0006212062493746015,-4.634535210157111e-06,-0.0001849657308975654,-0.00011096206337137613
LSTR,0.00013632945752522688,-2.138135698614427e-05,0.00011519450819358313,0.0001988586033746372,-4.62850358226019e-05,-8.050310661110835e-05,-0.0002762034066352059,-4.3481440178759246e-05,7.959769623680722e-05,2.4985563694105234e-05,0.0001691843319196553,8.495558759890694e-05,6.813420797598367e-05,4.2659927952692564e-05,4.2869719415318536e-05,0.00024348515473320584,-0.0001115326474758154,-1.6368079739249037e-05,-0.00017853624416204925,0.00010026596354379102,9.763835973950225e-05,-4.346723447611501e-06,-1.0497355114614551e-05,4.305904268053497e-05,-0.0003186179993873203,0.0003166463322774721,0.0001323407480050037,5.56749452226178e-05,5.965732451372407e-05,6.0191196641941086e-05,7.452146003195554e-05,8.680929532591435e-05,0.00021775198018803818,5.831564351418858e-05,0.00011344325791560033,3.574308753094378e-05,-6.684927431539407e-05,0.00014957728773866123,3.149310439090337e-05,-6.597458304541096e-05,3.826322851116157e-05,-4.349546440532308e-05,-5.3145181394212836e-05,1.2913572737348365e-05,0.0001371954068531029,6.352528864873093e-06,0.00013954372484869436,-9.8119093998734e-07,9.944357543916056e-05,3.980426669012804e-05
LXU,0.00018338161755354393,2.8714469566687925e-05,0.0001805148680373597,0.00010745526239100456,1.2640121731905774e-06,0.0001574286601571098,4.804486055465644e-05,2.9530977719801026e-05,6.279841512970704e-05,0.0001288156259359499,0.000439371233948663,0.00010278203086597551,4.980659025333497e-05,2.7637369389754156e-05,-1.6987428706598255e-05,-8.625746545474366e-05,-0.0002377802990677684,-4.614850237660309e-05,-0.0002988600928398161,9.763835973950225e-05,0.00042644123896059735,6.1711572460792954e-06,-0.00017933313634391728,0.00012195109456318551,-0.0008159627316956406,0.00030482434020289817,0.0005371943617239153,7.965895738018417e-05,4.388015749486972e-05,0.00011504686290130374,0.00012086036695050783,0.00029347235585166587,0.0002921011527494946,1.5823796930038556e-05,0.00034310064901411225,0.00012127082103657836,-0.00020340737639760445,0.00033544118186422476,2.578999520754097e-05,-1.262312430756672e-05,6.922402403942404e-05,-0.0004204462733278268,-2.2854835008724794e-05,7.68497580640046e-05,0.00016557002093144581,-8.089186555599844e-05,0.0003487344620436544,-9.970131934980365e-05,0.00034243537264207067,5.84752119220122e-05
MRVL,0.00010338542081505625,0.00028204916982077244,-0.00020358584710629982,0.0001257675427555244,-0.00010986307987890915,1.3341653309803531e-05,7.840488059851586e-06,8.225694512231814e-05,-6.6448517403805e-05,0.0001430114126637836,0.00014140235545761847,-6.331148794706926e-05,-0.00011055078113447818,-9.80605661213595e-05,-6.855198423937387e-05,-6.841940090098966e-05,-7.490289626133878e-05,-5.775161732731381e-05,0.00025132150665294485,-4.346723447611501e-06,6.1711572460792954e-06,0.00025051131857283643,0.0001528196741456223,-0.00011853456743102133,0.00024801885771643257,-0.00016756857447867518,-8.284846945996826e-05,0.00022583852723280295,-0.00012947634140019585,-1.912878841324497e-06,2.269768077805349e-05,-0.00010083233084085818,-0.00014023315533608622,-0.00010281758666901735,0.00012885472074855402,8.174834436188839e-05,0.0001737702403647367,0.00010870180277418507,-4.3488270139566736e-05,-0.00012353145781344088,-2.2627237363481696e-05,0.00019223159786081506,-1.54593320242467e-05,-4.04650509250405e-05,-6.193352104018663e-05,-6.493282697533139e-06,-0.0002651361943165837,-0.00010624371120663896,6.397978244334749e-05,-4.6255312324928144e-05
NEPH,-7.568913500916058e-05,0.00021709743965601423,-0.00010071978158347289,7.63853577097956e-05,-0.00018525046341459373,-0.000167373269027229,0.00036204352105061616,0.00013996741270732774,-2.6209905607457195e-05,-7.683436258933973e-05,0.0002053047400260544,-8.793435579283599e-05,-9.679760013667331e-05,-8.420002261303169e-05,-5.913502474639791e-05,-0.0003111639885121641,7.76317979002114e-05,-6.0033987749846236e-05,0.0004116125806058365,-1.0497355114614551e-05,-0.00017933313634391728,0.0001528196741456223,0.0007509488945316632,-0.00015800204461228974,-0.002858832148959654,7.146299498246437e-06,-8.275198904027025e-05,0.0012376345983674236,-0.00011155987799506948,-8.348657725777944e-05,-6.883029061868766e-05,-0.00016794590626190725,-6.133374472142358e-05,-0.00023920039351895656,-0.00028560610209845457,-0.0003843439950544218,0.00012959931056275953,-0.00010032221957218809,-4.342162788682363e-05,2.0753505152973087e-05,-1.7372213360523174e-06,0.0003861642422581066,-3.9886436156556134e-05,-0.00012883329895501132,0.00021931567888402558,0.00017765729990931804,-0.00038643025414159123,0.00017622769346514692,-1.6758171041190913e-05,-3.416263420361498e-06
NLR,2.630416556892259e-05,-0.00013473826324153512,0.00015683106845670614,1.437695627644117e-06,5.1649257564697854e-05,2.499747968186787e-05,-6.882507217042778e-05,-4.671885765197248e-05,5.95084637585301e-05,-2.387735686237633e-05,5.391545169083034e-05,7.210022996768243e-05,7.834402970908519e-05,6.237694589016607e-05,3.8047787009060166e-05,7.71728174423662e-05,-4.6185233191724766e-05,1.5810918239989978e-05,-0.00023635059623067797,4.305904268053497e-05,0.00012195109456318551,-0.00011853456743102133,-0.00015800204461228974,9.712369353171503e-05,-0.00015833608382869393,0.00019941806111697312,0.0001852726195785851,-0.00015234455531048342,8.464764214017036e-05,4.315999807205041e-05,3.546820330607157e-05,0.00013626664612014324,0.0001706553243687983,7.507916924168916e-05,6.0206529167526616e-05,2.355210508708238e-05,-0.00014175129761479223,6.176249298320825e-05,3.342774697023568e-05,3.712429053032338e-05,3.2469859491514056e-05,-0.00021044801664542323,-5.6860200808947356e-06,4.5588177798265786e-05,7.480501479060475e-05,-2.568276849084736e-05,0.0002443785647439472,1.2243720468301691e-05,6.77664841526242e-05,4.0767391704545e-05
NUWE,0.00020427695788232503,-0.00010221205943206123,-0.0010982154345882732,-0.00016825254928501577,0.0005199535355926432,0.0002325951998849344,-0.002574571769799411,-0.0006136618613188666,-0.00037547341841136006,0.0005453571992876656,-0.0024280484157344767,-0.00018022499424241468,-0.00011910092393776245,-5.5191603097519496e-05,0.00014492184872174577,0.002138576901791675,0.00019572952848307727,0.0002803800758533806,-8.938154724599128e-06,-0.0003186179993873203,-0.0008159627316956406,0.00024801885771643257,-0.002858832148959654,-0.00015833608382869393,0.021433295368042227,-0.0019489814349868892,-0.0022842805296173175,-0.006515062852213654,-0.00010191204265908772,1.2887484131891207e-06,1.7559004653883614e-05,-0.000775405209372326,-0.001454140780789591,0.0009015115800848968,0.0007877511297290599,0.0021062870220509037,0.0009418115875932134,-0.00032320083201151865,-3.994955517694853e-05,-0.000706352595949343,-0.00038258140076654213,0.0005591397145595127,0.00021709450595709824,0.0002190960424737044,-0.002218582726000249,-0.0006887822533426913,-0.0004736734220433438,-0.0010683609781504716,-0.00110396317054868,-0.00043213000372612257
PCVX,0.00033891061588129214,-0.00022464118775175973,0.000503992324567701,0.0005366365223157793,-9.978337887885946e-05,-0.0002719326894084078,-0.0007459986654067681,-0.00015662217725653636,0.0002933617812540709,-3.514036322755097e-05,0.0005112019565846667,0.00029774031979530477,0.00027385226885963995,0.0001874202000321339,0.00016538914872460115,0.0007007177123647454,-0.00029284389377830586,-2.5823129701113795e-05,-0.0006731510991022243,0.0003166463322774721,0.00030482434020289817,-0.00016756857447867518,7.146299498246437e-06,0.00019941806111697312,-0.0019489814349868892,0.001127088724890879,0.0005160168452203239,0.00030295171521435105,0.00025842622274683104,0.0001786930308847274,0.00020738431651403253,0.0003388061551993126,0.0007895448602737893,0.00019948099150783694,0.0002216414891605264,-3.059673819483706e-05,-0.0003314352694596347,0.00038957427598194493,0.00012144120540187745,-0.0001011427261892423,0.0001417988470027036,-0.00024301558137260895,-0.00016120700521756994,4.949233042225753e-05,0.0005366398969461123,5.5807118716108446e-05,0.0005789050793896602,0.0001072234028646412,0.00029358441479539074,0.00016269241862522686
R,0.00016757391410872753,-4.555314173268668e-05,0.0003337984213425552,9.537975738596828e-05,3.7376951034264e-06,0.0001636325054459924,0.00020638147201305673,4.579761883887155e-05,0.00011431561130141797,7.291539726404569e-05,0.0006068888912382294,0.0001478060545676458,9.743141050352453e-05,6.443465184582302e-05,-7.670298652210681e-06,-0.00020622678169824075,-0.0002625426308409668,-5.236401604789103e-05,-0.0004185378985021201,0.0001323407480050037,0.0005371943617239153,-8.284846945996826e-05,-8.275198904027025e-05,0.0001852726195785851,-0.0022842805296173175,0.0005160168452203239,0.0007784323922778025,0.00041015010807342024,9.529684546898907e-05,0.0001327792174159085,0.00013107615747350834,0.0004138912180446763,0.0004640657392391015,-4.52266637395372e-06,0.0003092375183029422,-9.980076776064472e-06,-0.0003420441156235992,0.000372275060845785,4.503973284691978e-05,6.464596936800485e-05,0.00010907820088547177,-0.0005748006757243516,-3.440394426026155e-05,8.759320570283527e-05,0.00034043883652987525,-5.033139616837546e-05,0.0005088288927952563,-1.9485951883174602e-05,0.0004402019524606194,0.00010673724819950175
RMED,-2.665033703340275e-05,0.00037219805500081116,3.0260599019981846e-05,0.00016293150402229916,-0.00031263712856142837,-0.00013681723724448286,0.0008521732827323329,0.0002947910665197479,1.3905832549174453e-05,-6.644403958858878e-05,0.0007847022084457155,-6.688258593824049e-05,-0.0001211791977510867,-0.0001166544716033741,-0.00012597008155395853,-0.0007629184097586786,-4.646259295539056e-05,-0.00014441563911011287,0.00045783341262112975,5.56749452226178e-05,7.965895738018417e-05,0.00022583852723280295,0.0012376345983674236,-0.00015234455531048342,-0.006515062852213654,0.00030295171521435105,0.00041015010807342024,0.002435798875494987,-0.0001477609923293273,-5.734886195191275e-05,-3.4864585532763196e-05,-4.124777458314107e-06,0.0001762396114050389,-0.00043879495928530256,-0.00026729502998701707,-0.0006643566923735331,-3.7384173723903217e-06,8.51419679371958e-05,-5.2923854069615474e-05,8.94618507221297e-05,6.771434233706726e-05,0.00025137600136500304,-8.162186018211915e-05,-0.00016067282321015873,0.0005909565079352814,0.0002621626615587095,-0.00033654248681485276,0.00027446903551521675,0.0002885884175312047,6.00550363612997e-05
SCHJ,3.048956427218273e-05,-0.00015995943759279503,0.00016290101810574424,5.4610580765982005e-05,3.331639496408517e-05,-5.5936226057272064e-05,-0.00020012262639009656,-7.560952730093168e-05,7.880278127562285e-05,-5.4454284595506494e-05,2.0280123262572853e-06,8.195712759556808e-05,9.71855107716399e-05,7.59572166317489e-05,6.336984756604924e-05,0.0002073444255296586,-2.5320275500740176e-05,2.3024969801167122e-05,-0.00023611628952505088,5.965732451372407e-05,4.388015749486972e-05,-0.00012947634140019585,-0.00011155987799506948,8.464764214017036e-05,-0.00010191204265908772,0.00025842622274683104,9.529684546898907e-05,-0.0001477609923293273,0.00010196777767279871,3.671192185058425e-05,3.293340263876566e-05,9.43380357329218e-05,0.00018852408746299453,9.767345649542371e-05,7.212241873261367e-06,-6.666424912225373e-07,-0.00011905928536720507,2.890950951192573e-05,4.1114169934882856e-05,1.6242163152957112e-05,3.062095528138363e-05,-0.00011549461900383054,-2.2316027493422687e-05,3.0100519005220247e-05,9.24471295071491e-05,1.3599017998711875e-06,0.00021387914227225576,4.474025533089617e-05,1.3292793296767409e-05,4.3387217990984865e-05
SCHM,9.875304707865115e-05,-1.099870224043334e-05,7.549634132528131e-05,0.00010692106058197694,-1.1374829212895166e-05,-3.35581157075941e-06,-0.0001543660054922145,-2.4585735893759547e-05,4.435818317948922e-05,4.1465917002816925e-05,0.00012449106328399473,5.7279294821483204e-05,4.1130855491462624e-05,2.5888043335656664e-05,1.97090331634717e-05,0.00012687350081048448,-9.266738391077951e-05,-1.1265277218709324e-05,-0.0001441639332321851,6.0191196641941086e-05,0.00011504686290130374,-1.912878841324497e-06,-8.348657725777944e-05,4.315999807205041e-05,1.2887484131891207e-06,0.0001786930308847274,0.0001327792174159085,-5.734886195191275e-05,3.671192185058425e-05,4.978375228733736e-05,5.723478124225179e-05,8.703147118014736e-05,0.0001376205752017054,4.46574554396353e-05,0.0001270308320687413,6.858996734813958e-05,-5.949244415264914e-05,0.00012643995472047602,1.9620839244163e-05,-4.049037670860973e-05,2.5764711293224677e-05,-9.654037089899317e-05,-2.530145382967361e-05,2.464979075517657e-05,6.38683810322265e-05,-2.2509710683449784e-05,0.00012924524696658583,-3.30991026385169e-05,9.443172412408574e-05,2.4124173389055444e-05
SMLF,0.0001287220130850883,1.2769766739892883e-05,6.928989471360406e-05,0.0001516771476211164,-2.999618914225961e-05,-1.9994356916381692e-05,-0.00020670441053757496,-2.5489050293672655e-05,4.961887022709153e-05,5.7618187874983145e-05,0.00015422466156858174,6.300770927088051e-05,4.057925385860479e-05,2.275320234588989e-05,2.0983340817825627e-05,0.00016779070918147157,-0.0001134951556410794,-1.8430642810807094e-05,-0.00014262541086750445,7.452146003195554e-05,0.00012086036695050783,2.269768077805349e-05,-6.883029061868766e-05,3.546820330607157e-05,1.7559004653883614e-05,0.00020738431651403253,0.00013107615747350834,-3.4864585532763196e-05,3.293340263876566e-05,5.723478124225179e-05,6.956183614897246e-05,8.364512282922847e-05,0.00015256068331515353,4.528825069104487e-05,0.00015211786009840058,8.258636167181416e-05,-4.736281681297465e-05,0.00015470040726891848,2.007945021514449e-05,-6.511220420713414e-05,2.7973756013478577e-05,-7.329255806533335e-05,-3.537389944284056e-05,2.1134883751858137e-05,7.481628575754759e-05,-2.0800192491432164e-05,0.00011755432278807175,-4.271102243941504e-05,0.00010820317183146661,2.444208202079301e-05
SMPL,0.00010289722614029284,-0.00010167853879975709,0.0002277310400763267,6.02189893998465e-05,3.390807552851056e-05,7.665584169628327e-05,-2.1676210923833047e-05,-2.184753068624754e-05,8.588733058789807e-05,2.6589579892484657e-05,0.00026795606506532847,0.00011045912241695297,9.223375081994929e-05,6.725260940117374e-05,2.5945621947962163e-05,1.6897525868585992e-05,-0.00014552731903528618,-1.0331409887269145e-05,-0.00033196313124271207,8.680929532591435e-05,0.00029347235585166587,-0.00010083233084085818,-0.00016794590626190725,0.00013626664612014324,-0.000775405209372326,0.0003388061551993126,0.0004138912180446763,-4.124777458314107e-06,9.43380357329218e-05,8.703147118014736e-05,8.364512282922847e-05,0.00025016565492753923,0.0002962764455508989,6.12388055938956e-05,0.0001870113166268447,4.3044533656222894e-05,-0.00021908043962010402,0.00020257217003668876,4.12123509104304e-05,3.130980546099423e-05,6.314553829646558e-05,-0.0003584614134227222,-2.0492665543484107e-05,6.749777414150677e-05,0.00016922200837985455,-4.4793985747826345e-05,0.00036296774709267837,-1.5897522876547006e-05,0.00021772678958403616,6.652263951589839e-05
STON,0.00023501697803582914,-0.0001737682152298946,0.00038487757914877684,0.0003328500254104464,-4.344237647851638e-05,-0.0001278926095473684,-0.0004385809260100638,-9.990772421031568e-05,0.0002048103129365479,-1.2384410477599785e-05,0.0004011469342471771,0.0002167607091616019,0.0001963886625283454,0.0001363103393302,0.00010679589105368382,0.0004116847786395846,-0.00022575502814656278,-1.8440919740887488e-05,-0.0005234140443784384,0.00021775198018803818,0.0002921011527494946,-0.00014023315533608622,-6.133374472142358e-05,0.0001706553243687983,-0.001454140780789591,0.0007895448602737893,0.0004640657392391015,0.0001762396114050389,0.00018852408746299453,0.0001376205752017054,0.00015256068331515353,0.0002962764455508989,0.000576559232773824,0.00014020268838678854,0.00019917702601147957,-3.774544787331771e-06,-0.0002809845093341083,0.0003037669474306545,8.712377529275227e-05,-4.402560237625275e-05,0.00010750488364547139,-0.0002842755429389655,-0.00010137921316984781,5.547712133810911e-05,0.00037986067330138165,1.545814543883707e-05,0.0004815562926577341,5.8259459059046695e-05,0.0002553715452877502,0.00012129972485421599
UPH,6.552906735043331e-05,-0.0001509436736723439,0.00011331605027640871,8.331228940900356e-05,4.448242392591711e-05,-5.758947188230343e-05,-0.0003653351317261778,-0.00010681985851814229,6.810574074485676e-05,-1.6895118092011057e-05,-8.43555684178396e-05,8.12548423143922e-05,9.445905405117652e-05,7.343220856354555e-05,7.272268734072431e-05,0.00034331463844357904,-3.514899806425157e-05,3.087693710990745e-05,-0.0002451580359522431,5.831564351418858e-05,1.5823796930038556e-05,-0.00010281758666901735,-0.00023920039351895656,7.507916924168916e-05,0.0009015115800848968,0.00019948099150783694,-4.52266637395372e-06,-0.00043879495928530256,9.767345649542371e-05,4.46574554396353e-05,4.528825069104487e-05,6.12388055938956e-05,0.00014020268838678854,0.0001432385680917044,6.686184366728082e-05,0.0001097078432046225,-7.130635809761852e-05,3.9531103484947735e-05,4.1022533724180765e-05,-3.5123755574453877e-05,1.5988330565358564e-05,-7.939149798471706e-05,-2.0660939106313373e-05,3.933968503454541e-05,1.3104991456034908e-06,-3.0371310078168597e-05,0.00019255160382663995,-1.2295986830318098e-05,-2.394846757646654e-05,2.525169970609319e-05
