,ARLO,AWF,BX,CDE,COW,CREX,DVY,EMNT,EVLMC,EWL,FNDB,FTXG,FUSN,GJO,GPMT,ICFI,KAR,KBNT,LMRKO,LXP,MJ,MJO,NKG,PQIN,PSN,RTX,RYAAY,SABRP,SJR,SMM,SMMD,WEC,WLKP,YY,ZI,ZNGA,ASGI,BMRN,BRID,BSCS,DMF,GFL,MVT,NAKD,NVTA,MLI,RWVG,TYHT,UJB,UYM
ARLO,0.0035649123876530615,0.0002290675652979711,0.00048591741534136784,0.0019222897795265529,-6.037743112752598e-05,-0.0003333162811216745,0.000545761000231787,1.1164502733366115e-06,0.0,0.0004524278759585193,0.000733455608549725,0.00026009118409560026,0.0008118047750930066,0.00013077724991098085,0.0019406010334927872,0.0004102045767019804,0.0025044496260580576,-0.0009511886627945332,7.647106749647856e-05,0.0011401390685762114,0.0019903894001509497,0.002671084471672647,7.682970633214078e-06,0.00018765452085356591,0.0006615558822488834,0.0006585084903093731,-0.0006471663707051513,0.0009245782060282621,0.0009267429122173324,0.0010455606210361438,0.0008940824168302584,0.0008839625773538925,0.0005530674447955503,-3.6554583385619173e-05,0.0018827683541097276,0.00015729438289091886,-0.0003860369901165419,0.001165288450358958,0.0020605706585879254,0.00013770205843401608,0.0003940897884394469,0.0012718068892951606,0.00027937927338730754,0.002358338573242652,0.002653421087695079,0.000826261573918367,0.00035113817810691536,0.00020315624812519662,0.0005869974158811487,0.0014687212983345525
AWF,0.0002290675652979711,2.340831772734837e-05,4.519402379163205e-05,0.00023994553854352792,3.715483741666881e-06,-4.236721709965555e-05,6.77185524216488e-05,3.02986476077317e-07,0.0,4.7782847866114487e-05,7.197288155122702e-05,2.0501051377459835e-05,7.907866049625969e-05,-6.596723450819666e-06,0.00021405364460495762,5.24638960620139e-05,0.0001397755545093356,-0.0003413448930271446,1.7893163416515925e-05,8.252521944961054e-05,0.00016458753158863612,0.00020528086511573522,-1.5025678304019953e-06,1.829403342461291e-05,3.5190202761276167e-05,5.031571181658089e-05,-2.1150234502735826e-05,0.00012007253202003378,8.359832923635076e-05,0.00010783406323146698,8.074591837288004e-05,9.870151597172742e-05,5.6632720558769873e-05,3.0952781595548114e-05,0.00011162569370443823,2.9040673041906885e-05,8.002891854150107e-05,4.4295584073046976e-05,0.00020557586184597303,9.24960394683256e-06,3.284161790473131e-05,0.00012232140449361856,2.720602061514281e-05,0.0001880650023078672,0.00024243671476853555,8.448012392708233e-05,3.29525881534803e-05,9.08176689851873e-05,4.2923576571412476e-05,0.0001563097079045036
BX,0.00048591741534136784,4.519402379163205e-05,0.0003298738563480191,-0.00011513551960098137,-6.686010259746554e-05,0.0001335609911240707,0.0001560617244536698,6.691456699964751e-07,0.0,0.00012478122350751883,0.0001457857956910686,0.00019125080006177458,6.179089886329932e-05,6.729249073855219e-05,0.0004767573999457127,3.461075748709488e-05,0.0004398721523345999,0.00044281396250732375,7.734885788781156e-05,7.997176115869756e-05,0.0001542231875389412,0.00037134485469428097,-3.379777369533512e-05,3.2533275583385635e-05,0.0005278424573595389,0.00015842835349720472,-2.26932577272876e-05,0.0006935087228721723,9.291914625628923e-05,0.00024147979456862168,0.00018131894187684562,0.00022083202220128404,0.00032566766889785895,3.5407158516890784e-05,0.001090958247397109,1.5914491551189526e-05,-3.5244689098589155e-05,0.0001809568358909601,7.073342304380099e-05,1.2089096556840484e-05,0.00010815719950949817,0.00020758574495352257,0.00010960604364928616,9.041634194881031e-05,0.00020258482701905918,0.00010932616826984481,0.0001108917639436906,-0.0003736443738879689,3.8110252631757676e-05,0.00011664438367303009
CDE,0.0019222897795265529,0.00023994553854352792,-0.00011513551960098137,0.003917075337206573,0.00023497559920342443,-0.0009580880403432335,0.0006634890933787911,3.360787789719957e-06,0.0,0.000417389212220661,0.0007146464357353109,-0.0001592994408225093,0.0010139751954316894,-0.00030264723072978203,0.0020832596142606606,0.0007190410369331569,0.0007570025660284629,-0.00666141121746039,0.00010737285133326464,0.000950292178157969,0.001976911793485761,0.002000746677788168,5.142110616382195e-05,0.000191931368769886,-0.0007929988956158342,0.0003317302826110352,-0.00015160829125051333,0.00021170204730739246,0.0009905929403758592,0.001029823230672828,0.0007427769725004541,0.0009609294262617487,7.458674497013734e-05,0.0004572695215436072,-0.0010975755207377044,0.00042266620498784005,0.0015502484979396888,5.1780672343316406e-05,0.002858516008860365,9.677283205797284e-05,0.000214146899886747,0.0013024282954703353,0.00014209388398821055,0.0024391412812908484,0.00303759106145982,0.000991904230996313,0.00022015538580207628,0.0023831621229985006,0.0005038995701016869,0.0020503512751893684
COW,-6.037743112752598e-05,3.715483741666881e-06,-6.686010259746554e-05,0.00023497559920342443,2.8469841969480486e-05,-7.513643498006029e-05,1.0725249577754747e-05,1.4057956443744697e-07,0.0,-1.0086818740985136e-06,7.569698103322619e-06,-4.5067545954976696e-05,3.684043647204974e-05,-3.694003554146236e-05,2.5096839012070653e-05,3.445700260852783e-05,-9.982614499233972e-05,-0.0005293212363925951,-3.478587174819197e-06,1.5320700504769e-05,5.008025823622219e-05,-2.071162280894624e-06,7.417362011280768e-06,3.1747807010291463e-06,-0.00014961574977256746,-2.0549408644782793e-05,1.9227098050985426e-05,-0.00010067488916004565,2.649385063925816e-05,7.952107641049839e-06,-1.2413776378516732e-06,1.1968424675535641e-05,-5.4482185513032004e-05,3.3590734727188305e-05,-0.00028954995612807873,2.4450054890139785e-05,0.00014257745708900867,-6.740682283931453e-05,0.00012533807163490448,1.7048803623287658e-07,-1.2542460160691226e-05,2.3066549716896127e-05,-1.328168586921188e-05,7.709948099044473e-05,9.86437081190906e-05,2.9233290050737334e-05,-1.0472726205158656e-05,0.00021914111915480528,9.37411717372747e-06,8.305255927654271e-05
CREX,-0.0003333162811216745,-4.236721709965555e-05,0.0001335609911240707,-0.0009580880403432335,-7.513643498006029e-05,0.00026921745165200007,-0.00010401789101163709,-5.339074542749945e-07,0.0,-5.828954822932142e-05,-0.0001233010229147689,9.856351997400747e-05,-0.0002220436355548227,8.882505138320919e-05,-0.0003364155096505165,-0.00015709174854668857,-6.632110341663225e-05,0.0016666699158990354,2.171273941089461e-06,-0.0002085938252253902,-0.00042983040822568304,-0.0003721687839898227,-2.380239481925408e-05,-3.528904166353664e-05,0.0003521147615081949,-3.1654760105089024e-05,4.004804014775435e-05,0.00018171050232709314,-0.00020818331415553066,-0.00016613105619361289,-0.0001203646307812271,-0.0001545960545464258,8.822632609631056e-05,-8.846994012085422e-05,0.0005955066817007811,-9.20717832234388e-05,-0.00034997122244935665,2.7643045841563204e-05,-0.0006581202805567474,-2.0302894234695586e-05,-1.7628236687151413e-05,-0.00024417495470299347,1.5187550284079672e-06,-0.000564092749555704,-0.0006638180763816564,-0.00020033948018202327,-1.7030138369706556e-05,-0.0006706425072630598,-0.00011176315629709162,-0.00044813760051894206
DVY,0.000545761000231787,6.77185524216488e-05,0.0001560617244536698,0.0006634890933787911,1.0725249577754747e-05,-0.00010401789101163709,0.0002097637358618763,1.0573925088898746e-06,0.0,0.00014356738305677623,0.0002063468481224805,7.216422440436154e-05,0.00021426868001722776,-2.7439559638248083e-05,0.0006411489519310868,0.00015323662474956215,0.00031996838252857084,-0.0010748060510927398,6.60489038136387e-05,0.0001984294220121558,0.00042128611480833704,0.0005296859470091183,-1.0151718988485061e-05,5.178891602599548e-05,0.00012814851409423934,0.00013763267171339918,-1.8343372059312697e-05,0.00042633688005200537,0.00022352440330451095,0.00031687622471933825,0.00022707121807209797,0.00029676134176992577,0.00019010815042268836,0.00011794326439635208,0.0003558414713979059,9.087214072871436e-05,0.00031652561077689944,7.211179965192332e-05,0.0005507464810106256,2.170316161147322e-05,9.370786112731686e-05,0.0003435023947619524,8.43960381762447e-05,0.00046324038755802004,0.000643287450536557,0.0002379295886396984,9.840025084720825e-05,0.0002596217734751187,0.0001033426809397171,0.00043541762506183693
EMNT,1.1164502733366115e-06,3.02986476077317e-07,6.691456699964751e-07,3.360787789719957e-06,1.4057956443744697e-07,-5.339074542749945e-07,1.0573925088898746e-06,6.591184429396443e-09,0.0,6.595381737712352e-07,8.943993238780859e-07,2.723877900164416e-07,9.150731864567406e-07,-3.139460688711645e-07,3.0271002075965634e-06,7.851300973823442e-07,3.0121066402413145e-07,-7.139741525565744e-06,3.970901014642732e-07,5.492452238050637e-07,1.4938678055970682e-06,1.7037822465829275e-06,-6.976080340741849e-08,2.2288030238660302e-07,2.829211461530313e-07,4.5278685481139334e-07,3.6079512250772906e-07,2.1868240628074844e-06,8.86881196397967e-07,1.4294958008807998e-06,9.132086874146244e-07,1.4118020996266912e-06,8.648280624149537e-07,8.66887368504052e-07,8.519364921066917e-07,5.31488533691895e-07,2.578046330821124e-06,-4.060066852922461e-07,2.395340117454812e-06,4.9398202067247754e-08,3.4901122042853557e-07,1.4600971048413526e-06,3.6787048028354287e-07,1.5362643629458846e-06,2.580097992949012e-06,1.0617243058043915e-06,4.143534647206121e-07,1.8163223555114444e-06,2.921073136896695e-07,1.9980220721325964e-06
EVLMC,0.0,0.0,0.0,0.0,0.0,0.0,0.0,0.0,0.0,0.0,0.0,0.0,0.0,0.0,0.0,0.0,0.0,0.0,0.0,0.0,0.0,0.0,0.0,0.0,0.0,0.0,0.0,0.0,0.0,0.0,0.0,0.0,0.0,0.0,0.0,0.0,0.0,0.0,0.0,0.0,0.0,0.0,0.0,0.0,0.0,0.0,0.0,0.0,0.0,0.0
EWL,0.0004524278759585193,4.7782847866114487e-05,0.00012478122350751883,0.000417389212220661,-1.0086818740985136e-06,-5.828954822932142e-05,0.00014356738305677623,6.595381737712352e-07,0.0,0.00010223472767418397,0.00014738607272887178,6.166849073142906e-05,0.0001483687484318575,-5.6268831327376646e-06,0.00044809841845902645,9.96104365558995e-05,0.0002904433525887927,-0.0005840569386189699,4.396217149439351e-05,0.00015227596891020657,0.0003075049565700731,0.00040503279818714625,-7.65595111848871e-06,3.682362087639882e-05,0.00012974633364537215,0.00010844673062836103,-3.3656544129272955e-05,0.00031232738533170615,0.00015953283141581943,0.00022483209762656493,0.00016664614374768168,0.00020693099977436098,0.00014524590999566688,6.5271287345141e-05,0.00033511816644715226,5.580840512918224e-05,0.00015605414632814183,9.179730053598334e-05,0.00037418965805034916,1.733709548083182e-05,7.200551952225848e-05,0.0002445831567958333,6.314171730684275e-05,0.00033827564831992625,0.00045403460693612524,0.00016508968121739618,7.328073113142141e-05,0.00012115620735543143,7.882169748325786e-05,0.0002946901258711973
FNDB,0.000733455608549725,7.197288155122702e-05,0.0001457857956910686,0.0007146464357353109,7.569698103322619e-06,-0.0001233010229147689,0.0002063468481224805,8.943993238780859e-07,0.0,0.00014738607272887178,0.00022207772274488873,6.798604423735523e-05,0.00024173555708494198,-1.4190146065872762e-05,0.0006564191198711114,0.00015749688415063915,0.00045802385970665786,-0.0009720114191511164,5.396365162056889e-05,0.00025886572631490475,0.0005101343145616852,0.0006446190451245349,-4.896420283525625e-06,5.636359134381723e-05,0.00012611879293251334,0.00015972117231698196,-7.393135861297118e-05,0.0003751005099143226,0.00025767778870610595,0.00033215874405822794,0.0002510913505512184,0.0003024728082248345,0.0001793658990276953,8.737271611896651e-05,0.00038128595274642633,8.56205682933814e-05,0.00021663174983698778,0.0001540482680408915,0.000625180232504601,2.930065690641938e-05,0.00010360905943041727,0.00037699045972285593,8.531725801325292e-05,0.0005825980657710901,0.0007449184821667326,0.000258430999429941,0.00010307692171604066,0.0002513285970631062,0.00013443045291631028,0.0004748047200594206
FTXG,0.00026009118409560026,2.0501051377459835e-05,0.00019125080006177458,-0.0001592994408225093,-4.5067545954976696e-05,9.856351997400747e-05,7.216422440436154e-05,2.723877900164416e-07,0.0,6.166849073142906e-05,6.798604423735523e-05,0.00011355641058703108,1.377051111079255e-05,4.867741897158806e-05,0.00022310874423005507,2.0328213613415543e-06,0.00025575187894355105,0.0004434450372089721,3.982742375553712e-05,3.115082462842268e-05,5.191961023651943e-05,0.0001804754553008961,-1.9947026512613686e-05,1.4503364362586472e-05,0.0003240556847265969,8.617214246606287e-05,-1.8030868800724863e-05,0.00038561886614384686,3.336440645760034e-05,0.00011486668909309925,8.904138179401368e-05,0.00010322951236987482,0.00018385372447137592,3.688074068944762e-06,0.0006605165489733998,-2.5950270517687863e-06,-7.629906728602267e-05,0.00011593688623467488,-2.122493276526328e-05,5.674167207727405e-06,5.8319597423625966e-05,9.121980966466625e-05,5.9580175387460416e-05,8.11857075109449e-06,5.440575248136825e-05,4.059520301480961e-05,5.890396609661139e-05,-0.0002780058637062814,1.3891742151981242e-05,2.0484180629399657e-05
FUSN,0.0008118047750930066,7.907866049625969e-05,6.179089886329932e-05,0.0010139751954316894,3.684043647204974e-05,-0.0002220436355548227,0.00021426868001722776,9.150731864567406e-07,0.0,0.0001483687484318575,0.00024173555708494198,1.377051111079255e-05,0.00030343413377790585,-4.479312372731489e-05,0.0006925061499609074,0.00019844799081863388,0.00045417855706302295,-0.0014754282759165127,4.0022771521073934e-05,0.0003228386383593028,0.0006341744874560956,0.000730377424036042,7.65187861797838e-06,6.322254693498715e-05,-4.371835989313284e-05,0.00015342523078312048,-9.655714392592537e-05,0.00021891388431891963,0.00031306400171020776,0.00035117223383020126,0.00026735657371602267,0.0003184900372014445,0.00010862799580327659,9.985270161557374e-05,7.528867721936098e-05,0.00010820655663131099,0.00029457112049336386,0.00014339921108729014,0.0008211060784970871,3.5399654848268714e-05,9.68527894416731e-05,0.00042723609963543066,7.064484048066161e-05,0.0007608861103583599,0.0009320324430621477,0.000305919987904255,9.444645905931313e-05,0.0004882238340895793,0.00016899992255455247,0.0005962651423798748
GJO,0.00013077724991098085,-6.596723450819666e-06,6.729249073855219e-05,-0.00030264723072978203,-3.694003554146236e-05,8.882505138320919e-05,-2.7439559638248083e-05,-3.139460688711645e-07,0.0,-5.6268831327376646e-06,-1.4190146065872762e-05,4.867741897158806e-05,-4.479312372731489e-05,5.314193598804474e-05,-6.21434083668239e-05,-4.932250578379463e-05,0.0001688148172834368,0.0007609710522885173,-5.5484090171065424e-06,-1.7271304996079517e-06,-4.404485766091948e-05,2.561363971159358e-05,-5.924169335045125e-06,-4.818164605313484e-06,0.00017402714817508775,2.736854082302559e-05,-4.90495386038465e-05,7.258118356823487e-05,-2.9506367274950444e-05,-2.1563723728791093e-05,-7.042749312584153e-07,-2.984464961288316e-05,4.988768977001131e-05,-6.284115352277211e-05,0.0003443591160484461,-3.788753682433976e-05,-0.00024125738784036652,0.00011729031723153155,-0.0001507280880349258,2.123491232658588e-06,1.4398994147879822e-05,-3.2902414114353904e-05,1.1556693096976787e-05,-6.494945892288943e-05,-0.0001106721191047541,-4.027557573581409e-05,9.07972559101716e-06,-0.0002873825207343292,-2.7895892165304914e-06,-0.00010891050474450274
GPMT,0.0019406010334927872,0.00021405364460495762,0.0004767573999457127,0.0020832596142606606,2.5096839012070653e-05,-0.0003364155096505165,0.0006411489519310868,3.0271002075965634e-06,0.0,0.00044809841845902645,0.0006564191198711114,0.00022310874423005507,0.0006925061499609074,-6.21434083668239e-05,0.0019948136758484595,0.00047377193032239074,0.0011834929829187737,-0.003108672444035283,0.00018819884752335316,0.0006902358509434522,0.0014107669519042901,0.001786736056436529,-2.5340926156525906e-05,0.00016540835230516676,0.0004126436008076495,0.0004566275206471386,-0.00013286681983301654,0.0012607547356715061,0.0007313089922159819,0.0009967525713943655,0.0007325222334375325,0.0009214710759321267,0.0005795162995883743,0.0003188245329976876,0.0011702050914701107,0.0002701051967607214,0.0008249534587663845,0.00034011858656109227,0.001780973479720067,7.700469035440049e-05,0.0003038907217715601,0.001101012689398411,0.00026335576309271657,0.0015770368092169744,0.0021060903127917223,0.0007572801779989411,0.000311162330685517,0.000760631176745453,0.0003587765422347572,0.0013843704582598843
ICFI,0.0004102045767019804,5.24638960620139e-05,3.461075748709488e-05,0.0007190410369331569,3.445700260852783e-05,-0.00015709174854668857,0.00015323662474956215,7.851300973823442e-07,0.0,9.96104365558995e-05,0.00015749688415063915,2.0328213613415543e-06,0.00019844799081863388,-4.932250578379463e-05,0.00047377193032239074,0.0001422328338350919,0.00018987088618470355,-0.0012197440784764296,3.571050395347611e-05,0.00018272497476727874,0.0003854611107039196,0.0004207306171054332,3.1865319394328794e-06,4.113407805491747e-05,-6.377933236215578e-05,8.517436475897638e-05,-2.1646163541913236e-05,0.0001653442540417057,0.00019779831813595641,0.00023362074510797155,0.00016709698497744725,0.00021895088988939772,7.025014640711858e-05,9.929435056206266e-05,-3.42972646619493e-05,8.441877305532631e-05,0.00031020177480943777,2.350552527561962e-05,0.0005429335082049402,1.897294868589787e-05,5.682490094484306e-05,0.00027646500195205683,4.508847421588261e-05,0.0004571316050903131,0.0005935336167406653,0.0002034807538061133,5.946525789972347e-05,0.00039510326182938364,9.637182756186947e-05,0.0004031233794306693
KAR,0.0025044496260580576,0.0001397755545093356,0.0004398721523345999,0.0007570025660284629,-9.982614499233972e-05,-6.632110341663225e-05,0.00031996838252857084,3.0121066402413145e-07,0.0,0.0002904433525887927,0.00045802385970665786,0.00025575187894355105,0.00045417855706302295,0.0001688148172834368,0.0011834929829187737,0.00018987088618470355,0.001883731256068685,0.0005759296177578842,4.743430310989907e-05,0.0007287993791289082,0.0012122511023503753,0.0017688761913668507,-7.124573680480917e-06,0.00011496562671075116,0.000729505762003064,0.00047380108519783,-0.0004864446923261912,0.0007600819692003336,0.0005529279506291518,0.00065405151318751,0.0005834982921802625,0.0005371314639411686,0.0004560737649394036,-0.00011396710495498088,0.001812124228372331,4.465615536113644e-05,-0.0006094409896878401,0.0009322544712098712,0.0010894110554974404,9.173748939203042e-05,0.0002818259062494741,0.000777597404454725,0.0002048685052577024,0.0014086825030872941,0.001538040659230661,0.00047453156842032637,0.0002468461787361537,-0.00033575854339267766,0.00037209203893822556,0.000780443849384329
KBNT,-0.0009511886627945332,-0.0003413448930271446,0.00044281396250732375,-0.00666141121746039,-0.0005293212363925951,0.0016666699158990354,-0.0010748060510927398,-7.139741525565744e-06,0.0,-0.0005840569386189699,-0.0009720114191511164,0.0004434450372089721,-0.0014754282759165127,0.0007609710522885173,-0.003108672444035283,-0.0012197440784764296,0.0005759296177578842,0.01363027189640677,-0.00024362078272938137,-0.000986139228753453,-0.002461253138441713,-0.001996473934424471,-7.186177784403008e-05,-0.00026420831295345773,0.0019659079290354825,-0.00019707405361854173,-0.0003477580198450056,-0.00020962357656130476,-0.001328546515754501,-0.001447378400022047,-0.000896529205917024,-0.0014472922626280467,8.990504661293422e-05,-0.0011199967591793113,0.0034020912630850627,-0.0008051287080774852,-0.00391910369874322,0.00097770664565064,-0.004299900027085129,-8.076087156688636e-05,-0.00016798702009238102,-0.0017803571874601626,-0.0001327071523065108,-0.0030363536661896133,-0.004193384625794039,-0.0014607500552813598,-0.00023225708177012738,-0.004794747203550805,-0.0005377258814708898,-0.00316605731899941
LMRKO,7.647106749647856e-05,1.7893163416515925e-05,7.734885788781156e-05,0.00010737285133326464,-3.478587174819197e-06,2.171273941089461e-06,6.60489038136387e-05,3.970901014642732e-07,0.0,4.396217149439351e-05,5.396365162056889e-05,3.982742375553712e-05,4.0022771521073934e-05,-5.5484090171065424e-06,0.00018819884752335316,3.571050395347611e-05,4.743430310989907e-05,-0.00024362078272938137,2.982335248923889e-05,2.1045271260086095e-05,6.388066176880492e-05,9.861279626351233e-05,-8.85832497958664e-06,1.275378601417338e-05,8.908588019785577e-05,3.673575889783602e-05,2.2878464928729637e-05,0.0002001907883150651,4.2040132237804675e-05,8.956626015590396e-05,5.8176565196105744e-05,8.784783122407866e-05,8.469196282465902e-05,4.644744779207848e-05,0.00018861558605969643,2.4787040858848557e-05,0.0001194419816211138,-7.0692944412376316e-06,9.090432123820126e-05,2.1544428017338683e-06,2.777252765752353e-05,8.19979412931045e-05,3.063363994803264e-05,4.981453669501688e-05,0.00011190529178962165,5.434168210790419e-05,3.189822141481492e-05,1.9997137124888327e-05,1.0767207571019831e-05,8.904788501362952e-05
LXP,0.0011401390685762114,8.252521944961054e-05,7.997176115869756e-05,0.000950292178157969,1.5320700504769e-05,-0.0002085938252253902,0.0001984294220121558,5.492452238050637e-07,0.0,0.00015227596891020657,0.00025886572631490475,3.115082462842268e-05,0.0003228386383593028,-1.7271304996079517e-06,0.0006902358509434522,0.00018272497476727874,0.0007287993791289082,-0.000986139228753453,2.1045271260086095e-05,0.00040835183289496957,0.0007416383257690085,0.0009076889215700971,1.2177575490482995e-05,6.781525126815456e-05,3.544559764182547e-05,0.00019823718777523924,-0.0001974263003972392,0.0001843628158497983,0.0003490262659193778,0.0003651471906404148,0.00030254651235267336,0.00031503535817110385,0.00011833658393872868,2.874054914032993e-05,0.0002740576485855779,8.396378749848619e-05,4.493039630885566e-05,0.00031337931270165615,0.0008597966675746956,4.7211988790573995e-05,0.00011819286951351875,0.00046166675715143704,7.800206942680516e-05,0.0009017232797031003,0.0010282282526498498,0.000317858218466211,0.00010602866807247127,0.0003450278384465327,0.00021211291155380694,0.0006043534401313055
MJ,0.0019903894001509497,0.00016458753158863612,0.0001542231875389412,0.001976911793485761,5.008025823622219e-05,-0.00042983040822568304,0.00042128611480833704,1.4938678055970682e-06,0.0,0.0003075049565700731,0.0005101343145616852,5.191961023651943e-05,0.0006341744874560956,-4.404485766091948e-05,0.0014107669519042901,0.0003854611107039196,0.0012122511023503753,-0.002461253138441713,6.388066176880492e-05,0.0007416383257690085,0.001394776880105712,0.0016676181468113739,1.8955567461008447e-05,0.00013334847465582412,1.0346346589976209e-05,0.00036071642039126034,-0.0002988895812979571,0.0004292920098833422,0.0006715943808366231,0.0007308875310463425,0.000581504571816667,0.0006464078894791015,0.00023991217357052178,0.00012981743496893653,0.0003916195674395908,0.00019403141696096228,0.0003375224194809382,0.00046942931903822964,0.0016987559606444329,8.392614642725409e-05,0.0002208628084227816,0.0009041936658722305,0.00015370849965540883,0.0016825171643070212,0.0019858405987417042,0.0006331175183871366,0.00020610400610393656,0.0008260794418637865,0.0003864178294245357,0.001215260717896855
MJO,0.002671084471672647,0.00020528086511573522,0.00037134485469428097,0.002000746677788168,-2.071162280894624e-06,-0.0003721687839898227,0.0005296859470091183,1.7037822465829275e-06,0.0,0.00040503279818714625,0.0006446190451245349,0.0001804754553008961,0.000730377424036042,2.561363971159358e-05,0.001786736056436529,0.0004207306171054332,0.0017688761913668507,-0.001996473934424471,9.861279626351233e-05,0.0009076889215700971,0.0016676181468113739,0.0021407520598135466,4.170340545175225e-06,0.00016534821369331804,0.00038006226422906194,0.0005135516099540568,-0.00041212000769942647,0.0008363952878541212,0.0008015025369460587,0.0009342901666608864,0.0007558447702471022,0.0008181770056692462,0.00045406270035707976,0.0001041175352860369,0.0012095337725257168,0.00019815651788129802,0.00014605797034192096,0.0007408527772403868,0.0018909198757250843,0.00010615313881546987,0.00031617033718481436,0.0011161703552907969,0.00023416443068488137,0.0019647504709490453,0.0023200514117940924,0.0007510759469155765,0.0002943330949695543,0.0005555613045585958,0.0004697391236679961,0.0013758638220770407
NKG,7.682970633214078e-06,-1.5025678304019953e-06,-3.379777369533512e-05,5.142110616382195e-05,7.417362011280768e-06,-2.380239481925408e-05,-1.0151718988485061e-05,-6.976080340741849e-08,0.0,-7.65595111848871e-06,-4.896420283525625e-06,-1.9947026512613686e-05,7.65187861797838e-06,-5.924169335045125e-06,-2.5340926156525906e-05,3.1865319394328794e-06,-7.124573680480917e-06,-7.186177784403008e-05,-8.85832497958664e-06,1.2177575490482995e-05,1.8955567461008447e-05,4.170340545175225e-06,4.6247938077517395e-06,-6.253258730153153e-07,-5.5845521241967785e-05,-7.73901865066055e-06,-1.0373847405545095e-05,-7.358713634490333e-05,5.925479045173724e-06,-1.1493551832992763e-05,-6.310086573168308e-06,-1.204626648107301e-05,-3.2034932779868345e-05,-6.004043303928737e-06,-0.00010520500335388394,7.071276868318552e-07,-5.085796090551434e-06,1.8578047366412358e-07,3.062581423325453e-05,1.1654874285735699e-06,-6.433298277781186e-06,-2.5139980493050784e-06,-8.954189558763805e-06,3.469989639788014e-05,2.5231465568853824e-05,1.6220428128731798e-06,-7.706582828548263e-06,5.161629057114325e-05,6.663156032788755e-06,1.2957967674149911e-05
PQIN,0.00018765452085356591,1.829403342461291e-05,3.2533275583385635e-05,0.000191931368769886,3.1747807010291463e-06,-3.528904166353664e-05,5.178891602599548e-05,2.2288030238660302e-07,0.0,3.682362087639882e-05,5.636359134381723e-05,1.4503364362586472e-05,6.322254693498715e-05,-4.818164605313484e-06,0.00016540835230516676,4.113407805491747e-05,0.00011496562671075116,-0.00026420831295345773,1.275378601417338e-05,6.781525126815456e-05,0.00013334847465582412,0.00016534821369331804,-6.253258730153153e-07,1.4392576136761919e-05,2.3847472657765748e-05,3.9695897072708765e-05,-1.981735920673625e-05,8.621994763121906e-05,6.696050318183261e-05,8.37832028083234e-05,6.350235750695582e-05,7.618274514894081e-05,4.149663237174779e-05,2.214294519735893e-05,8.157748773840757e-05,2.232599714033233e-05,5.684115449494636e-05,3.8484663516125025e-05,0.00016515461527006264,7.629912888362286e-06,2.560135780174645e-05,9.647987761706261e-05,2.0626371959204074e-05,0.00015404623693262963,0.00019480133315790305,6.670463333332227e-05,2.5350158503777445e-05,7.32063447525951e-05,3.527511129774928e-05,0.00012409398404807263
PSN,0.0006615558822488834,3.5190202761276167e-05,0.0005278424573595389,-0.0007929988956158342,-0.00014961574977256746,0.0003521147615081949,0.00012814851409423934,2.829211461530313e-07,0.0,0.00012974633364537215,0.00012611879293251334,0.0003240556847265969,-4.371835989313284e-05,0.00017402714817508775,0.0004126436008076495,-6.377933236215578e-05,0.000729505762003064,0.0019659079290354825,8.908588019785577e-05,3.544559764182547e-05,1.0346346589976209e-05,0.00038006226422906194,-5.5845521241967785e-05,2.3847472657765748e-05,0.0009664577804648971,0.00021945175698691693,-7.643798825440894e-05,0.0009962344243965731,1.7424119034410968e-05,0.00022241444460365436,0.00018728575751219585,0.0001901932999196557,0.00048806429076602597,-5.93439483600297e-05,0.001940067281181862,-5.3782722045716614e-05,-0.0004416625455657945,0.00037485622745890936,-0.0002900617139962152,1.1564141602382368e-05,0.00014572204421706082,0.0001439637300220292,0.00014961108562248508,-0.00013310190667098235,-8.019143336256592e-05,2.6706885925923318e-05,0.0001427374402404544,-0.0010086818914798225,1.0868778324167061e-05,-0.00012087567918020223
RTX,0.0006585084903093731,5.031571181658089e-05,0.00015842835349720472,0.0003317302826110352,-2.0549408644782793e-05,-3.1654760105089024e-05,0.00013763267171339918,4.5278685481139334e-07,0.0,0.00010844673062836103,0.00015972117231698196,8.617214246606287e-05,0.00015342523078312048,2.736854082302559e-05,0.0004566275206471386,8.517436475897638e-05,0.00047380108519783,-0.00019707405361854173,3.673575889783602e-05,0.00019823718777523924,0.00036071642039126034,0.0005135516099540568,-7.73901865066055e-06,3.9695897072708765e-05,0.00021945175698691693,0.00014192096369705274,-9.316726999960865e-05,0.0003353914083437469,0.00017666083702407492,0.00023834820556892366,0.0001916979048328197,0.0002095037626254671,0.00017165186261649114,2.087366627919853e-05,0.0005356944442326847,3.817024131167521e-05,-9.740553341554428e-06,0.000203582422467068,0.0003721738625866794,2.4110871438453165e-05,8.95198682994776e-05,0.00026513487342857945,7.323616154596439e-05,0.0004022249173587203,0.0004928179167460472,0.00016909354331364124,8.514915370041282e-05,-1.2645830293336023e-05,0.0001015923263778241,0.00028596845167946905
RYAAY,-0.0006471663707051513,-2.1150234502735826e-05,-2.26932577272876e-05,-0.00015160829125051333,1.9227098050985426e-05,4.004804014775435e-05,-1.8343372059312697e-05,3.6079512250772906e-07,0.0,-3.3656544129272955e-05,-7.393135861297118e-05,-1.8030868800724863e-05,-9.655714392592537e-05,-4.90495386038465e-05,-0.00013286681983301654,-2.1646163541913236e-05,-0.0004864446923261912,-0.0003477580198450056,2.2878464928729637e-05,-0.0001974263003972392,-0.0002988895812979571,-0.00041212000769942647,-1.0373847405545095e-05,-1.981735920673625e-05,-7.643798825440894e-05,-9.316726999960865e-05,0.00016996315856047006,3.84601686095047e-05,-0.00012144400027072261,-8.966208152309858e-05,-0.00010454771627161416,-5.746941575117393e-05,-2.1491283999524833e-05,8.316822764166935e-05,-0.00024875399713733467,1.1098752518093326e-05,0.00029613756146427267,-0.00027380495688414635,-0.0002463919529005503,-2.504637810114525e-05,-4.8124353740415204e-05,-0.00013960908881096982,-2.128331986015814e-05,-0.00038147404892310144,-0.0003497356253052977,-8.346654809846504e-05,-3.3037601435995396e-05,7.470203675014997e-05,-0.00010112949493498773,-0.00014578146867106018
SABRP,0.0009245782060282621,0.00012007253202003378,0.0006935087228721723,0.00021170204730739246,-0.00010067488916004565,0.00018171050232709314,0.00042633688005200537,2.1868240628074844e-06,0.0,0.00031232738533170615,0.0003751005099143226,0.00038561886614384686,0.00021891388431891963,7.258118356823487e-05,0.0012607547356715061,0.0001653442540417057,0.0007600819692003336,-0.00020962357656130476,0.0002001907883150651,0.0001843628158497983,0.0004292920098833422,0.0008363952878541212,-7.358713634490333e-05,8.621994763121906e-05,0.0009962344243965731,0.0003353914083437469,3.84601686095047e-05,0.0015790203847209198,0.000267822637101554,0.0006204462267655731,0.0004373777524820546,0.0005860366768684135,0.0007123088416222379,0.00019737819000178897,0.00207804087977305,0.00010289145154925659,0.0003371750578465718,0.00022764004615298853,0.00040655310547458234,2.424120923757759e-05,0.0002372253217217954,0.0005527952245589374,0.00024744265095919275,0.00030202629131444126,0.0006550245237454084,0.0003286607085036297,0.0002538701616819983,-0.00043007223027927583,9.062700869730909e-05,0.0004564676586998144
SJR,0.0009267429122173324,8.359832923635076e-05,9.291914625628923e-05,0.0009905929403758592,2.649385063925816e-05,-0.00020818331415553066,0.00022352440330451095,8.86881196397967e-07,0.0,0.00015953283141581943,0.00025767778870610595,3.336440645760034e-05,0.00031306400171020776,-2.9506367274950444e-05,0.0007313089922159819,0.00019779831813595641,0.0005529279506291518,-0.001328546515754501,4.2040132237804675e-05,0.0003490262659193778,0.0006715943808366231,0.0008015025369460587,5.925479045173724e-06,6.696050318183261e-05,1.7424119034410968e-05,0.00017666083702407492,-0.00012144400027072261,0.000267822637101554,0.0003290148494291988,0.00037427227416076693,0.00029033034592515586,0.0003359146387285902,0.00013750696023886053,8.659642540947538e-05,0.00020975551786526792,0.00010404055249592848,0.0002349692639558831,0.00019698822332891162,0.0008361336429284061,3.909738343964263e-05,0.00011060324221035881,0.00045226738698895126,8.131404747298607e-05,0.0008007629474007692,0.0009709936469199447,0.00031773409415747583,0.00010619587568279502,0.0004253260962749828,0.0001820256781551176,0.000607953130586238
SMM,0.0010455606210361438,0.00010783406323146698,0.00024147979456862168,0.001029823230672828,7.952107641049839e-06,-0.00016613105619361289,0.00031687622471933825,1.4294958008807998e-06,0.0,0.00022483209762656493,0.00033215874405822794,0.00011486668909309925,0.00035117223383020126,-2.1563723728791093e-05,0.0009967525713943655,0.00023362074510797155,0.00065405151318751,-0.001447378400022047,8.956626015590396e-05,0.0003651471906404148,0.0007308875310463425,0.0009342901666608864,-1.1493551832992763e-05,8.37832028083234e-05,0.00022241444460365436,0.00023834820556892366,-8.966208152309858e-05,0.0006204462267655731,0.00037427227416076693,0.000501507756102827,0.0003742736970565706,0.00045987717363930007,0.00029104392346504624,0.00014323777514910587,0.0006267926868886361,0.00012969640748716277,0.00035614820325547184,0.00020863777153477765,0.0009009872017244426,4.124396965856141e-05,0.0001566596905282478,0.0005586197886041517,0.00013312569143783504,0.0008221876143486505,0.0010764838750847321,0.00038168264819499263,0.0001580464852676182,0.0003500342725824325,0.00018950888640409478,0.0006949926914871977
SMMD,0.0008940824168302584,8.074591837288004e-05,0.00018131894187684562,0.0007427769725004541,-1.2413776378516732e-06,-0.0001203646307812271,0.00022707121807209797,9.132086874146244e-07,0.0,0.00016664614374768168,0.0002510913505512184,8.904138179401368e-05,0.00026735657371602267,-7.042749312584153e-07,0.0007325222334375325,0.00016709698497744725,0.0005834982921802625,-0.000896529205917024,5.8176565196105744e-05,0.00030254651235267336,0.000581504571816667,0.0007558447702471022,-6.310086573168308e-06,6.350235750695582e-05,0.00018728575751219585,0.0001916979048328197,-0.00010454771627161416,0.0004373777524820546,0.00029033034592515586,0.0003742736970565706,0.00028869682971726485,0.00033704129751887694,0.00021499606833879818,7.891252672945812e-05,0.0005245846600376666,8.692919024107189e-05,0.00017044919151325792,0.00021676972390226182,0.0006830681045623718,3.4943783469651244e-05,0.000122858290135001,0.00042498513477738517,0.00010004462018605203,0.0006629737944365613,0.0008332845500424965,0.0002864726425024861,0.00012014503134926869,0.00021142761090575375,0.00015659007926476044,0.0005177002131201791
WEC,0.0008839625773538925,9.870151597172742e-05,0.00022083202220128404,0.0009609294262617487,1.1968424675535641e-05,-0.0001545960545464258,0.00029676134176992577,1.4118020996266912e-06,0.0,0.00020693099977436098,0.0003024728082248345,0.00010322951236987482,0.0003184900372014445,-2.984464961288316e-05,0.0009214710759321267,0.00021895088988939772,0.0005371314639411686,-0.0014472922626280467,8.784783122407866e-05,0.00031503535817110385,0.0006464078894791015,0.0008181770056692462,-1.204626648107301e-05,7.618274514894081e-05,0.0001901932999196557,0.0002095037626254671,-5.746941575117393e-05,0.0005860366768684135,0.0003359146387285902,0.00045987717363930007,0.00033704129751887694,0.00042575365698960786,0.0002684430428934836,0.00014972420263590296,0.0005378717339827915,0.00012538669934365786,0.0003891383158840287,0.0001512248326509735,0.0008189765292906196,3.50789249523961e-05,0.00013976704952648272,0.0005068957619034972,0.00012164524963971109,0.0007213031766700927,0.0009672825117354876,0.0003488884360109153,0.00014350378519126835,0.00035340259010373357,0.00016378155492200995,0.00063781338444851
WLKP,0.0005530674447955503,5.6632720558769873e-05,0.00032566766889785895,7.458674497013734e-05,-5.4482185513032004e-05,8.822632609631056e-05,0.00019010815042268836,8.648280624149537e-07,0.0,0.00014524590999566688,0.0001793658990276953,0.00018385372447137592,0.00010862799580327659,4.988768977001131e-05,0.0005795162995883743,7.025014640711858e-05,0.0004560737649394036,8.990504661293422e-05,8.469196282465902e-05,0.00011833658393872868,0.00023991217357052178,0.00045406270035707976,-3.2034932779868345e-05,4.149663237174779e-05,0.00048806429076602597,0.00017165186261649114,-2.1491283999524833e-05,0.0007123088416222379,0.00013750696023886053,0.00029104392346504624,0.00021499606833879818,0.0002684430428934836,0.000331119665208461,6.337402728203803e-05,0.0010313691653649312,3.8100329454906096e-05,5.898535307327437e-05,0.00017050007100518103,0.00020325932039656379,1.5765690884021226e-05,0.00011738754041419437,0.00026802177077708594,0.00011662763758470864,0.00019459761187208866,0.0003398112235956523,0.00015615436696889476,0.00012125794579827666,-0.00025190964200824196,5.860667887055139e-05,0.00021392816976350312
YY,-3.6554583385619173e-05,3.0952781595548114e-05,3.5407158516890784e-05,0.0004572695215436072,3.3590734727188305e-05,-8.846994012085422e-05,0.00011794326439635208,8.66887368504052e-07,0.0,6.5271287345141e-05,8.737271611896651e-05,3.688074068944762e-06,9.985270161557374e-05,-6.284115352277211e-05,0.0003188245329976876,9.929435056206266e-05,-0.00011396710495498088,-0.0011199967591793113,4.644744779207848e-05,2.874054914032993e-05,0.00012981743496893653,0.0001041175352860369,-6.004043303928737e-06,2.214294519735893e-05,-5.93439483600297e-05,2.087366627919853e-05,8.316822764166935e-05,0.00019737819000178897,8.659642540947538e-05,0.00014323777514910587,7.891252672945812e-05,0.00014972420263590296,6.337402728203803e-05,0.00012872006141775947,-0.00010147618123053264,7.29110969278438e-05,0.0004139783231923906,-0.00013303939186304163,0.00027717561849090796,5.258902902038779e-07,2.246539428590052e-05,0.00014425072314566125,2.9512396284229852e-05,0.0001316106871460275,0.0002634775287243364,0.00011475252589327313,3.369170391172451e-05,0.0003246510438187629,1.6672046658296637e-05,0.00023229317640821365
ZI,0.0018827683541097276,0.00011162569370443823,0.001090958247397109,-0.0010975755207377044,-0.00028954995612807873,0.0005955066817007811,0.0003558414713979059,8.519364921066917e-07,0.0,0.00033511816644715226,0.00038128595274642633,0.0006605165489733998,7.528867721936098e-05,0.0003443591160484461,0.0011702050914701107,-3.42972646619493e-05,0.001812124228372331,0.0034020912630850627,0.00018861558605969643,0.0002740576485855779,0.0003916195674395908,0.0012095337725257168,-0.00010520500335388394,8.157748773840757e-05,0.001940067281181862,0.0005356944442326847,-0.00024875399713733467,0.00207804087977305,0.00020975551786526792,0.0006267926868886361,0.0005245846600376666,0.0005378717339827915,0.0010313691653649312,-0.00010147618123053264,0.003995673941758666,-6.397541828207991e-05,-0.0008491476244205239,0.0008994212734772615,-0.00014485546952802187,4.649402775952453e-05,0.0003491910739328746,0.000518650120473445,0.00033708168239409005,0.00018572482473361665,0.0003563222281937874,0.00021325149285975783,0.000337409047884756,-0.0018301358892441023,0.00012737471639292288,6.407729487349799e-05
ZNGA,0.00015729438289091886,2.9040673041906885e-05,1.5914491551189526e-05,0.00042266620498784005,2.4450054890139785e-05,-9.20717832234388e-05,9.087214072871436e-05,5.31488533691895e-07,0.0,5.580840512918224e-05,8.56205682933814e-05,-2.5950270517687863e-06,0.00010820655663131099,-3.788753682433976e-05,0.0002701051967607214,8.441877305532631e-05,4.465615536113644e-05,-0.0008051287080774852,2.4787040858848557e-05,8.396378749848619e-05,0.00019403141696096228,0.00019815651788129802,7.071276868318552e-07,2.232599714033233e-05,-5.3782722045716614e-05,3.817024131167521e-05,1.1098752518093326e-05,0.00010289145154925659,0.00010404055249592848,0.00012969640748716277,8.692919024107189e-05,0.00012538669934365786,3.8100329454906096e-05,7.29110969278438e-05,-6.397541828207991e-05,5.355929233439935e-05,0.00023394050861239333,-2.5850897974438485e-05,0.00029923753796268145,8.042959455490546e-06,2.7455761662078704e-05,0.00014921090976372512,2.4043661918520985e-05,0.00022686115009944472,0.00031480042852910007,0.00011286707924605845,3.1223550517542627e-05,0.00025690428290883993,4.473914130033843e-05,0.0002270686101067442
