,AXGN,BCPC,BEP,BKN,BOKF,CENX,COMS,CSML,CWH,DAC,DOC,DSTL,EBAY,EMSH,ESXB,EWGS,EWY,GB,GJT,GRF,GSBD,HA,HTY,IBD,IDRA,INTU,IRWD,IWN,IYF,JRSH,KOIN,KOP,KURA,LILAK,LPG,LULU,MBRX,MDVL,MELI,MITT,MJ,MMT,MNKD,MORF,MPW,MSC,MTGP,NPK,ORBC,OSS,PFFR,PIRS,PPSI,PRPH,QTT,SCHI,SCR,SDP,SHYF,SLY,SONM,SWM,TPYP,TRP,UZA,VBF,VETS,WLDN,AIH,AXP,BEAM,BIO,ENOB,GII,HVBC,IGR,INDA,INSW,JT,KFRC,LAMR,MCRO,MNP,NBW,PNNTG,PRK,SCHA,TSC,TWIN,UFPI,USRT,VRA,WFC,BIP,DSL,ESGN,IWY,SIFY,SLGN,BBH
AXGN,0.001671817470542396,0.0005006975381276691,0.0004024337518677323,0.00035529428246973465,0.0010689637637407757,0.0011108344201638458,-0.0008225887587065731,0.0011316145464050208,0.0009571699914955914,0.0004845394357479104,0.0005295117464899751,0.00036279066436878236,-0.0002901735520478371,-6.6191885028086345e-06,0.0012092471768817771,0.0004632446911794633,0.0004895523134548447,-3.578008142326704e-05,2.8000209680567996e-05,0.0011746543624685216,0.0006008136783648831,0.002830127294550304,0.00012361429409236965,9.4012816159798e-05,0.0006032153356490884,0.0002560479917468102,-0.00014518649842083184,0.000988277943396723,0.0006398115539864533,1.0990832248572061e-05,0.00040547410263101785,0.003162455447619705,0.0017110057350746305,0.0012681190902380545,-1.0536627611832178e-05,0.0007051376070354005,-7.184547473356824e-05,0.0007747733826672628,0.0002510109363668667,0.0024267530069849892,0.0002813775467410871,0.00024995681474580307,0.0006654591872212154,0.0012279150715525618,0.0006980991823242128,-0.00014576159243160974,2.0359525876806832e-05,0.00042858341968551964,0.0004340007534591396,-0.0009806226126320213,0.00028875015551188505,0.00022011093851661035,-0.0005394228771565696,-1.437389773332627e-05,0.00038864002595682376,4.97320197750926e-05,0.0002599505230618532,-0.00021463714907013728,0.0014687455580442456,0.0010212935158296788,-0.0007869833496270844,0.0012781502771068989,0.0006901711838799433,0.0007039450713974795,0.0001769356187026655,5.356541198201543e-05,-1.062879653889457e-05,0.0020391696367346875,-0.00042405580335690124,0.0015381346961555735,0.00027211597212473587,-3.36588388683992e-05,0.0005522439303339423,0.00030101358403156507,-0.0001397983610107341,0.00041167108666226505,0.0006871879257555632,-0.0007201966893176621,-0.0004117371118412769,0.001308080847448377,0.0007164037074583267,0.0001294665124645652,5.29516620890531e-05,0.00018155785911386487,0.000684576392556719,0.0015972166655767585,0.0008476223358249954,0.0016450851994192432,0.0009346458852433193,0.0011108997044686388,0.0005816593085633875,0.0009965725754458583,0.0009328215997421939,0.0007355043334419954,4.9216318082315645e-05,0.00012784835731549098,0.00022917097576208276,0.0011720222122829644,0.00012579754630423937,0.0004314599397909524
BCPC,0.0005006975381276691,0.0008143721488024049,0.0005033217107930773,-0.00019925782343918397,0.000564057650562891,0.0009255274912845048,-0.00012347035112945785,0.0006534906262481312,0.0012832397726571904,0.0009308174945717312,0.00012259855406697415,0.00031976583301971366,-1.6707621388854982e-06,-8.115073684443681e-06,0.000921452886639258,0.000235487619747443,0.0003873539050190951,1.4116188190323598e-05,7.637221021845626e-05,0.0005474801093976335,0.0007341989363766183,0.0002130370470627633,6.986781954247357e-05,-8.700881080665985e-06,0.000554316966556473,0.0004091457396954617,0.0001016880465964994,0.000589263411072929,0.00044322202322630153,-0.00025136547054139705,0.00027044152794947354,0.000661732843712276,-0.001465347353047893,0.0006115498911451033,0.00019707028108150088,0.0006884266792437167,0.0001592752868022397,-5.969738461496652e-06,0.00015754282271412699,0.0012689471379449162,0.0005049734771775846,-5.626600010542287e-05,0.0009602740594126616,0.0007516020514200329,0.00037556191213150515,1.448420164293897e-05,-6.443326634810146e-06,0.0005560578650449151,0.0005224812723784,-0.00038526636607459907,-2.171947197623911e-05,0.0005440253331604415,0.000610673361304842,0.00014224926689164477,0.0006728923912280003,-1.0790282696626904e-05,-0.00019919628180256884,-0.00041538674450123254,0.0006511377932548988,0.0006124361890466977,0.0002248756375076289,0.0006595477196472204,0.0002888350534454297,0.00032669958022782,1.6415588881117004e-06,-6.28685284516781e-08,-9.387363521882686e-06,0.0009692326920566954,-0.00043591927392449734,0.000520270378831962,-5.627008766922844e-05,0.0002955101037088988,0.0012648933667589646,0.00018681846677344907,-0.00031777624774376184,0.00024384459200534,0.00044099971933624446,0.0004262059368950185,0.0006384634886022403,0.0006574005654989823,0.0007735967105015453,4.904528670634811e-05,-0.00010267081430312474,-0.00010970932820618452,0.00020723148063306687,0.0008623081401789015,0.0005835613804508236,0.0009398026439887235,0.000857410804251015,0.0008330218452545475,0.0003939702186960466,0.0004370351319762,0.0005850480522220712,0.0005857685015288886,-0.00010301816298670906,-5.00742062816463e-05,0.00020064773980453833,0.0004072600493630606,0.00021314602355363658,0.0003104872675543977
BEP,0.0004024337518677323,0.0005033217107930773,0.0006829409644902351,-2.1771508199636757e-05,0.0004145041393910076,0.00022611538010068038,-0.00036504317529917563,0.0005243761597209888,0.0014186146031790316,0.00045285860294378376,0.0004244024341049088,0.0003120553504798478,3.983179294897475e-05,-1.952240266779114e-05,0.000234520362097823,0.00025154262213206494,0.00036657776056229395,3.4322869755138524e-05,-9.512365774400532e-05,0.0003509683586396064,0.000595739373973285,0.0006689478941870372,0.00015937028604671378,-2.972235707918304e-05,0.0004664955218139463,0.0003921843747246901,0.00012173132584802455,0.0004901719653475875,0.00039330760770047617,-0.00011022961336965816,0.0002777739840688426,0.0009821824997912824,0.0001370227511744116,0.00018124992546358475,0.00019400729692322947,0.0004724046918967821,3.9644515173600985e-05,0.0002454688498807435,0.0003383123384986607,0.001517351261359561,0.00028795936631216117,-3.110042624150489e-06,0.0006126758710140351,0.000669314386358086,0.00038279627634404213,9.16178003101465e-05,-1.6829247500662066e-05,0.00028428711160501883,0.0004483653424616567,-0.00038735842818663174,8.182781503103402e-05,0.00015710003707769345,0.0015381297167273503,0.0001232615856314036,0.0004224182459742858,-5.198298812927858e-06,0.00031227528479110236,-0.0004326587656378834,0.0006827072144437638,0.0005328638811123705,0.0008163489030298802,0.0005687981904439525,0.00031526022896477264,0.00031608229899520113,-4.0973690444788754e-05,-2.939871064651033e-06,1.4965990535961976e-05,0.0010054073794495554,-7.106044947710053e-05,0.0004957228868836816,-8.967881467334132e-05,0.00024691550971563624,0.0005630657283424547,0.0002173422966662194,-8.386730883638596e-05,0.000291304189551126,0.0002930264285400293,-0.000256737387989552,0.000952585233783298,0.0003889261842826872,0.00070902603245265,7.416668489558566e-05,-5.0031581909326087e-05,-2.38672309807428e-05,0.0003278169522169434,0.0004902047726999384,0.00048053772773126035,0.0004952686868495875,0.0002774067209710353,0.000583748608128443,0.00041714454941915925,0.00037595351346886996,0.0004363668733586303,0.0004636228945263306,0.00014413682644183703,4.511263862058351e-05,0.00019936344706865278,0.0001699383238207968,0.00015002449194487477,0.0002881756087527265
BKN,0.00035529428246973465,-0.00019925782343918397,-2.1771508199636757e-05,0.00035804306679769086,-3.1603785844910984e-05,-0.0001269127913931568,-0.00017120909923211668,2.4242836456198182e-05,-0.00030228475146522375,-0.0004930778100971359,0.0001395718873220072,-7.863789797292958e-06,-3.11574305937679e-05,4.039693483886439e-06,-0.0002487895382362623,0.00013121306214179744,-4.774320081442521e-06,-8.825988561638155e-07,-6.019287644632335e-06,0.00023650773112989928,-8.136297671111934e-05,0.0006477143278081289,7.849057150568299e-06,1.6336655576574737e-05,0.0001556391129483192,3.598753984772758e-05,-5.4110333342029776e-05,-1.4366321932781092e-06,1.7141831144781814e-05,7.914902633397267e-06,3.697514873922866e-05,0.0005899232565359684,0.00047011659102812203,3.497187786846205e-05,-0.0002558887130076091,-7.52648333344108e-05,-0.00023566754197565915,0.00019314679585537932,2.6152187325158182e-05,0.00020224440351152372,-0.00018770719266861813,0.00012618387769176045,-0.00012660140146667065,0.00039596939451645296,0.00010338275870272001,-2.0024551911498606e-05,1.1345172031178096e-05,-0.0002040479092567618,-0.0003829565353463633,-0.0003451446865514362,0.00010854478165553749,-0.00032952202697915427,0.00010341069919497727,-0.00013651734459914144,-8.370188392727799e-06,1.4476359720314112e-05,0.00026561110694169727,6.091631018059468e-05,9.19224773461774e-05,2.747876771170415e-05,0.00028261408439585347,-9.06826667028962e-06,5.7345111194843576e-05,7.815799333430628e-05,-2.846237131673308e-06,4.1752919528908565e-05,-5.166025212884801e-06,0.0002438287001665371,0.00014827893304297034,0.00029528053470737054,4.969460574530605e-05,-6.577893252617322e-05,-0.00045712980841129333,1.2877090702301281e-05,-3.28331913625334e-05,8.408182894312165e-05,1.3213846457858379e-05,-0.0006293356609297217,-0.00020531283421967798,0.0001243388039323109,-0.0002567263307348728,3.13314906867602e-05,8.900708806300116e-05,0.0001374083053132748,0.00023092333677595723,0.00014966256525204458,-3.202741437733856e-06,0.00010812521129921735,-2.946439431831628e-06,-5.914340136533696e-05,2.031020195641465e-05,-0.00028796996480230555,-2.360629873022139e-05,8.770217916538051e-05,9.443468312702876e-05,4.9563350735332954e-05,6.173292406331484e-05,-0.00019290303144743512,-0.0001663237118528646,3.490833057809691e-05
BOKF,0.0010689637637407757,0.000564057650562891,0.0004145041393910076,-3.1603785844910984e-05,0.0014600600947716094,0.0012847006824234996,-0.000578372248747485,0.0012236315462333198,0.0008590365853099654,0.0011963704499124565,0.0006216755302226325,0.00048435223363587347,-0.00012474258728923607,-5.494444121512042e-06,0.0017116202285172306,0.00039061942460404857,0.000585548085421296,1.7308160626277425e-06,7.048857393996872e-05,0.0007273923230767876,0.0005850414966592404,0.002881080785529408,0.00023866476086129408,8.912381980258089e-05,0.0003727629214070909,0.0003217381456912248,0.00022216110254575982,0.0011609017982881218,0.0007723047374654035,0.0002260759051155125,0.0004382309987044741,0.0033287996292038283,0.0025017179800899208,0.0012322137191286438,0.0008860623720314054,0.000624459500984713,0.00020342918285772262,0.0007828794437764247,-0.0010160658550045828,0.002733691583060718,0.0007006955113620837,0.00021112902437365712,0.000913170004263459,0.0006540615407636624,0.000690516385407047,-0.00012660650396634573,-9.77971621329145e-07,0.000514512299985565,0.001241186049700907,-0.0007309539752893562,0.0003195690224595273,0.0011611418965812891,0.0004711224202465348,0.00021619423247437762,0.0003251043182574002,7.35911595096884e-05,-0.0007850968704097851,-0.0008270376052577896,0.0013946249753012327,0.001095895811371761,-0.00044222844699821635,0.0016176278868814617,0.0008632810454668226,0.0005980942703363929,0.0003587994718515961,0.00011454795469285798,-0.00010359275195545322,0.0020491545300591277,-0.0005251734875372317,0.0013148772860679823,0.00024963230181487345,4.724915724810606e-05,0.0014598323628638057,0.0005260642639444967,0.00017982549461532588,0.0004201135542584367,0.0007713084484815643,0.0005133919131752382,0.00037466661108451687,0.0009610654008960674,0.001413394920353431,6.079864768440832e-05,-0.00011000486772731341,-9.47047848821071e-07,0.0004897550971509357,0.0013899735906903036,0.0009324460423655042,0.0015793106963456957,0.0006834096440480261,0.0011490360998698656,0.0007534761304027072,0.0020068389431421455,0.0012235570968211194,0.0006680166580903403,0.00010871726451451303,0.00010020680658478035,0.00026087993513120483,0.0015494414541585826,0.00040878581112537785,0.0005182985886818509
CENX,0.0011108344201638458,0.0009255274912845048,0.00022611538010068038,-0.0001269127913931568,0.0012847006824234996,0.0031914772309423294,-0.00025618648695871135,0.0011637133895964164,-0.00012047528187115267,0.0008622211777675835,-2.1401066280005885e-05,0.00037099661678322975,-0.0004380147942342177,-1.6573080661475555e-05,0.001982154726125199,0.00029132494334371085,0.0005032553483605901,2.12699507860623e-05,0.00048005916812046467,0.0010060423429635195,-0.00017739134500115446,0.0018778452556030968,0.00017308866169777498,0.00022778415102629284,0.0004695330229880845,0.00024502552188243365,0.0002882888738761418,0.0010304352784167052,0.000663648439566109,9.895399014777497e-05,0.00029244806763247346,0.0023114941218713974,9.758419377470413e-05,0.0017884465533384085,0.0002498709829637029,0.0005201203535499493,0.00027029953032064156,0.0002467286477927946,-0.0017004618620682812,0.001921298852292656,0.0005876587425589367,0.0002993013344403451,0.0012884624294572985,0.0018853383256123906,0.000576354881296794,-2.5891391791624125e-06,3.422469247597957e-05,0.001196544704998459,0.0012280532547714125,-0.0015432291388682278,-3.481394525199564e-05,0.0010002870563583174,0.001248003743266873,0.0006171140065220221,-0.00027828736698086594,9.347872308021563e-05,-0.0022811073027460852,-0.0009426878843235446,0.0013450263314837307,0.0010073156033500225,-0.0008100190444579935,0.0010634711245539029,0.000855826499220996,0.0009127849855949062,0.0003754655270941432,0.00031591972333279184,-0.00021885282480841266,0.001962253704539147,-0.0011612141094363977,0.0013436368011189778,0.0011989888177302889,-3.719351050660567e-05,0.0018163777782953202,0.00038374352270407856,-0.00041216871365106655,0.00029625575956338066,0.0007489993575570554,0.000466325927257505,-0.0009837415857102177,0.0014786958781320937,0.0008025576098254691,0.0001252337548553351,-0.00011619393645516995,4.5972182146626984e-05,0.0007366523742418175,0.0012781172362718747,0.000889160690172124,0.0016585398017712608,0.0016466627472477237,0.0013215856727260427,0.000525280179313343,0.0006573320758777313,0.0007539733384609864,0.000905333229178947,-0.00035302291851213314,-0.00010061495920134592,0.00017930510344637486,0.0005976676684295726,0.0003278137140841711,0.00039866540683709427
COMS,-0.0008225887587065731,-0.00012347035112945785,-0.00036504317529917563,-0.00017120909923211668,-0.000578372248747485,-0.00025618648695871135,0.0014654773780534243,-0.0005937004552855051,-0.0016688214965364517,0.0005316549460678379,-0.0007138481265871716,-0.0002521323948393843,0.00014119175369625185,1.671766698918958e-05,-0.0008952304981617675,-0.0002617536475693412,-0.0002881949142921036,2.6048133248487692e-05,7.19559893846486e-05,-0.00026370977055754176,9.52063588661076e-06,-0.0024507482802402923,-0.0002998708209516907,-4.7404686774175685e-05,6.165978876887548e-05,-0.00022511720012494216,-0.00031787204451396974,-0.0006222458998836054,-0.0003890525505695945,-0.00013521098415836475,-0.00021713990875889112,-0.0015395768408091829,-0.004824119077689918,-0.00035807936982722746,-0.00020552869928543787,-0.00040201441818566157,-7.793804737572552e-05,-0.0008670119674961058,-0.0007472023418613878,-0.002153978607049205,-0.0002691065668401286,-0.00014505706602172805,-0.0005632774148802377,-0.0006582864112707736,-0.00027586765879371723,-2.1217826508988776e-05,2.0326446176095834e-05,-0.0007566352970297285,-0.0005117975215766607,0.0011871584113396674,-0.000147449490327425,-0.0003286684506881219,0.00022571648872393832,-5.915821135774622e-05,0.000319772640411406,-9.536093432304568e-06,-0.0007264305136525496,0.0005883318332014931,-0.0009334106579997261,-0.0005960355472071625,0.0003678963516501039,-0.0009468598006800226,-0.0004695127406469803,-0.0005294054527323193,0.00028520561522921167,-2.3441197164842862e-07,-2.5598619934470452e-05,-0.0008754770981170253,0.0003264995397515659,-0.0008666496624033938,-1.5049328225070776e-05,0.00019444941461855192,-0.0013131840531075414,-0.0003132638329081985,-0.0004663264681388295,-0.0002846559157015788,-0.00022643329554082524,0.00025006320612736926,0.000646806483156617,-0.0005869318700831883,-0.0005934712957391216,-0.00010519676836940731,-5.001322559795368e-05,-0.00020126959826214275,-9.506200521962591e-05,-0.0007626027768338016,-0.0005129131245231424,-0.0006641562012696489,-0.00011410725266762564,-0.0006536106514890119,-0.0004303545634305213,-0.0008652259623708547,-0.0005575308575485867,-0.0003273691494078903,0.00015268494753528598,-4.507016552848274e-05,2.6452322710033738e-05,-0.00020336408987213048,-0.0002225686729855456,-0.00025348862173108725
CSML,0.0011316145464050208,0.0006534906262481312,0.0005243761597209888,2.4242836456198182e-05,0.0012236315462333198,0.0011637133895964164,-0.0005937004552855051,0.0011670370741114987,0.0012602444059957253,0.0010050251445648545,0.0005829979158893768,0.000494766587944684,-8.657871805981629e-05,-1.1013896876927414e-05,0.0014152703766947162,0.00044232874600551796,0.000593909709491587,-1.8655022151575277e-07,-9.343757953773004e-06,0.0008653952854079385,0.0007649123600631762,0.0024411092897377302,0.00021559281549050303,6.161256448191769e-05,0.0006272844899892881,0.0004294721947419164,0.00023193525382833593,0.0010729161117292484,0.0007281831170499023,-3.176436323849172e-05,0.00047934112196256775,0.002911833798829983,0.0014337882545434665,0.001148492156616688,0.0004663876736717266,0.0007314408861999322,0.0001785013456925174,0.0006858753342022813,-0.0003941257971145064,0.00244754559842496,0.0006531130444526725,0.00017236960991566302,0.0010011835825797886,0.0010806746730948585,0.000695719289072192,-8.155166619619807e-05,-1.5972523991876383e-06,0.0005692236275782861,0.0010388647844263188,-0.000885096849979344,0.00028548586807047914,0.0010995794362477465,0.00044734458482619265,0.00015926703819932374,0.00046412182856972044,5.6064994523029885e-05,-0.00027612596989882093,-0.0006797839343687805,0.001367362594191103,0.0010686833156704884,-0.00042275699702146494,0.0013614302505610785,0.000778694329459754,0.0006795599965811576,0.00023701641067077684,9.87720595527766e-05,-4.991478057453753e-05,0.0019534905413169457,-0.0005620461927134941,0.0012794193994713737,0.00036945087902118777,0.0001520566825928716,0.001362583443476037,0.0004460681754240722,-2.6483477932346382e-05,0.0004259623726785663,0.0007246092389408729,4.5083874689216336e-05,0.0003179353932191482,0.0009959398595302974,0.0011722799642874663,8.687587193684384e-05,-6.114359568118924e-05,3.5586682145213316e-05,0.0005570442022656003,0.0013781046178294525,0.000933991170543041,0.0014872017124003584,0.0008576962762554363,0.0011601967901900985,0.000685496677796513,0.0013522785864687652,0.0010642455300099956,0.0007250953003976211,0.00017561122572968562,6.99517249015845e-05,0.00031536627532554896,0.0013333970575782911,0.00032007862737639715,0.0005193650194273377
CWH,0.0009571699914955914,0.0012832397726571904,0.0014186146031790316,-0.00030228475146522375,0.0008590365853099654,-0.00012047528187115267,-0.0016688214965364517,0.0012602444059957253,0.0054142168687012935,0.0008528355756298806,0.0011977731006517086,0.0008129685192106252,0.0003118305213155607,-3.407035298441933e-05,0.0013032256441792523,0.0006631580782104752,0.0009224347366317505,-4.219907140034173e-06,-0.0005128685633757723,0.0007975174124607331,0.0017974888510876948,0.0016209664386338451,0.000384953973138817,-0.00014292668516623837,0.0011249747435855483,0.0011840589905760535,0.0008081906370798054,0.001231690264048916,0.0009023770714839618,-0.0007847683803413781,0.0008004506290878212,0.001429889584928973,0.0015758052734436167,0.00039701889748908876,0.00036224392128455255,0.001659175341755384,0.00044827279752838875,0.0007430279969334191,0.0027296107085481186,0.0034513479270774643,0.0012674337426530505,-0.00020074967549483266,0.002097685375870089,0.0015332788069895734,0.0007005627297916764,9.910984131079518e-05,-7.639122377405001e-05,0.0013623940851190215,0.0012493322832536368,-0.0010223047002426047,0.0002320452843320287,0.0020695953103531096,-0.00011357496167875222,6.686695077065189e-05,0.0014127195100799071,-5.945177157008275e-05,0.0024822931132289466,-0.0010005562944040074,0.0015748289232295676,0.001309943248762119,-2.2377476333753233e-05,0.001439676079468547,0.00061501202439132,0.0008932051239845442,-0.0005942418898520462,-0.00015027248726100402,0.00022157360562442173,0.0016138766984231485,-0.0009142828290996215,0.0009646850246531604,-0.00032614061276119735,0.0006256208661519782,0.0037084375349730222,0.0005365074090246456,-1.5248574472536543e-05,0.000591604175090281,0.0007417706226641805,0.00021352681913645383,0.0010997661093711515,0.0008107465875906469,0.0018969896836349832,0.00011935596166428417,-5.505432649160538e-05,-2.7049262314537667e-05,9.675181568060562e-05,0.001637667240131984,0.0013024633455580377,0.0012948836979338229,0.0007244965878105774,0.0016021925876548962,0.0009031705610432298,0.0009936584542743533,0.0012619953690004787,0.0009854468473319213,0.0002757814201699668,-0.00013226584109669434,0.00043218312593035137,0.000912797867811579,0.000513939896539275,0.0007400504478190798
DAC,0.0004845394357479104,0.0009308174945717312,0.00045285860294378376,-0.0004930778100971359,0.0011963704499124565,0.0008622211777675835,0.0005316549460678379,0.0010050251445648545,0.0008528355756298806,0.0025136903363142137,0.00011166715713348209,0.0004185278968331423,5.139101593734407e-05,2.496785602357015e-06,0.0014176813231129052,0.0001820243663734653,0.0005141498389054148,3.5446037722149554e-06,1.3289551871590731e-05,0.0005636142085434361,0.0013643605207886726,0.0005638177991682394,-9.156144171466772e-06,-2.5259640001683245e-05,0.0005189227933129649,0.00024794465980934057,-0.0001821261956134088,0.0009100027793025397,0.0006265729137704029,-2.874875765476945e-05,0.0003637805390748443,0.001985697200208952,-0.0020731922140654157,0.0009971735056733286,0.000958914727161801,0.0007863618408045597,0.00034992092079830293,4.949072548292488e-05,-0.0007506255641730787,0.001518972159476302,0.000764595589733066,-0.00010918558331066577,0.0007504127002918612,-0.0003039487500059364,0.0005673742648545391,-0.00017037205613523387,-3.856583506647229e-06,9.615063403529313e-05,0.0011638301266497682,0.000681296073971044,0.0001642892454579507,0.001026930239933712,0.0001073668894731826,0.000130990879719609,0.0011429764670803585,2.1257428684542406e-05,-0.0007854370412005893,-0.0002588122166306896,0.0008867093021487998,0.0008685113497877661,-0.000368372232446458,0.0012643347016138278,0.0004640245103528129,0.00012801138493774442,0.0005133444729590049,-5.768519459344285e-05,-3.8003931486513365e-05,0.0015341764313830607,-0.00029473291651624384,0.0005999837290296917,-0.0002592684877702586,0.0004059316280640136,0.0008359088777759969,0.00028172930901896074,-0.00020480751837024247,0.00024651494102086613,0.0007331044251614336,0.001113518224082805,0.0016787343190562787,0.000625415873706818,0.0015092796880238602,-2.9107301940172955e-05,-0.0002374351350021884,-0.0003272970856710667,0.00021352414881455287,0.0011350517528615136,0.0007650224310901102,0.001372584299923473,0.000762936785905848,0.0010073259961040943,0.0005793481093204178,0.001984667302002721,0.0011296842167183656,0.0004962630564477149,0.00017884505227268028,9.77686950365982e-05,0.0002969323063536652,0.002034735704013419,0.00044181821371607345,0.0004114263756100576
DOC,0.0005295117464899751,0.00012259855406697415,0.0004244024341049088,0.0001395718873220072,0.0006216755302226325,-2.1401066280005885e-05,-0.0007138481265871716,0.0005829979158893768,0.0011977731006517086,0.00011166715713348209,0.0007107065054576201,0.0003082888042769947,4.7875583172341795e-05,-8.012172653868105e-06,0.00042331610510853366,0.0003141889364565417,0.0003698830137444642,1.4226460015810098e-05,-0.00016790588116378984,0.00032967697439957073,0.0002695019980198017,0.0019194046011592955,0.0002035369303111229,1.011817487288412e-05,0.0002864637069582316,0.00035384482665563763,0.0003320659672474705,0.0005831069206610496,0.0004123772964683101,7.282653605753454e-05,0.0003285096573807033,0.0019100747405193961,0.0026133045253522755,0.00026341384678302634,0.0004870077059329511,0.0003382826897052309,5.9549637749290256e-06,0.0006242660290971236,8.483271047581524e-05,0.0018835083198059349,0.00037586575367751614,0.00012870462786374113,0.0005216619079124194,0.0005101950891576795,0.0003767528731378123,-1.3836880100656645e-05,-1.8978842240483276e-05,0.0001988386372833882,0.000554118757882677,-0.0004429432883992385,0.0002876105414465496,0.0007710108153896177,0.00044805124378315467,6.812144886720479e-05,0.00025348116438385745,3.357486301664258e-05,0.000489269967237169,-0.0005706270493089834,0.000801560740839002,0.0005696758324774688,0.0001819177805804876,0.0007976758001183564,0.00047131435460666914,0.00038256305899849976,9.694956324204926e-06,5.20208009559989e-05,3.5355953919526334e-06,0.0010868305448751188,-0.00020025919505454778,0.0006759212336833977,1.751108806447884e-05,5.298614667860033e-05,0.0010393430000203015,0.0003554599266116837,0.00022715178250519102,0.0002908610214758544,0.0003732980251502298,-6.652052588120361e-05,0.00029412021920767435,0.00029729652545939264,0.0008574656977551065,4.2779760333712594e-05,5.329079662947386e-06,8.918684968854523e-05,0.0002879913405046846,0.0006225768177118519,0.0004978164891390619,0.0005545266048464388,-0.00011705361677665861,0.0004890120650356344,0.00045210519363087735,0.0009124985043760924,0.0006134417326205387,0.0003661799626929006,0.0002903672120189366,2.6481907313258033e-05,0.00019394599318387886,0.0005074844157447138,0.0001587522323365248,0.0003228236460299594
DSTL,0.00036279066436878236,0.00031976583301971366,0.0003120553504798478,-7.863789797292958e-06,0.00048435223363587347,0.00037099661678322975,-0.0002521323948393843,0.000494766587944684,0.0008129685192106252,0.0004185278968331423,0.0003082888042769947,0.00028480773073369007,9.26425520180898e-05,-7.0087653143538225e-06,0.0005673531599674151,0.0002481533456370812,0.0002969971140772973,1.1900120029771146e-05,-5.647707732428969e-05,0.0003212829529455861,0.0005247257208854089,0.000896868393103922,0.00014579048843719013,-5.947688570445281e-06,0.00042470279261706725,0.00033354392732530406,0.0002830330407309998,0.00046420327057193313,0.00034632952717131993,-0.00016293332709057813,0.0002652625709715078,0.0010642139362494704,0.00030313532416431676,0.0003905329590748409,0.00015054058589617414,0.00036082464301818973,0.00012412586338134224,0.00030432894055050145,-0.0001799546937174686,0.0009804421441007504,0.00039062954817618004,5.0361735168074124e-05,0.0005972710359937544,0.0006721826940811272,0.00032979306206288726,8.106571878881713e-06,-1.001690993616658e-05,0.0002897896116315771,0.0005121107199823375,-0.0006023208517433751,0.0001376750177614413,0.000757157519004034,0.0006640831023113434,4.047978287421706e-05,0.0002849995467072638,1.8829333885690114e-05,-4.22234292163463e-05,-0.0004485631894821996,0.0005183370607961206,0.000476622000223728,0.0001301711070377408,0.0005436975237719056,0.0003497572211537978,0.0003218901280041116,4.562425166775184e-05,5.7731291922445635e-05,-1.6434017345557068e-05,0.0007704883497849466,-0.00024183337507920522,0.0005065368544071744,0.00022568240630454825,0.0001814492139525729,0.0007969633340843355,0.00023301183693773682,-6.361952230649633e-06,0.00022946633066098164,0.0002865814430543735,5.2413478569832605e-06,0.0004539279602064815,0.00031437368460270776,0.0005049644546798669,3.8021309416856687e-05,-3.2681201702581484e-05,2.7445259101995583e-06,0.0002324074179066771,0.0005478805519035859,0.00044205272248827083,0.0005743776926953602,0.0004435661755859268,0.000512692626952992,0.0003286262853619505,0.00040302764056567237,0.00046336979690178896,0.0003412200273956093,0.00016555669662501744,2.0803584455745875e-05,0.00021494199636331422,0.0005091214481756061,0.000149079405421661,0.00028272850811903057
EBAY,-0.0002901735520478371,-1.6707621388854982e-06,3.983179294897475e-05,-3.11574305937679e-05,-0.00012474258728923607,-0.0004380147942342177,0.00014119175369625185,-8.657871805981629e-05,0.0003118305213155607,5.139101593734407e-05,4.7875583172341795e-05,9.26425520180898e-05,0.00028078466603390735,4.195411042958459e-06,-9.612573799393151e-05,8.256963516917012e-05,2.7563393403535717e-05,1.2782738860508758e-05,-0.00010473700261645472,-0.00012833155314922158,0.000418712029602618,-0.00045028203064828305,4.470732729107635e-05,-7.506319333061227e-05,0.0002573409911127063,0.00023534298054436582,0.0002827111565852137,-6.415373271924005e-05,1.123187901485744e-05,-0.00028710962696453505,8.330401699772776e-05,-0.000463969170944459,-0.0009199066442636852,-0.00023459610034523386,-6.064525435266134e-05,5.8266867509882344e-05,6.390886539933805e-05,-4.088345642138748e-05,-2.237272339627966e-05,-0.0003840037023266632,0.0001941268057129217,-6.871728546001943e-05,0.00020765480060954731,0.00013042320583210248,1.1479396823855893e-05,3.033723173216776e-05,-1.579336914493136e-05,-6.812371668064168e-05,-5.915869892262384e-06,-0.000176362594085763,4.5677339270802746e-05,0.0005568437397646807,0.00037397875756470993,-0.0001401471312845867,0.00028778447849716016,-1.3627676835800465e-05,0.00021057009861501826,-0.00016521342890763382,-0.00027553654045299686,-4.830193362841313e-05,0.0004701440580297273,-0.00012308054383007558,-5.1143555115663094e-05,-6.156239697243286e-05,-7.978345338613872e-05,1.9532996478204316e-06,1.8763816471644007e-05,-0.0002939331172999807,5.712898834183948e-05,-0.00018220757530775457,-1.0164245511708007e-05,0.00021688679132311913,0.00030640370349684754,4.1059051615588405e-05,1.1717058364114965e-05,4.445345208831372e-05,-6.045624559259245e-05,0.00012751580982339462,0.0006234300690620753,-0.00030874911503751725,-4.535656971300443e-05,-2.8172459734261423e-05,-1.0106918205278415e-05,-4.691012376531285e-05,-0.0001042344113198179,-8.465175798690432e-05,4.617627976809783e-06,-0.00013777422835724122,7.030377711007646e-05,-7.385501874263561e-05,8.89479955918055e-06,-0.0002675432707979705,1.276417161708984e-05,-2.1728003262624636e-05,0.00018127104127378603,-1.798884190454904e-05,0.00014233722221572429,-4.993085682022832e-06,-8.105853283490307e-06,8.101949194312434e-05
EMSH,-6.6191885028086345e-06,-8.115073684443681e-06,-1.952240266779114e-05,4.039693483886439e-06,-5.494444121512042e-06,-1.6573080661475555e-05,1.671766698918958e-05,-1.1013896876927414e-05,-3.407035298441933e-05,2.496785602357015e-06,-8.012172653868105e-06,-7.0087653143538225e-06,4.195411042958459e-06,1.8060999232693673e-06,5.677155012767092e-06,-1.6514180671227245e-06,-6.5842328472858065e-06,-7.34087639390518e-07,6.41243803260769e-06,-6.5998539234016e-07,-5.715490274181326e-06,-2.4537300813350394e-05,-9.398257231028853e-06,-1.1246386329378194e-06,-5.364238992470471e-06,-1.4182710894842514e-06,-5.967941583763103e-06,-9.380910498281186e-06,-5.564171811002769e-06,2.5453339182452038e-06,-4.942816970884529e-06,-2.1801030425201207e-05,-5.387131041498461e-05,-5.1503389874847685e-06,1.56210755117698e-05,-2.4104689147738986e-06,-1.0914700729377724e-05,-1.4263327126976017e-05,-8.924090136400445e-06,-1.816996490295418e-05,9.627371174315698e-07,-2.215440100434859e-06,-3.529381108458355e-06,-3.4107657987852704e-05,-7.656232702964224e-06,-8.137288663547318e-06,3.804009206005933e-07,-1.942738565371717e-05,-3.012744773629607e-05,3.5073999672501734e-05,9.247245644282627e-07,2.5173266444237275e-06,-7.554656925764182e-05,-1.1234173616497616e-05,2.799806999756352e-05,-7.303193014574773e-07,-9.954664891451011e-07,8.472850703854374e-06,-2.422572472176593e-05,-1.243653472272231e-05,6.7209198387024364e-06,-3.90024438551727e-06,-1.2936880080833737e-05,-1.9468626046590756e-05,3.3159040411669303e-07,-2.488876914787286e-06,-5.659038359719819e-07,-2.2375471367706184e-05,2.747831165761891e-06,-1.3775650011481192e-05,-3.4480933829623406e-05,-1.7160394765908457e-06,2.0528772794959346e-05,-2.658617784322357e-06,-3.715408291697684e-06,-4.955795634188574e-06,2.659479102931303e-06,4.876234991264952e-05,-2.765429025027885e-06,-9.529747637453376e-06,6.454973146029212e-07,-5.126331638099835e-06,-4.226713742854586e-07,-3.4843652421000057e-06,-1.526440492454663e-05,8.471527577971375e-06,-1.0426815458822168e-05,6.346740364163435e-06,-1.099579080616671e-05,-1.3675739031096479e-05,-5.923198244510568e-06,1.1402565592835227e-05,3.9085782320626745e-06,-2.9860539899431906e-06,-7.521555604918776e-06,-5.2174262520554774e-06,-1.3960850065082008e-06,-7.598617579747804e-06,-6.677668578827774e-06,-3.5119013675199408e-06
ESXB,0.0012092471768817771,0.000921452886639258,0.000234520362097823,-0.0002487895382362623,0.0017116202285172306,0.001982154726125199,-0.0008952304981617675,0.0014152703766947162,0.0013032256441792523,0.0014176813231129052,0.00042331610510853366,0.0005673531599674151,-9.612573799393151e-05,5.677155012767092e-06,0.0030792455214165675,0.00040577043870537776,0.0006009423485676575,-3.7981458264822764e-05,0.00031572695279287645,0.0007093251830346294,0.0008925045292684412,0.002854825685445653,0.00031123273218339154,8.354899822217878e-05,0.00026976844561560776,0.00041956634541008044,0.00041088798002272505,0.0013864025417023344,0.0009200649324217304,4.7954624469776726e-05,0.00040550296831398224,0.002651631122139547,0.002630604896746726,0.0016445645542494097,0.000924591420446698,0.0009712382137014443,0.0004544774969325077,0.000799649475314394,-0.0010743661699824018,0.002824796887938636,0.0010753027973287874,0.00012599362587754434,0.001529254924918533,0.0007255493787819025,0.0006700928997826652,-0.00017310749388990614,-6.97955107982946e-06,0.0012145973986991236,0.0014275849845751705,-0.0015257409365341129,0.00015257056983228976,0.0016177229570143883,-0.0004387577824231385,0.00012000297328698769,0.0003466577811786268,3.970567946776345e-05,-0.0012911398330155447,-0.0011434531955854205,0.0013187118848113706,0.0012630095154797258,-0.0008605276581475171,0.0020538569779154077,0.0008799587021796222,0.0006296183042500536,0.00014352260937086674,6.853824579584597e-05,-0.00013469041557260224,0.0017723452692575692,-0.00088440669194272,0.0014633315099007763,6.029221353288503e-05,4.403488652206691e-05,0.0027989237609229766,0.0005798785902526281,0.00030460449635022295,0.00046174746574115385,0.0008121912379523192,0.001524553499878283,9.700893600973335e-05,0.0012732908059670176,0.0014739633297881577,5.668560356617429e-05,-0.00018643865921712935,-7.807018934545833e-05,7.55291067989001e-05,0.001958272896515092,0.0011288330199423825,0.0022242226584639237,0.0015350190216654627,0.0015842739028202005,0.0008477122141254977,0.002367618044296215,0.0015550904082329818,0.0007823004751366214,-0.00045974149093003274,5.1100751225580035e-05,0.0001824133160463162,0.0016922267897342487,0.0006093990451002102,0.0006015591258955583
EWGS,0.0004632446911794633,0.000235487619747443,0.00025154262213206494,0.00013121306214179744,0.00039061942460404857,0.00029132494334371085,-0.0002617536475693412,0.00044232874600551796,0.0006631580782104752,0.0001820243663734653,0.0003141889364565417,0.0002481533456370812,8.256963516917012e-05,-1.6514180671227245e-06,0.00040577043870537776,0.00028659850946454515,0.0002715531102447482,9.22427266663501e-06,-5.52680725868209e-05,0.00043228386748522113,0.00043227952914260065,0.0009332423011552898,0.00010494420216107272,-5.620773792970237e-07,0.0004961826949518839,0.00034997885617697185,0.00025575025045646336,0.000400666460897929,0.00030799825132169677,-0.00019307069187033982,0.0002652781690959603,0.0010947365817611434,0.00010420295759725486,0.00037268971686083187,2.5278841046424844e-05,0.0003325058967763172,5.0183188725268585e-06,0.00028535736441926703,-5.345401317953144e-05,0.0009120841019052064,0.0003122641396193273,8.416751570549087e-05,0.0005559137998604506,0.0008056080724268208,0.00032261255217853776,-1.3546572096495464e-05,-4.186592825548445e-06,0.00018742367421560136,0.0002542837820512248,-0.0006019320327676723,0.00016500188672189474,0.0006687358489574443,0.0003791437595286392,-2.158996280655134e-05,0.0003661778627582133,2.0740709489521378e-05,0.00014694574798016896,-0.00036183100960437,0.00047599527361630675,0.00042572346222133833,0.0001606537999975569,0.00043489059511351647,0.0003082905804420141,0.0003194510192087333,2.2916233228284818e-05,6.969997271833166e-05,-8.472316881805056e-06,0.000753143470834139,-0.00023625612118975396,0.0005365583795924736,0.00020503942244407976,0.00015778012689888726,0.0007338188721892903,0.00020682449277893017,-9.039728622711132e-05,0.0002252955011744905,0.00029308650666679464,-0.0001464728645807086,0.00023661254183558194,0.00033528378413556905,0.0003683819308545466,3.7156369639340554e-05,1.0793157041619554e-05,5.36211944359048e-05,0.000283787068633742,0.0005939126209907032,0.00039612389801841605,0.0005768627470413445,0.0004087406386465431,0.00043647304413586314,0.00028278071475726585,0.0001664998265823378,0.0004035220917994663,0.0003688277016645705,0.00019022893432316834,-4.720323349147798e-06,0.00023213212731776228,0.0003385846660072159,4.8151603769538347e-05,0.00026940462220434317
EWY,0.0004895523134548447,0.0003873539050190951,0.00036657776056229395,-4.774320081442521e-06,0.000585548085421296,0.0005032553483605901,-0.0002881949142921036,0.000593909709491587,0.0009224347366317505,0.0005141498389054148,0.0003698830137444642,0.0002969971140772973,2.7563393403535717e-05,-6.5842328472858065e-06,0.0006009423485676575,0.0002715531102447482,0.0003575174215843594,1.3803569918173996e-05,-5.47317358673779e-05,0.00045811098166589036,0.0004420347849674823,0.0010886614467623386,0.00011874358937102208,1.4435039715571574e-05,0.00045315692210141505,0.0003483544547992874,0.00024256926557518144,0.0005497432612625469,0.0003939933750067584,-0.00010137289076047834,0.0003024423881468268,0.0013993876772736226,0.0003744353885536401,0.0004940868607079877,0.0002796765306899045,0.00042942544430860704,8.794839218728261e-05,0.0003003198170498263,-0.00010170784223944754,0.00132704857080768,0.00042287384022992,6.950013193168793e-05,0.0006673811060418245,0.0006989913141826867,0.00037098469502157023,-1.5242499365768086e-05,-7.523495582370147e-06,0.0003017826170370487,0.0005560469325610706,-0.00041224175650618814,0.0001637680064610187,0.0008039888079533321,0.00045250664454107934,0.00010957088603527187,0.00040000930415176356,2.646777168364177e-05,9.743364019217465e-06,-0.0004515686716446808,0.0006925880059569722,0.0005582984310612422,7.5388232388207575e-06,0.0006365320249906667,0.0003986717501490662,0.00037428192794688997,8.391777431261484e-05,6.42319773669291e-05,-1.4685106106749923e-05,0.0010137431313397792,-0.0003503984951981037,0.0005930031785164152,0.0001867683358914178,0.00016454414966377966,0.0010111363929822205,0.0002623551569186073,-7.829529651679307e-05,0.00023952126771271292,0.0004053487156135962,9.014257855748631e-05,0.00032370440196402914,0.00043837481732465533,0.0007117601507897967,3.853453064695608e-05,-3.450632920716198e-05,7.1540448854601385e-06,0.0003052394774614855,0.0006815385524834269,0.0005099661142797009,0.0006979993374682244,0.0003789022240142199,0.0005967177341580985,0.0003745651113717566,0.0005666511593042572,0.0005466267152338412,0.000434393580728795,0.00018153736772607266,-1.5024630486987934e-05,0.00022287778698247486,0.0005577357755018373,0.00015667028566631228,0.00030512922819806305
