,APM,AVCO,EPU,FBHS,FUL,FXH,GMS,HR,HTHT,HYTR,INSP,ITEQ,IUSB,JMPNL,KMDA,KRUS,LL,NFTY,NGD,OSN,PRS,RBB,REZI,RXI,RXL,SHOP,SLT,SMTS,SSRM,SZNE,XHB,AEVA,APLS,DOO,GLDD,IBMQ,IGIB,KRYS,MGI,MLP,RAVI,STRR,UNIT,UPRO,VMOT,ZYNE,BCOR,CAL,GURU,ZIXI
APM,0.001891969627883861,0.0013232584729727858,0.0001968224694441465,-0.0006250877975445223,-0.00017809124875299125,-0.00018340874722656532,9.558885299754594e-05,-0.0002336284171260739,-0.00041479881968411103,6.682896651533245e-05,0.00017847129031198399,-6.628775819844042e-06,7.471085036581606e-05,-0.0006442238939771174,0.00022251232481205476,-0.0013684076563839351,-0.000717728552297992,0.0008010642785695366,0.0007942297746915898,-0.00018805992831898104,0.00010196346989542408,2.885826313403335e-05,-2.596052519864369e-05,4.471462477428116e-05,-0.0003559648835212813,0.00014974875949535317,-0.0006775513605831959,0.0005755649883562343,0.0008194558106369534,3.945228245464923e-05,-9.063309353979864e-05,3.7720158333855614e-05,-0.0003561292257436197,9.724760196570722e-05,-0.0010738155933507553,2.894799093214689e-05,0.0001374802382178417,0.00024071345962897175,0.0021540983475231176,0.00010899969148541105,3.0496484446786723e-05,0.0006817348239365178,0.0026593409078557576,-0.00010581429020173545,3.7548431704062906e-05,-0.000993392306384184,-0.0006656690313128948,0.0010350665151756943,-3.7577698700319684e-05,-0.0004443222037234545
AVCO,0.0013232584729727858,0.005178506404411297,-6.935819453442651e-05,-0.00028608584186722437,0.000772042540156451,-0.0005905843793052398,0.0011749262300207533,0.0005624561241882222,-0.00040317502568183614,-0.0007157245967214975,0.0002160752030203833,-0.00023679717871446932,-0.0007308567175921555,-0.0012557540978660124,-0.00014045684801212822,0.0003431513803853567,-0.0006949341543259774,-0.00043842267871891294,0.001407045402459366,-0.0018969613213051127,-0.0005658791271079796,0.001135485014197009,0.003210842363495591,0.0002002636971225549,-0.0005462418766748494,-0.0013277791276127167,-0.0008166277110116087,-0.0006997569383855801,-0.0005410477549093943,-0.00023331766457994558,0.0003280446298064244,-0.0007444500732921522,-0.0016903926084439827,-0.00011512315785622381,-0.0015622219610639738,-0.0008798048004865009,-0.0006805322849946962,9.00322625318078e-05,0.001800689590237253,-4.5305619133262346e-05,-0.0007486977393367947,0.0008298738206111407,0.001699279069267909,0.0014171642440911686,-0.0004926482127294268,-0.0006272213589659264,0.0013462186648951393,0.003989044891886773,-0.0001333453191846109,0.000483945445630561
EPU,0.0001968224694441465,-6.935819453442651e-05,0.00010964537801101157,0.00018045263703204124,-0.00010395828995725482,1.3439638966592584e-05,4.090910929036518e-05,-5.264497925660558e-05,-0.00019920173217295584,3.724877174432933e-05,5.319930231204286e-05,-1.7495315408848793e-05,4.92251156001912e-05,-0.00017254974855107744,3.686048092832563e-05,-0.0002912439374038644,-2.7671222877106392e-05,1.62027332205543e-05,0.0002996297939011389,5.342246061317659e-05,3.6000010913868985e-05,5.5352966802968136e-05,-0.00017800457562165714,-2.1374067639406502e-05,-4.4812623953124544e-05,0.00013299004686013812,-0.00010034697717810933,0.0002581094816917899,0.0002422693010503036,1.8999341726696113e-05,4.172508416240603e-05,3.042507260962836e-05,3.5157604493484656e-05,1.842286855369367e-06,-1.6722120247749292e-05,4.5579625131160506e-05,4.318332841625059e-05,0.00019036642966410356,2.679753583730852e-05,9.738854647607617e-05,2.807162477132761e-05,-1.3676217246344286e-05,4.359023011000789e-05,-6.017862512181117e-05,2.551344268904043e-05,-0.00011406664191798046,0.00010577083647850976,-0.00021149521424077987,8.46816482607732e-06,-0.00012249369955719418
FBHS,-0.0006250877975445223,-0.00028608584186722437,0.00018045263703204124,0.002116333221960939,0.0003931575644326693,-4.695653708372539e-06,0.0006751924144256274,3.66810574303462e-05,-0.0007702983562625393,0.00010082689079206029,0.00012755968857413422,-0.00019315010212904684,0.00018741928521133526,0.0007685125334299073,-0.0002270381497241972,0.0001128557195339638,0.0008048965175885333,-0.0006495294321028907,0.001257292186791673,0.0003394895304944596,0.00015002817767740197,0.0013566360171806875,0.0003517053254247132,1.2932883100093465e-07,-0.0003362841610799884,-0.0006821034549508782,0.0005704924846985623,0.0006997273811712042,0.0009130107669439854,8.00829496663395e-05,0.00055204759124964,9.406112235170051e-05,-0.0007660027696935915,7.462574448127221e-05,-1.645905775829023e-05,0.00026338107662032806,4.6136119095703304e-05,0.0002770979677018692,-0.0012228462459413269,0.0008577807273243656,9.264137105470901e-05,0.00022886850651345292,-0.0009126939687060611,-0.00014382548911137294,0.00016945110965055154,-0.00020446049340882357,0.001750229225165489,5.6648598941546916e-05,4.923666299579565e-05,-0.0002420607066400896
FUL,-0.00017809124875299125,0.000772042540156451,-0.00010395828995725482,0.0003931575644326693,0.0005246072259710422,-9.986315103814139e-05,0.00025647806275560164,0.00026540480363039797,0.00012959505714340246,-0.00014770387728030784,-1.8616189385294091e-06,-2.0911631993875036e-09,-0.00013099710482432705,0.00041257304542113003,-0.00013585662693309735,0.0006088319339854448,0.00016667501959707315,-0.00024774001458388855,2.5763654194411174e-05,-8.31250683091439e-05,-8.168606163794895e-05,0.0006147724363250425,0.0007032478811874823,7.614956643250632e-05,-9.925816964509982e-05,-0.0004536711769411709,6.822072994727753e-05,-0.00038857174219724983,-0.000131292148369147,2.3453275864429394e-05,0.00025701394550934194,-0.00013313010818718986,-6.742433224257741e-05,2.0153430952678625e-05,-0.0002485275803891719,-0.00010815821897283698,-0.00016786415172370973,1.2349151945362181e-05,-9.583088922794083e-05,7.455109631863789e-05,-0.00013349015455340336,0.00043947464775489305,7.753726017238236e-06,0.0002611685149492069,-4.745836520066008e-05,-6.0116263264625044e-05,0.00016681305230689794,0.0010154007649156715,-5.0069144517912206e-06,2.2373868328293618e-05
FXH,-0.00018340874722656532,-0.0005905843793052398,1.3439638966592584e-05,-4.695653708372539e-06,-9.986315103814139e-05,0.00011214990094965867,-4.1824405836106614e-05,-1.3435311339384286e-05,5.748898847169298e-05,2.4391821430177605e-05,1.534116450924377e-05,8.212775014337856e-05,2.9737657210808036e-05,4.373013783290461e-05,3.1839645558650423e-06,0.00012055950624028343,0.00015490215385155715,2.2873207146018426e-05,-0.00020581070886467812,6.440310826135036e-05,1.0646652635574512e-05,-0.00019246272964687107,-0.00031576916967391937,-2.4450082434899593e-05,0.00016906716464118476,0.0002777815076486132,0.00010334818914837489,0.00010656171419248922,-7.787921880036104e-05,4.490594781918452e-05,-2.3354083784949607e-05,2.7710893253794002e-05,0.0003569642819140344,-7.24466621899869e-06,0.00039232254345721805,3.3743638437607894e-05,1.963470395905465e-05,0.00014284469312113104,-0.00032755669272026473,-5.1520010823512416e-05,2.660577038999e-05,-0.00015920468406037874,-0.0003882167794665923,-4.9594334787311724e-05,9.360370230354681e-06,0.0003549479092559164,-0.0001463546231931776,-0.0005191720529233694,2.702637992113277e-05,-2.5195275140160796e-05
GMS,9.558885299754594e-05,0.0011749262300207533,4.090910929036518e-05,0.0006751924144256274,0.00025647806275560164,-4.1824405836106614e-05,0.0010326620761258983,0.00010608787867250535,-0.0007283788476899982,-0.0001858717009392359,0.00017177678840952614,-4.612180995343631e-05,-0.00013996568368212863,-6.624492100614458e-05,-0.00017165131741731274,0.0004651701529359285,0.0002863392518529111,-0.0002513793472721605,0.0009460476975009748,-0.0008435240593445438,-0.00011313452225138721,0.000694525246942169,0.001193053840882094,6.127553501196069e-05,-0.00010444955345541663,-0.0005023280738543002,0.0003146181266585602,0.0005579611062669871,3.995714062505367e-05,1.5278922267178275e-05,0.0002275810262827655,-0.00020762557200847356,-0.0009404943255579256,-9.366380549436989e-06,-7.353136181159598e-05,-0.00017025368599112988,-0.00021027198436505582,0.00029121355797378194,-0.00029231926946550674,0.00035113167833926255,-0.00021145562140705715,-4.710699385392076e-06,-8.136771936697468e-05,0.0004258913848986814,-0.00011396842324749417,0.0005463309972351662,0.0013838259548383353,0.0010425819626258134,2.3313336925380443e-05,0.00016900286481158467
HR,-0.0002336284171260739,0.0005624561241882222,-5.264497925660558e-05,3.66810574303462e-05,0.00026540480363039797,-1.3435311339384286e-05,0.00010608787867250535,0.00045396310085071633,0.00026255143995910883,-0.00022807545306417022,0.00019536762527437904,0.0001935665360316913,-0.00023623136230770987,-6.555312782760896e-05,-0.00013123876513051233,0.000368857175053538,7.370001462197174e-05,-0.00040158129364440374,-2.521282828608319e-05,-6.04555303840465e-06,-0.00019830076014688085,0.0002415166315925306,0.0004261729091186064,5.5758282308073745e-05,9.626778151937979e-05,0.00021879862054928066,-6.265669340170188e-05,-0.0005733987025154074,-0.000518613331815606,-5.442752633656664e-07,0.00020169498849740555,-0.0002144008454631329,0.0004478736240158663,-8.57949985849813e-05,0.00011001861890476292,-0.00024288231831966637,-0.00024783702177855833,0.0003486756696048269,-0.00021147558443937773,-9.079185116179578e-05,-0.000213708609184531,-2.7787900069747558e-05,-0.0007986076394368764,0.00041762593122681834,-0.00011487084566646149,0.0002585951859878568,-0.0004947322383025814,0.00017252725085629403,1.1382756646786254e-06,4.119939712896338e-05
HTHT,-0.00041479881968411103,-0.00040317502568183614,-0.00019920173217295584,-0.0007702983562625393,0.00012959505714340246,5.748898847169298e-05,-0.0007283788476899982,0.00026255143995910883,0.0013084205745577202,-0.00017593396502941114,2.1004679141175552e-05,0.00020464390943661048,-0.00021807339129434547,5.900250843011507e-05,7.406061227886232e-06,0.00039330665617506546,0.0003689291670079768,-2.8462598505724357e-05,-0.0012974986679495603,0.00011944308748552513,-0.00024002270083903663,-0.0005886272761375129,-0.0002160672520309094,-3.591141322104066e-06,0.0004391535076592266,0.00028566435701639424,-0.00016072538148103718,-0.0010777034967909425,-0.0006350268594638207,-9.053618086261723e-07,-4.836978280429911e-05,-0.00014588163396324214,0.0011288758114197314,-2.4291878629236243e-05,0.0007615164172410765,-0.0002434933610015151,-0.00014001564566895359,-6.833793306630165e-05,0.0003823681033649686,-0.000576471005740311,-0.00014370058372461289,0.00045443586304969014,-9.302769862635963e-05,0.00025973459555067585,-0.00012998029874434418,0.00021318067646222192,-0.0011838710147339605,-0.0002055777181812018,-3.351878286441254e-05,4.4412357309680833e-05
HYTR,6.682896651533245e-05,-0.0007157245967214975,3.724877174432933e-05,0.00010082689079206029,-0.00014770387728030784,2.4391821430177605e-05,-0.0001858717009392359,-0.00022807545306417022,-0.00017593396502941114,0.00023221267266711266,-7.676813438885369e-05,-4.510486159033265e-05,0.00023700659791992437,0.00031578475480985226,5.7565964654835777e-05,-0.0004182062529832468,-0.00010355890984245019,0.00023091537318053324,4.2793639477599104e-05,0.00047081831800204854,0.00021759932037048875,-4.526611308990996e-05,-0.0005800243237991178,-2.176441983480232e-05,-0.00013087039594211715,4.268173631003062e-05,0.00011890100195350556,0.0003115037148701813,0.0004226313630526459,2.701290137897282e-05,-9.259814159076111e-05,0.00023014183908674887,-0.00012839542932463436,6.416091750600843e-05,-0.00022392141569790115,0.0002801099678823826,0.00022749394638888105,-0.00019516984712417205,1.797103792187558e-05,0.0001689720868521738,0.0002320114817236265,-6.485787646347526e-05,0.00027608914084197706,-0.0004421090669065734,0.00016978306938742965,-0.0003333370269606382,-0.00018090836535819544,-0.0004401335087027509,1.1567692433792189e-05,-0.00016398145051128423
INSP,0.00017847129031198399,0.0002160752030203833,5.319930231204286e-05,0.00012755968857413422,-1.8616189385294091e-06,1.534116450924377e-05,0.00017177678840952614,0.00019536762527437904,2.1004679141175552e-05,-7.676813438885369e-05,0.00039611808231674277,0.000190735054445684,-6.999568456505271e-05,-6.700693273129917e-05,-9.40712203915917e-05,-0.00048500089808431945,0.00033098846228394474,-0.00011384548821130482,0.0004707620546179174,2.82869727275725e-05,-9.74114313831644e-05,0.00018197228858460535,0.00018606894787911052,3.509666120565418e-05,2.8863238734667534e-05,0.00022344205830158623,0.00013653047618999168,7.126047524042093e-05,0.00014763217353414357,2.2017675594407535e-05,0.00012723508843615896,-8.77661655280934e-05,-0.00012010209999832628,-7.528633975889382e-06,0.00016358086077887277,-8.985925005560595e-05,-6.765751916856525e-05,0.0003467754069981845,0.00043645402828514546,0.00019283420872060378,-8.65416055081594e-05,0.00014118517292593507,3.378100773140594e-05,0.00017749092717070228,-1.438388648951518e-05,6.742731597173585e-05,-0.0002982177092670815,-8.823811610572827e-05,-1.110488494325819e-06,-0.00016141929513073836
ITEQ,-6.628775819844042e-06,-0.00023679717871446932,-1.7495315408848793e-05,-0.00019315010212904684,-2.0911631993875036e-09,8.212775014337856e-05,-4.612180995343631e-05,0.0001935665360316913,0.00020464390943661048,-4.510486159033265e-05,0.000190735054445684,0.00023973414115742445,-4.906275689378301e-05,6.104990390768318e-05,-4.401624790453107e-05,-3.3749320338296916e-05,9.244513876175248e-05,6.180100321560455e-06,-0.00016059696133034513,0.0001882948218470287,-4.731905022259269e-05,-0.00010597704811875606,-0.000192964625390277,2.5563388871869306e-05,0.0001576446896299517,0.00047126057060230947,5.775947315687132e-05,-0.0001462382901595121,-0.00019945467017298688,5.5561031658636994e-05,2.9585055659689662e-05,-3.82917856479159e-05,0.0005043024683901657,-2.1804293991564766e-05,0.00023670520551680234,-4.5025241533286986e-05,-5.032841576140434e-05,0.0002907401254382062,4.899077900479596e-05,-5.741703153546309e-05,-3.79868361393742e-05,-6.15909141082929e-05,-0.0002855824001743075,7.643097256887584e-05,-6.1045123271748396e-06,0.00029097451979973136,-0.0008222166334083371,-0.00034928504436036197,2.0209795857202158e-05,-0.00011050237244456906
IUSB,7.471085036581606e-05,-0.0007308567175921555,4.92251156001912e-05,0.00018741928521133526,-0.00013099710482432705,2.9737657210808036e-05,-0.00013996568368212863,-0.00023623136230770987,-0.00021807339129434547,0.00023700659791992437,-6.999568456505271e-05,-4.906275689378301e-05,0.00024789252747107137,0.0003481455391006723,5.220021159463738e-05,-0.0004075160858522178,-6.0635149533756665e-05,0.00023113757617062783,9.590990912869643e-05,0.000464170895239131,0.0002266267996836083,9.219842354824586e-06,-0.0005721401455179548,-2.1599034569658487e-05,-0.0001370372060667209,2.2778924976484503e-05,0.00014091033123279293,0.00037636574573930996,0.000479464523326591,3.9071990744207864e-05,-6.809425006298272e-05,0.00023428440289764482,-0.00014352073339125854,7.23820075432728e-05,-0.0002121183722685303,0.00029331407422300104,0.0002313955947733004,-0.0001621940403416355,-1.1407804617998756e-05,0.00020510774814704532,0.00023554786819606418,-3.1669416814424214e-05,0.0002944122036727693,-0.0004488883849687173,0.00017640403380741673,-0.00032100770504483436,-0.00010532902800136759,-0.00041708367734146737,1.6057572339941373e-05,-0.00018662130930362691
JMPNL,-0.0006442238939771174,-0.0012557540978660124,-0.00017254974855107744,0.0007685125334299073,0.00041257304542113003,4.373013783290461e-05,-6.624492100614458e-05,-6.555312782760896e-05,5.900250843011507e-05,0.00031578475480985226,-6.700693273129917e-05,6.104990390768318e-05,0.0003481455391006723,0.001702583345605581,-0.00016859216096517802,0.00019793994084803436,0.00048534156835208027,9.975941150308885e-05,-0.00023264446743770823,0.0010276380083408438,0.0003417076312932352,0.0006010692300126255,-0.0003981168713759213,6.5381729980049e-05,-0.00019639404292258323,-0.00042118863616919715,0.0008336719483814932,8.039755260717471e-05,0.0005439665225447159,0.0001265445621865431,0.00012320740424060552,0.0003373168747191097,-0.00028149596656642487,0.00017748700928990545,-0.0002688449873406659,0.000489511372593508,0.0002617908990801323,-0.0004635800225415111,-0.00045986377214778486,0.00048143330951109587,0.00034485641967288113,0.0003384540426111444,6.62793783123447e-05,-0.0006241808390833,0.0003283261140717835,-0.000256531323593461,-0.0003784558593265253,-3.0916061703913273e-05,4.1367341320138364e-05,-0.0002665644120129125
KMDA,0.00022251232481205476,-0.00014045684801212822,3.686048092832563e-05,-0.0002270381497241972,-0.00013585662693309735,3.1839645558650423e-06,-0.00017165131741731274,-0.00013123876513051233,7.406061227886232e-06,5.7565964654835777e-05,-9.40712203915917e-05,-4.401624790453107e-05,5.220021159463738e-05,-0.00016859216096517802,9.800512675968534e-05,-0.0001668757369981851,-0.00020270744029562355,0.00019217732577059456,-0.00012942298203868737,3.0273548029076068e-05,4.94526898579973e-05,-0.00022338881910379378,-0.00029610777910212677,-2.7265995063539532e-05,4.966111789060145e-07,0.00011123387015120251,-0.00019211067466277077,7.638750643602037e-05,8.268956659191472e-05,1.4975594911235334e-06,-9.493736188594309e-05,5.671305676566106e-05,0.00016519402689748241,1.004347230092343e-05,-6.472227703968966e-05,4.659768479038469e-05,7.255051283188178e-05,-3.695172582082684e-05,0.0001875828760897245,-0.00010076452521475134,5.4982597244448304e-05,3.4755432951798438e-06,0.0003217551743008627,-0.00012010258583926438,1.5412606476412717e-05,-0.000150077691782888,-0.00014104609468800492,-0.00013114908800110914,-3.687937461666327e-06,-4.471451833363691e-05
KRUS,-0.0013684076563839351,0.0003431513803853567,-0.0002912439374038644,0.0001128557195339638,0.0006088319339854448,0.00012055950624028343,0.0004651701529359285,0.000368857175053538,0.00039330665617506546,-0.0004182062529832468,-0.00048500089808431945,-3.3749320338296916e-05,-0.0004075160858522178,0.00019793994084803436,-0.0001668757369981851,0.0028166800929587013,0.0002822837495316999,-0.0005796052126065199,-0.0012690378688240914,-0.001010813773041,-0.0003145543084261277,2.0046341331373774e-05,0.0010139155520523027,1.575186416808931e-05,0.0005192691767102212,-0.0003882817975532088,0.00015721394949446446,-0.0007746706849474795,-0.001553121277630231,2.4357534780452422e-05,0.00015252182775038578,-0.00037570984995399396,0.0008922225866404382,-0.0001258878541866461,0.0009158499758589817,-0.0004168132064494176,-0.0004814975366540229,4.422903642171909e-05,-0.0020884708445898046,-0.0006117929233045591,-0.00038181817336483943,-0.0003355864580425305,-0.0019852982366080673,0.0007371546227055222,-0.00033271518215886734,0.0016546848011866925,0.001017536745346659,0.0007731469395847638,5.206396175565016e-05,0.0007162059119088434
LL,-0.000717728552297992,-0.0006949341543259774,-2.7671222877106392e-05,0.0008048965175885333,0.00016667501959707315,0.00015490215385155715,0.0002863392518529111,7.370001462197174e-05,0.0003689291670079768,-0.00010355890984245019,0.00033098846228394474,9.244513876175248e-05,-6.0635149533756665e-05,0.00048534156835208027,-0.00020270744029562355,0.0002822837495316999,0.0014518981012502908,-0.00031690728880738443,6.940415909108797e-05,-0.0002934215668155602,-0.00017038235109296604,0.00024781769877202175,0.0003716673110057811,-1.5058732588278933e-05,0.0003367208752076703,-0.00031804833631239143,0.0007147636366301815,0.00023111002581691442,0.00026574400373618155,7.417247494215183e-05,0.000248417365501475,-0.00011017726168891634,-0.00023462041842469027,6.429938259099427e-05,0.0012548366250073276,-8.224702157617437e-05,-9.062401798614804e-05,0.0002036469956576248,-0.00030029937964528295,0.00024918464700926263,-0.00010991934362523023,0.0005241085739618391,-0.00037213073522089575,0.00023679172498956616,-4.532706854427062e-05,0.000724830115668204,0.0009543742054785163,-0.0001882328397956331,1.9726084963594188e-05,-3.1601960787025485e-05
NFTY,0.0008010642785695366,-0.00043842267871891294,1.62027332205543e-05,-0.0006495294321028907,-0.00024774001458388855,2.2873207146018426e-05,-0.0002513793472721605,-0.00040158129364440374,-2.8462598505724357e-05,0.00023091537318053324,-0.00011384548821130482,6.180100321560455e-06,0.00023113757617062783,9.975941150308885e-05,0.00019217732577059456,-0.0005796052126065199,-0.00031690728880738443,0.0008166722608158848,-0.00027604339353607267,0.00014012901918870275,0.00022065528514346466,-0.00045156397753111957,-0.0006762378807374169,-1.0440261013145944e-05,-3.8965784172045404e-05,0.00017079596080035394,-0.00012017522678858857,0.0004623389213101322,0.00048397329344071526,7.414166948157835e-05,-0.00027611498224978676,0.00022350851792384292,4.3067040368828546e-05,0.00012306136079602461,-0.00030832890675656574,0.00023937084918358004,0.0002692546610138875,-0.0002028989020056092,0.0009965043140763585,-6.361511889777797e-05,0.00022090780812555942,0.00029083382099466505,0.0016445251561983418,-0.0004492883934669404,0.00012917338460435848,-0.00032099310886681974,-0.0006760647736551307,4.465117011392497e-05,2.7914393412947924e-06,-0.00024215549764676557
NGD,0.0007942297746915898,0.001407045402459366,0.0002996297939011389,0.001257292186791673,2.5763654194411174e-05,-0.00020581070886467812,0.0009460476975009748,-2.521282828608319e-05,-0.0012974986679495603,4.2793639477599104e-05,0.0004707620546179174,-0.00016059696133034513,9.590990912869643e-05,-0.00023264446743770823,-0.00012942298203868737,-0.0012690378688240914,6.940415909108797e-05,-0.00027604339353607267,0.0023003248354274467,-0.00015611890888140233,8.052044940707641e-05,0.00120627362913143,0.0008871586621778583,5.4460757255849176e-05,-0.0006509283172279052,-0.000542764819021323,0.00016142974515411304,0.0010439470312919876,0.0011446325598746965,-4.081663507473262e-05,0.0003326949907779188,-7.406825163114432e-06,-0.0018171572442983548,3.770395271836755e-05,-0.0009446708270810057,8.53406456848191e-05,3.607704650154086e-05,0.00033297385599593177,0.0005842932064415188,0.0009584622121694457,-7.3418293173458945e-06,0.00014653911337140664,0.000652301393999386,3.916672835892546e-05,9.911888905417236e-05,-0.0007875382160082536,0.001408339006635487,0.000759112438066956,-1.4598598146927276e-05,-0.00026517858011631894
OSN,-0.00018805992831898104,-0.0018969613213051127,5.342246061317659e-05,0.0003394895304944596,-8.31250683091439e-05,6.440310826135036e-05,-0.0008435240593445438,-6.04555303840465e-06,0.00011944308748552513,0.00047081831800204854,2.82869727275725e-05,0.0001882948218470287,0.000464170895239131,0.0010276380083408438,3.0273548029076068e-05,-0.001010813773041,-0.0002934215668155602,0.00014012901918870275,-0.00015611890888140233,0.0020095414515226887,0.0004527375303008183,0.00014511665314215666,-0.00172132937428808,-7.923816725747769e-07,-0.0002804983148606413,0.0006997090825910752,0.000131944064431675,-0.000136077114824364,0.0006494148082079324,0.00010205782952261722,2.5981138374887402e-05,0.0004974957359215708,0.0007673073431476942,8.368447244516744e-05,-0.0005865358366102515,0.0006189909917188431,0.0004297294053198856,-9.035626903101373e-05,-0.0002058510359869437,0.00034390621528840293,0.0005055257997921538,-0.00014985905238152042,-0.0004005952972489809,-0.0009571880668409129,0.00043972618499482706,-0.001024053424019103,-0.0019756460280996925,-0.0015674810283743184,3.4577001206913026e-05,-0.0006342458366196313
PRS,0.00010196346989542408,-0.0005658791271079796,3.6000010913868985e-05,0.00015002817767740197,-8.168606163794895e-05,1.0646652635574512e-05,-0.00011313452225138721,-0.00019830076014688085,-0.00024002270083903663,0.00021759932037048875,-9.74114313831644e-05,-4.731905022259269e-05,0.0002266267996836083,0.0003417076312932352,4.94526898579973e-05,-0.0003145543084261277,-0.00017038235109296604,0.00022065528514346466,8.052044940707641e-05,0.0004527375303008183,0.0002231712894412351,5.1218769492641884e-05,-0.0005019213442207754,-9.940542686003926e-06,-0.0001627982898267219,1.635683566278133e-05,9.13356938340389e-05,0.0003057724651675984,0.00039799273196988055,3.6733649920152596e-05,-5.97320012778562e-05,0.00021747807365286363,-0.00010869080114273712,6.348810864453025e-05,-0.0003285584356106123,0.0002752400428046965,0.00020679187005954194,-0.00015976647535922335,-3.5377454282704184e-05,0.00017994872093111546,0.00021853289403151558,-5.474495794733402e-05,0.00027298786028226343,-0.0004174253148377348,0.0001660470110173638,-0.0003355686864201124,-0.0001724029070089862,-0.00028312669239352384,1.5997045447799552e-05,-0.00016676818297259064
RBB,2.885826313403335e-05,0.001135485014197009,5.5352966802968136e-05,0.0013566360171806875,0.0006147724363250425,-0.00019246272964687107,0.000694525246942169,0.0002415166315925306,-0.0005886272761375129,-4.526611308990996e-05,0.00018197228858460535,-0.00010597704811875606,9.219842354824586e-06,0.0006010692300126255,-0.00022338881910379378,2.0046341331373774e-05,0.00024781769877202175,-0.00045156397753111957,0.00120627362913143,0.00014511665314215666,5.1218769492641884e-05,0.0014133335075485612,0.0009602437029860747,0.00010122261152735572,-0.0004993335143116734,-0.0007783504490000749,0.00024777549735126607,0.0001719856901751417,0.0005962090869102199,2.9908225885276798e-05,0.0004937114739989848,-4.941954512195614e-05,-0.0009294181211250395,6.299182747639305e-05,-0.000802880967862633,6.401889775689952e-05,-8.599337254651984e-05,0.00014730143931351581,-0.00012657533655883272,0.0006793976469921243,-4.910151697160326e-05,0.0005136424258470124,0.00010384505632254985,0.00011720250081119016,8.339771103194978e-05,-0.0005849023651961756,0.0008973535920149382,0.0012394582566035864,1.7813319991038136e-06,-0.00019273907030124945
REZI,-2.596052519864369e-05,0.003210842363495591,-0.00017800457562165714,0.0003517053254247132,0.0007032478811874823,-0.00031576916967391937,0.001193053840882094,0.0004261729091186064,-0.0002160672520309094,-0.0005800243237991178,0.00018606894787911052,-0.000192964625390277,-0.0005721401455179548,-0.0003981168713759213,-0.00029610777910212677,0.0010139155520523027,0.0003716673110057811,-0.0006762378807374169,0.0008871586621778583,-0.00172132937428808,-0.0005019213442207754,0.0009602437029860747,0.0028213210862690877,0.00013766558947106685,-0.00017353391134320448,-0.0014311648978746247,0.0001453488998460773,-0.0004072053345074428,-0.0005833835389785838,-0.00017294545904941838,0.0003092029747322895,-0.0006019505129290296,-0.0017262694242459972,-7.574926577021117e-05,-0.0003164481499086947,-0.0006787130462657516,-0.0005813180852089518,-0.0001224587848892463,0.00037926720255638743,0.00010500185994864175,-0.0006013471662491783,0.000489272870771507,0.0003049239679932275,0.0011780235692339062,-0.00039912970116118946,0.00037067340663707516,0.0020923683451054744,0.00278392835910245,-7.497833193983797e-05,0.000643103994930255
RXI,4.471462477428116e-05,0.0002002636971225549,-2.1374067639406502e-05,1.2932883100093465e-07,7.614956643250632e-05,-2.4450082434899593e-05,6.127553501196069e-05,5.5758282308073745e-05,-3.591141322104066e-06,-2.176441983480232e-05,3.509666120565418e-05,2.5563388871869306e-05,-2.1599034569658487e-05,6.5381729980049e-05,-2.7265995063539532e-05,1.575186416808931e-05,-1.5058732588278933e-05,-1.0440261013145944e-05,5.4460757255849176e-05,-7.923816725747769e-07,-9.940542686003926e-06,0.00010122261152735572,0.00013766558947106685,2.2869759700378907e-05,-3.5997265126140044e-05,-4.414106200158246e-05,2.2169833593397387e-05,-5.5976323295525605e-05,-1.9419934056359787e-05,1.8059352465428345e-06,2.7925294757877914e-05,-2.1120376870626884e-05,-7.014018243877972e-05,3.4699505835276103e-06,-0.00011273640304194709,-1.8301485184955986e-05,-2.5180744431255896e-05,2.362482048985248e-06,9.625431531160871e-05,3.0033906752197086e-05,-2.058096809557419e-05,5.622986053741479e-05,8.260031641518568e-05,4.2082570045358655e-05,-2.2900567700246563e-06,-3.028069237355268e-05,-8.60282341699816e-05,0.000198560229577798,-2.488671091362231e-06,-6.604737822559817e-06
RXL,-0.0003559648835212813,-0.0005462418766748494,-4.4812623953124544e-05,-0.0003362841610799884,-9.925816964509982e-05,0.00016906716464118476,-0.00010444955345541663,9.626778151937979e-05,0.0004391535076592266,-0.00013087039594211715,2.8863238734667534e-05,0.0001576446896299517,-0.0001370372060667209,-0.00019639404292258323,4.966111789060145e-07,0.0005192691767102212,0.0003367208752076703,-3.8965784172045404e-05,-0.0006509283172279052,-0.0002804983148606413,-0.0001627982898267219,-0.0004993335143116734,-0.00017353391134320448,-3.5997265126140044e-05,0.0004424554964532141,0.0004164336485848457,3.3991883959569164e-05,-0.00018010466238929123,-0.0005101514882889165,3.985836279387401e-05,-5.0671597650506365e-05,-0.00012162325789914687,0.0007731200200802354,-5.262938385559617e-05,0.0009111884748073725,-0.00017233592685256824,-0.00012155863592026896,0.00025296754240296065,-0.0003768445084435544,-0.0003422647863595553,-0.0001243447613562342,-0.0001385771692747891,-0.0006432844636417587,0.00023298861375435208,-0.00012771755674721827,0.0008189597520601794,-0.0002289747494407788,-0.0005452642114118466,2.3630657604380925e-05,0.00011846709498706764
SHOP,0.00014974875949535317,-0.0013277791276127167,0.00013299004686013812,-0.0006821034549508782,-0.0004536711769411709,0.0002777815076486132,-0.0005023280738543002,0.00021879862054928066,0.00028566435701639424,4.268173631003062e-05,0.00022344205830158623,0.00047126057060230947,2.2778924976484503e-05,-0.00042118863616919715,0.00011123387015120251,-0.0003882817975532088,-0.00031804833631239143,0.00017079596080035394,-0.000542764819021323,0.0006997090825910752,1.635683566278133e-05,-0.0007783504490000749,-0.0014311648978746247,-4.414106200158246e-05,0.0004164336485848457,0.0016855868077923746,-0.00032348946666290856,-0.00010159986638162118,-0.00042662657610902045,0.0001267131704426743,-0.00010235442499492496,5.925590956534454e-05,0.0018686070417376446,-0.00010375072613302892,0.0006122306398814819,3.0818139234396563e-05,3.8324539039048045e-05,0.0008230924411089611,-0.0002782586576649894,-0.0003383678457249128,5.5682489687971135e-05,-0.000660156120558999,-0.0010707902885280405,-0.00012454652167422138,3.069857610421385e-05,0.00054524267079307,-0.002137929709737002,-0.001911943423520584,6.614752847353113e-05,-0.0003330111804372522
SLT,-0.0006775513605831959,-0.0008166277110116087,-0.00010034697717810933,0.0005704924846985623,6.822072994727753e-05,0.00010334818914837489,0.0003146181266585602,-6.265669340170188e-05,-0.00016072538148103718,0.00011890100195350556,0.00013653047618999168,5.775947315687132e-05,0.00014091033123279293,0.0008336719483814932,-0.00019211067466277077,0.00015721394949446446,0.0007147636366301815,-0.00012017522678858857,0.00016142974515411304,0.000131944064431675,9.13356938340389e-05,0.00024777549735126607,0.0001453488998460773,2.2169833593397387e-05,3.3991883959569164e-05,-0.00032348946666290856,0.0008863093712367785,0.0003736089702826649,0.0002060625942347787,3.255116693505398e-05,2.493333569378584e-05,0.00011198943021337591,-0.0007501572030911583,6.576911131221967e-05,0.00037784236177808154,0.0001825694746162865,8.39833486273247e-05,-0.00024412038351474678,-0.0005538698182705026,0.00039283666787483836,0.00011862769137018833,-0.0001347264490563779,-0.000466534449914108,-0.00018011739313066142,0.00012025940958501917,0.0004730763921277417,0.0005482608251433382,-0.0002886855257358262,3.1024956358938887e-05,6.48513254474838e-05
SMTS,0.0005755649883562343,-0.0006997569383855801,0.0002581094816917899,0.0006997273811712042,-0.00038857174219724983,0.00010656171419248922,0.0005579611062669871,-0.0005733987025154074,-0.0010777034967909425,0.0003115037148701813,7.126047524042093e-05,-0.0001462382901595121,0.00037636574573930996,8.039755260717471e-05,7.638750643602037e-05,-0.0007746706849474795,0.00023111002581691442,0.0004623389213101322,0.0010439470312919876,-0.000136077114824364,0.0003057724651675984,0.0001719856901751417,-0.0004072053345074428,-5.5976323295525605e-05,-0.00018010466238929123,-0.00010159986638162118,0.0003736089702826649,0.001624631169558223,0.0011540185805371983,0.00010331004884141755,-5.220257044523837e-05,0.0002715885065767408,-0.0009332093968327168,0.0001320526920972125,-2.2828392831652534e-05,0.00038526789013032476,0.0003201979349042292,0.00014735793212834755,5.345474669089215e-05,0.0005920116545800412,0.0002660828569086813,-6.269441820339625e-05,0.0008787143214312285,-0.0005062260549725718,0.0001954446913243602,3.13081709558014e-05,0.0011864036761060005,-0.0003614311669595281,5.381367381194048e-05,-0.00027472752887274605
SSRM,0.0008194558106369534,-0.0005410477549093943,0.0002422693010503036,0.0009130107669439854,-0.000131292148369147,-7.787921880036104e-05,3.995714062505367e-05,-0.000518613331815606,-0.0006350268594638207,0.0004226313630526459,0.00014763217353414357,-0.00019945467017298688,0.000479464523326591,0.0005439665225447159,8.268956659191472e-05,-0.001553121277630231,0.00026574400373618155,0.00048397329344071526,0.0011446325598746965,0.0006494148082079324,0.00039799273196988055,0.0005962090869102199,-0.0005833835389785838,-1.9419934056359787e-05,-0.0005101514882889165,-0.00042662657610902045,0.0002060625942347787,0.0011540185805371983,0.0017747617907552457,8.805058929733875e-05,9.598632384098444e-05,0.00039265933963845837,-0.001046584105181253,0.00023009255325673935,-0.0006644437175733959,0.0005337573630553304,0.00045562316435095575,-0.0001294636777288408,0.0010284096804681695,0.0007864168363313026,0.0003919044123515488,0.0007633404745046881,0.0018831331084751528,-0.0007556585488277144,0.000346252675460216,-0.00123767680500413,0.000520038529677591,4.767435548603334e-05,-2.5095730111030603e-06,-0.0006375422441085713
SZNE,3.945228245464923e-05,-0.00023331766457994558,1.8999341726696113e-05,8.00829496663395e-05,2.3453275864429394e-05,4.490594781918452e-05,1.5278922267178275e-05,-5.442752633656664e-07,-9.053618086261723e-07,2.701290137897282e-05,2.2017675594407535e-05,5.5561031658636994e-05,3.9071990744207864e-05,0.0001265445621865431,1.4975594911235334e-06,2.4357534780452422e-05,7.417247494215183e-05,7.414166948157835e-05,-4.081663507473262e-05,0.00010205782952261722,3.6733649920152596e-05,2.9908225885276798e-05,-0.00017294545904941838,1.8059352465428345e-06,3.985836279387401e-05,0.0001267131704426743,3.255116693505398e-05,0.00010331004884141755,8.805058929733875e-05,5.4492798211655924e-05,3.806620211633198e-05,3.0172437383178658e-05,0.00022287969850913702,2.268891692600697e-05,8.164646975935594e-05,5.156149169340706e-05,2.5117485395707888e-05,0.0001307531459020595,-4.377748809837716e-05,2.8837695081551935e-05,2.8443660562315545e-05,7.499613306211978e-05,3.9795757483315785e-05,-5.767813615813964e-05,3.0019669958041713e-05,7.818308705229123e-05,-0.0001740689362026931,-9.860168899580191e-05,1.8560097785962845e-05,-0.0001074214612083175
XHB,-9.063309353979864e-05,0.0003280446298064244,4.172508416240603e-05,0.00055204759124964,0.00025701394550934194,-2.3354083784949607e-05,0.0002275810262827655,0.00020169498849740555,-4.836978280429911e-05,-9.259814159076111e-05,0.00012723508843615896,2.9585055659689662e-05,-6.809425006298272e-05,0.00012320740424060552,-9.493736188594309e-05,0.00015252182775038578,0.000248417365501475,-0.00027611498224978676,0.0003326949907779188,2.5981138374887402e-05,-5.97320012778562e-05,0.0004937114739989848,0.0003092029747322895,2.7925294757877914e-05,-5.0671597650506365e-05,-0.00010235442499492496,2.493333569378584e-05,-5.220257044523837e-05,9.598632384098444e-05,3.806620211633198e-05,0.00026173447402847485,-8.862135412697298e-05,6.452395368025749e-05,-1.1175892845457168e-06,1.2000424546678764e-05,-5.801399372326175e-05,-0.0001044371387497946,0.0002884002727693544,-0.00019325550728848453,0.00016762242287456311,-9.058549788996979e-05,0.00023973348361045483,-0.0002753664554235903,0.0001769984461996106,-1.90980496636759e-05,-2.0781960843848363e-05,0.00021785568189302846,0.0002871667940292697,9.99916917757008e-06,-0.00010559626901778432
AEVA,3.7720158333855614e-05,-0.0007444500732921522,3.042507260962836e-05,9.406112235170051e-05,-0.00013313010818718986,2.7710893253794002e-05,-0.00020762557200847356,-0.0002144008454631329,-0.00014588163396324214,0.00023014183908674887,-8.77661655280934e-05,-3.82917856479159e-05,0.00023428440289764482,0.0003373168747191097,5.671305676566106e-05,-0.00037570984995399396,-0.00011017726168891634,0.00022350851792384292,-7.406825163114432e-06,0.0004974957359215708,0.00021747807365286363,-4.941954512195614e-05,-0.0006019505129290296,-2.1120376870626884e-05,-0.00012162325789914687,5.925590956534454e-05,0.00011198943021337591,0.0002715885065767408,0.00039265933963845837,3.0172437383178658e-05,-8.862135412697298e-05,0.00023020360271176342,-6.461160299926086e-05,6.245871400993103e-05,-0.0002161421844157563,0.00028027278748660525,0.00022381178017099305,-0.0001926986623685652,-1.9244489339034754e-05,0.00015171996519870018,0.000232061929580436,-6.65634465242421e-05,0.00023012271011210492,-0.00044262919381516167,0.0001699348935901017,-0.000324918573463391,-0.0002331569341898748,-0.0004546666310551028,1.285615767588941e-05,-0.0001647544572224335
APLS,-0.0003561292257436197,-0.0016903926084439827,3.5157604493484656e-05,-0.0007660027696935915,-6.742433224257741e-05,0.0003569642819140344,-0.0009404943255579256,0.0004478736240158663,0.0011288758114197314,-0.00012839542932463436,-0.00012010209999832628,0.0005043024683901657,-0.00014352073339125854,-0.00028149596656642487,0.00016519402689748241,0.0008922225866404382,-0.00023462041842469027,4.3067040368828546e-05,-0.0018171572442983548,0.0007673073431476942,-0.00010869080114273712,-0.0009294181211250395,-0.0017262694242459972,-7.014018243877972e-05,0.0007731200200802354,0.0018686070417376446,-0.0007501572030911583,-0.0009332093968327168,-0.001046584105181253,0.00022287969850913702,6.452395368025749e-05,-6.461160299926086e-05,0.003569819713293063,-0.00012669302329150408,0.0011735909891603762,-0.00011707125628942685,-0.00013353998743205546,0.001049211712138496,-0.0009957749421686455,-0.0009093989193788274,-7.60385307778972e-05,-0.00025653848463404687,-0.0016869409921126078,9.032642616038129e-05,-9.323287258885017e-05,0.0008657953149719316,-0.0026504041516198225,-0.001820050653231816,8.876699459420967e-05,-0.0003324717807847907
DOO,9.724760196570722e-05,-0.00011512315785622381,1.842286855369367e-06,7.462574448127221e-05,2.0153430952678625e-05,-7.24466621899869e-06,-9.366380549436989e-06,-8.57949985849813e-05,-2.4291878629236243e-05,6.416091750600843e-05,-7.528633975889382e-06,-2.1804293991564766e-05,7.23820075432728e-05,0.00017748700928990545,1.004347230092343e-05,-0.0001258878541866461,6.429938259099427e-05,0.00012306136079602461,3.770395271836755e-05,8.368447244516744e-05,6.348810864453025e-05,6.299182747639305e-05,-7.574926577021117e-05,3.4699505835276103e-06,-5.262938385559617e-05,-0.00010375072613302892,6.576911131221967e-05,0.0001320526920972125,0.00023009255325673935,2.268891692600697e-05,-1.1175892845457168e-06,6.245871400993103e-05,-0.00012669302329150408,4.741158141956214e-05,-8.234060208840389e-05,8.410919395154543e-05,6.927291813482656e-05,-7.380043402455561e-05,0.00017853333696518935,8.441944414710646e-05,6.242263863398775e-05,0.00017279762513211595,0.0003775553186322287,-0.00012074317018564156,5.2227310440033665e-05,-0.00014136291444743023,2.1200523598512313e-05,9.837027637623241e-05,5.028602264750455e-07,-8.28794911710235e-05
