,ABBV,ALIM,AMAT,AMZN,AZUL,BHC,BOCH,BRW,BX,CCON,CDE,CLMT,CLR,CMA,CMS,CRS,CUT,CVS,DAC,DAVA,DOV,DX,EOD,EQX,FDEM,FSTX,GHC,GLOP,GMS,GOF,GSL,HSIC,HTBI,IDT,JSD,KRTX,LSCC,LTPZ,MMM,NRUC,OIL,OUSA,PAM,PJP,PNRG,PQSG,PWZ,RDFI,SAMG,SELB,SHOO,SII,SLYG,SND,SNUG,SONM,SSD,STMP,TECK,TERM,THCX,TMTSU,TXN,URBN,VMO,WEBL,WSTG,XES,XLNX,ZEN,ZSAN,AGBAU,ARCC,BEAM,BIBL,CASA,CORT,DVYA,DWMC,EFSC,FARO,FLQM,GNAF,HKIB,IBTD,ICF,IRS,KBH,NHI,PILL,PRNT,SBRA,SCHZ,BKCC,BOIL,LEGR,MUR,NACP,AFB,SPSK
ABBV,0.000987494900911658,0.0004745081150140041,0.000216653406989324,-0.0005490045781662362,0.0004599717940376898,0.0001997034647733706,0.000612402250069137,4.1376416545096096e-05,0.0002090080083778227,-0.00029288809530802443,0.0010284035673580115,0.000275679919206558,0.0002848395935192441,0.0008901196024035258,0.00017484670355315864,0.0008842951124328999,0.0002225563238895173,0.0003534665645376683,-0.00011272137086584543,0.00014684391081107187,0.00034184733044247085,-0.0006373360058382098,1.5567208058943767e-05,0.0006064146313589503,-1.9897846490659905e-05,-0.00039917839297245165,6.942577691497447e-05,0.0010841727658825245,0.00035202231593960544,-2.6615703798491507e-05,0.0005829860308076916,0.0006466649948968274,0.0005246354984079656,4.648716865873828e-05,0.00015931081341992638,0.00016808645221596917,0.00027921450469575075,-0.00017964866078058755,0.0004022760881864795,4.916997775959792e-05,0.00010751335895937324,0.00021512787830384926,0.0011428064310880868,0.0001297691020596246,-0.00039079455476469075,2.029226245520823e-05,-1.3895510821044916e-05,5.6798524231279704e-05,0.0007514476213486209,-0.002084677555107179,-0.00013625736712979857,0.0002140177818466014,0.00010948231502143875,0.000790942782317837,8.993775698976519e-05,9.654526217014458e-05,0.0004914625516558701,-0.00023592422880271504,0.0008016514074810086,0.0002444485776195407,-0.00013807926223271324,-3.457104631944099e-05,7.391695051353561e-05,0.00024224043966598023,5.350790168454766e-05,-0.0008927474230771801,0.0003478146480464775,0.0009534367285411877,-0.0005036890831338848,0.0009115216280376284,1.3040509960646706e-05,0.0,1.9679718606354163e-05,-0.0005628069498694102,0.00013170339155006616,-0.0012764885421135286,-7.172598745101925e-06,0.00019585552293538953,-0.00048364061163809924,0.00034160165216119996,1.3702050951664707e-05,0.0001151873143340081,0.0004942600789269827,0.00011119751377185411,-3.257510590781821e-06,0.00018541567665952678,0.0008719249432845397,-6.614220915899873e-05,0.00014585176132396723,0.0003278285565674127,0.00020220014422204146,0.00012104206093558925,-4.6200345552281516e-05,9.988853097757012e-05,0.00024021899282066563,0.0001587532901814643,0.0005850690019880487,9.13395970161716e-05,-7.774328146701538e-05,2.3251222676498586e-05
ALIM,0.0004745081150140041,0.00027281457577808615,0.00026468749768606206,-0.00018685957870522482,0.00036895681323473545,0.0001834748943470596,0.0004515985658574155,4.7956383824351364e-05,0.00021088198980243658,-6.937068312249178e-05,0.0006119449820156572,8.672932187197119e-05,0.0002952329313014614,0.0006026225410868779,7.853592977528592e-05,0.0007131395889600671,0.00019411993506748875,0.00017909928189862787,-3.7682386768840583e-06,7.271777534599917e-05,0.00022933992841003609,-0.0002486333092793126,0.00010752480185165754,0.00035468879954011844,4.4492757811944415e-05,4.003632278498911e-05,6.007108553860379e-05,0.000452733325536721,0.000258507407639763,2.5918618004097602e-05,0.0002947348487515635,0.0004034656306249042,0.00041948221454342046,0.0002776034508355238,9.437461102280878e-05,9.004362213413187e-05,0.00029546681365117864,-0.00011098432526515256,0.00024108830232619872,2.3371885959315802e-05,1.751558387721341e-05,0.00015238022405509195,0.000618035725421392,0.00010834097183734185,-0.0001710591017141701,9.329750385108623e-05,-2.4445156975653184e-06,4.664591172823646e-05,0.00047323532858745826,-0.001163159714321814,-0.0002514690290877689,7.086949396813207e-06,0.00014495702381352125,0.00032774397870281223,5.929033716847369e-05,-8.683272553614558e-05,0.00034677958243758684,-0.00017611562227700165,0.0005965219348162418,0.00020169737969961117,5.5310970288032264e-05,-1.533542849468799e-05,0.00016196468285833182,0.00015584630634973156,2.458111623712245e-05,-0.00013987804259853442,0.00031470544768440553,0.0005969285391682287,-0.0001824429826424978,0.0004968445124041662,0.0005408544022462408,0.0,1.7281075858017997e-05,-0.00019891595909807578,0.0001529121016831856,-0.0005409973244654285,3.712917574474565e-05,0.00013094436930931552,-0.00018954618648493764,0.0002791226106752964,6.832083630353534e-05,0.00012580929238713428,8.576680875870308e-05,5.558600687473215e-05,-1.7938779271389532e-06,0.00016075903437561106,0.0007607298152192119,8.541134431969768e-06,0.00020020544136073492,0.0003654697641319731,0.00018629291896503003,0.0001560556842209338,-2.6983264091584365e-05,0.00012279195115542005,9.37032960324994e-05,0.0001496744219291253,0.0005708152424920806,0.0001371288984858547,-1.0916362186401586e-05,1.9700462270108664e-05
AMAT,0.000216653406989324,0.00026468749768606206,0.0006665881335915707,0.00030274431872094685,0.0008161307272981441,0.0004716915997232036,0.0007069102484319614,0.00014827974942654122,0.00047993720614849096,0.000272641120013153,0.0009265718537280631,-1.0395038508386056e-05,0.0007993084832989029,0.0007745777638418993,4.107207168623138e-05,0.001342139544477869,0.0003966617519242518,0.00010249748221586573,0.0005041880530932908,0.00011598599556445091,0.00030886369092204466,6.94439282707808e-05,0.0004602000949897127,0.000587930972426175,0.00026833812553881694,0.001034502092097857,0.00010100197418931235,0.00011296889266306931,0.00042852093478577775,0.00015846156624282733,0.0004812205129850538,0.0005333593392823634,0.0007192201751035146,0.0010729839022189842,0.00012581455151702752,0.00021109642111406238,0.0007512069522842268,-0.00011720022616494437,0.00022078200799271086,1.0940790002341045e-05,5.580279023562368e-05,0.00027815659981471477,0.00044136377651908705,0.00023587192988027664,0.00011172285930167574,0.00036458957655071344,8.965320891441011e-06,0.00010604148535006511,0.0006861631520993657,-0.0014915798716562602,-0.0004172533404515814,-0.00015669156216472946,0.00040250961516547396,6.902254739924693e-05,0.0001266975901590357,-0.00013605686671135705,0.0004505807748260766,-0.00017700410305859877,0.0008489076610573397,0.0004148511367745377,0.0005096679921182741,-1.2205080954088232e-05,0.0005709479367997469,0.00030305771058535046,3.010720984076943e-05,0.0012490104021407444,0.0005651244403171035,0.0008120390348168952,0.00042421231146419524,0.00048562756585581216,0.0020755922993777984,0.0,0.0001152375493339354,0.0004888101607482047,0.00041985522411245197,-0.0002725125980568112,0.00020849442537726053,0.00021297054050708447,1.486245681131175e-05,0.0004710655562232175,0.00027015584193584293,0.0003346214123118753,-0.0005996975416951033,6.209214936759855e-05,-1.8112713092704571e-06,0.0003137561398609386,0.0013663294458892898,7.545033007842949e-05,0.0005213904406736289,0.0009612311574920482,0.0004726067409367613,0.00041043373791691765,-1.8469569042418206e-05,0.00018825249275312693,3.720454264205854e-05,0.0003602369093254004,0.0013733004553772169,0.0004327106635879001,8.372727652442575e-05,5.7960500483482505e-05
AMZN,-0.0005490045781662362,-0.00018685957870522482,0.00030274431872094685,0.0011744924238751109,0.0009500665758408215,0.0005173671979569795,2.0764790185114383e-05,0.00017902927266917325,0.00016878693636582397,0.000598396441909616,0.0009351673641139436,0.0002403860823025956,0.000579468374793415,-0.00037660643371535766,0.00011121334716521396,0.0006112148861952036,0.0001278988208532463,-0.00015669651681726634,0.0011063136190393897,0.0003353295983671819,-0.00010979780526324841,0.00027110288866648784,0.0005659167426212226,0.0006745784178121483,0.0004230497175315279,0.00114495695131796,0.00011967264522911203,-0.00017684854382175028,5.871007475289491e-05,0.00026182920267234336,0.0007357498359538715,0.00015104357139443292,-0.00010129232771914265,0.0005089160639367572,5.227592602725302e-05,0.00041622235072905924,0.0005013152834496466,0.00015104482258139127,-0.00032839114293632676,-3.7349152437163245e-05,0.0004317039484835408,0.0001920577950316714,-0.00026022427015109397,0.00022371243863228044,0.0013781066154195118,0.0003670117572321622,1.5076558049148025e-07,9.039039762518295e-05,0.0006109547003750656,-0.00037780656537264785,0.0008304976732314409,0.0002120559551698858,0.00029586425697236,0.0007802728585876734,0.00015173708035769835,0.0009062710376665966,-0.0003063395510085965,0.0002860473922887555,-0.00046049339143427353,0.00022662969810538855,0.00044210118600318375,-6.344173320896889e-06,0.000497483529665487,0.0002677448694409054,-1.9320131198118245e-06,0.0026576334792193226,-1.8223867552445984e-05,1.60410251767035e-05,0.001492288587865007,-0.00019408724179092074,0.0018199143963422647,0.0,0.0003596067014518456,0.0015479261101915055,0.0003678471023052674,0.0006657651752638689,0.0004887112355175683,0.0001469127126842062,0.00031972118571749013,2.4627607615033842e-05,0.0003170001217730846,0.00027590029724364857,-0.001263381413426714,-7.506764254424447e-05,3.2236431733649193e-06,0.0001263016436825592,-0.00020697016921059525,-0.00029663888358560003,0.0003224412513284494,0.0007034271410549722,0.00031087077543850994,0.0003528360599979922,6.537039957988535e-05,-9.275146322533281e-06,0.0001894471923777246,0.00028052461622476456,0.0007541993798977865,0.0004378103155077425,5.8223560035070776e-05,0.00010315661731257496
AZUL,0.0004599717940376898,0.00036895681323473545,0.0008161307272981441,0.0009500665758408215,0.0019335253135598215,0.0009922240176580236,0.000925857973661364,0.00030761042436418034,0.0005778269516053876,0.0004963286360674549,0.0025456175288363072,0.0005876023052550356,0.001228260393213755,0.0007611773120712861,0.0003526250011585008,0.0021507900297366273,0.0005174103884145987,0.00023100085005298767,0.0012902981832386055,0.0006116070502375414,0.00033079379317255234,-0.00035668420096053604,0.0008509017483262451,0.0016394357466780387,0.0005755514501144884,0.0011868112347417233,0.0002779226296027262,0.0009767556850671295,0.0005852488119414273,0.000352515289453684,0.0016202569419068416,0.0010651849528983072,0.0006627494231465217,0.0009402388432492675,0.0002735174418030075,0.0007304382695203918,0.0011390586930127098,-4.128702566115835e-05,0.00010448146940642874,8.57053200821444e-06,0.0006307624312416463,0.0005520309028068879,0.0011320875147284026,0.0004926016682412079,0.0013685480014867378,0.0005832767717851602,-1.1592301606594448e-05,0.00020247207472238722,0.0018179779854489734,-0.0030532598832523315,0.0006849741314615114,0.00040799047182431183,0.0006087426408535846,0.0019545896497184605,0.00031429944330836564,0.001108741159804025,0.00030956860621935355,4.21897319419692e-06,0.0005867390823346403,0.000667328298842904,0.0005118216869773316,-4.6347558643638695e-05,0.0008528266061125135,0.0006594531918962018,5.3383812643654944e-05,0.0026595386448680647,0.0005574101425810619,0.0012831004131450862,0.0013576872793354205,0.0008798380210691786,0.00295434924642648,0.0,0.000491749757632937,0.0013595010916439432,0.0007233582388448558,-0.0004902538348884614,0.0006734511408188118,0.0004616372774537535,-0.00010256179687967494,0.0005681248710117928,0.0004916343176334607,0.0005640357505717568,-0.0012036408594999538,2.4406445044577742e-05,3.001472829336733e-07,0.00046214349244909353,0.0011308262356010171,-0.0004273926765965446,0.000734952608232375,0.001507229858581267,0.0007166447466268191,0.0007115491430393701,2.4823992583825563e-05,0.0002196147384212567,0.0005090407961091518,0.0006244509770533159,0.0019462170950258568,0.000769643056063916,7.249071009098522e-06,0.0001691982592157981
BHC,0.0001997034647733706,0.0001834748943470596,0.0004716915997232036,0.0005173671979569795,0.0009922240176580236,0.0005460736938101198,0.0004775804558680721,0.00017333164192631593,0.0003452101024993488,0.00030771602357431533,0.001307940315005042,0.00027085006269897063,0.0007698635056442177,0.0003887491200962631,0.0001378427067634089,0.0011275463779852443,0.00030126787056397163,8.785320339218328e-05,0.0009042559339011075,0.0002931962667697667,0.00018498804708354385,-8.25713688927727e-05,0.0004832058210129331,0.0008948093906921401,0.0003286259330665461,0.0009591845416247949,9.613804317267937e-05,0.00045284183109888253,0.0003255786269589428,0.00017337152465355283,0.0009421649421973484,0.0005250204550276106,0.00040136654882010964,0.0007409203501798836,0.00014507200017299128,0.00042829985268492396,0.0006653101540547108,-3.458126294040152e-05,5.1689642930559675e-05,7.1861657037689176e-06,0.00037090928468981143,0.0002997892506573298,0.0003896326229387243,0.000255696673082597,0.0005701676542458766,0.00033779933919294154,-4.4179989660234e-06,0.00011541374205487985,0.000849915389901661,-0.001823743344699452,0.00039120754504336084,0.0002311972957608373,0.0003414767181354301,0.0006702544569391159,0.00018177943467205407,0.0006396213802038085,0.00015870655917598576,6.250905598824878e-05,0.0003182408460064218,0.0003761387173398295,0.00040739621279586657,-2.7328936597139224e-05,0.0005197708495713544,0.00039822530770251526,4.9729951163648215e-05,0.0015643390761109768,0.0002754342849791778,0.0007216690573928582,0.0008658192406939296,0.00047949097199197053,0.0016032659941150398,0.0,0.00026606412578487475,0.0009241439393787494,0.000404250209408068,-0.0005149641735734158,0.00032267623716855773,0.00023575406170622847,-6.603690679028043e-05,0.00027907191567117456,0.00026800941180208054,0.0003201904845838538,-0.0006934144382720238,5.990603476382892e-05,-7.800806215672599e-07,0.00023976618960338587,0.0006592554076907348,-0.00016137649114550208,0.0003832529078679859,0.0008660689166924866,0.0004627848267413681,0.00035612844072675917,1.1362003074394713e-05,-4.684465246627973e-09,0.00022700286849071887,0.0003512174393557107,0.001181280119176329,0.0004306066222384484,3.2232781526795765e-05,8.981290825108637e-05
BOCH,0.000612402250069137,0.0004515985658574155,0.0007069102484319614,2.0764790185114383e-05,0.000925857973661364,0.0004775804558680721,0.0009499273065366068,0.0001379373690317404,0.0005162295511309281,9.506556894541019e-05,0.0012003485880443558,6.961803809417145e-05,0.0007386950419295706,0.0011512356202117138,0.0001304681844606464,0.0016398883995451844,0.0004465515841967623,0.00026345926509060936,0.00011893580832681417,0.00015416397657631308,0.0004319189561812908,-0.00024200664673150135,0.000398713843705068,0.0006777138146880554,0.00020661963312797405,0.0005052018768445382,0.00017271672755752045,0.000492377913911445,0.0005371850132131338,0.00014885600619546978,0.0004768835806046316,0.0007775849017286567,0.0008851119954376024,0.0008498798306889607,0.00017165035189806673,0.00016916900991365808,0.0007620552386981288,-0.0001809558605100305,0.0003951416672948226,2.6393370355526452e-05,-1.5491401062930995e-05,0.00032694229065396215,0.0010553299086246864,0.0002692666894629454,1.6453512178846386e-05,0.00032563524829492423,4.537846196000393e-06,0.00010975334657754775,0.000995543460692559,-0.0018771897898437412,-0.0006485907115512706,-0.0001697065074525587,0.0004112962143329508,0.0005898833620076604,0.00012387507797068152,-0.0003170184232677892,0.0006718407854634823,-0.00036614931153846556,0.0011984579819730049,0.0004636170074891064,0.0003116404563913875,-1.7915274856439373e-05,0.0005042843450173806,0.0003018743567720185,2.1728268265545147e-05,0.0006157661220878845,0.0007407812856111009,0.0010868709755064753,-3.326070841065912e-05,0.0007760672277328579,0.00201448741976204,0.0,7.602234848803153e-05,-5.101228132001114e-05,0.00042351125279574045,-0.00041035435415533053,0.00020173599522154507,0.00027492481758087985,-0.00013325974945608716,0.0006308186258824053,0.00025080854015315835,0.0003370511210847135,-0.00030350228728275,5.181486137641424e-05,-2.167211913164466e-06,0.00038316391432500807,0.0016944429395924084,3.323610852866747e-05,0.0005783902942124128,0.0009727776407773853,0.00043463732338355526,0.00046170533035046684,-3.9009132758241146e-05,0.0003722300062771495,0.00012375742176580666,0.0003767657047344228,0.0013906678763753785,0.0004159272306684096,3.26720123268979e-05,5.553151199733031e-05
BRW,4.1376416545096096e-05,4.7956383824351364e-05,0.00014827974942654122,0.00017902927266917325,0.00030761042436418034,0.00017333164192631593,0.0001379373690317404,5.577702263172202e-05,0.0001085234250830016,0.00010807308813522818,0.000399103366757427,8.06571437374833e-05,0.0002507293427305336,0.00010268055987753457,3.754011225782576e-05,0.00034091908199260695,9.357123534834276e-05,1.8364340378128426e-05,0.00031391811726893523,9.006186513065484e-05,5.238367723420329e-05,-6.791053343938155e-06,0.00015722578809014166,0.00027991476447668316,0.00010806765630154712,0.0003417167808812443,2.5040451877957572e-05,0.00012214245185025092,9.78473557342028e-05,5.494971490432233e-05,0.0003018630686242959,0.00015231471916306722,0.00011975698311744209,0.0002536215989718642,4.359566548687596e-05,0.00013939735691003596,0.00021197979528206432,-7.977560614258146e-06,7.044017180365223e-06,1.5626740003408075e-06,0.00012272108076362672,9.265991335944834e-05,8.471122657069593e-05,7.907334844030574e-05,0.00018086155746227837,0.0001098517466157625,-1.131604978875665e-06,3.662576940932166e-05,0.00024958550507419154,-0.000564753766753812,0.00013776425704536304,7.487647147480922e-05,0.00010818823409968025,0.00017406100697370299,5.8267619688977564e-05,0.0002145566167825898,3.828740748443876e-05,3.183961027261564e-05,8.22876554441059e-05,0.00011725432857236429,0.00014352937629213996,-8.469622351667986e-06,0.00017014639147207858,0.00012786712303444666,1.6911146654473536e-05,0.0005333372993881107,7.710176794049638e-05,0.00021557324170360474,0.0003030610408791843,0.00013727662145782016,0.0005112760488892867,0.0,8.662570389625926e-05,0.0003276548338476771,0.00012845213381155508,-0.0001647183880794938,0.00010151094004035031,7.1178168055409e-05,-1.3782297799034259e-05,7.913536123378448e-05,8.607982442749621e-05,0.00010191964151609129,-0.00023670867450835477,2.1047929580952185e-05,-2.584035072504982e-07,7.205856008796569e-05,0.00019285023277931421,-4.707171349384319e-05,0.00011799559930264168,0.00027566997374140124,0.00015119087021424254,0.00010932839712225078,4.633901258474739e-06,-1.3580726116427966e-05,6.624391599012392e-05,0.00011099062230739452,0.00037776161442121026,0.00013792558362295306,1.3702211961483144e-05,2.8603491028787015e-05
BX,0.0002090080083778227,0.00021088198980243658,0.00047993720614849096,0.00016878693636582397,0.0005778269516053876,0.0003452101024993488,0.0005162295511309281,0.0001085234250830016,0.0003549875696219849,0.00017968016259294306,0.0007011169329700432,4.7585159658553555e-06,0.0006147066422582916,0.0005808006596295899,2.2719627047465797e-05,0.000967493047866177,0.0002956615382540999,8.297933158562126e-05,0.0004381891710907764,8.080914725285983e-05,0.00023815777369969507,3.708117837848855e-05,0.0003261102141327122,0.0004658621115875301,0.00019096839320176628,0.0008089292332226327,5.080826865540068e-05,0.00014654092601559208,0.0003226346761562794,9.875222004205908e-05,0.00042148714163640097,0.000395704259772042,0.0005433467898297876,0.0008270850271287101,9.864540410339875e-05,0.00017990264604994972,0.0005548397173741141,-9.778420428416779e-05,0.0001769008515555256,1.2609438031988227e-05,7.053012112238249e-05,0.00020915209970212307,0.00029803511563016185,0.0001677967534518589,-1.640304796812477e-05,0.00025936273391327023,5.318551784109939e-06,8.003366209243635e-05,0.0004782998001711682,-0.0012800135659389723,-0.00026055473199888525,-7.150529007960351e-05,0.0002872010990382468,-3.639662714671778e-05,0.00010100217584264247,-4.1716612411800164e-05,0.00033545595465931375,-0.00010636087933537607,0.0006297681191124693,0.0003090455113459048,0.0003900367943675106,-1.2731653903651325e-05,0.00041975561720825755,0.00024854999651210155,3.485590688004024e-05,0.0008423737805800421,0.0003939433203042051,0.0006436142260648836,0.00031911829848715965,0.0004095894423332895,0.001403954598295074,0.0,8.525894649832849e-05,0.0003831766134368325,0.0003027409793117121,-0.00041125294146666886,0.00012711597781951827,0.00015644289576977267,-3.795593846561248e-05,0.0003315054160749836,0.00018630982735782335,0.00024416680517805155,-0.000389108802470959,7.218053649360103e-05,-1.8905731080960968e-06,0.00022278921907336599,0.0010034285753694882,6.877884674565644e-05,0.00035721247065471424,0.0007026317741593458,0.00037216595163750847,0.00027581808402092275,-1.6427087775665978e-05,7.851993751927039e-05,3.0647452321303114e-05,0.000264770358679154,0.0010364333746387662,0.00030912868250978153,6.13059309102728e-05,4.17994205370805e-05
CCON,-0.00029288809530802443,-6.937068312249178e-05,0.000272641120013153,0.000598396441909616,0.0004963286360674549,0.00030771602357431533,9.506556894541019e-05,0.00010807308813522818,0.00017968016259294306,0.00035787612540196423,0.00046017140218874747,4.406164536888909e-05,0.00046588551805061643,-7.744194069698288e-05,3.942347532361705e-06,0.000446455540393489,0.000135911938411068,-9.707804800827598e-05,0.0007269686347314222,0.00012664795081080403,-1.974886459604538e-06,0.00025514430253615835,0.00034906576847584515,0.0003669468302735588,0.0002474919718325186,0.0009560255715177683,2.6909109789699273e-05,-0.0001850942985664268,9.509554544368238e-05,0.00013232388468706961,0.00041373117375796166,9.041043818214708e-05,0.00010093548801719212,0.0006033439515859753,3.445815996017029e-05,0.000230257884953623,0.000382666370124798,4.302464272068829e-05,-0.0001243488054642885,-1.5123532712643304e-05,0.0002060895675260766,0.00012379978241059878,-0.0002621054726959079,0.00012581897774032767,0.0005060674775669374,0.00024488868273236664,4.313923288180037e-06,6.0191816351196264e-05,0.0002476805514345055,-0.000442274125100565,0.0002852115261818183,4.7715122676442965e-05,0.00020915520221159622,2.307708327940969e-06,9.202956509836133e-05,0.00037270303678766677,-7.629207848236115e-05,0.00014368561071550053,-7.314566757622736e-05,0.0001749465281084367,0.00039694359438677415,-4.304188394540128e-06,0.0003651037756252679,0.00018795127919707158,1.6677624626400858e-05,0.0015321223459233671,6.644009847412346e-05,0.00012684230814484642,0.0008463775576742955,-4.401185967738838e-05,0.0012006466546014558,0.0,0.00017337045843568945,0.0009291659623990119,0.00024186065406545194,0.00013474655875203567,0.00021878637145407044,8.16589564488597e-05,0.00016504679677658069,6.352990237615792e-05,0.0001899516605157623,0.00018822066845449047,-0.0007221068773273123,7.24723753114797e-06,5.269264590251571e-07,9.766890706858723e-05,0.00017031521577801453,-5.2890163574552615e-05,0.00022335541327922693,0.0005089697697072319,0.0002689340709744347,0.00020413374685315693,2.5408243332618715e-05,-5.784238439640607e-05,3.4363272941862955e-05,0.0001911211068021697,0.0006541150654740286,0.00027779216953187347,6.821912410155266e-05,5.240868373490568e-05
CDE,0.0010284035673580115,0.0006119449820156572,0.0009265718537280631,0.0009351673641139436,0.0025456175288363072,0.001307940315005042,0.0012003485880443558,0.000399103366757427,0.0007011169329700432,0.00046017140218874747,0.00371253911224986,0.0010008575398009166,0.0016344152117198612,0.0010502376406833786,0.0005261974271038033,0.002746264115030381,0.0006604465877490579,0.00041821326464189397,0.0019090011296120455,0.0008816137535583349,0.0004801474922945899,-0.0007847526932938899,0.0010145765166897785,0.002456636082264344,0.0007055520052090726,0.0013599662229741578,0.0003001102677552818,0.001924989043830629,0.0007940194632546117,0.0003801734950590093,0.002596848901356296,0.0015248227412644213,0.0008446610447926816,0.0010539536021185447,0.0004141654552253929,0.0011271324294346288,0.0014323508127169733,-9.672821491416624e-05,0.00021215431443712894,3.73906569530571e-05,0.001052674875276038,0.0007680265455907268,0.0016885898943875253,0.0006388966435473179,0.0015274460841896743,0.00067387040672793,-2.9854459690427175e-05,0.00027532112757499015,0.00249624682081009,-0.005084328084233916,0.001352446212766136,0.0008996698536135736,0.0007175090654651911,0.0027764307120716563,0.0004626386515065573,0.00195943704334451,0.0003961736411928076,0.00011427064293109664,0.0007106348355430658,0.000881685596026516,0.0005454157670982237,-8.641843959662586e-05,0.0010257547053101545,0.0010013388001202331,0.00012640745900462674,0.0028733891349863906,0.0005804458299430776,0.0019584261953413755,0.0017229499735545966,0.001519846688990045,0.002995949326416241,0.0,0.0006877181539088416,0.0017405461964555093,0.000896678639391548,-0.0017149124342789716,0.0008103792200961575,0.0006409239113933923,-0.0004670593804202769,0.0006635441935364708,0.0005662129855792026,0.0007092871897356384,-0.0011965140670171853,0.00013399546597581396,-1.6118603995883442e-06,0.0005632371812642307,0.0012745863852514396,-0.0006424597582045072,0.0007961083021800827,0.0018724091554049335,0.0009929129654756609,0.0008072922149022103,2.310876277148849e-05,4.64811985837861e-05,0.0008184242007099185,0.0008055146896190588,0.002515983411233367,0.0009379082810985947,-4.9852860368037356e-05,0.00022872776278218919
CLMT,0.000275679919206558,8.672932187197119e-05,-1.0395038508386056e-05,0.0002403860823025956,0.0005876023052550356,0.00027085006269897063,6.961803809417145e-05,8.06571437374833e-05,4.7585159658553555e-06,4.406164536888909e-05,0.0010008575398009166,0.0004262852610194069,0.00020878640122037656,-4.561785422441716e-05,0.00019604233669633407,0.0003426733672058403,3.6943526292543646e-05,0.00010584033799172372,0.0005147350619041372,0.0003041820287112149,8.135427292736834e-06,-0.0003573130023335554,0.00015848101520660055,0.000678474182158188,0.00014222353375773186,-3.0245172709219694e-05,6.73145167003521e-05,0.0007191323649461005,7.066589656169481e-05,6.975841006945293e-05,0.0008014656320234541,0.00031200945685796013,-8.892994665061178e-05,-0.0001985505462978096,9.641165055136475e-05,0.0003495845576219322,0.00015287481290648025,3.5728445673327637e-05,-5.601520669409285e-05,7.559764449154262e-06,0.00041288457650900115,0.0001547944326704891,0.0004238263302411092,0.0001282991613778236,0.0006078286640284924,6.944339368035715e-05,-1.7690167312117318e-05,5.2303152994786033e-05,0.0006356321937691888,-0.0012039665424143815,0.0008335927830420267,0.0004709152349666484,6.243859348646173e-05,0.0011309502757748168,0.00011881714196968762,0.0009163288598479483,-0.00011774016576568522,0.00016180159764320797,-0.00023301929306568863,0.00012026634638811572,-6.971633589521775e-05,-2.8375933689008493e-05,9.378423056396443e-05,0.000237651817184332,3.353085312868078e-05,0.00051465037680468,-0.00010129655939575284,0.00031731984207881297,0.000499795327735112,0.0003267714234264183,4.273709671716419e-05,0.0,0.00022514170164345928,0.0004691804943947572,0.0001280063870606432,-0.0005164843859678697,0.00022426123433847136,0.00014047234026134242,-0.0001905729024921334,-9.153117304732793e-06,8.06189870647263e-05,9.919282142457942e-05,-0.0001716398079675011,1.4700033809596839e-05,5.432783883511915e-07,4.72046593475771e-05,-0.0003046779038453156,-0.00032013447676799793,2.4511905771403234e-05,0.00021406879836982596,0.000133158949957198,9.701000492722041e-05,2.274546399289165e-05,-9.270966108152162e-05,0.0003210113396583621,0.00012353895901244497,0.00023153290261846137,0.0001394700217307008,-6.936683308925731e-05,6.256860844480013e-05
CLR,0.0002848395935192441,0.0002952329313014614,0.0007993084832989029,0.000579468374793415,0.001228260393213755,0.0007698635056442177,0.0007386950419295706,0.0002507293427305336,0.0006147066422582916,0.00046588551805061643,0.0016344152117198612,0.00020878640122037656,0.001348278355098212,0.0006994828796716195,5.387664077230739e-05,0.0016231802121350082,0.0005179971463787463,7.939376702623119e-05,0.0016000600697882441,0.00027536602704054226,0.00034623490940630314,0.0001169847314352868,0.0007083645530746559,0.001226216958288513,0.00046903605969152975,0.0020441658955160295,9.803644794600428e-06,0.00047452018532178356,0.0005399233604337652,0.00018618343403317136,0.001382982904119545,0.0006760613832727861,0.0008095125024086746,0.001673152274275487,0.00020535765224739493,0.0006220038167455619,0.0010851761270660122,-0.00012377738795190803,0.00015936741874425595,2.3379337300158952e-05,0.0004993815857978308,0.0004322119464798417,0.0001525049629369756,0.0003327934868219819,0.00018052298839706527,0.0005239849671351349,5.590651476589463e-07,0.00017591507028772623,0.000882349559127322,-0.00307111864529258,0.0003310259810726312,0.0002554123752824485,0.0005259115335402797,-9.804612452211818e-05,0.00027149996640324115,0.0007549916353902348,0.0003424739057152059,0.00013134182597842508,0.0006918435109105526,0.0005912086370306914,0.0008824496762450911,-4.273677553725081e-05,0.0008731820657785527,0.0006461066758156384,0.00011942009164530998,0.002226873724284088,0.00044013407038508915,0.0011977803938616825,0.0013038736668152169,0.0007802465329766118,0.002332206260394398,0.0,0.00032106901921460294,0.0015164019517224122,0.0006029223552077607,-0.0014003479608234312,0.0003042301585328492,0.0003055808567960255,-0.00015435827393047374,0.0004107965798509125,0.00037205383196824225,0.0004912278446521383,-0.0009552499953888904,0.00020965741914111654,-4.063402059781671e-06,0.00034674308557745663,0.001329083972400201,9.600025455102601e-06,0.0005455271217669266,0.00137115795595844,0.0008406383385830396,0.0004461229218649046,-4.128936359982684e-06,-0.00022060884602734002,0.00016773299904666134,0.0005334841328471714,0.002049622065593975,0.0006328750506640788,0.00011734598989155895,0.0001118345310052133
CMA,0.0008901196024035258,0.0006026225410868779,0.0007745777638418993,-0.00037660643371535766,0.0007611773120712861,0.0003887491200962631,0.0011512356202117138,0.00010268055987753457,0.0005808006596295899,-7.744194069698288e-05,0.0010502376406833786,-4.561785422441716e-05,0.0006994828796716195,0.0015389540875726485,9.922367385425673e-05,0.0017771297049468677,0.0005038358595253106,0.00035913409136456836,-0.0002658272977520608,4.392928233344913e-05,0.0005644584434610304,-0.00033567395953743885,0.00029103995220758583,0.0005329661799150356,0.00010220437136125162,0.00026783895463017917,0.00016482302266778378,0.0005679936254955997,0.0006325665953049791,9.086568061954249e-05,0.00025221887094778895,0.0008669294877683394,0.001131558781016228,0.0009124822776724316,0.0001820232895225829,3.222464924418574e-05,0.0007590471476147079,-0.00027486929322988955,0.000596408617741454,4.3324443459362866e-05,-0.00020766670606544278,0.00032122834477387016,0.0013210495494900328,0.0002435198800664483,-0.0004961311928237081,0.000275509219700545,7.81235065125613e-06,9.968836988254763e-05,0.0009465697421025875,-0.002036466573518237,-0.0011653817060407116,-0.0003353694916952471,0.0004039764154410023,0.00032712420717981707,8.926291334998104e-05,-0.0007921874226686768,0.00093717464775942,-0.0005598985674948194,0.0016477885608309093,0.0004828488844744647,0.00025416491591484985,-1.6429528983071174e-05,0.0004512499571919638,0.0002566367616736725,2.339983510489364e-05,-0.00014759990196662194,0.0009283291047287539,0.0012903219074517592,-0.000574325512867339,0.0009733253750305259,0.0018938778032511836,0.0,-4.9034118950055174e-05,-0.0006088397473488984,0.0003878751705942954,-0.0006533650303262345,6.395914026155874e-05,0.0002731624339705475,-0.00024078737103799296,0.0007679021168838459,0.00019762438017784873,0.00031444552623510535,4.792725487544054e-05,8.634958208989558e-05,-3.768060349096759e-06,0.00042460645721102165,0.0021868847842523064,0.00017666047751288208,0.0006052272201192807,0.0009462339543614747,0.0004199963188294178,0.0004427693817990915,-7.153957508030668e-05,0.00046999034912464276,5.039447716212273e-05,0.00035864667469228946,0.0014427187674318595,0.0003549868348329487,3.104674466252494e-05,2.7593435972938084e-05
CMS,0.00017484670355315864,7.853592977528592e-05,4.107207168623138e-05,0.00011121334716521396,0.0003526250011585008,0.0001378427067634089,0.0001304681844606464,3.754011225782576e-05,2.2719627047465797e-05,3.942347532361705e-06,0.0005261974271038033,0.00019604233669633407,5.387664077230739e-05,9.922367385425673e-05,0.0001280240532527082,0.0003106461192452458,3.620322473792335e-05,8.814737339902112e-05,1.9857174359800662e-05,0.00015784324039126293,3.2793492565119276e-05,-0.0002329243946773627,8.285208463855785e-05,0.00029487002461667147,6.13150821744063e-05,-0.00022499994491752926,9.12163592013852e-05,0.00034414907879387613,6.485587915127537e-05,5.98190993881521e-05,0.00026526329980101746,0.00022377089694842044,8.065187731044487e-06,-0.00018872542082651076,5.1149396151320414e-05,0.00011077708643232729,8.75950874627719e-05,1.1083680868250706e-05,1.2268662749696484e-05,1.4054113884275928e-06,0.00011848493346844657,8.450220453315618e-05,0.0004323346724484536,8.262801864899474e-05,0.00039752442884285897,4.201174891614428e-05,-7.082515491719317e-06,2.4139142471198535e-05,0.00043869407316228157,-0.0004140233462966084,0.00021880065629771355,0.00013498203003601704,5.473447763908099e-05,0.0008037124644788662,4.347836446911834e-05,0.00026013399179233,2.1302693994907196e-05,-2.7626226791905557e-05,1.7731307903124513e-05,7.358735180941617e-05,-0.00010279896780759196,-8.977825840075594e-06,3.6344887564810855e-05,7.415632218736269e-05,-6.455551854485135e-06,0.00018412590558783827,5.7283087069830756e-05,0.00017651241669745408,8.179251233021027e-05,0.00016777970765358786,0.00024336523625870192,0.0,9.076188599985558e-05,1.8691651556642828e-05,7.862436642309473e-05,4.48680288200759e-05,0.00014413628102152994,8.784963515609637e-05,-5.524155554897132e-05,8.072029183848002e-05,5.619813483748341e-05,5.679247001784469e-05,-8.079056391617766e-05,-3.595577527176754e-05,9.48373581000227e-07,6.307017808939407e-05,3.0940093610843847e-06,-0.00017484666803007262,8.270584174261948e-05,0.0001309405842957676,2.2086049087481643e-05,0.00011015575042339202,7.72224585856037e-06,0.00011300775516415194,0.00016630099362806907,6.99908220900724e-05,0.000103762116643255,8.248938365397491e-05,-4.4256081643325954e-05,3.0017657594193983e-05
CRS,0.0008842951124328999,0.0007131395889600671,0.001342139544477869,0.0006112148861952036,0.0021507900297366273,0.0011275463779852443,0.0016398883995451844,0.00034091908199260695,0.000967493047866177,0.000446455540393489,0.002746264115030381,0.0003426733672058403,0.0016231802121350082,0.0017771297049468677,0.0003106461192452458,0.003150138856888668,0.0008372752712369691,0.0004017170153864009,0.0009408118107934902,0.0004891905058430787,0.0006955937590120929,-0.00036824339838037966,0.0009815556679780683,0.0016731994035145492,0.0005861672512667609,0.0014817024239487876,0.00034150875196792133,0.000974772268506282,0.0009683311305380244,0.00037887525827311755,0.0014263395469006023,0.0014703950948961903,0.0014557052512563912,0.0017043721749892598,0.0003459629405636404,0.0005980478642602645,0.0015841877362961507,-0.00023868136110254275,0.0005142215678273094,3.313158448237052e-05,0.0003099042812017315,0.0006910156920786434,0.0017275496210281387,0.0005912276243563254,0.0007318553476666416,0.0007429620961666948,2.6282052404442934e-06,0.00024557116578279833,0.002105744756354108,-0.003850877307231007,-0.00046210941599271043,-3.418011313315156e-05,0.0008518846947477927,0.0015336942211689728,0.00032089460926201774,0.00017204668935531746,0.0009719042982026224,-0.00041986800642815754,0.0017697398098476971,0.0009332367244336679,0.0007547314971093323,-4.397020501243328e-05,0.001127618757782843,0.0007276450055488028,5.765797539559461e-05,0.0023985166689882063,0.0012073770867967563,0.0019803048406831607,0.0008022343211800578,0.0013544785864438428,0.004211660579995552,0.0,0.00035721063247057776,0.0008122456940885579,0.0009256512149140655,-0.0007164849765524811,0.0006052429793143301,0.000571337986190136,-0.00016338634058159346,0.0010684651926018537,0.0005886781678105519,0.000730984771071216,-0.0011252507988680207,8.42080766035019e-05,-2.6071580357280453e-06,0.0007169997857675465,0.002718808797135743,-0.00014376187605130171,0.001122063037376967,0.0020495768002784963,0.000952240175600206,0.0009538723252298485,-3.228919164458387e-05,0.0005417787834007964,0.00037691494996088155,0.0008081266300534258,0.0028260085476840614,0.000946587214616972,6.986147278965392e-05,0.00015841126034299197
CUT,0.0002225563238895173,0.00019411993506748875,0.0003966617519242518,0.0001278988208532463,0.0005174103884145987,0.00030126787056397163,0.0004465515841967623,9.357123534834276e-05,0.0002956615382540999,0.000135911938411068,0.0006604465877490579,3.6943526292543646e-05,0.0005179971463787463,0.0005038358595253106,3.620322473792335e-05,0.0008372752712369691,0.0002499017739075799,8.708874013523658e-05,0.00037256612479076194,8.736846521963283e-05,0.00020671060953415961,-1.484040434872494e-05,0.0002727342809480552,0.0004353491659604003,0.00016099410791350335,0.0006325759889053851,4.850653327405675e-05,0.00019845760419927484,0.0002787436960872583,8.302332649734391e-05,0.00040332003441475217,0.0003628579127691776,0.0004557335443955825,0.0006578856246395776,9.109925654914371e-05,0.0001693063355149693,0.0004676431506887942,-8.419955903465158e-05,0.00015633404512526526,1.244708414354204e-05,8.146742533318254e-05,0.0001857799715631372,0.00031212738711812265,0.00014786951249759565,6.039494646530402e-06,0.00021427940707055752,2.851733614640719e-06,6.963870932944937e-05,0.00045203921337816697,-0.0011756998535378256,-0.00017527073934852145,-2.6371721608889103e-05,0.00024017671030954012,6.640047244729961e-05,9.114331404493148e-05,1.502358889917999e-05,0.000285436259508894,-8.861192545159761e-05,0.000530222939788737,0.00026593466710087997,0.0003048272610607991,-1.303816103862102e-05,0.0003469336707455914,0.0002220594897129409,3.156484429699242e-05,0.0006724388719996337,0.00032860097230464995,0.000574361910088843,0.00026182524382318385,0.0003838221807877354,0.0011420353391177018,0.0,8.127275920177299e-05,0.00030871931244941155,0.00025692244036691506,-0.00040321378765798964,0.00011510415757372586,0.00014187810797342378,-5.8739985527816874e-05,0.00028236593059786165,0.000155749098545171,0.00020725048524542088,-0.0003044960388501805,6.254965334013327e-05,-1.6112121313765063e-06,0.000190553306398184,0.0008315504665067472,3.562083557768681e-05,0.0002970862802792136,0.0005925056359651751,0.00031484424254373585,0.00023403915119588411,-1.3918832970393363e-05,6.557396038014836e-05,5.1330869616283394e-05,0.00022690869137606412,0.000872452533519194,0.00026110215315168717,4.264745895366653e-05,3.800354472132278e-05
