,ALEX,AMH,BDEC,CHIC,CTIB,CTLT,CWT,EMD,ENBA,ESHY,FBIO,FIVG,FLOW,HDLB,IPWR,KAR,NIU,NORW,NRT,PXLW,QVAL,RMM,SPAB,SPYD,TBT,TPR,TRQ,TSCAP,XEC,XPH,YOLO,ASH,BBDO,BSCP,EWBC,ISMD,JPI,MOTS,PLX,PNOV,RESE,SYLD,TAIT,UPV,UTSL,VYM,CHSCO,GNMA,WDFC,PCN
ALEX,0.0043436739844725375,0.0011045869919897994,0.0001477263722999833,-0.00027504852697094395,0.0015977732386939507,0.000585268833261696,-0.0001629665429239745,0.00022025156240114852,0.0011486610376813043,0.0003907485322491929,-0.0002659456514366744,-0.0002533098795364593,0.00026621052965456035,0.003732399491516354,-0.0003355497638743196,0.0038340882120639535,0.0006147879891305835,-0.00029073796355315974,0.0038382433014252284,0.0011675963365085364,0.0008651807394012436,0.0007495320475646286,-0.0001880957654201007,0.000724069624726856,-6.57477083126898e-05,0.0032708821248730174,0.0012267531185463693,0.0035996353400427955,-0.0006321500508855133,-0.00022770530573577543,0.0005482449561092499,0.0014639249142062592,0.0030023317312154792,-7.230651926481289e-06,0.0003055427105549225,0.00033544114077274477,0.0012788242312076947,0.0029131515587092548,0.0009268259542918511,-0.00011739319043077153,0.00021588742521958182,0.0005357155806357736,-0.0018143023475508868,0.0003570845278921743,0.0029912145501809887,-0.00010302960485537841,0.0005244505528299548,-0.0003516824875229512,-0.0004558541032579427,-0.0003749685954296291
AMH,0.0011045869919897994,0.0014661026653775297,0.00020231086666446736,0.00014901002017537684,0.001094803509781805,0.00017022448435265327,-7.040480654365768e-05,0.0002804857534604526,-2.0955134326327664e-05,0.00038534243363901396,0.0003985640945506738,-8.335889774392144e-05,0.0009495412381579542,0.0008877720990480057,0.0006129491904934307,0.0008108419449923778,0.0003925301154689137,-0.0002038064973655302,0.0007829851449930649,0.00024165788624554233,0.00026523586629735607,0.0007616854346470721,0.0006660552576314288,0.00024419780651389157,5.0081035522882504e-05,0.0004799559986260791,0.0002607311656702489,0.002362768467042862,0.00010529757231614065,0.00017296597996475138,0.0005677344137195096,0.0002445942824190482,0.0007268519868783096,0.0005626636249102958,9.728003361202408e-05,0.00013885173228556636,0.0005991032097724299,0.001632242921636406,0.000718325352518862,0.00018017496653234476,-0.00014347653227257464,0.00016507041218976874,-0.0008657695434915458,-0.00018630606466957318,-4.196428759560847e-05,-1.0489565582007823e-05,0.0003134655746470853,0.0005193825467427547,0.0012767659257271735,0.0005866022837963257
BDEC,0.0001477263722999833,0.00020231086666446736,0.00013448342350298707,0.00023261544927054105,0.0003295737245663337,0.0001096950192256216,-0.00010617023312658844,0.0001142674680266182,2.010104771913947e-06,0.00022526108521526782,0.00011595898193891916,1.0346725250266061e-05,-0.0002112334591605729,-0.00012695275761029365,0.00020007587367678754,3.249199774504373e-05,2.5889461790985008e-05,8.363949800714769e-05,0.0005626095755376101,0.00010752265405866649,3.715219926100751e-06,0.00021251362421287185,0.0003812600916323701,3.4655069184509216e-05,0.0002480303593902689,4.146378215288588e-05,0.0003920656016682747,0.0006099082354347965,0.000447473006148897,9.949565994246811e-05,6.790236408057988e-05,-4.095744108610824e-05,0.00025869858035001286,0.0003532210538124422,-0.00017481841009686034,1.2107512911581828e-05,0.0002536984091781873,0.0005833589067234344,0.0003346248477818615,0.0001701315327379882,5.034938547947441e-05,-4.6902308826626895e-05,-0.00024004454539720783,3.903255408481157e-06,-0.0008428792228872585,1.640508365716051e-05,0.00032556432378514087,0.0003525818097952038,0.00014467883868161003,0.0003770434524219494
CHIC,-0.00027504852697094395,0.00014901002017537684,0.00023261544927054105,0.0007628474766815154,0.000283962440100869,0.00017531575208846434,-0.0007836654687466693,0.0005232920317708951,-3.914288148251896e-05,0.000576429688100461,0.0002272491796352176,5.4999647142414424e-05,-0.0006253449956850865,-0.0005675525808489505,0.0004681462717999927,0.00010444000042517365,0.000417357900292897,0.0006003547985720565,0.0013250975262142433,0.00037131709600573935,8.003690676172846e-05,0.00039170245635741086,0.0009105581916477244,4.779857389269714e-05,0.0007339255295917887,2.5010374380697914e-05,0.0012858315569407625,0.0010361390256331338,0.0012038487091139605,0.00016558216812140664,0.00016332454864075857,-0.00015883086960592947,0.0006996932460452619,0.0008355737440379966,-2.4098946120624004e-06,4.185970815057361e-05,0.0003778815616512352,0.0016731851839387286,0.0005718556289397581,0.00040896281837757547,0.0003204373442095345,-7.041527636796173e-05,0.0001550220954595357,5.773433183642763e-05,-0.002742671118379591,2.306032691530583e-05,0.0004807191615231754,0.00083450740979731,7.09101424769811e-05,0.0008757509622641252
CTIB,0.0015977732386939507,0.001094803509781805,0.0003295737245663337,0.000283962440100869,0.005156407094115197,0.000905449581310723,-0.00021124626645366586,-6.128377556690009e-06,-0.0003922941987528952,0.0011406869861691797,-0.00042372471525220804,-0.00010566154717442666,0.0011684134737745186,0.0019378946203232551,-0.00048353024653448085,0.00246256424532916,-0.0005612376984067735,0.0002922054160053377,0.0013023339690751102,-0.0004895828293922311,-5.192443775283948e-05,0.00061860956844415,0.0005684844265655627,5.068073499846204e-06,5.695609122439635e-05,-1.409097787723454e-05,0.0007005850274259838,0.002333328078144923,0.0012169924020533946,0.00011925261270901248,0.00022663584355925434,8.155022226164395e-05,0.001842079358652282,0.0005266554831023613,-0.00037251489898554573,0.00034072512547642607,0.0008041839381906905,-0.00040032306445343115,0.00031634715542370377,0.00019145520324983777,0.00022368036964347045,-0.00025407762365726555,-0.0031132171849949136,-0.0013211026754647872,0.0010426246156720546,8.6958461686138e-05,0.00017564531001723366,0.00039900953642138596,-0.000285786679566034,0.0004444817059854304
CTLT,0.000585268833261696,0.00017022448435265327,0.0001096950192256216,0.00017531575208846434,0.000905449581310723,0.0005710444714097517,-0.00016072329524665057,0.00017576607724541338,6.081985295194018e-05,0.0002793025696444979,0.0002655795920022919,-4.351135557472704e-05,0.00029494121933145904,0.0007694384956915211,-0.0002625653415595081,0.0009696645548253931,0.00012675776949987763,0.0002375707904014848,0.0015429563971971615,0.0002953702375847857,0.00021127182241788473,0.0005572590792760944,5.1936207792451166e-05,0.00014917158715322271,0.00020851686895593735,0.0008061627991783564,0.0006332996948288461,0.0014321969625215448,0.0013614406084793127,4.718931566971083e-05,0.0002244902674858934,0.00017432914032862397,0.0008258129657421049,0.0001258456217865641,-0.00016913083833802262,0.00031040544508497173,0.0005208508081133578,0.0006030425224282074,0.00023171960771205854,6.210014344290727e-05,0.000274299152119509,0.00010266577129213058,-0.000564592408360321,0.00030752727871029246,-9.73779607981776e-05,-1.5785787109799544e-05,0.00023580406222217237,1.240669512170556e-05,-0.0002207151287130365,1.7096747244299048e-05
CWT,-0.0001629665429239745,-7.040480654365768e-05,-0.00010617023312658844,-0.0007836654687466693,-0.00021124626645366586,-0.00016072329524665057,0.0014907811735270801,-0.0010274066922101829,-0.0004139481611737066,-0.0008083392569341496,-0.00016482222138757097,3.700189116553411e-06,0.0004073355667801364,-0.00036539398501950107,-7.448052430224634e-05,-0.0011769104712172902,-0.0010001879510473136,-0.0009408759064574114,-0.002217884549577532,-0.0003205211344704946,-0.00033269217414110745,-0.0006607988488384812,-0.000727009126708368,-0.00018994294556363278,-0.0006614351667279152,-0.0004002685157899678,-0.0017177926050413524,-0.002175057369390111,-0.0008811304098920362,-3.482224816421887e-06,-0.0004950887698417761,-0.000414161687404509,-0.0014118499089638093,-0.0007267027858663037,-0.00045204727435537275,-6.730893848789584e-05,-0.00047728550228391805,-0.002824662411453727,-0.00029688774755997884,-0.00029617989778248126,-0.0005850212117382586,-5.914042284992582e-05,-0.0007998164099001003,-0.0003093085605026707,0.0019257021726821666,-2.6157056672375604e-05,-0.00020716050906439967,-0.0006167245992727619,0.0004998629291489763,-0.0006422203470443872
EMD,0.00022025156240114852,0.0002804857534604526,0.0001142674680266182,0.0005232920317708951,-6.128377556690009e-06,0.00017576607724541338,-0.0010274066922101829,0.0010223555030910562,0.0005531608336373209,0.0007431160887046395,0.0005058533149536822,-3.352754181381532e-05,-6.013386083488666e-05,0.0002722384652565552,-2.3500857381795226e-06,0.0008314080797621862,0.000847506121742746,0.0006372379524202758,0.002039298797425996,-0.0001865175770716949,0.00023565527456666528,0.001088683391038042,0.000636719449793142,0.0002030617241153736,0.0004938866764098874,1.75070566140473e-05,0.001121401779857785,0.002967774090190605,0.0007164076316426742,0.00011730224810058147,0.0006183649277036668,0.0005993515611337789,0.0008457662165053709,0.0006882364599600342,-8.509087720412986e-05,7.185624773595558e-05,0.0007166062244359628,0.002956483879780644,0.0003104303924829887,0.00025220263038363774,0.00040007700350450873,-2.6183116485203674e-06,0.0009028729219715832,0.0006766445015970982,-0.0011783387279167073,6.585100954778714e-05,0.00044520836565392147,0.0005684160671093135,-0.00011408327216325558,0.0006295006093334893
ENBA,0.0011486610376813043,-2.0955134326327664e-05,2.010104771913947e-06,-3.914288148251896e-05,-0.0003922941987528952,6.081985295194018e-05,-0.0004139481611737066,0.0005531608336373209,0.0016142417865216772,0.0002907016729767871,-0.0007566656739484943,-0.00010965330930601117,-0.00016997983032399067,0.001575493266737532,-0.0003709672742566996,0.0012841625934697921,0.00018512911034341122,1.5975380949408576e-05,0.0016726308088195966,0.00018508025658548944,0.00037790369190233893,0.00048812083335292896,-0.0002644265060238201,0.0004581435273097745,-7.762574995286929e-05,0.0014625626209146937,0.0006418904497156263,0.0014651897558431194,-1.6168801664074183e-05,-0.00014997886297438983,0.0007755338939015843,0.0009630200019440974,0.0009872057847190377,-0.00010495584460837902,0.00047273180836558833,0.0002783171948601182,0.0008175806790038689,0.003524087594140992,0.0001740467440032622,-3.332188190607404e-05,0.0002891069230708963,0.0003538518644066872,0.0011239345687312848,0.000824766727031939,0.0012169594862494074,9.148250393407633e-05,0.0006011287231959048,-0.0001872819801341849,-0.0007470185967049902,-0.00015829308147808602
ESHY,0.0003907485322491929,0.00038534243363901396,0.00022526108521526782,0.000576429688100461,0.0011406869861691797,0.0002793025696444979,-0.0008083392569341496,0.0007431160887046395,0.0002907016729767871,0.0008837323403201755,0.00021604840241708621,-2.002348961188928e-05,-0.00017208916045090535,0.0002038781262870028,5.67445967390525e-05,0.0009331564404391623,0.00041183256559633875,0.0005856138888048808,0.0017744540820149775,-0.00027657106666131056,7.276622152010695e-05,0.0008801567323447883,0.0008213531144987282,0.00010636952590817984,0.0005558688442173602,-0.00021823387164478635,0.0011300662701155375,0.0024779845905390243,0.000781106899161947,0.0001692643074377871,0.00038229279191782445,0.0003429999306570112,0.0009830143178423826,0.0008262740864750582,-0.00029919835410620544,6.937740647841898e-05,0.0007432270784048558,0.002231580122737622,0.0004553831526367615,0.00033891893337194805,0.0003377073347439263,-0.00015715924176538476,-6.75055383113284e-05,0.00012659644054296656,-0.0013118466760843658,8.479431815264488e-05,0.0005551348821414361,0.0007374113134438675,-0.0001395302996612733,0.000804816501473598
FBIO,-0.0002659456514366744,0.0003985640945506738,0.00011595898193891916,0.0002272491796352176,-0.00042372471525220804,0.0002655795920022919,-0.00016482222138757097,0.0005058533149536822,-0.0007566656739484943,0.00021604840241708621,0.00232760824382121,4.0908231734314736e-05,0.00020119592658415417,-0.0008913408177779737,-9.568064306052683e-05,-0.001151446393172759,0.0006804722472091548,8.730418464669183e-05,0.0014368471256812787,-0.0004876116010369508,-0.0001214904817494881,0.001204409053134063,0.0006276026638016478,-0.0001363545465707348,0.00025323706395921457,-0.0012068888322479493,5.929331305075969e-06,0.0037017242029544206,0.0012618402253380396,0.00032728411946097064,0.00021143458863428428,7.275597080406248e-05,-0.0005739078822188547,0.0006273412221991274,-0.0013412735888202114,-0.00042110955476911847,0.00014443084970156564,-0.0010183780016878483,0.0001483943564274656,0.00015896482674552384,-2.936255552918851e-05,-0.0003327865594345492,-9.190831166953423e-05,0.000806646780461392,-0.0012398250312595268,-1.4157123267420407e-05,0.00023283588262569131,0.000521969027372138,0.0006856859125569972,0.0005500146037040777
FIVG,-0.0002533098795364593,-8.335889774392144e-05,1.0346725250266061e-05,5.4999647142414424e-05,-0.00010566154717442666,-4.351135557472704e-05,3.700189116553411e-06,-3.352754181381532e-05,-0.00010965330930601117,-2.002348961188928e-05,4.0908231734314736e-05,2.5008184110378766e-05,-0.00014536177319721884,-0.0003175866310499822,6.24649984128617e-05,-0.00031198826370821913,-4.6999111408247904e-05,1.9050862027875997e-05,-0.00018236503407952095,-1.6515375421211886e-05,-6.715663618909958e-05,-8.707808045304506e-05,7.1662372201919e-05,-5.53708940429426e-05,4.863238391847123e-05,-0.00020799572008546976,-1.2877376631890906e-05,-0.00025988373281860146,6.827036109710215e-05,2.20781040398634e-05,-7.405058696196693e-05,-0.00013216360110519234,-0.00016654670597958694,5.031120423018066e-05,-5.274191524433539e-05,-5.6219830142060824e-05,-9.444138324620864e-05,-0.0002570778273609192,-6.6492687706777916e-06,3.366950072672472e-05,-1.5440907403363177e-05,-5.29660007728812e-05,4.414692059935203e-05,-5.036694427819066e-05,-0.0003804448567147913,3.1077252453335183e-06,5.159639587714374e-06,7.69348937858559e-05,2.0859536290132824e-05,7.647171369865807e-05
FLOW,0.00026621052965456035,0.0009495412381579542,-0.0002112334591605729,-0.0006253449956850865,0.0011684134737745186,0.00029494121933145904,0.0004073355667801364,-6.013386083488666e-05,-0.00016997983032399067,-0.00017208916045090535,0.00020119592658415417,-0.00014536177319721884,0.002592303446628921,0.0017044271390202926,-0.0004646896012455979,0.0009367435033258283,3.916666836638373e-05,-0.0003803334473832634,-0.0009529181355260446,-0.0004855372331542081,0.00021023764979357564,0.0005538319350501886,-0.0007364448660546845,0.00011061738605435716,-0.000890643706536835,0.00020302317417763695,-0.001217275357609699,0.0011492915843477776,8.42707149703584e-06,-6.475348046840558e-05,0.0006203326067168927,0.0003094019954165161,-0.00019642650101689527,-0.0007010780135360442,0.00042990974154571504,0.00041941384630339785,2.443086464323282e-05,-0.0006849340278208974,-0.0005944319148646331,-0.0004129402924078539,-0.00019300728400861012,0.0003112191596815609,-0.0004247744485164738,-0.000114307720708399,0.003189729533620118,-1.8681504489162894e-05,-0.000773020384287474,-0.0007701899784402057,0.0008069654956799348,-0.0007608894488595182
HDLB,0.003732399491516354,0.0008877720990480057,-0.00012695275761029365,-0.0005675525808489505,0.0019378946203232551,0.0007694384956915211,-0.00036539398501950107,0.0002722384652565552,0.001575493266737532,0.0002038781262870028,-0.0008913408177779737,-0.0003175866310499822,0.0017044271390202926,0.0051529452949380964,-0.0011487161833912127,0.004292775206330703,0.0004590839633588661,-0.00026326354432612407,0.0031129401878803873,0.0010953246205780468,0.0010490491418885157,0.0006353746663294282,-0.0011522893090207004,0.0008291737302301384,-0.0008000518609401974,0.0038986597144625686,0.0007266899512595596,0.0030871308510804214,0.00020217003581273518,-0.0004908710142510491,0.0011986717763373578,0.0016122577846452376,0.002945135006068776,-0.0009029082251978415,0.0013393061033668086,0.0007378734787251777,0.0010298002028662052,0.0026442412645485505,8.882439826877452e-08,-0.0004961920333096402,0.0004138750388034446,0.0009167032352650462,-0.0009675789491781101,0.0004298799009923382,0.005074849666328776,-6.466744525004686e-05,-0.00018371259743772437,-0.0012308197366910458,-0.001013250318728045,-0.001288737529341655
IPWR,-0.0003355497638743196,0.0006129491904934307,0.00020007587367678754,0.0004681462717999927,-0.00048353024653448085,-0.0002625653415595081,-7.448052430224634e-05,-2.3500857381795226e-06,-0.0003709672742566996,5.67445967390525e-05,-9.568064306052683e-05,6.24649984128617e-05,-0.0004646896012455979,-0.0011487161833912127,0.001320900177315371,-0.00046937429178078865,0.0002580207012095992,6.310694891200292e-05,-0.0004782736431297895,0.0006607417578349245,5.5461253043251795e-05,-0.00017953361888373528,0.0009092251522509105,1.8240616418461967e-05,0.000576498939363966,2.4586711588180407e-05,0.0005091775268707234,-0.0009212787387059034,-0.00027946070782966666,0.0001887269918349267,-0.00018535817480929754,-0.0005170928290024538,3.507706375578134e-05,0.000714784755231878,0.00031123316358044537,2.2389916729534052e-05,3.8645173789356346e-05,0.0013213669674801863,0.0008379812692365249,0.000366144584007955,-0.00015598413319583657,4.8093332972410795e-05,-8.82865203902965e-05,-0.0004129859207940305,-0.0026549931444163097,-5.252943328169579e-05,0.0003100306747613356,0.0008273551139070348,0.0012370729973530342,0.0008758344017435605
KAR,0.0038340882120639535,0.0008108419449923778,3.249199774504373e-05,0.00010444000042517365,0.00246256424532916,0.0009696645548253931,-0.0011769104712172902,0.0008314080797621862,0.0012841625934697921,0.0009331564404391623,-0.001151446393172759,-0.00031198826370821913,0.0009367435033258283,0.004292775206330703,-0.00046937429178078865,0.006314911707979274,0.0012665253164542702,0.0009167806569369999,0.004356997110841651,0.0011583183900126957,0.0012390293411407884,0.0010809216026096686,-0.00029926706408838546,0.0008217917677246728,0.00044177600970230147,0.0037969723015616654,0.0023074158969501398,0.0030231927735497265,-0.0002770535582750437,-0.00033998628069144526,0.0005333559151492428,0.0016660310285431096,0.0042545701698409565,-1.5973411618038154e-05,0.0012245701045781778,0.0011156750488812955,0.0016429862352567333,0.00530806495346584,0.0006768956007785443,-0.0001041990992198734,0.000860957592016095,0.0007363826707170058,-0.0011885456989807243,0.0002809753915341356,0.0024854116707918924,-0.0001312382090019568,-1.0062262693833618e-05,-0.0005052146594540729,-0.001063310738182147,-0.0005163732393511335
NIU,0.0006147879891305835,0.0003925301154689137,2.5889461790985008e-05,0.000417357900292897,-0.0005612376984067735,0.00012675776949987763,-0.0010001879510473136,0.000847506121742746,0.00018512911034341122,0.00041183256559633875,0.0006804722472091548,-4.6999111408247904e-05,3.916666836638373e-05,0.0004590839633588661,0.0002580207012095992,0.0012665253164542702,0.0012656597419164048,0.000608251495842227,0.0020356327790791084,0.0004687435260985808,0.0004777338699508392,0.0008200569230005578,0.0004716377043483746,0.0002500735713021829,0.0005069518613711166,0.0007083061799610868,0.0011814246807186645,0.002384483579546731,0.00018005778502940545,1.7777210942516587e-05,0.00036170109839955627,0.0005536535359603415,0.0011371721086300321,0.0005045171016013539,0.00030187951849293523,0.00010122533062943532,0.00045033803066837837,0.0024996418453339035,0.0003865112294317937,0.00014168378880257182,0.0003519201712833166,0.000190815075873157,0.000618336025550836,0.0005991572264426255,-0.001068673823505928,-7.026605215451878e-05,2.9182073286464804e-05,0.0003338657438919682,0.00018016292040013703,0.00034894853035838033
NORW,-0.00029073796355315974,-0.0002038064973655302,8.363949800714769e-05,0.0006003547985720565,0.0002922054160053377,0.0002375707904014848,-0.0009408759064574114,0.0006372379524202758,1.5975380949408576e-05,0.0005856138888048808,8.730418464669183e-05,1.9050862027875997e-05,-0.0003803334473832634,-0.00026326354432612407,6.310694891200292e-05,0.0009167806569369999,0.000608251495842227,0.0008799338717050122,0.001357010451601446,7.012116990925061e-05,0.0001477953338685013,0.00046011931811389204,0.000512408696268856,2.7851274369300013e-05,0.0006819148704030939,-1.2659448395259996e-05,0.0012375402971243734,0.0008792279030145814,0.0007816297345564511,5.9750535253393056e-05,2.3242790285557747e-05,9.5549123864786e-05,0.000866153749930668,0.0005395833292712347,7.653337078616403e-05,0.0001791823995012902,0.00034942217844671005,0.001686675280218858,0.0001855350680652083,0.00024479615649843783,0.0004729154787440983,-6.689243692628996e-05,0.00041373911158143733,0.00018151622309362422,-0.001838564342557364,4.917770404856104e-06,0.00011031333116932625,0.00044790303389279833,-0.00042248827084266925,0.00046890147457511486
NRT,0.0038382433014252284,0.0007829851449930649,0.0005626095755376101,0.0013250975262142433,0.0013023339690751102,0.0015429563971971615,-0.002217884549577532,0.002039298797425996,0.0016726308088195966,0.0017744540820149775,0.0014368471256812787,-0.00018236503407952095,-0.0009529181355260446,0.0031129401878803873,-0.0004782736431297895,0.004356997110841651,0.0020356327790791084,0.001357010451601446,0.009194220225039153,0.0016247280557659866,0.0012329053307046137,0.0028123805314920415,0.001284988232792334,0.0009917178916677462,0.001554963568063089,0.0037195935907755498,0.004356653435735173,0.008992933959047553,0.0037555255093492503,0.0001410383394826533,0.001438631643965967,0.0018989170576175175,0.004633449048120633,0.0015875206889672201,-0.0004726064230391525,0.000552947547425186,0.0026643093802998603,0.007290963106173098,0.0017802941597743604,0.0006251246040269371,0.001370778970546059,0.00042846327079593084,-0.00031736468001518017,0.002187379000229938,-0.002224848246840545,-1.9653893920882324e-05,0.0018394593389920331,0.0010258406082610944,-0.0013060035827453592,0.0010814422809344241
PXLW,0.0011675963365085364,0.00024165788624554233,0.00010752265405866649,0.00037131709600573935,-0.0004895828293922311,0.0002953702375847857,-0.0003205211344704946,-0.0001865175770716949,0.00018508025658548944,-0.00027657106666131056,-0.0004876116010369508,-1.6515375421211886e-05,-0.0004855372331542081,0.0010953246205780468,0.0006607417578349245,0.0011583183900126957,0.0004687435260985808,7.012116990925061e-05,0.0016247280557659866,0.002320300747251895,0.0007026868053364574,-0.000508283813616935,4.74304507838639e-05,0.0004206086536687571,0.0003891665228818049,0.003025779888011329,0.0014298665488506948,-0.0009194559127697015,0.0010483220888151052,-0.00018855609574975832,9.677544154843033e-05,-0.0001495909248234918,0.0016646872681350172,-8.182149734014828e-06,0.0012716801653146746,0.0004157260396510454,0.0001582385450695094,0.0014548409511581045,0.000816460271842131,9.422116057373389e-05,0.00027418243098191464,0.0006784333094940459,-0.0004647432429219522,5.058752390247061e-05,-0.0013545123374206498,-0.00018892444782764612,0.00011485502212997838,-3.961272756731803e-05,7.470487776242968e-05,-0.00010341986677716292
QVAL,0.0008651807394012436,0.00026523586629735607,3.715219926100751e-06,8.003690676172846e-05,-5.192443775283948e-05,0.00021127182241788473,-0.00033269217414110745,0.00023565527456666528,0.00037790369190233893,7.276622152010695e-05,-0.0001214904817494881,-6.715663618909958e-05,0.00021023764979357564,0.0010490491418885157,5.5461253043251795e-05,0.0012390293411407884,0.0004777338699508392,0.0001477953338685013,0.0012329053307046137,0.0007026868053364574,0.00042671782860839616,0.00024919995474171594,-6.974656838007326e-05,0.000284102470594741,0.0001100980373381777,0.001375978189899779,0.0006634111960782103,0.000774233791268837,0.000260164817144194,-9.455950401239959e-05,0.0002901538231829195,0.00036653661369245925,0.0010067948097631457,-2.1846443057095685e-05,0.000532407236463426,0.0002867295520205778,0.0003588314755129778,0.0015868564428170055,0.00026999242525720633,-1.865691929481091e-05,0.00021025394265527467,0.0003381085934509527,4.9340721697922105e-05,0.00029571094776011206,0.0002099057835191557,-6.140903682472935e-05,3.187329176509109e-05,-0.00012067471138963904,-4.547824229422332e-05,-0.00013054360190283763
RMM,0.0007495320475646286,0.0007616854346470721,0.00021251362421287185,0.00039170245635741086,0.00061860956844415,0.0005572590792760944,-0.0006607988488384812,0.001088683391038042,0.00048812083335292896,0.0008801567323447883,0.001204409053134063,-8.707808045304506e-05,0.0005538319350501886,0.0006353746663294282,-0.00017953361888373528,0.0010809216026096686,0.0008200569230005578,0.00046011931811389204,0.0028123805314920415,-0.000508283813616935,0.00024919995474171594,0.0018714833677693273,0.0006959384998213338,0.0002688773551419839,0.0004607645792635921,-1.3089550201068607e-05,0.0009023361094123167,0.004878430086908731,0.0013505713216292075,0.0002850583959723381,0.0008255586356619889,0.0008282612387503363,0.0008345637585253015,0.0008128844049021386,-0.0008068792852403921,0.00019509719927204004,0.0012160435908644606,0.0030198193295386277,0.0005123212531776822,0.00026373320968558925,0.0003380747279576586,-5.147542730728215e-05,0.00029212848334120057,0.0010648631351206298,-0.0005592697468222173,7.887694007845568e-05,0.000759061653647475,0.0006060279986494431,0.0002940673913539271,0.0007028421797155425
SPAB,-0.0001880957654201007,0.0006660552576314288,0.0003812600916323701,0.0009105581916477244,0.0005684844265655627,5.1936207792451166e-05,-0.000727009126708368,0.000636719449793142,-0.0002644265060238201,0.0008213531144987282,0.0006276026638016478,7.1662372201919e-05,-0.0007364448660546845,-0.0011522893090207004,0.0009092251522509105,-0.00029926706408838546,0.0004716377043483746,0.000512408696268856,0.001284988232792334,4.74304507838639e-05,-6.974656838007326e-05,0.0006959384998213338,0.0015314557485975025,-1.4508323978017891e-05,0.0009268083451691594,-0.0007451032114777274,0.0012608641932143694,0.001957725193871055,0.0008618449598683283,0.0003599013660640552,0.0001492391930898702,-0.00021801653207247649,0.0005104657278580913,0.001374363837299624,-0.0004775592458173118,-0.00016321516402127063,0.0005441416358378854,0.001969288171989596,0.0009575436317339611,0.0006129715482315949,0.0001384076457185494,-0.00028374345711164556,-0.00020623686422666988,-0.00012203329151960949,-0.003537408273524691,5.4643224089907815e-05,0.000799153888642583,0.0013987717388580245,0.0007437638930343883,0.0014899205540672188
SPYD,0.000724069624726856,0.00024419780651389157,3.4655069184509216e-05,4.779857389269714e-05,5.068073499846204e-06,0.00014917158715322271,-0.00018994294556363278,0.0002030617241153736,0.0004581435273097745,0.00010636952590817984,-0.0001363545465707348,-5.53708940429426e-05,0.00011061738605435716,0.0008291737302301384,1.8240616418461967e-05,0.0008217917677246728,0.0002500735713021829,2.7851274369300013e-05,0.0009917178916677462,0.0004206086536687571,0.000284102470594741,0.0002688773551419839,-1.4508323978017891e-05,0.00023835889131202366,5.289826158335524e-05,0.0009895419557401678,0.00045459838949654554,0.0008286356562583723,0.00022834893385820145,-4.6152644038024295e-05,0.00031733364664385797,0.00034086077461609703,0.000700023740266584,2.7763352403957254e-05,0.0002972943562344739,0.00019836026303401998,0.0003839534979606803,0.0014618218991216696,0.00025452372931368333,1.0726164384265466e-05,0.00013242159502419536,0.0002352809986057607,9.350628599001208e-05,0.0002893936440707961,0.00025457647496409503,-1.3769559797762829e-05,0.00019764785460363486,-3.39159862561944e-05,-3.8190946442490675e-05,-2.760683887487744e-05
TBT,-6.57477083126898e-05,5.0081035522882504e-05,0.0002480303593902689,0.0007339255295917887,5.695609122439635e-05,0.00020851686895593735,-0.0006614351667279152,0.0004938866764098874,-7.762574995286929e-05,0.0005558688442173602,0.00025323706395921457,4.863238391847123e-05,-0.000890643706536835,-0.0008000518609401974,0.000576498939363966,0.00044177600970230147,0.0005069518613711166,0.0006819148704030939,0.001554963568063089,0.0003891665228818049,0.0001100980373381777,0.0004607645792635921,0.0009268083451691594,5.289826158335524e-05,0.0009453935441471131,0.00010876687176827556,0.0013974052706915853,0.0008642761492537021,0.0008593842239587964,0.0001967256967043553,-0.00010673874545771501,-9.687707174636775e-05,0.000802961945245682,0.000896822397825567,-0.0002298679239543012,0.00010890494354253634,0.0005208935931064534,0.0019914431735158873,0.0007382913123593844,0.0004340109897153228,0.0003313226299563002,-0.00010509237177180358,3.816697936454068e-05,0.00019178485938088762,-0.00290849563836336,-1.009832078840143e-05,0.0005741342334041601,0.0008468591157554139,8.127978447268139e-05,0.0008906455652688439
TPR,0.0032708821248730174,0.0004799559986260791,4.146378215288588e-05,2.5010374380697914e-05,-1.409097787723454e-05,0.0008061627991783564,-0.0004002685157899678,1.75070566140473e-05,0.0014625626209146937,-0.00021823387164478635,-0.0012068888322479493,-0.00020799572008546976,0.00020302317417763695,0.0038986597144625686,2.4586711588180407e-05,0.0037969723015616654,0.0007083061799610868,-1.2659448395259996e-05,0.0037195935907755498,0.003025779888011329,0.001375978189899779,-1.3089550201068607e-05,-0.0007451032114777274,0.0009895419557401678,0.00010876687176827556,0.005659850054619369,0.0019873533927190234,0.000533288422095514,0.0012687708299780624,-0.00045295269145233095,0.0007403222491769228,0.0008997956382711546,0.003345591311357344,-0.0005736517225150185,0.001952079193981149,0.0010505500335198578,0.0010380659771344184,0.004056671749268999,0.0009501538540403248,-0.0001702166940703527,0.0005983829558472654,0.0012857123980137093,-0.0005271102150036157,0.0007607939297854168,0.0013683670172529203,-0.00022154623330308536,0.0002922365082562089,-0.0008145830557794626,-0.0006494460984517814,-0.0008981231395017125
TRQ,0.0012267531185463693,0.0002607311656702489,0.0003920656016682747,0.0012858315569407625,0.0007005850274259838,0.0006332996948288461,-0.0017177926050413524,0.001121401779857785,0.0006418904497156263,0.0011300662701155375,5.929331305075969e-06,-1.2877376631890906e-05,-0.001217275357609699,0.0007266899512595596,0.0005091775268707234,0.0023074158969501398,0.0011814246807186645,0.0012375402971243734,0.004356653435735173,0.0014298665488506948,0.0006634111960782103,0.0009023361094123167,0.0012608641932143694,0.00045459838949654554,0.0013974052706915853,0.0019873533927190234,0.003172048102885033,0.0027723672530685878,0.0020514173664032916,8.404995341747552e-05,0.0004589100264133834,0.0004348061217357609,0.002830135351152531,0.0012776897804984038,0.0004510383033490304,0.0003981917857289004,0.001213559740601493,0.004749434106910414,0.0012644521791159772,0.0006151818034901724,0.0008944257920926202,0.0002356382281954848,3.221151893115322e-05,0.0005179795585822657,-0.0036949537415489485,-3.170798388504837e-05,0.0009455331506071457,0.001086711026808722,-0.0006052134072854739,0.001123897563431228
TSCAP,0.0035996353400427955,0.002362768467042862,0.0006099082354347965,0.0010361390256331338,0.002333328078144923,0.0014321969625215448,-0.002175057369390111,0.002967774090190605,0.0014651897558431194,0.0024779845905390243,0.0037017242029544206,-0.00025988373281860146,0.0011492915843477776,0.0030871308510804214,-0.0009212787387059034,0.0030231927735497265,0.002384483579546731,0.0008792279030145814,0.008992933959047553,-0.0009194559127697015,0.000774233791268837,0.004878430086908731,0.001957725193871055,0.0008286356562583723,0.0008642761492537021,0.000533288422095514,0.0027723672530685878,0.015179405986136098,0.0035403301119947064,0.0005925953532942616,0.0025913371831190637,0.002624697787014394,0.0031092902478943654,0.0022207963017358643,-0.0020894837703808408,-6.291772397993581e-05,0.00308113071788131,0.007001534794583009,0.001399411981017531,0.0006373887069162169,0.0008850662809057187,-0.00013409942114571102,-7.630728261734748e-05,0.0026334484090729782,-0.00040482234126449376,0.0002038295931760954,0.002027549212492276,0.0016139341192261283,0.00023067737003791357,0.0018140942618341028
XEC,-0.0006321500508855133,0.00010529757231614065,0.000447473006148897,0.0012038487091139605,0.0012169924020533946,0.0013614406084793127,-0.0008811304098920362,0.0007164076316426742,-1.6168801664074183e-05,0.000781106899161947,0.0012618402253380396,6.827036109710215e-05,8.42707149703584e-06,0.00020217003581273518,-0.00027946070782966666,-0.0002770535582750437,0.00018005778502940545,0.0007816297345564511,0.0037555255093492503,0.0010483220888151052,0.000260164817144194,0.0013505713216292075,0.0008618449598683283,0.00022834893385820145,0.0008593842239587964,0.0012687708299780624,0.0020514173664032916,0.0035403301119947064,0.005901369784553709,0.00032874672813133,0.0010076021703866174,-0.0003735137994952549,0.001088930549316743,0.0008777684327198878,-0.0004432968633247168,0.0005201697095947514,0.0010097935445510053,0.0013304947981448202,0.0006858989045237787,0.0005296467104435292,0.0008148134718480791,0.00015390094461571055,-0.0001301725220353275,0.0010759975635180026,-0.0038402109427273087,5.7471578485130376e-05,0.0010794761851232145,0.0008242929213674697,-0.0003294094632128727,0.0008651552487424447
XPH,-0.00022770530573577543,0.00017296597996475138,9.949565994246811e-05,0.00016558216812140664,0.00011925261270901248,4.718931566971083e-05,-3.482224816421887e-06,0.00011730224810058147,-0.00014997886297438983,0.0001692643074377871,0.00032728411946097064,2.20781040398634e-05,-6.475348046840558e-05,-0.0004908710142510491,0.0001887269918349267,-0.00033998628069144526,1.7777210942516587e-05,5.9750535253393056e-05,0.0001410383394826533,-0.00018855609574975832,-9.455950401239959e-05,0.0002850583959723381,0.0003599013660640552,-4.6152644038024295e-05,0.0001967256967043553,-0.00045295269145233095,8.404995341747552e-05,0.0005925953532942616,0.00032874672813133,0.00014450484608002668,1.9633818728894078e-05,-9.963088902280548e-05,-0.00016924044170271458,0.0003309869269177224,-0.00035639955728227596,-4.076446991992713e-05,0.0001539800055949049,0.00021274111454196374,0.00020129266472338,0.00014609112260878298,-2.2551851411744782e-05,-0.00012754653489514505,-6.52835786051329e-05,5.40686991478542e-05,-0.0008161992739416992,2.538244900386736e-05,0.0002420173023880184,0.00034340582609950534,0.0003121245929496301,0.0003756921523630405
YOLO,0.0005482449561092499,0.0005677344137195096,6.790236408057988e-05,0.00016332454864075857,0.00022663584355925434,0.0002244902674858934,-0.0004950887698417761,0.0006183649277036668,0.0007755338939015843,0.00038229279191782445,0.00021143458863428428,-7.405058696196693e-05,0.0006203326067168927,0.0011986717763373578,-0.00018535817480929754,0.0005333559151492428,0.00036170109839955627,2.3242790285557747e-05,0.001438631643965967,9.677544154843033e-05,0.0002901538231829195,0.0008255586356619889,0.0001492391930898702,0.00031733364664385797,-0.00010673874545771501,0.0007403222491769228,0.0004589100264133834,0.0025913371831190637,0.0010076021703866174,1.9633818728894078e-05,0.0009678431720431734,0.0005641018791373299,0.000616464603086466,0.0001836483207267551,0.0002719097640986819,0.00016596591503811628,0.0006086370551410614,0.0022002752952243495,0.00016599147941040736,5.3919328577976476e-05,0.00019454418661534912,0.0002539179626583983,0.0006099193472145785,0.0005816712628161556,0.00036127997128069486,7.290706644561724e-05,0.00037769905387674107,0.00013218528883403546,7.801210508519225e-05,0.00017539612087323343
ASH,0.0014639249142062592,0.0002445942824190482,-4.095744108610824e-05,-0.00015883086960592947,8.155022226164395e-05,0.00017432914032862397,-0.000414161687404509,0.0005993515611337789,0.0009630200019440974,0.0003429999306570112,7.275597080406248e-05,-0.00013216360110519234,0.0003094019954165161,0.0016122577846452376,-0.0005170928290024538,0.0016660310285431096,0.0005536535359603415,9.5549123864786e-05,0.0018989170576175175,-0.0001495909248234918,0.00036653661369245925,0.0008282612387503363,-0.00021801653207247649,0.00034086077461609703,-9.687707174636775e-05,0.0008997956382711546,0.0004348061217357609,0.002624697787014394,-0.0003735137994952549,-9.963088902280548e-05,0.0005641018791373299,0.0010618356233964823,0.001027646940805095,-4.6846441440631836e-05,2.1094810478091e-05,0.0001381220737325172,0.0007129871168594354,0.00232607959458613,5.26156994145607e-05,-0.00011052334701707762,0.0002277113090967472,0.0001893267147191789,0.00040604052069632133,0.0007315982666032027,0.0017367256085290533,2.8403901747194038e-05,0.0002284997778557301,-0.00023984543383988858,-0.0004923835074597946,-0.0002243029053596974
BBDO,0.0030023317312154792,0.0007268519868783096,0.00025869858035001286,0.0006996932460452619,0.001842079358652282,0.0008258129657421049,-0.0014118499089638093,0.0008457662165053709,0.0009872057847190377,0.0009830143178423826,-0.0005739078822188547,-0.00016654670597958694,-0.00019642650101689527,0.002945135006068776,3.507706375578134e-05,0.0042545701698409565,0.0011371721086300321,0.000866153749930668,0.004633449048120633,0.0016646872681350172,0.0010067948097631457,0.0008345637585253015,0.0005104657278580913,0.000700023740266584,0.000802961945245682,0.003345591311357344,0.002830135351152531,0.0031092902478943654,0.001088930549316743,-0.00016924044170271458,0.000616464603086466,0.001027646940805095,0.003798309943603354,0.0006203178430773185,0.0009740674159842735,0.0006686084932085251,0.0013874290896144564,0.004686160594433561,0.0010993182601123227,0.00025486997754209747,0.0008309200655990684,0.0005634374389106952,-0.0010010332286110525,0.000254145253339649,-0.00043951388852293003,-9.436661091291494e-05,0.0005315294856883891,0.00029708224075168047,-0.0008286876567685556,0.0002933777083026328
BSCP,-7.230651926481289e-06,0.0005626636249102958,0.0003532210538124422,0.0008355737440379966,0.0005266554831023613,0.0001258456217865641,-0.0007267027858663037,0.0006882364599600342,-0.00010495584460837902,0.0008262740864750582,0.0006273412221991274,5.031120423018066e-05,-0.0007010780135360442,-0.0009029082251978415,0.000714784755231878,-1.5973411618038154e-05,0.0005045171016013539,0.0005395833292712347,0.0015875206889672201,-8.182149734014828e-06,-2.1846443057095685e-05,0.0008128844049021386,0.001374363837299624,2.7763352403957254e-05,0.000896822397825567,-0.0005736517225150185,0.0012776897804984038,0.0022207963017358643,0.0008777684327198878,0.0003309869269177224,0.0001836483207267551,-4.6846441440631836e-05,0.0006203178430773185,0.0012728153883639962,-0.0005342840736244468,-0.0001060098650648751,0.0006507867720126549,0.002167373212312817,0.0008919451970396321,0.0005601909459923382,0.00019733372574392665,-0.0002565294231142581,-0.00011641696851741246,7.162956574718109e-05,-0.003112149823550927,5.63397437144553e-05,0.0008132273135908725,0.0012562828196160307,0.0005315209333115729,0.0013432367565855662
EWBC,0.0003055427105549225,9.728003361202408e-05,-0.00017481841009686034,-2.4098946120624004e-06,-0.00037251489898554573,-0.00016913083833802262,-0.00045204727435537275,-8.509087720412986e-05,0.00047273180836558833,-0.00029919835410620544,-0.0013412735888202114,-5.274191524433539e-05,0.00042990974154571504,0.0013393061033668086,0.00031123316358044537,0.0012245701045781778,0.00030187951849293523,7.653337078616403e-05,-0.0004726064230391525,0.0012716801653146746,0.000532407236463426,-0.0008068792852403921,-0.0004775592458173118,0.0002972943562344739,-0.0002298679239543012,0.001952079193981149,0.0004510383033490304,-0.0020894837703808408,-0.0004432968633247168,-0.00035639955728227596,0.0002719097640986819,2.1094810478091e-05,0.0009740674159842735,-0.0005342840736244468,0.0019131502370858405,0.0004180901028795316,-0.00027930571984372123,0.0013861920111185348,-8.001880217917136e-05,-0.0001811829101496797,0.0001600984963455443,0.0006510836463140946,0.0005422688509291792,-0.00040748517525037814,0.000551725068228776,-9.448553842151739e-05,-0.0005997634760804487,-0.000492999294132315,-9.930236683996629e-05,-0.0005457132526056683
