,AGNCO,AMP,ARVN,ATOM,AVAV,AVTR,BMRA,BPTH,CHAU,CRK,CVS,CYAN,DBV,DESP,DVN,ECPG,EGRX,ELVT,ENLC,EQIX,FDTS,FENG,FTXG,FUMB,FUT,GROM,GTLS,HDB,HMLP,IHAK,IPDN,JO,LOAN,LQDT,MKTY,MOH,NBH,NEX,NRGX,NVDA,NXR,PEG,PEXL,PG,RE,REGI,SAVA,SBUG,SCHW,SDGA,SMIT,SOR,SPTS,TRTX,UVV,VGR,WAL,WLDR,XMVM,AJRD,BOKF,BWXT,CCI,COHR,CSR,DOW,DXR,EVK,FFA,FLXS,GYRO,HYZD,IMAX,IPKW,JHMH,KEX,KRNT,LD,LIT,MHD,PTLC,QQEW,SFYX,SPY,TTP,VBF,AGEN,BUG,FPAY,GSLD,HIO,REGL,RESP,TIPT,VRSK,FCFS,JPT,SRS,WOOD,WPG$I
AGNCO,6.448846053551799e-05,-3.604268512627607e-06,0.00013288035871992037,-0.000102515858969996,-1.0469444984421807e-05,3.3223301254182966e-05,0.0006640627361411286,0.00019988619168092106,-3.0800415262513405e-05,-4.7270299411952086e-05,3.327025279464471e-05,0.0003043596657316775,-2.7875049327510612e-05,7.845246892757209e-06,2.736027967403192e-05,2.9321670130726747e-07,-1.483627453397446e-05,0.00015449409023526238,-8.792358240565772e-05,4.2715939186939814e-05,3.6975227115522533e-06,4.521422003422746e-06,8.023160495677689e-05,-2.42919259731647e-06,1.500921776561366e-06,-0.00039927241237321554,2.8154505269284213e-06,1.3983555311160153e-05,1.067635420316233e-05,-5.1909868641500414e-06,0.0,3.662715994012485e-06,-0.000132470355749157,-7.854058853205874e-05,-0.00010297265404594768,0.00017616968242485762,6.277029909780662e-06,6.705954076198334e-05,-2.5299208947244492e-05,1.6262079884486458e-05,2.4335216988213676e-05,-7.643546288475572e-05,2.361561200071795e-05,-4.4479681591582225e-05,3.9891589597342785e-05,-3.714424436861662e-05,0.0001000787082768588,7.100895937542727e-05,-2.4777452894119332e-05,8.40606618744819e-06,-0.00015734729513996966,3.949332451342248e-05,1.464923963285484e-06,2.6624210964888992e-05,-6.500325617370279e-05,-0.00012399471010836972,5.359697581855904e-05,1.5350838199625492e-05,3.66421656949971e-05,2.83228460382509e-05,-4.46122105476688e-05,1.1300433290950855e-05,0.0001241063562209668,0.00010565778620422243,-0.00012022398101811955,4.2233841565348455e-05,-7.62497102442445e-05,0.0010013666743225898,-1.191049388055611e-05,0.00022646704849083147,-5.458112950458986e-06,3.59218663296559e-08,-7.367961277309825e-05,-5.287222787858447e-06,5.026633057184012e-05,7.660722617135545e-05,-1.832257304595239e-05,-0.00010943318886750731,4.64414094437014e-05,-5.723138687199756e-07,-3.896212378963192e-06,-3.241115615923411e-06,2.945450721652573e-05,-1.0794030353503408e-06,4.968325257113708e-06,1.1599618495167249e-05,0.00011612650273048321,-2.2696775008340836e-05,0.00014157818056888832,2.9292254297783697e-05,-2.12534896003755e-05,3.7295727813493787e-06,-7.784808650430262e-06,0.000273881372590324,-3.073120605635022e-05,6.723510441856627e-05,6.626301842847531e-06,-2.267133519462296e-05,5.068975869974103e-05,4.6216230959378466e-05
AMP,-3.604268512627607e-06,0.0001892667714925007,0.00013405291721015538,6.318574758157928e-05,0.00030049207839304756,-0.00010700326152033073,0.0004784756677533816,1.5251506363946213e-05,3.76677229897109e-05,-8.749454271157998e-05,3.1406557224140525e-06,-0.0005473758465078191,3.536820847308399e-05,0.00018203837385344834,0.0003453720955242796,-6.562233624452524e-05,0.0002907410369272113,0.00014669423756360887,0.00034415336569078287,-0.00011276735078971493,7.853359605061055e-07,0.00023061424083283726,-5.6399621395955253e-05,-3.296029112956989e-07,8.644275078136243e-06,-0.0009078598951050177,0.00027313852158422874,7.3239487786028e-05,0.0006539934988391457,1.4417231891365047e-05,0.0,-0.0001576810989500101,-0.0001273132430457037,8.00278957660098e-05,0.00020822661565282434,9.201871183440217e-05,8.213031381042353e-06,0.0001551690281697142,0.0001571668302947892,-4.173922331404834e-05,-2.4977529568360997e-05,0.00010780483641290885,1.793406609881166e-05,4.2723553209058645e-05,7.420429594040941e-05,0.0002631322795095153,0.00020319823463501208,-0.00014110964888645316,5.677237116869809e-05,4.240469551925245e-05,5.392426995740158e-05,1.4745466860012513e-05,-3.0809376008635887e-06,0.00011054991156522588,-2.4338805736425113e-05,-5.709029764832829e-05,0.00030492028390507835,-3.646091796630194e-06,0.00012348597419002742,0.0002356417953767161,0.0002634904474989332,-9.193212926316959e-05,-0.00023969702458805447,-0.00011472547328148511,0.00015738087980149103,0.00018865406276434322,-0.00016123349324729546,-7.171247011784291e-05,2.1817381929807338e-05,0.00040270570625100803,-1.1096726778583947e-05,-4.645558121657391e-05,0.00020536900224829062,2.6830200721360403e-05,-4.469396152681181e-05,4.582576196957278e-05,-0.00021078991585058408,0.0001555429935085518,8.02166290522656e-05,-8.680555338002009e-06,3.9665781510008116e-05,1.7000667429158585e-05,4.562909621125295e-05,5.30009993547011e-05,0.00020894345060798718,1.3691915823066615e-05,0.00036681194936867475,4.925898630970368e-05,-9.660119550928043e-05,9.078220414266353e-05,3.0006578579071863e-05,3.1286132936477546e-05,2.978735901448621e-05,6.941519020564049e-05,5.578293845779172e-05,9.864860182468398e-05,9.179212706794142e-05,-9.108354409703318e-05,-1.796551264959621e-06,0.00020453053147069105
ARVN,0.00013288035871992037,0.00013405291721015538,0.0020775693143731022,-0.001806443762640208,0.0009302058444109271,-0.00032540614870156894,0.004787830510945832,-0.0005420957546289683,0.00032569419528656835,-0.0002477794826518411,6.237431122313248e-05,-0.0009227358507836417,0.00015239018966461986,3.492528837235421e-05,-0.00046874844162344545,0.0003404328789149501,0.0015011509125624942,7.359397399444602e-05,0.001551901969163156,-0.0005724188130886684,0.00042735808007263014,-0.0018407872407970286,-0.00021063719897136815,-2.779612766993134e-05,9.683786921485046e-06,-0.00342630046634922,0.0002020943415114911,-0.00039879411848694763,-0.00018199597740721566,0.00016738130902843145,0.0,0.0004991226788098671,3.116179784680809e-05,0.0024082739966833936,-0.0010478230969195915,-0.0003749901387449908,1.7501091994803147e-05,-0.0007324738456163428,5.3228870290923047e-05,0.0005496184132146101,0.00015274404207828615,0.00045406241247582534,0.00017093441438911826,-0.0003218028925005869,-0.0001348246693933256,-0.0003078105061438598,0.0003785173386749275,-7.366914468170547e-05,-0.00014907752473869267,0.00012726628700014602,-0.0007854581910051355,0.00018022673586417815,7.341858800224752e-06,0.00011206781344278898,-5.475245857268519e-05,-0.001205359896377869,0.0003998766399201472,0.0001368278442379304,0.000205120859696521,0.0016191203731924634,-0.00019348667912623738,0.00043681479986025864,-0.0004646553726177393,0.0003151606822612001,0.0006330727281920863,4.0225953270189865e-05,-0.0003013405501086369,0.0024397171214700798,-0.00011721831500559979,0.0006588304201318115,-9.220155131862227e-05,0.00012368768876037679,-0.00011955305451188022,0.00048579433374210514,-0.00011578169743189657,-6.825330118182592e-05,-0.0007814936149833897,-0.000506697218277339,0.00017063436362975388,1.6549968077052803e-05,0.0002013212694873283,9.370060455962545e-05,0.0001605264012786848,0.00019580172033070953,0.0003278455428244083,-0.00014719526306915788,0.0016837254443029443,0.00029589370953088834,0.0012809465620497377,0.0003976790022601287,7.866109415869973e-05,0.00010172103146299929,0.0002646899101154639,0.0012547903741073699,0.0005218155905941607,0.0009475079229035381,0.0004796666851431336,-0.0004913498842741264,0.00010140070924998285,0.0006544984855323457
ATOM,-0.000102515858969996,6.318574758157928e-05,-0.001806443762640208,0.0017610354585647571,-0.0005939998080372864,0.00021933284527909255,-0.003825992823657496,0.0006297813759999989,-0.0002896377322700072,0.0001277645168626959,-4.179659966408164e-05,0.0004674545324976873,-0.00012345241274298868,0.0001566308344007496,0.000819054577333047,-0.0003956524768471307,-0.001156865913915557,0.00014989695207902657,-0.0011843464547137436,0.00045607416525515504,-0.0004098426482721431,0.0020147180284856916,0.00018193690477934007,2.5373662810964133e-05,2.0885139353315612e-07,0.0021925031094126614,8.65060853021095e-05,0.0004662829314940756,0.0008513938948316539,-0.00014907185548472643,0.0,-0.0006416704831845845,-0.0002210496466408152,-0.002277300544066692,0.0011776745623915553,0.0005364972788489459,-5.599334680734738e-06,0.0008964720726961902,9.83495894197162e-05,-0.0005657042750015997,-0.00016190771164154081,-0.00036233743279378574,-0.0001357636027775224,0.00033404778853433843,0.00022439116251497256,0.0005500073110433542,-0.00011113854955817301,-4.1322809676971745e-05,0.00019078681487309118,-7.545805384428497e-05,0.0007414540527587822,-0.00014076418795031697,-9.57683385711099e-06,1.741899813812028e-05,-1.766660730504675e-06,0.0010479040056954913,-4.857439643752023e-05,-0.00012876180577241556,-5.452584735202837e-05,-0.0013075444754569354,0.00043666670376645185,-0.0005106205556020553,0.0002589759220443695,-0.0003736239714817491,-0.0005041508184281249,0.00017397605463575794,9.058660923159486e-05,-0.001971143590758886,0.0001300515062971694,-0.00011932121131005575,7.508839290986492e-05,-0.0001669815195731421,0.0002924582987037925,-0.00044359985769786947,8.876845820265998e-05,0.00014777981199700906,0.0005294192388446551,0.0005985806437900093,-6.117574904770771e-05,-2.5134316016122308e-05,-0.00015532606259140993,-7.444255255233866e-05,-9.464816731121495e-05,-0.0001350362375795694,-9.970051170245758e-05,0.0001613533249711524,-0.001195294751723823,-0.00024530027596260265,-0.0012704914504798042,-0.00027721466080692894,-5.47981376551004e-05,-6.434870270751139e-05,-0.00022837332395274153,-0.0010146421390166377,-0.0004602481853555869,-0.0007823507830962229,-0.0003656137717172307,0.0003703006787338154,-7.657712602088673e-05,-0.0004005979070991116
AVAV,-1.0469444984421807e-05,0.00030049207839304756,0.0009302058444109271,-0.0005939998080372864,0.0007890191882548933,-0.0003072027643885519,0.0020096431221808715,-0.00040767349879085107,0.00021720788813892235,-0.00017083086473834204,-1.7200836734396724e-06,-0.0013846384486815625,0.0001372061319599329,0.00023772285164680237,0.0002096729030954596,6.249324883167232e-05,0.0010255170351901055,6.66718547556836e-05,0.0011860714001489959,-0.0004295639452519517,0.00018046581722932034,-0.0005010860582205912,-0.00023978915070873267,-9.957873759242188e-06,1.362705487044272e-05,-0.0022278392019466652,0.0004295413453169495,-9.176339843009468e-05,0.0007393895403591161,9.500930042504916e-05,0.0,1.067255394010241e-05,-1.8723407683987264e-05,0.0012094852772094556,-8.499456583214526e-05,-0.00021581668500262946,1.177665477286612e-05,-0.00018272182274824258,0.00024637700265611046,0.00016677559797021068,1.01095129347224e-05,0.00040543387981002504,7.291612150500182e-05,-4.044403248728911e-05,-2.7037708852355916e-06,0.00023737331922746256,0.0003218310453296254,-0.0002793452517159781,3.2134613783486324e-05,0.00010000043535656851,-0.00011492302845372493,5.739123801474695e-05,-2.1816631474140137e-06,0.0001619905682736034,9.072532942880994e-06,-0.0004678094471520072,0.0005050177049620675,3.904388048230814e-05,0.00020846574646180422,0.0009642644057088631,0.00029407751706910635,5.975734838154526e-05,-0.0006233531849078163,-0.00011314021605633847,0.0005875311233470381,0.00021486192068038992,-0.00025887180939437925,-2.126494104096463e-05,-1.0996076046159107e-05,0.0005712876489112799,-4.822506499825621e-05,-5.847475602430264e-06,0.00028050627928431543,0.00024721787441724314,-0.00015514313235363944,-4.587643556790125e-05,-0.0005837250288151962,8.642951846935025e-05,0.0001293789290404395,-3.3395439127032203e-06,0.00014024416344481338,6.481555998546214e-05,9.782204128029366e-05,0.00015201353862321688,0.000400062504214639,-5.702825727267175e-05,0.0010724138538934565,0.00021121732303614875,0.0002885314836106395,0.0002567231080733184,9.238396656638323e-05,7.954083862863228e-05,0.00015867604628715617,0.00035854846266149016,0.00032408451198465116,0.00046525069978366066,0.00031520739740394126,-0.0003036826547850194,-8.222682371260412e-06,0.0004942225505695231
AVTR,3.3223301254182966e-05,-0.00010700326152033073,-0.00032540614870156894,0.00021933284527909255,-0.0003072027643885519,0.00013409935952407137,-0.0005077719857096085,0.0002690389604994213,-0.00010310559423501496,4.1169415465210526e-05,1.6201242289080027e-05,0.0006657891337289619,-6.741778590953051e-05,-7.557522015569441e-05,-3.316216053105017e-05,-3.555894282512407e-05,-0.00041293752320026213,6.0217265475238414e-05,-0.0005085483046808635,0.00019065744922983535,-7.642551489052158e-05,0.0002494413288977188,0.00013278364997065882,3.1733460694048008e-06,-4.091899284516308e-06,0.0006657036862721843,-0.00014901437412209785,5.5697544049509205e-05,-0.00022974564744351642,-4.162520005675933e-05,0.0,-2.3660963563165096e-05,-6.84927738169199e-05,-0.0005491125418393148,1.759490957182247e-05,0.00018525276374660362,-1.1870627859240122e-06,0.00012986300476020116,-9.757602726385937e-05,-7.039238502606435e-05,3.3450988222579534e-06,-0.0001960993854811077,-1.856472720823691e-05,3.0197529122872955e-06,2.8947110928264617e-05,-8.512463616256634e-05,-6.753965439557929e-05,0.00013463767440128466,-1.7678103447939694e-05,-3.3967051962609524e-05,-1.4271824854391892e-05,-5.076443913207542e-06,1.2034518755598579e-06,-4.364863752989547e-05,-3.6517717043918087e-05,0.00013915549149632277,-0.0001545877374384013,-1.045603632959251e-05,-5.756013435208909e-05,-0.0003741106720721089,-0.00011302579389877686,-3.284892211442775e-05,0.0002947764999498213,8.174623378983408e-05,-0.00028830071328855644,-4.9251399977320334e-05,5.6539524735857754e-05,0.00045258966090071955,2.2424270576502097e-06,-9.230557150310322e-05,1.6972956979072923e-05,-3.546245165365429e-06,-0.00012791562914874993,-0.00010599565105701436,8.409115131021919e-05,6.053246137271138e-05,0.00021699628842098787,-6.652244941611147e-05,-2.4537102140748353e-05,4.918207580817733e-08,-5.732781485710321e-05,-2.732078417135373e-05,-2.3082532542396422e-05,-5.940414101002727e-05,-0.00014369127034001312,3.175356883152266e-05,-0.0003640592034344916,-9.532440552983946e-05,-7.368794343805367e-05,-8.608638664757472e-05,-4.570473840811632e-05,-2.867502801248516e-05,-6.83694633135912e-05,-2.241857844042634e-05,-0.00014700943381133633,-0.00015825790808333208,-0.00012154541499015991,0.00010938938675540623,2.6247618018758512e-05,-0.0001664213665033016
BMRA,0.0006640627361411286,0.0004784756677533816,0.004787830510945832,-0.003825992823657496,0.0020096431221808715,-0.0005077719857096085,0.013664548353568168,0.00039054788465076615,0.00042812670045649784,-0.0008807367214356071,0.0003385049278023743,-0.0003723268540820936,0.0001348628007710081,0.00036795010928887176,-0.0001743220927968187,0.0005190099845336988,0.00298698744078889,0.0013694996218629168,0.0026627033332640125,-0.0008935917929443521,0.0007894165209747758,-0.0029381780128018534,8.22775864990495e-05,-6.638216562099628e-05,3.936438808397167e-05,-0.010056342715640067,0.0007596007621254385,-0.0005171371500135002,0.0006553438130554275,0.00028436058162263926,0.0,0.000697137167861572,-0.001007974021751878,0.0038884796258360646,-0.0022719872212179125,0.0006370834842883688,8.470107954010973e-05,-0.0006441893383437943,0.00014423096420159256,0.0010328538996408154,0.0004010807264439062,0.0004495221147825377,0.0004884132151834455,-0.0008133129747491839,0.00012926173588999524,-0.0004328414441700882,0.0016286312933208535,0.00014752363868450276,-0.000353294414939881,0.0003425999411538353,-0.0023816474996516943,0.0006068607137259014,1.864081290786402e-05,0.0005321095238345022,-0.0005667559258373434,-0.0030629684335102395,0.0014970664037297584,0.00034215716226872986,0.0007834067345068385,0.003410062558194814,-0.00027806369891399476,0.0007283242703294745,-0.0003326979709253417,0.001110854360899618,0.0005451810161412356,0.0006167954705042636,-0.0012729068329466616,0.010962051349520949,-0.0002588339682920498,0.0032527697607379093,-0.00021669800683829166,0.00015666362748984166,-0.0004213149701685064,0.0008698903711571425,6.745901440534381e-05,0.00045451507714403227,-0.0018119645473784881,-0.0014216129472848296,0.0007272342816328635,1.367354966674679e-05,0.0003887646773008494,0.00016935507313159894,0.000547395749541458,0.0004162930479032622,0.0009094629175024255,-0.00016632543224366744,0.004295533151975566,0.00044523452054655657,0.003102082517961774,0.0010328020862380926,3.999681585943615e-05,0.00025020046245999755,0.0004622283467597664,0.004171679279972261,0.0008041873502580481,0.0022801039564334215,0.0010289825928776813,-0.0011562691707921566,0.0005179686813106897,0.0017630622467896715
BPTH,0.00019988619168092106,1.5251506363946213e-05,-0.0005420957546289683,0.0006297813759999989,-0.00040767349879085107,0.0002690389604994213,0.00039054788465076615,0.0011816913145239712,-0.00029819988068053335,-0.00011155575556437827,0.00010951218517747968,0.0015305040430985788,-0.0001875012251238594,0.00011737130168423648,0.0005833195848655514,-0.00023130635546429054,-0.0007594914911246743,0.0007075941898071356,-0.0010734410510595848,0.00044836348999578116,-0.00022869468911568725,0.0012063888477430744,0.00043475836144376244,5.276236151188512e-06,5.837777992489569e-06,-0.0002736051754234344,5.163420147178715e-05,0.0003306866630493297,0.0005224869111290708,-0.00011017987219251457,0.0,-0.0003601551207804058,-0.0006616554246636668,-0.0016743635779409732,0.0002752589437668613,0.0010272392779598657,2.1708924748862453e-05,0.0007975826671021113,-5.022991047169212e-05,-0.00026881167488950684,3.1510725128149457e-06,-0.0005287442534456706,1.402812983190318e-05,1.7015298134341344e-05,0.00029159272397676723,0.00016602208609911977,0.0003301694749205396,0.0002682369370651346,1.0927251791099607e-05,-1.2606505845049959e-05,-0.00019751306711862003,7.536668339551709e-05,3.5499666023920464e-07,0.00011345458204476086,-0.0002628099100962988,0.0001239944708221623,0.0001753117706011773,-1.4335579169739598e-05,0.00011065645124765688,-0.0006723450007153064,6.845144948521806e-05,-0.00025407426409136593,0.0006653922665484635,0.0002096968220133657,-0.000792065007868834,0.00026641560580499156,-0.000247779815989512,0.0028789946784335664,2.8265860698547256e-05,0.0008280345470079079,2.302314543641633e-05,-9.720888225556453e-05,-0.00013238513741705083,-0.0002861424070229151,0.0002577759908280929,0.0003956264523649976,0.00024923785463516843,-9.291294649850833e-05,0.00014808280151760533,-1.6898280976299695e-05,-0.00010969572993337431,-5.8044427100853296e-05,6.0936713486257706e-05,-8.679461310092946e-05,-4.771973726651013e-05,0.00014223572373394031,-0.00025606816282403494,-0.00023956336079668784,-0.00017894143367135664,-5.0081585566058916e-05,-0.00011970874096067804,-2.445187795418613e-05,-0.0001684292881758831,0.0005011409681515633,-0.0004000707144842442,-0.00019728203992595787,-0.00019428671381691481,0.00013218674727387734,0.0001594533568541163,-5.966004054606906e-05
CHAU,-3.0800415262513405e-05,3.76677229897109e-05,0.00032569419528656835,-0.0002896377322700072,0.00021720788813892235,-0.00010310559423501496,0.00042812670045649784,-0.00029819988068053335,9.883630385347408e-05,-1.225378673782704e-05,-1.7056464239839456e-05,-0.0004922043360507191,5.911206171536725e-05,5.81527374146792e-06,-0.00011453820326924077,7.036644877988821e-05,0.0003427248156351237,-0.00012127416348055536,0.00042209469215773854,-0.00016467436681225005,8.781919877983184e-05,-0.0003898609429190156,-0.0001201148578776579,-3.7165609334977765e-06,9.553366125434765e-07,-0.0003931411187890632,4.8862817959233577e-05,-9.565719597786078e-05,-2.8679309057885215e-05,4.090405037385546e-05,0.0,9.83345390355098e-05,0.00012405158993102373,0.0005881711702563691,-0.0001229422408347131,-0.0002384941317524034,-1.7626313472465753e-06,-0.00021294759494329228,3.930779278871049e-05,0.00010110550419175741,9.548374780455665e-06,0.00017014239103227825,1.5395693657396822e-05,-2.663478248787169e-05,-6.302750153451915e-05,-2.3649912537950538e-05,-4.675149340215433e-06,-8.502877656011451e-05,-7.392489657015296e-06,2.0749237406770367e-05,-2.188353510250676e-05,2.744460248069988e-06,1.313826721651449e-07,2.9033058599915406e-06,4.7089623955767204e-05,-0.00014539114445452547,4.5537166577774165e-05,1.5027996758371073e-05,1.3979264121753351e-05,0.00032670195911564226,7.590187635011121e-06,8.005120879670834e-05,-0.0002200655568961255,-3.298712627969665e-05,0.000249936381717881,-2.4336351221090306e-05,6.036491654582939e-07,-0.0003984416051198256,-1.3440270141697845e-05,-5.450298529354075e-05,-1.5012961422247273e-05,2.4941540691808635e-05,4.820609648157797e-05,0.00010930649545302502,-7.208557424267449e-05,-8.330319343520489e-05,-0.00015638559525339992,-3.1786812346821292e-06,-3.6686440005305216e-06,3.7905763464276755e-06,4.772928020693572e-05,2.3477168427700642e-05,8.673118768294637e-06,4.437902993235114e-05,7.176598922979449e-05,-4.160812033686437e-05,0.0002640947087081796,8.541206878756976e-05,0.0001407372004878911,6.079591745769375e-05,3.715566931388201e-05,1.924169752041945e-05,6.450871343985045e-05,1.908584343117783e-05,0.00014116904703250036,0.00014360809605857314,9.907104591135125e-05,-8.685229832754916e-05,-2.482852774815138e-05,0.00010356163061910242
CRK,-4.7270299411952086e-05,-8.749454271157998e-05,-0.0002477794826518411,0.0001277645168626959,-0.00017083086473834204,4.1169415465210526e-05,-0.0008807367214356071,-0.00011155575556437827,-1.225378673782704e-05,8.167199002525295e-05,-2.6286443323765026e-05,8.606770601394003e-05,-4.699003550804572e-06,-8.699303699706959e-05,-0.00014711304405576157,1.2067055514462149e-05,-0.0001915553508442099,-0.00016966675493621877,-0.00016953017412545595,4.9534850322334555e-05,-2.364762195856541e-05,-1.4580037556501785e-05,-1.759468262462696e-05,3.098593621637853e-06,-5.264230530864607e-06,0.0008292936459447878,-0.000131955613813098,-2.1949053571555018e-05,-0.00028601255848950284,-1.1111281346772295e-05,0.0,4.2626974559202017e-05,0.00014154995524399437,-0.00010125305678355804,2.7165637285482288e-05,-0.0001379293166887358,-8.593954085848175e-06,-7.65862026849985e-05,-5.5163737562628194e-05,-1.9154214081822897e-05,-1.245259205069771e-05,-1.9417026313247016e-05,-3.17579321009868e-05,2.6132137061305258e-05,-5.2287138507761314e-05,-7.639418137965479e-05,-0.0001736835101854744,1.9063880827412463e-05,-1.4320178947149933e-06,-3.0404893730422198e-05,0.00011799753430213663,-4.1239306738319114e-05,3.523224539007879e-08,-7.162878722394682e-05,5.6093149433512066e-05,0.00016546308340671843,-0.00018896770693155464,-1.5162860171305882e-05,-8.844954582883983e-05,-0.00020141664360752,-7.722936949668257e-05,1.1709794902874725e-05,4.6675013527448174e-05,-3.430456485450528e-05,-2.1215838290782052e-05,-0.00011275634544019723,0.00013578635729277478,-0.0007454569415403391,3.945919329027169e-06,-0.00035823049384092623,1.2973827424836791e-05,1.4385035292241804e-05,-3.6159028123197304e-05,-3.206397383677129e-05,-7.694164280264235e-06,-6.716735266714901e-05,0.00014299614848096735,2.817195036170712e-05,-7.415582843984707e-05,3.388842513594678e-06,-2.473397504726051e-05,-9.930841840437348e-06,-4.7276888316989783e-05,-3.218509872219725e-05,-0.00011125322208318997,-6.458524070944568e-06,-0.00031999721848667497,-2.1224585046845034e-05,-0.00011305172650109884,-7.862952344381127e-05,-3.08793667155608e-06,-2.119053943463675e-05,-2.0925831199515284e-05,-0.0002717734376194355,-2.9852402512871536e-05,-0.00013387394348330476,-6.818768557486408e-05,7.898745980364674e-05,-3.7463244254617255e-05,-0.0001523633841411009
CVS,3.327025279464471e-05,3.1406557224140525e-06,6.237431122313248e-05,-4.179659966408164e-05,-1.7200836734396724e-06,1.6201242289080027e-05,0.0003385049278023743,0.00010951218517747968,-1.7056464239839456e-05,-2.6286443323765026e-05,1.7354675828553392e-05,0.00014973346578206319,-1.4565140862558104e-05,9.561638611916558e-06,2.7875297999573063e-05,-3.8564537648112075e-06,-7.669923622134531e-06,8.592238571203804e-05,-4.503275732064848e-05,2.2495016583367208e-05,-5.145900213694909e-07,2.0258926968171596e-05,4.1989208336117896e-05,-1.1344097927188354e-06,1.0048220347075306e-06,-0.00021944200386553913,8.728282889416855e-06,1.1994270650462854e-05,2.6874138868507124e-05,-3.283292851866112e-06,0.0,-5.836217978285342e-06,-7.427183129964179e-05,-5.32072354217913e-05,-4.2001495581281944e-05,9.833961322799327e-05,3.475628291633426e-06,4.458208678370402e-05,-8.867580413610503e-06,4.115511977284888e-06,1.1227363694566569e-05,-3.981667564565667e-05,1.206242034466204e-05,-2.0362531894338367e-05,2.4204292868839115e-05,-9.766054439088744e-06,5.7059598293607836e-05,3.36931345575693e-05,-1.0503132926678229e-05,5.015672955890776e-06,-7.709092953298599e-05,2.0319851950054303e-05,6.380764747382732e-07,1.6854344217423562e-05,-3.486065554714554e-05,-6.039264882995572e-05,3.544965611945056e-05,7.219005028611283e-06,2.2015512775806627e-05,1.280283496706922e-05,-1.4378651892504841e-05,5.997159572056014e-07,6.106374702935528e-05,5.058670738088037e-05,-6.252843636248371e-05,2.794927935421436e-05,-4.3595668961346826e-05,0.0005139306393285546,-4.951307153980509e-06,0.00012851481986539057,-2.6942302150103588e-06,-2.1354752507408277e-06,-3.1998179736114536e-05,-4.812357721121101e-06,2.592387098765394e-05,4.238796998920338e-05,-1.1634721147307932e-05,-5.020922138361485e-05,2.6073900301850492e-05,-6.673785788999835e-07,-2.0176697125781707e-06,-1.7403238373757329e-06,1.606949035209121e-05,-8.244426272016303e-08,7.1553233557043545e-06,7.426123106235046e-06,6.297515627390931e-05,-1.2232806640148791e-05,6.452778004412765e-05,1.598933465265995e-05,-1.0792281784653002e-05,2.3452658479143027e-06,-4.7520979538630295e-06,0.0001398746249484443,-1.760754475185625e-05,3.3116157422175514e-05,3.5358114862296387e-06,-1.194432987963097e-05,2.6201111913441803e-05,2.6958437454881836e-05
CYAN,0.0003043596657316775,-0.0005473758465078191,-0.0009227358507836417,0.0004674545324976873,-0.0013846384486815625,0.0006657891337289619,-0.0003723268540820936,0.0015305040430985788,-0.0004922043360507191,8.606770601394003e-05,0.00014973346578206319,0.003707208067781704,-0.0003517113171813188,-0.00039486872923989665,-0.00031111489526707925,-7.868654658779739e-05,-0.0017761145486916076,0.0005385550412739125,-0.002371095971339839,0.0009036352683360548,-0.0002698627332100745,0.0007473912494316964,0.0007532159362997294,5.080783997759118e-06,-1.7441000508546524e-05,0.0020202743207360908,-0.000747780358025244,0.00018634603715867484,-0.0013147004939280693,-0.00017787802168874641,0.0,4.519809679448806e-05,-0.000522278417223362,-0.002289723770243372,-0.0003836070966225841,0.001098616503967777,6.852185501621154e-06,0.0005426952572126532,-0.0005487184358002274,-0.00017993876003486586,9.94288955051816e-05,-0.0010138591017120938,-1.580397135835924e-05,-0.000146063177979021,0.00016007586503580875,-0.0006179089210151484,-0.00012427673723559661,0.0007995380850838226,-0.0001776018111907597,-0.00013347226443423946,-0.0005330648041482285,8.03251771783706e-05,1.0866928757800851e-05,-0.00017054798255437953,-0.000296312109505115,0.00020688259527478937,-0.000650888045623432,7.417460102141386e-06,-0.00020344038828056955,-0.001471116333222991,-0.0007411028901510087,-1.776425521182817e-05,0.0016095847502872926,0.0006824505090486815,-0.0015116126245638666,-0.00020766078436512044,0.00011822031597379036,0.0045066329050223635,-4.186462473076356e-05,-1.578033144965573e-05,5.540476872355168e-05,2.2931925842447942e-05,-0.0008319299598564547,-0.00042319425308699364,0.0004824073240897173,0.0003999993764050982,0.0009051246680279936,-0.0006687583344335581,-2.19281117778503e-05,5.2724200716944164e-06,-0.0002511663344008423,-0.0001220967987342911,-3.737484685719747e-05,-0.00026117558179900556,-0.0006728199327283189,0.0001379931970953361,-0.0012903050611203658,-0.00045004843119967176,0.0002001563761852643,-0.0003031097815843802,-0.00024966151180187766,-0.00011859977089792847,-0.00029480191998458935,0.0006291317341418808,-0.000666582398620521,-0.0004672592640953704,-0.0004968852850976742,0.0004070740781176237,0.00023892359672301992,-0.0006374110494807796
DBV,-2.7875049327510612e-05,3.536820847308399e-05,0.00015239018966461986,-0.00012345241274298868,0.0001372061319599329,-6.741778590953051e-05,0.0001348628007710081,-0.0001875012251238594,5.911206171536725e-05,-4.699003550804572e-06,-1.4565140862558104e-05,-0.0003517113171813188,3.8149554855786374e-05,1.6439621132266345e-05,-3.507333105328785e-05,3.0409068075305568e-05,0.00020114727113910917,-7.823386779727903e-05,0.0002594313417109322,-0.00010100231143627669,4.411567127584564e-05,-0.00018051335838090545,-8.060080151010154e-05,-1.4722500714035599e-06,9.1856261999385e-07,-0.000201066740666043,4.676306976042163e-05,-4.5299497690674616e-05,3.7039000445383655e-05,2.2974656966699663e-05,0.0,3.64868631248193e-05,7.717673505235837e-05,0.0003206430557589166,-2.6566571290105482e-05,-0.00014642202390236262,-1.3818924727471987e-06,-0.00010811397406662186,3.7572153963474774e-05,4.508044371575943e-05,-1.6709954295440073e-06,0.00010959804892787301,4.958179978999632e-06,-1.8632665426472327e-06,-3.33765878351004e-05,1.6374315345271064e-05,-4.175460447622089e-06,-6.797302712567579e-05,5.457318089115549e-06,1.2495692164081e-05,2.2285997067250918e-05,-4.675046283200029e-06,-4.557665949451144e-07,5.63300657746659e-06,3.3976464103341784e-05,-5.587679333749314e-05,3.8311382866126084e-05,4.525566342927221e-06,1.0488236447976772e-05,0.00018051063096319645,3.3693618487432504e-05,3.1155773136061664e-05,-0.0001546302937409044,-4.568982456947782e-05,0.00016238145727839493,-4.717198830562529e-06,1.1482602886274354e-06,-0.000393470613542302,-2.8614251282711373e-06,-3.650426062480212e-05,-7.550609161796122e-06,8.889463715885937e-06,5.4976987493516506e-05,5.885265494142885e-05,-4.965107134626336e-05,-5.280082275533284e-05,-9.356191206574726e-05,3.1310253994308716e-05,-3.855339902894896e-06,1.3247009606127397e-06,2.828247792077875e-05,1.395008529860195e-05,2.727778069220393e-06,2.7149824282925357e-05,5.27695765258482e-05,-2.2210472245184404e-05,0.00014318416784723088,5.173018214859425e-05,3.766406486410604e-05,3.30095998006711e-05,2.530502104702704e-05,1.1678521708559087e-05,3.6736659352386704e-05,-3.508624036726531e-05,8.21477431105052e-05,6.88410932755248e-05,5.676805879108204e-05,-4.752759788613445e-05,-2.214066741654509e-05,6.099835353489281e-05
DESP,7.845246892757209e-06,0.00018203837385344834,3.492528837235421e-05,0.0001566308344007496,0.00023772285164680237,-7.557522015569441e-05,0.00036795010928887176,0.00011737130168423648,5.81527374146792e-06,-8.699303699706959e-05,9.561638611916558e-06,-0.00039486872923989665,1.6439621132266345e-05,0.0001852438635238531,0.0003925797312533046,-9.02650954954478e-05,0.00018679306615202872,0.0001937533901817052,0.0002141026163164862,-6.125010880377319e-05,-2.76601806510525e-05,0.00036370563823451545,-1.6959415666931334e-05,8.122460945633052e-07,8.602455481123545e-06,-0.00081400123668871,0.0002646847273338921,0.00010665016633096146,0.0006812118545690658,1.3827746203011168e-06,0.0,-0.00019382070261856742,-0.0001742295553507584,-0.00011092399158465181,0.0002513716477077137,0.00017623228888027944,9.15678838910959e-06,0.00023018748699567802,0.0001480239903496003,-7.535330706427801e-05,-2.817780829198723e-05,5.357479687922393e-05,1.3972847856700886e-05,5.1479615052296636e-05,9.764685624108906e-05,0.00027703696159654353,0.00021257644632073847,-0.00011558162914053542,6.0118731187863575e-05,3.7001486010646245e-05,5.875637827012473e-05,1.5188988595646378e-05,-3.171956934831866e-06,0.00011322013004345971,-4.1850694135274136e-05,-1.4301526976895237e-05,0.0002996113751919979,-8.266147350537201e-06,0.00012314172108435413,0.0001364427838895396,0.0002670696257363765,-0.0001201720556878139,-0.0001716593874633657,-0.00010458414192892544,7.750268441841725e-05,0.0002026587404945986,-0.00016758990981388487,7.9694738431211e-05,2.649303088332701e-05,0.0004366690293920505,-6.644202600192323e-06,-5.5817511945815795e-05,0.00019348369999143183,-8.11288768133726e-06,-2.1266646265547577e-05,7.596774630140646e-05,-0.00016606163884221343,0.00015817227615925767,8.467633223913661e-05,-1.0160795249326116e-05,2.512385690759353e-05,9.748585259986639e-06,4.4739431209190675e-05,3.997500666967636e-05,0.00019136232034753532,2.7865704947938198e-05,0.00029359350351976395,2.2276590276610605e-05,-0.00014160442424957713,7.415876174162749e-05,1.8229823953104497e-05,2.596211963113645e-05,9.430761872804061e-06,7.158777127017673e-05,1.0656189834604976e-05,5.6212176608891855e-05,6.221228052134137e-05,-6.583868030146256e-05,7.432164545445303e-06,0.00017747182838326282
DVN,2.736027967403192e-05,0.0003453720955242796,-0.00046874844162344545,0.000819054577333047,0.0002096729030954596,-3.316216053105017e-05,-0.0001743220927968187,0.0005833195848655514,-0.00011453820326924077,-0.00014711304405576157,2.7875297999573063e-05,-0.00031111489526707925,-3.507333105328785e-05,0.0003925797312533046,0.0010107814993707154,-0.0002999988639155799,-8.200775441639607e-05,0.0005173814982398406,-9.850699907727768e-05,8.265429115174399e-05,-0.00019025870228689577,0.0013604239817776448,9.458486467100452e-05,8.487723321648308e-06,1.662381658355587e-05,-0.0009945030473884721,0.0005064415964599811,0.000364975267814729,0.0015262541128755272,-5.369779472987541e-05,0.0,-0.0005690410369228191,-0.0004905312521712975,-0.0010562060644212661,0.0007840448692854169,0.0006379541219804944,1.922729389671408e-05,0.0007773851345869999,0.00028021821443268606,-0.00032066820272204615,-8.859604602780855e-05,-8.930246205036416e-05,-4.505409705684112e-06,0.0001752424455352659,0.00028390267940207604,0.0006604058176610391,0.0004181325785510814,-0.00016726182288805407,0.00015557283379722794,4.6248134375927366e-05,0.0002448274503016201,8.038766878427717e-06,-7.91655982034011e-06,0.00022917365584324904,-0.0001251745903028511,0.00024678464474402136,0.0005604321252176063,-4.818598215412254e-05,0.0002293881295720096,-0.00019201069795148816,0.0005971594531340609,-0.0003854227311865737,-0.00012198212474812066,-0.0002375121370585331,-0.00012954188354833462,0.00045608640772709717,-0.00032658339120206914,0.00021656186580760586,8.390382914099078e-05,0.0009130277044026079,1.023570355639309e-05,-0.00015841506749381882,0.0003926897080631434,-0.00017393419613540592,3.137001772452747e-05,0.0002462680816618162,-0.0001259360861860482,0.00040938667132648743,0.00016565438573816428,-2.7435891733444136e-05,-1.2384923461578445e-05,-1.1089408947320914e-05,6.944787548247218e-05,2.346660374414266e-05,0.00031156105320090236,0.00011526822019570945,0.00019573951698067263,-6.334566334267527e-05,-0.0005905206121484413,5.806402671315468e-05,-2.76780700600479e-06,2.680094276114372e-05,-6.904043491790595e-05,-1.815456078757547e-05,-0.00016557252912950045,-0.0001220403287858047,-1.1589839538561156e-05,-5.5081632212939e-06,2.517447162122088e-05,0.00021277717872521352
ECPG,2.9321670130726747e-07,-6.562233624452524e-05,0.0003404328789149501,-0.0003956524768471307,6.249324883167232e-05,-3.555894282512407e-05,0.0005190099845336988,-0.00023130635546429054,7.036644877988821e-05,1.2067055514462149e-05,-3.8564537648112075e-06,-7.868654658779739e-05,3.0409068075305568e-05,-9.02650954954478e-05,-0.0002999988639155799,0.00011185383193747928,0.00020049759366442947,-0.00013588352174443384,0.0002207148350114992,-9.386416129603399e-05,9.564865496261706e-05,-0.0005434508936668322,-5.88388959412347e-05,-4.990265291823991e-06,-3.0081819036351633e-06,-0.00011598442431640308,-9.670352078701207e-05,-0.00013625816460450366,-0.00038602538545953497,3.344345350292469e-05,0.0,0.0001942551316193606,0.0001388988068646688,0.0005491443073891802,-0.00029684565379764846,-0.00022105259375401244,-3.3649094052996365e-06,-0.0002815122198085059,-5.672536496941934e-05,0.00013946174009547152,3.5856028021816655e-05,8.606476889189946e-05,1.813413600456356e-05,-7.37806139557623e-05,-8.915423174292298e-05,-0.00018847915447259202,-6.831696846108491e-05,2.1028056909810607e-05,-5.1279422519425996e-05,2.995862693010675e-06,-0.00012976357253791898,1.4033715644301295e-05,2.5517177147581764e-06,-4.485649322440306e-05,3.2344418410059686e-05,-0.00018495248498535296,-9.308393294139428e-05,2.5611776714855257e-05,-3.522087940716813e-05,0.00023465904897390042,-0.0001587704321968539,0.00014210634851967078,-4.378144564221992e-05,7.921596332875255e-05,0.00012310567747242555,-0.00010955158112954646,5.241115442872839e-05,9.892818918171974e-05,-3.224801811150918e-05,-0.00017027592214957692,-1.2657675081060613e-05,5.23973257694803e-05,-9.727480748082028e-05,9.999237980224877e-05,-2.830427340877309e-05,-7.74197578526241e-05,-6.063876420875132e-05,-0.00014237568263745452,-2.5553611452745767e-05,8.57515849987128e-06,2.748592894397406e-05,1.4258813726605129e-05,-1.505854500676064e-06,1.7910186558299184e-05,-3.568807047770848e-05,-4.657303137197111e-05,0.00013787050932005098,5.350849989217627e-05,0.00027321308917849197,2.948937070288652e-05,1.3013053411203351e-05,5.22989160350993e-06,4.905268338051443e-05,0.00011547973539873337,0.0001058648346015894,0.00013252058341812616,5.899776121823758e-05,-5.407627141122189e-05,-1.004814322008426e-06,2.0947164449924525e-05
EGRX,-1.483627453397446e-05,0.0002907410369272113,0.0015011509125624942,-0.001156865913915557,0.0010255170351901055,-0.00041293752320026213,0.00298698744078889,-0.0007594914911246743,0.0003427248156351237,-0.0001915553508442099,-7.669923622134531e-06,-0.0017761145486916076,0.00020114727113910917,0.00018679306615202872,-8.200775441639607e-05,0.00020049759366442947,0.0014660701818231953,-7.688991593290464e-05,0.0016858564641034066,-0.0006265362748631275,0.00032512381500519167,-0.0012134496664243362,-0.00035910704502397224,-1.75332225076963e-05,1.3084658339314936e-05,-0.0028115774613540812,0.00041205975097039226,-0.0002637269550825317,0.0004640153622851507,0.0001525662072778858,0.0,0.00022959026286746144,0.0001374631764317963,0.002080406156927619,-0.00043025322616318965,-0.0005148275771125037,1.0261821329490156e-05,-0.0005380270960689136,0.00023598370340390846,0.0003569627806967983,5.1321467886932146e-05,0.0005899143754555531,0.00010761757168565334,-0.00012960221757080025,-0.00010431751820788903,7.848767745422761e-05,0.0003095729833573959,-0.0003175070999232385,-1.7368270116721786e-05,0.00012410258171053715,-0.00027791355328217514,8.363086405795324e-05,1.4987748683118965e-07,0.00014505105194215594,4.959170214562781e-05,-0.0007680800691755964,0.0005055299814211339,7.526874573080499e-05,0.0002116923945360549,0.001428367342034026,0.00018059255891776177,0.00023052537719588166,-0.0008084223182976375,-5.265426099459108e-05,0.0008534324309937343,0.00013626062578672067,-0.0002520118098456104,4.605033629473991e-05,-4.884716117594644e-05,0.0004929506377553382,-7.230892511867128e-05,5.139920349557803e-05,0.0002339165938758869,0.00041114341701023704,-0.00022138014863998002,-0.00014491104197668502,-0.0007737615832170217,-5.0034944114152866e-05,0.00012634386784362707,5.549233948405361e-06,0.00020063857412651683,9.451962029018934e-05,0.00011562885263492795,0.00020409308259992568,0.00044438258723778553,-0.00012147891078347647,0.0014479053862380634,0.0003163435652542518,0.0006488357208837773,0.0003426304228048444,0.0001272043553589987,0.00010200333357806692,0.0002471770576005937,0.00055246523003278,0.0005117509467620357,0.0007086512424008727,0.0004472531724139528,-0.00042718708509114375,-1.3032456212101044e-05,0.0006200141123193554
