,AAL,AAU,AEF,ASM,ASND,ASPU,AUD,AXDX,BAUG,BDSI,BSJO,BUFF,CARZ,COO,CRON,CTRE,DCTH,DEO,EEX,ESE,FCG,FIW,FTEK,GHY,GYLD,IPHA,KRUS,KRYS,LIN,LKQ,LPCN,LYG,MRNS,NPV,NRBO,NWN,NXN,OTIS,PACB,PBJ,PCYO,PLAT,PRS,PZA,RBCAA,RELX,SCHA,SDOG,SIJ,SKM,SRL,TCDA,TTAC,TYME,UPLD,VAW,VIOG,VWO,WAFD,WALA,WDIV,WLFC,XNTK,XSW,ZGYHU,ZSL,ABEV,AIR,ALT,AMSWA,ATTO,CLDB,COG,FORR,GSIT,HWBK,IBDM,ITT,LBJ,NAT,SGDM,STAR,SYKE,UI,VBF,VMI,WES,WFHY,ATR,CSCW,DMRI,EDC,NIE,SPSK,UIHC,ZI,CLVT,PVL,UBSI,ACIW
AAL,0.0008891675927006771,-0.0009730406377838334,-0.00015282929099276355,-0.000977042303050147,-0.000504068373716988,-2.923871954765527e-05,0.00011720519833821155,0.0007086962765729464,2.9798633074431584e-06,-8.631066199139793e-05,-3.4050819181570004e-05,0.00012999986359033255,-5.6892794791889885e-05,-0.0001997674780521391,-0.00032503317584337,0.00014770186178673597,0.000218039268534663,0.00014822869368052072,-1.6096393965951716e-05,5.461456568406043e-05,0.00017732781603768634,4.109233589169504e-06,0.00038532811488260635,-5.6032761813795595e-05,-2.9693745192732515e-05,-0.00018321790380895097,0.00019871127780726205,-0.00031175628683635437,-3.830476731858704e-08,3.0056815946205524e-05,-0.0016664786289715709,1.9569588152212658e-05,0.00037247159955029806,-2.673899036387671e-05,-0.0001327882272882928,-0.00041976705149455665,-3.856344933618892e-05,9.073741010188807e-05,-0.0005320545965296302,5.862458512620984e-06,0.00015193621521595365,9.416696661501934e-05,3.6429505437905735e-06,5.243938592192294e-07,0.0005396995014282438,-2.8871803751891993e-05,1.7826555308363673e-05,4.1775281460278945e-05,-0.00015015473913001658,-0.00011205250858143757,-2.732547058046049e-05,9.849367247295049e-05,9.376732934102542e-06,-0.0004018441308615905,0.0001808202045163433,8.653945823365562e-05,1.4369419413980059e-05,-0.00010933266939104436,0.00031878876103676835,-8.518603869739537e-05,-9.396695551902515e-07,-0.0005443975654495999,-1.7348441339121672e-05,2.5038638644880577e-05,-0.0001036409248823034,-0.0005345736450349735,1.3556738413584418e-05,1.5333310045350393e-05,4.8486792602050707e-05,-0.00013659665122845653,-2.6135259138671492e-05,-3.703500293086588e-05,-0.0002251920618596814,0.00019084192572216702,-0.00016748435823065117,0.0006615014472331826,-1.2964981122351216e-05,0.00021151856922079553,0.00041912278215550764,0.00039836857740823485,-0.00017049021421617993,0.00011960716874285504,-3.7606744612030704e-05,2.6995937279834103e-05,-9.311693310923037e-05,0.00025234300798567574,0.00011790315910757888,1.3164389254759188e-05,0.0001774176652317835,-0.0006861509108453525,9.19974035321594e-06,-0.0003815797533861839,-1.3550203091092965e-06,-2.958145172770243e-05,3.353912082053651e-05,-0.0003757248773577493,0.00012557224123069312,-0.0006437678868843748,0.0005982222547825882,-0.0003913308501032437
AAU,-0.0009730406377838334,0.0012007355575549853,9.41501980353125e-05,0.0009651247906377303,0.0005320804073715003,2.6287563508891487e-05,-0.0002450935413189714,-0.00030240399658692634,-2.8064159864780648e-05,-4.321168380654245e-05,-1.5487525771270172e-05,-6.565363113392381e-05,0.00010750322409602775,0.00016328287771202296,0.0003852129094432873,6.278327418521133e-05,0.0003036045538400583,-0.00028088606763150846,4.0418012574968985e-05,-3.6240665580880536e-05,-0.00010827262324803694,-2.321156196332671e-05,-0.000327510002712772,5.507945840349578e-05,2.1816320409323757e-05,0.0001021356521356094,-4.0715682051589813e-05,0.00037484514514914884,-2.2685722788360785e-06,-3.60535426278021e-05,0.001355911973008671,0.00016361959056844258,-0.000437228632152112,-3.4419575417151356e-05,0.00030926799297063747,0.0005464392355091023,2.032973993406202e-06,-9.620348348602807e-05,0.0008191736913013552,-5.354246671915092e-05,-0.00025271404568745926,-0.00015261194142282498,-4.229746108369574e-05,-5.801450033289728e-05,-0.0006375627684849454,5.47210503616664e-06,-1.534824695709843e-05,-4.3767832948633627e-05,-1.927729600598345e-05,6.565881259606745e-05,5.313521716801557e-06,-0.00013640300909759437,-3.985728912683433e-05,5.3425045965039566e-05,-0.00036971213396999993,-0.00010644804469942563,1.2840997234148543e-05,7.885071280257057e-05,-0.0002553712731549507,3.817209526465531e-05,2.9087342857782998e-05,0.0007501794374761752,-4.1410788006586285e-06,-2.7299133975412433e-05,4.802256340948058e-05,0.0005895584217100424,-1.6429754229632283e-05,0.00017176899940333509,9.971275204712245e-05,0.0008248790302759776,-1.9780846069264037e-05,-2.79256070138888e-05,0.0001138986510692548,-7.484381183014486e-05,0.00017782083132318626,-0.0007698264590935969,-3.4998267535666316e-05,-7.695561875665674e-05,-0.00045428816542612957,-0.00040418481998646797,-3.5754935365465024e-05,-0.00015115080461237875,4.884702162973203e-05,3.272804712358805e-05,-1.1619346824929546e-06,-0.0002807824815826486,-0.0002376158028363513,-3.7805596619791e-05,-0.00023730741511833098,0.000530005346401545,-9.117368710130253e-05,0.00042140450608425367,-2.7052631850795228e-05,-1.6960908628802868e-05,9.59951490518971e-05,0.0005044530093254665,-0.0001934780446194004,0.00047011003212851446,-0.0005195439049708738,0.0005534047530507614
AEF,-0.00015282929099276355,9.41501980353125e-05,0.00011818835168059434,0.00013981384930388197,7.267419114570804e-05,8.212822343296278e-05,9.201971128122087e-06,-0.0003401058109336619,3.959253578234455e-05,8.764808619443897e-05,0.00011079233168792271,-0.00015971799224200368,-5.293610657676884e-06,-2.2538555472477104e-05,7.116938812243551e-05,-0.0002544449964404607,-0.00045004997025399423,3.0415640727657853e-05,-5.291903466290941e-05,-6.111634166461101e-05,-0.00021692503262378911,1.2180310653444856e-05,-7.323478825975749e-05,5.577737088300763e-05,6.830395711276143e-05,0.0003207632206408983,-6.013466647760526e-05,-2.2791560848045705e-05,-2.6419437592364937e-05,-0.00014520240912910352,0.0006414998858678229,-0.0002204582294718449,-0.00010658115026984435,0.00012335387830566578,2.3221024220538607e-05,5.700726518612273e-05,0.00013580916167558785,8.683221898345403e-06,-0.00010168194560530316,9.479295668833501e-05,-2.2988249819291905e-05,-2.3876465992732824e-06,0.00011083063457970204,0.00013213114442139115,-7.492589846481945e-05,-4.26381056904657e-05,-3.062933309002336e-05,-2.8383600095017463e-05,0.0005066894501737816,0.00014067618094003577,-1.9979371778099127e-05,9.41931704342451e-05,1.880226886184569e-05,0.00012938620326430924,5.358140799086061e-06,-2.186179895040656e-05,-5.137803719814673e-05,6.901111309463624e-05,-0.00024812060966610477,0.00012181441027208715,-6.729780568646465e-06,5.4185793153045734e-05,2.9274932581927445e-05,-2.162482999537209e-05,0.00022452750983719874,0.0004809351885233581,-0.00013238148967387384,-0.00025188281697209884,-0.00018271434811974549,-0.00022041901120375328,0.00014377507123749942,-9.669979595179057e-05,0.0002299135087455584,-0.00017681703733414124,9.226625320962913e-05,-0.00014003218497856505,0.0001283893426371664,-9.438492358475849e-05,-0.0004650055989329304,1.9468354779569862e-05,0.00011892280803020064,1.6384369281653885e-05,-6.583188093745636e-05,-4.3703752232005335e-06,0.00021690462456052428,-4.354830823773073e-06,-0.000195687393835071,8.095612900889846e-05,3.322218539001531e-05,0.0013805111896292876,0.00010276074240869835,-3.931249500058892e-05,2.6246812614096332e-05,0.00012280020564557032,3.0097970772683167e-05,8.312797850403888e-05,7.315634939149711e-05,0.0002043311867676024,-0.0001965344585619015,6.823701724324794e-05
ASM,-0.000977042303050147,0.0009651247906377303,0.00013981384930388197,0.0018324216720715504,0.0008947361806352439,5.272916347198411e-06,0.0010268042881527596,-0.0016013485492248976,2.9854536005738847e-05,-6.010237897405746e-06,3.2470813362615153e-06,-1.3360082446279696e-05,3.682397668757062e-05,0.0006460817619150406,0.0003766576935672794,-0.0004395430616725392,-0.0006353546811412146,0.00010026127153003395,0.0010748514026888362,-0.0003304961883429914,-0.00010849335779724027,-1.0517922222887745e-05,9.079366662689933e-05,7.014400372663272e-05,0.00012515532415293806,0.0011113323181805002,-0.00015293189806780562,0.00042212681963648964,8.587401505672002e-05,0.00024376211136472995,0.0006789747578399663,0.00027508391002408,0.00030751503180610735,-4.4340863673452606e-05,-0.0010562788652494035,0.0001964326062099095,-5.0291227826317406e-05,-0.00018240909165081521,0.0006479737434002337,-0.0001739816337154278,6.352131529040432e-05,6.535969441154497e-05,7.3705922971684025e-06,-7.889733594302099e-05,-0.0005972313341898014,7.731311523770037e-05,-6.373987991893865e-06,-9.58337043919207e-06,-0.00012341354621950827,-4.430560386606654e-05,-0.00024368667404387644,-0.00034059651281744777,2.7065053708374237e-05,-0.00041877759249364335,1.626246597686443e-05,-7.729898327344754e-05,-9.208026041540625e-06,0.00014870772408716123,-0.00028896126895079025,0.00010241147253147157,-9.416327184754442e-05,0.00024147338486023127,1.5380928373811066e-05,-8.735613456372623e-05,-5.059933375476679e-05,-0.0002965527003048938,-0.00011318651184086018,0.00011985414860717417,-0.0008183700131970621,-0.0005530680092942272,-0.00028137546791011695,5.266535727487105e-05,0.0005980813486557851,-0.0002821664212985861,-0.00016678791725968634,-0.0004233668712313706,-6.895070057913075e-05,-0.0004331283025556724,0.0008855267156983758,-0.00045288328037247096,0.00034166652102642347,-0.00017063535750961242,0.00023981736077114996,-0.00026584303114707297,7.205335894443227e-05,-0.0001019334531069416,-3.3731035640679135e-05,-9.05882105232733e-06,-0.00020245034816811366,-0.0005369898892430202,1.902098413296497e-05,0.000538944700051311,2.145983667123163e-05,-2.5958128060264593e-05,-0.0010764986713879957,-0.0004930835968081243,-0.0002501600589910894,0.0013987431567779643,-0.0009763513821569477,0.00040236947556040786
ASND,-0.000504068373716988,0.0005320804073715003,7.267419114570804e-05,0.0008947361806352439,0.00045093084581506165,2.8824204685346743e-05,0.0004990476525893874,-0.0006984873368518503,1.9393303040947397e-05,-4.0345182181030984e-05,1.6452244311359715e-05,-2.1850598391551874e-05,3.3950690233280815e-05,0.00029086761622867686,0.00021392502575844335,-0.00021226689931540363,-0.00023683531274741124,2.0733557357238517e-05,0.000555282969471534,-0.00018197516221176785,-8.562319557984022e-05,-9.283156430707498e-06,9.31396596519594e-05,5.076884606897842e-05,8.440710571284964e-05,0.0006464369815698443,-6.350549566626004e-06,0.00020542846641026464,3.419625270206623e-05,7.451148755148388e-05,0.000255704624033214,0.0001488011225305406,0.00013652871911796094,-8.364419426613073e-06,-0.00048178392136675384,0.00013306172266261624,3.149657217617994e-06,-8.441359848277059e-05,0.0003717045571576153,-7.723612167466243e-05,-3.5435233636267842e-06,1.780679530878454e-05,2.818437019053354e-05,-1.829061968528482e-05,-0.0003231374508787783,1.0383571371273891e-05,-1.160403991635658e-05,-1.1642070377186148e-05,2.95003428732682e-05,-5.233858357321129e-06,-0.00014926376877085086,-0.0001495637502777039,8.372647486796879e-06,-0.0003808929624182938,-5.499132321660376e-05,-4.774703379625247e-05,-9.89749782073993e-06,7.708372863340512e-05,-0.00017802464607323006,6.784567558017625e-05,-3.922060846482596e-05,0.00017731149411630311,7.112180880999285e-06,-5.217488124697982e-05,1.9765683700382887e-05,-1.378245423283846e-05,-0.000109127881250443,5.6543929252173924e-05,-0.0004253789783521604,-7.261703329615964e-05,-0.00011836058325558989,-4.312058550103244e-05,0.00032302749103558755,-0.00013865847067473698,-6.838559626211366e-05,-0.00024633693040852507,-1.1679223458486979e-05,-0.0001760529889819282,0.00032518109743305665,-0.00018603326714505315,0.0001089451194540728,-8.389973051399323e-05,0.00010216252963970247,-0.00011078557712391424,6.487590598732419e-05,-3.8187406489131504e-05,-0.00013258460884616849,1.590271118394602e-05,-0.00010047339989503634,8.25754552499985e-05,1.1937041547289132e-05,0.00024159527839031936,7.89479549423972e-06,7.516013128656271e-06,-0.0004915827953383396,-0.00021389919745631067,-0.00012047788840242914,0.0006559456018958398,-0.0004799574732983322,0.0002654747833340042
ASPU,-2.923871954765527e-05,2.6287563508891487e-05,8.212822343296278e-05,5.272916347198411e-06,2.8824204685346743e-05,0.00011931448526622362,0.00011587642613990177,-5.664956130889416e-05,4.7711965598465285e-05,-2.640624629180956e-05,0.00011873712258332928,-0.00013732446704352072,1.680220642457268e-05,-7.371784079903665e-05,6.803075643997881e-05,-0.00021133344841741498,-0.00022798219597517492,1.4469536972897811e-05,9.923518151962166e-05,-0.00010814280231402214,-0.00021843824173961574,2.0907042194991878e-06,0.00014971176353580594,7.386885657986284e-05,0.00011046044354516758,0.0005367072834286974,0.00013301211832624434,-7.119597824628142e-05,-3.2467193142798236e-05,-0.000192667395049966,4.985897044851236e-06,-0.00013384098463157384,2.7413214970269033e-06,0.0001244939634888503,-2.7420264905756238e-05,3.115297923891335e-05,0.00016210555128731778,2.7177565160134404e-05,-6.256853970200103e-05,8.637833367223479e-05,-4.7204782236190485e-05,-1.4640001147365228e-06,0.00014969418248145152,0.0001513328497769691,-3.452829189101252e-05,-9.637902999290148e-05,-4.025588617846004e-05,-2.892470039078178e-05,0.0005794945108033879,0.0001232813238445761,-0.00010788091106328924,0.00011648409033198742,1.076393839114158e-05,-0.00040067139596851184,-7.848237824531033e-05,-2.3069000105384226e-05,-5.290290197439443e-05,5.190629038023402e-05,-0.00023102376773897926,0.0001287639773699988,6.984554285907918e-07,4.5895553272393076e-05,2.116089275613684e-05,-3.9098784792616564e-05,0.0002570974489674077,0.0005276019253371107,-0.00023398110098650518,-0.00020931413942728845,-0.0002650103805288942,0.00014483767576094352,0.00013571505814551549,-0.0002349834720851815,0.00025224513265594494,-0.00012672328599299017,4.9633441827744296e-05,-6.177133699972396e-05,0.00014896537233108153,1.507029722029629e-05,-0.00044770228222699803,0.00016167283589719775,-3.741004650469584e-05,3.147652921781277e-05,-7.973826281644325e-05,2.2489134358816452e-05,0.00023183036349912507,8.010863067259607e-05,-0.00038611484410609195,0.00011600580703821574,5.6853312428958944e-05,0.0017003198860868532,9.880315730363435e-05,-0.0001390150631070848,1.8680413294680208e-05,0.00013928137012028273,2.1612835094939186e-05,-1.0754559153678424e-05,8.082306100139082e-05,5.904382532377251e-05,-9.482249050959138e-05,0.00013207742151882777
AUD,0.00011720519833821155,-0.0002450935413189714,9.201971128122087e-06,0.0010268042881527596,0.0004990476525893874,0.00011587642613990177,0.0020196359726691814,-0.001084530822260615,0.0001104913711739025,-0.0002793654220033806,8.10399043113105e-05,7.648921693398002e-05,-8.117541443261381e-06,0.0005331757853276932,8.286881965049951e-05,-0.0006224034927058587,-0.0006836553424724346,0.00042326411277082346,0.0018746420094490348,-0.0005736198206971174,-9.534484940968837e-05,-1.4583968833996003e-05,0.0011617222084250361,0.00010495741806130479,0.00029624414018957396,0.0021640559163653888,0.0004087845239548953,-1.0240900266646106e-05,9.364565255860144e-05,0.00018576337760609006,-0.0023837781762128286,0.00038374101016354866,0.0012283475428266938,2.0847978525295465e-05,-0.0019531027742208892,-0.00042452670464748326,5.1202433522536285e-05,-7.946519013264118e-05,2.7814295438243546e-05,-0.000172746597619275,0.0002984619167047406,0.0002682993658278763,0.00021216959382568582,5.868755101349923e-05,1.954271509916128e-05,-7.77514486890924e-05,-2.9882799731757704e-05,2.7059882447792576e-05,0.00023284966411190342,-0.00014617299942376225,-0.0006148135712564313,-0.0002115944576729033,6.451289704537678e-05,-0.0022145724636257373,0.00019580291586362503,6.792583553459324e-06,-4.8091629010790974e-05,8.172690081937852e-05,-0.0001252685443428196,0.00015522269581699696,-0.00014212339638075346,-0.0005458465091161669,1.0179647367955177e-05,-0.00014821233768317355,4.425506379112439e-05,-0.0007969745105972148,-0.00048752626271257094,1.7265606115517726e-05,-0.0015451079050714828,-0.0006655940316814002,-0.0003427213451759363,-0.00034787921371420464,0.000827452332388084,-0.00020198812429733632,-0.0005359767061321152,0.0005063525181911886,4.8715478742668627e-05,-0.00019954314038408594,0.001647948586733786,0.0002875087227897482,6.908823783758844e-05,-7.730079169908651e-06,0.00020922860772251383,-0.00032155034689394205,0.00021302728313291253,0.0004419131982230418,-0.0004135777124215643,0.00016352940133863739,7.969664476548265e-05,5.597491751526903e-05,0.00015141500150560452,-6.5836425462886e-05,4.576263638277994e-05,7.251901300815247e-05,-0.0016030688177519944,-0.001520609669066332,-7.278371170959412e-05,0.0009925942777732598,-0.0004871424853401682,0.00012709704217047372
AXDX,0.0007086962765729464,-0.00030240399658692634,-0.0003401058109336619,-0.0016013485492248976,-0.0006984873368518503,-5.664956130889416e-05,-0.001084530822260615,0.0025342401394038766,-0.00010762770441327191,-0.00039502027526544883,-0.00019347905419092698,0.00027875777212060956,0.00010097220123301195,-0.0005929551599442844,-0.0002027989677200373,0.0010303423358108584,0.0021067063899008797,-0.00041836322565529804,-0.0007060449491902254,0.0003312648675288102,0.0003968786966393142,-4.824388592338823e-05,0.0001801703005080851,-9.030627458901487e-05,-0.00015152863575444253,-0.0012218819922902365,0.0005912201611106686,-0.00018031091735772238,-5.652938751594719e-05,-0.00011981450224118719,-0.001891706031292603,0.0003939494460993783,-0.000290253894573283,-0.00019421191353814938,0.0012167288722517414,9.932843244903617e-05,-0.00013247644985344548,0.00012964192069104277,0.0002523282920932469,-4.370738011814145e-05,-0.00027981852233273163,-0.00018784456129371154,-0.0001620400054909488,-0.00015919374464057158,0.0003000248267596571,-0.00010242497073032451,2.907462924432605e-05,2.2087899950187675e-05,-0.0006304703503549243,-0.00017647968313716386,0.00012748442401979982,0.00011950789003419356,-0.00010864288199744849,-0.0007381052475571973,-0.0004880510457057077,2.8151704328533873e-05,0.0001064303838153831,-0.0002411463526279174,0.0005519371196109186,-0.00027318455351028946,0.0001473475619570074,0.0002583540824211906,-8.536835686438062e-05,7.29928312701228e-05,-0.00023640131626000095,4.711483969167872e-05,0.00014340233700847619,0.0005338926155256031,0.001094886799768015,0.0023208602666704393,1.1333529194934599e-05,-0.0001688881302822217,-0.0008841637585594397,0.0006318335365761323,7.992245677782906e-05,0.0001942716064838171,-0.00014147703971297378,0.0007549904692896799,-0.0004549912236315692,0.00036945971411339346,-0.0008833133732086521,5.237379338834842e-05,-0.00012056701288983994,0.00036090881768782246,-0.0004241333833414127,4.001571085327151e-05,-0.00017800113241857486,-9.658856486365931e-05,1.1394526247384543e-06,-0.0008015371911265744,-0.0002806248691158244,-0.00033061085996379284,-0.00010429522065339801,-0.00016921616282940531,0.0011288596243243698,0.0006079782448504855,-1.235193464490088e-05,-0.0016912885459732145,0.0011168030664753476,3.970529480179703e-05
BAUG,2.9798633074431584e-06,-2.8064159864780648e-05,3.959253578234455e-05,2.9854536005738847e-05,1.9393303040947397e-05,4.7711965598465285e-05,0.0001104913711739025,-0.00010762770441327191,2.410150132182344e-05,2.450833309721809e-06,5.346680968316552e-05,-5.887689578434909e-05,-1.2532037009643635e-06,-8.969356803694348e-06,1.89948723966588e-05,-0.00012470482119426903,-0.00017793489504434298,3.4794338421483544e-05,7.873678949678644e-05,-5.690108703642072e-05,-9.399427780391329e-05,3.211021294773428e-06,7.486670907069651e-05,3.026591908607783e-05,4.9493463071231177e-05,0.00026429945187033527,3.6071180030683883e-05,-3.555555357827043e-05,-9.492654350545694e-06,-6.643744061146264e-05,-8.111942613585864e-06,-6.736306630833263e-05,3.965831750463872e-05,5.5843769888681656e-05,-8.301331856364022e-05,-1.6586998850080297e-05,6.700495833723426e-05,8.876754970172405e-06,-6.384692594732792e-05,3.495487505401995e-05,4.1447378625396614e-06,1.43477087788698e-05,6.652501763640149e-05,6.618171672834662e-05,1.1702055806732605e-06,-3.431935488890496e-05,-1.6102472160588282e-05,-9.885440833781093e-06,0.00024642378187233327,4.9315282238889945e-05,-5.178783906962361e-05,4.367561062548874e-05,1.0007981397666378e-05,-0.0001513132563762621,2.845749015837857e-06,-5.638244513468974e-06,-2.4861142771127557e-05,2.591038970799926e-05,-9.877476412132748e-05,5.869536678348737e-05,-7.285059015739823e-06,-2.5413741055496466e-05,1.1290490990989682e-05,-1.78488816663108e-05,0.00010509534595856745,0.00016995015585872776,-9.853104539899059e-05,-0.00010489690729686196,-0.0001577634665898782,-6.249358836294429e-05,4.900919255404608e-05,-8.63908805498934e-05,0.0001305149084697369,-6.92866572943972e-05,4.2521324440311055e-06,4.1501333385670885e-06,6.368569062509361e-05,-1.915451664785056e-05,-0.00012236164830770293,6.747158465115734e-05,1.80959182652653e-05,1.5981518623632465e-05,-2.6233697049719676e-05,-8.155814817628506e-06,0.00010539607246880459,4.432747619863958e-05,-0.00013648345320427284,5.074174978581634e-05,3.160812669198602e-05,0.0006584084069560231,5.2421903157418114e-05,-5.866575726602709e-05,1.221529230318416e-05,6.0469149701672804e-05,-4.966018416373061e-05,-5.9046462337090586e-05,3.80926461695339e-05,7.222675428465617e-05,-5.940103867343261e-05,2.91252072770946e-05
BDSI,-8.631066199139793e-05,-4.321168380654245e-05,8.764808619443897e-05,-6.010237897405746e-06,-4.0345182181030984e-05,-2.640624629180956e-05,-0.0002793654220033806,-0.00039502027526544883,2.450833309721809e-06,0.0002274523013796943,3.6666798713411135e-05,-0.00010113574737198795,-4.960385683933334e-05,-1.6486973326165906e-05,-3.4228149183407535e-05,-0.00013261766363006536,-0.0005010717566385516,4.499720209256578e-05,-0.0004048125737037065,9.217671351340861e-05,-7.321821192402354e-05,2.4541031138718958e-05,-0.00038461228182971587,-1.6839265758333745e-05,-5.499819875503674e-05,-0.00035162547521821433,-0.0003188790733478817,-7.169914970258957e-06,-1.2239894457124732e-05,-1.4688325315295793e-05,0.0011473237867311744,-0.00028228534792460694,-0.00023439862273608037,6.031282825682764e-05,0.00020222038151026652,8.189264584460534e-06,2.3368499127426074e-05,2.313510699448222e-06,-0.00024023745706088106,8.031650955831242e-05,3.7523310659270986e-05,-8.159165621477385e-07,-1.2316605362061344e-05,4.060690059057166e-05,1.5226933288651608e-05,5.859268989256758e-05,3.854379378668633e-06,-7.69710199335328e-06,0.00012212002377964774,9.16695217137908e-05,0.00016344070272208055,5.590836767403296e-05,2.0593887524015473e-05,0.0009658602297709298,0.00016014437823044737,8.573425962128574e-06,-1.992758896886758e-05,3.501541449477242e-05,-8.570720411555765e-05,2.757073185130289e-05,-5.3531749477603575e-06,-4.011926187157407e-05,2.4496463122951112e-05,3.126868271762879e-05,4.9498822822284584e-05,0.00013550153770831318,0.00012138862874043393,-0.00020613998340294066,0.00014681464198465418,-0.0006754762859202365,0.00011240095678505389,0.00017713590502725293,-1.5221172152985425e-05,-0.00012013762883757197,0.0001191001060709262,-8.790020337514878e-05,3.4031136423000114e-05,-0.00016145273776516737,-0.00031318019870785793,-0.00014097298043370542,0.0002668364253046658,1.331025081227221e-05,-3.9038057127792786e-05,-1.5051570821979515e-05,6.28884903691942e-05,-0.00010864602035640341,0.00024204158262568473,-1.7602667779420717e-05,1.6292501711098264e-05,0.00012289798891075045,5.534674790180933e-05,5.153334607775397e-05,2.2987372844682346e-05,3.178724015439764e-05,0.00015291049815100834,0.0002174107350738821,6.291759648936175e-05,0.00012475243360479243,-9.916463552609193e-05,-0.00015818820991536796
BSJO,-3.4050819181570004e-05,-1.5487525771270172e-05,0.00011079233168792271,3.2470813362615153e-06,1.6452244311359715e-05,0.00011873712258332928,8.10399043113105e-05,-0.00019347905419092698,5.346680968316552e-05,3.6666798713411135e-05,0.0001374228354608408,-0.00017166473714034928,1.8356078954397603e-07,-7.538562351805366e-05,5.4445095822435115e-05,-0.00027494233953982304,-0.0004101243940444339,4.285223532757161e-05,1.6842220182144875e-05,-9.575377073013156e-05,-0.00025064665050345653,9.823245456918107e-06,6.982502794821634e-05,7.31886406433845e-05,0.00010438173100645056,0.0004957021930088929,5.1654163570961826e-05,-8.485810947936274e-05,-3.5874496466155535e-05,-0.00020201928257591807,0.0002778925526041572,-0.00022171546959944927,-3.515692813776101e-05,0.00014984715787405334,-1.1744416903904223e-05,1.5450169789308714e-05,0.0001779054694595226,2.967014364491215e-05,-0.00015494289738403192,0.00011261944643464153,-2.704573959374309e-05,6.604415600950562e-06,0.0001581387003735346,0.00017323798940213647,-1.7804331418580507e-05,-8.489256238332493e-05,-4.127668673190698e-05,-3.1200543867163314e-05,0.0006491699932831592,0.00015273776954674855,-7.558368676949574e-05,0.00013777624487448074,1.9595056939762382e-05,-0.00017151605013865834,-2.2243989304117224e-05,-1.9214475390661193e-05,-6.267096924328925e-05,6.491449893179983e-05,-0.00026510215294887175,0.00014548306787243477,-4.242350145715962e-06,9.659893045109308e-06,2.9872835969321437e-05,-3.380158355048303e-05,0.0002842645810073226,0.0005661637144050639,-0.00021754914203898134,-0.00028501638559969196,-0.00026522873306758,-8.278255575351436e-05,0.00017004315511734934,-0.0001987938869137231,0.00027332877133594405,-0.0001714865139765966,7.397316481018681e-05,-6.538508992179658e-05,0.000168090947544666,-3.529504015887786e-05,-0.0005226086867226998,0.00014082057446873988,4.3621257918532975e-05,4.004229097257598e-05,-9.236717982236921e-05,1.2120059174663575e-05,0.0002661271456257567,6.550942723329216e-05,-0.00033440354097895466,0.00012020006780019567,7.10378268272204e-05,0.0018090890006249255,0.0001251329646266986,-0.00014022171748578476,2.798489136906699e-05,0.00015734344726699747,3.596004871769528e-05,1.456465121488591e-05,0.00010640262769065481,0.0001089087870729646,-0.00012786751667222563,8.137701754573547e-05
BUFF,0.00012999986359033255,-6.565363113392381e-05,-0.00015971799224200368,-1.3360082446279696e-05,-2.1850598391551874e-05,-0.00013732446704352072,7.648921693398002e-05,0.00027875777212060956,-5.887689578434909e-05,-0.00010113574737198795,-0.00017166473714034928,0.00024017414887287633,1.7569084664120892e-06,0.00011350269091365373,-8.206930551502341e-05,0.0003285807350274621,0.0005476461868859184,-2.063614426177185e-05,0.00015340276611934927,7.27788421137651e-05,0.00032621327245596236,-1.610605151513745e-05,7.109977852033089e-05,-8.537194998469432e-05,-0.00010426209130207662,-0.00043770984367181903,2.2068581901188943e-05,8.068402767801867e-05,5.178979587659721e-05,0.0002647387739050461,-0.0007815039095122236,0.0003379242282281321,0.000182644094932137,-0.00019349776899476215,-0.000148010128807157,-7.95399039586263e-05,-0.00022187302683377195,-3.48715517305587e-05,0.0001847079379303614,-0.0001602551093348131,5.8763235086014647e-05,1.630787389620245e-05,-0.00017910520557761883,-0.00021503101251215862,6.270962838903696e-05,8.914410454104516e-05,4.9730631863924125e-05,4.440528870949214e-05,-0.0008125305422195326,-0.00021861258180248447,2.9114214013735816e-05,-0.00018313328893457127,-2.214826810549257e-05,-9.491239780176333e-05,3.1525032320476326e-05,2.9565386997634445e-05,7.793521265114793e-05,-8.798784751059462e-05,0.0003547573859097921,-0.00017955332220787826,-3.1401111830449845e-06,-8.30367787160618e-05,-4.08530506376108e-05,2.976168098447972e-05,-0.0003618388810671524,-0.0008073812931753428,0.00022088233973904738,0.0003816176899326286,0.00021150954227100091,0.00014286570617223003,-0.00024864131955866145,0.0001950267902280255,-0.00029900869477471315,0.00022959733982871557,-0.00015455936587403362,0.00017592347514349977,-0.00020945959828179352,6.951426235974532e-05,0.0008236361589990511,-0.00010465221977236212,-9.952265514994956e-05,-4.237394985376824e-05,0.00012946763784709185,-3.1170098757319164e-05,-0.00032984485541145205,-1.794246426949049e-05,0.0003606580369840642,-0.00013404515604701202,-7.090669209530175e-05,-0.002292479025791981,-0.00015132630531261817,0.0001317247353813443,-3.482421375464276e-05,-0.00019569422136011744,-0.00016476951188228227,-0.00017376935328760452,-0.00013459198957427364,-0.00013797657831574514,0.00018635099346815643,-0.00010029356883646464
CARZ,-5.6892794791889885e-05,0.00010750322409602775,-5.293610657676884e-06,3.682397668757062e-05,3.3950690233280815e-05,1.680220642457268e-05,-8.117541443261381e-06,0.00010097220123301195,-1.2532037009643635e-06,-4.960385683933334e-05,1.8356078954397603e-07,1.7569084664120892e-06,2.136827899331172e-05,-1.01678229981809e-05,4.0123567202655593e-05,3.402885841406046e-05,0.00013766925163012422,-4.3426318390854785e-05,4.4825376444957074e-05,-1.627917429006399e-05,-1.0639942119996804e-05,-6.6865434272165215e-06,4.299205596051986e-05,1.2190290773634544e-05,1.6145156756306176e-05,7.347698051035613e-05,7.18541496114835e-05,2.1437267353178805e-05,-3.899684372871199e-06,-2.5840657006250795e-05,-8.953641141652954e-05,5.0567156593278795e-05,-1.7791271232561845e-05,-4.0622143208477505e-06,3.788082489933595e-05,5.49910728268699e-05,1.0150031881924937e-05,-1.9047936744730568e-06,0.00010744631029778637,-7.63092971107253e-06,-4.1990911315637065e-05,-1.997528687297885e-05,8.557613425108174e-06,4.1202919695718795e-07,-5.373729289048187e-05,-2.0884038862897267e-05,-5.265067255517945e-06,-5.328527020100152e-06,2.3690465953962828e-05,1.3107328859357753e-06,-2.8512617631256954e-05,-3.394409083267354e-06,-8.705873129365872e-06,-0.0001895650016298859,-7.889396145959645e-05,-1.2333099614776394e-05,1.5873297907553e-06,2.483834173795253e-07,-1.8632848770575037e-05,4.732785762894142e-06,8.200726702876585e-06,8.657252296307527e-05,-4.11648087863651e-06,-8.418786380446244e-06,1.7660979161915062e-05,9.353210089822342e-05,-3.791087551912663e-05,3.7713556910080114e-05,-3.178241589482377e-06,0.0002547953608411693,-1.74090035187725e-06,-5.655995075678509e-05,1.0629345531414896e-05,1.603040691102991e-05,8.291257596504019e-06,-5.8451801085086e-05,3.687681239221731e-06,4.047160640301507e-05,-6.249843480939198e-05,1.129395758214377e-05,-7.115885906503707e-05,-1.0384070878347092e-05,-2.867991867768039e-06,1.9076880299146215e-05,2.636951473988966e-06,-1.2195033436398731e-06,-0.00010060547856171004,8.181318562647663e-06,-1.75314139960649e-05,0.000187783818916257,-1.4104220903961528e-05,5.764593411669964e-06,-6.873168344926803e-06,3.681274105141535e-06,2.746425803085035e-05,3.5582580902526784e-05,-1.7589607288771744e-05,-2.2462514751591415e-05,-7.875503374068253e-06,8.646248541541907e-05
COO,-0.0001997674780521391,0.00016328287771202296,-2.2538555472477104e-05,0.0006460817619150406,0.00029086761622867686,-7.371784079903665e-05,0.0005331757853276932,-0.0005929551599442844,-8.969356803694348e-06,-1.6486973326165906e-05,-7.538562351805366e-05,0.00011350269091365373,-1.01678229981809e-05,0.00032091140116389627,5.114364621406367e-05,-7.178537673844962e-05,-0.00014897803340481848,0.00010006140177887516,0.0005193107340929709,-9.957187673546483e-05,0.000123702883187544,-5.089316085529706e-06,9.920199381776635e-05,-2.2766227783565026e-05,-4.111773474916875e-06,0.0002389666609612953,-8.995856422342144e-05,0.00015778350797480858,6.448146406180336e-05,0.0002494978569740418,-0.00021234529069498334,0.00022682756736082767,0.00029564580022389293,-0.0001015470509457837,-0.0006045884062082319,-5.98550933524172e-05,-0.00013023727152371915,-8.189825139285805e-05,0.00019432283816257401,-0.0001392059690225518,0.00011530257703174452,6.99633665498567e-05,-7.741898885592777e-05,-0.00012569924413618534,-0.00011338752744370785,8.572496781663367e-05,2.5143327132936706e-05,2.553520966119077e-05,-0.00043876310340744694,-0.00013087300910049487,-8.074235669114799e-05,-0.00021379862466548477,1.2412927498101423e-05,-0.0001375428923699807,0.00011874864464283058,1.6224812555002666e-06,2.9029268967430098e-05,1.3791479167240503e-05,8.26895347433832e-05,-4.529068830236278e-05,-5.205218502492542e-05,-8.855612400902885e-05,-9.16279383548523e-06,-1.6646109599238657e-05,-0.00020566609425860992,-0.0006413255710266912,7.387999019199501e-05,0.0001834467254999903,-0.000280102466836203,-0.00043860996804543815,-0.00023587135805837274,0.0001474121891006576,0.00010593525181790416,-1.7229777314296433e-05,-0.0001763361985887825,3.836872279827526e-05,-0.0001238765730009395,-0.00017079248968710815,0.0008743602375125654,-0.00019549688916492642,0.0001493490203255066,-6.7418062635162e-05,0.000160606554819549,-0.00014769588747632834,-0.00012102867462722055,-1.111079562740476e-05,0.00023985771109740733,-6.44550041933839e-05,-7.807677712842411e-05,-0.0014732903120138374,-4.013089738084761e-05,0.00023465679673532067,1.1989706443839716e-06,-0.00010108665604207173,-0.0005839698771300788,-0.0003936313116075123,-0.0001351460415456916,0.0005009277236165902,-0.00026715562494493617,4.531239231788535e-06
CRON,-0.00032503317584337,0.0003852129094432873,7.116938812243551e-05,0.0003766576935672794,0.00021392502575844335,6.803075643997881e-05,8.286881965049951e-05,-0.0002027989677200373,1.89948723966588e-05,-3.4228149183407535e-05,5.4445095822435115e-05,-8.206930551502341e-05,4.0123567202655593e-05,5.114364621406367e-05,0.00015922826262838798,-0.0001165027411245315,-6.298195202659361e-05,-5.772441488336428e-05,0.00015479364606448776,-9.117826886347418e-05,-0.00014154261701626675,-6.5660725222215285e-06,1.621272524661164e-05,5.667662088459311e-05,7.233216996868725e-05,0.00039038606079062617,5.921826406917097e-05,8.881085392726288e-05,-1.0161908808392606e-05,-8.760809619691472e-05,0.0003418722825235095,5.609731925901797e-06,-7.586765498338816e-05,4.815614523599754e-05,-2.1198149340986778e-05,0.0001662434131671007,7.732433916518177e-05,-2.368264994883105e-05,0.0002306032976936301,1.4014614544704118e-05,-8.398911941030671e-05,-3.418415041100707e-05,6.567645255142071e-05,5.4082843192771744e-05,-0.00022065915053760224,-4.397566879978061e-05,-2.4690396160009876e-05,-2.584924066465604e-05,0.00027219340984415303,7.12598087196117e-05,-7.742673644273126e-05,-2.576847712934124e-06,-3.4954019573491815e-06,-0.0002593759074494308,-0.00013763224392082223,-4.417554847661058e-05,-2.317744838039189e-05,5.504563866944409e-05,-0.0001971688737755846,8.045515313861118e-05,1.0673629979058548e-06,0.00022995746335133466,9.658148004682452e-06,-3.4112719503832654e-05,0.00013542092006716322,0.00038545143417939494,-0.00013501176523060372,-4.4717102565464516e-05,-0.00017348573121196443,0.00026817774740800016,3.8134575479041344e-05,-0.00012880924532818048,0.0001990287899197268,-9.762289900892727e-05,5.232646985141584e-05,-0.0002505055508560946,5.965262947494479e-05,-3.604059365986828e-05,-0.00026137894496037855,-4.659207635814728e-05,-1.4491620643370133e-05,-3.489626895937518e-05,-8.867408200656431e-06,9.559481713440419e-07,0.00011869207721293431,-3.2746536231335934e-05,-0.0002662257035987776,4.8916410100922165e-05,-4.613416913915299e-05,0.0009429081967284661,2.582655995399304e-05,7.231260741486059e-05,3.1802247768542867e-06,6.249926482965667e-05,-4.9298645196227555e-05,7.600704852651118e-05,-2.8554053945884717e-05,0.00024290363800319025,-0.00024387466058575135,0.000240650922647285
CTRE,0.00014770186178673597,6.278327418521133e-05,-0.0002544449964404607,-0.0004395430616725392,-0.00021226689931540363,-0.00021133344841741498,-0.0006224034927058587,0.0010303423358108584,-0.00012470482119426903,-0.00013261766363006536,-0.00027494233953982304,0.0003285807350274621,3.402885841406046e-05,-7.178537673844962e-05,-0.0001165027411245315,0.000760805676860851,0.0012696358944126749,-0.00023661910265131798,-0.00038974293985716854,0.0002894943815988869,0.000497062167698262,-2.793723070676716e-05,-0.00020596851642513448,-0.00014467937488306615,-0.00023103784437112347,-0.0012999253722959783,2.3400586169865576e-05,0.0001175840210109433,3.2795503982804065e-05,0.0002672712395071819,-0.0005744371499909162,0.0004229286931307434,-0.00017376694551544388,-0.00029010934725952814,0.000544489794092975,8.421509037252539e-05,-0.0003191472541365229,-1.3376729548429604e-05,0.00036670250107741627,-0.0001754163447833425,-7.674522910097589e-05,-9.614175686035331e-05,-0.0003148867752749725,-0.00032376516125142817,5.399485910193136e-05,0.0001163769792228867,7.432121270522478e-05,4.881156121736262e-05,-0.0012082444313401873,-0.00026593403638410017,0.00021354880528183208,-0.00017628685108174842,-6.777158370488586e-05,0.00031101243045487655,-0.00013526495235949987,2.876311353563672e-05,0.00013152292371106987,-0.00016552700144624777,0.0005509428591782719,-0.0003111814128508702,6.028369895311652e-05,0.0001608802258998036,-6.999425177727672e-05,8.45798325015382e-05,-0.0005090529348624824,-0.0007574454567986157,0.0004271988663996238,0.0005955100732644322,0.000857159372100872,0.0008442445100157382,-0.00023257219315068344,0.0003040038849254825,-0.0007287679376971715,0.0004445653479620914,-2.9460301103633257e-05,4.364215105142626e-05,-0.0003084511611448934,0.00026026792124802145,0.0005105900715164677,-0.00018826671397035276,-0.00030109656721897664,-6.054051029963062e-05,9.803437719230334e-05,0.00010657772244968473,-0.0005483774418420955,-0.00015870707116666675,0.0005066121082680054,-0.00023329515072740122,-0.00013760362386049227,-0.0030230194463537847,-0.000290248000023343,0.0001761453382275273,-7.707450897044199e-05,-0.00029952010121759903,0.0003959319436052857,0.00032072960545131605,-0.00017822234308765818,-0.0006626146260219705,0.0004932807308005193,-8.97242956293629e-05
DCTH,0.000218039268534663,0.0003036045538400583,-0.00045004997025399423,-0.0006353546811412146,-0.00023683531274741124,-0.00022798219597517492,-0.0006836553424724346,0.0021067063899008797,-0.00017793489504434298,-0.0005010717566385516,-0.0004101243940444339,0.0005476461868859184,0.00013766925163012422,-0.00014897803340481848,-6.298195202659361e-05,0.0012696358944126749,0.0025502566898883043,-0.0004698130129782536,-0.00013407311659724216,0.00029764613620027896,0.0007313905059568144,-7.508948323031793e-05,0.0001603538025242541,-0.00016007050504744517,-0.00023824864828361295,-0.0013679625003824867,0.0004956535362273455,0.00018798241637923342,4.167373180964069e-05,0.00030539183094047053,-0.0020833297462656995,0.0009334174161485781,-8.410885431977497e-05,-0.00045894537341094983,0.0007164031597498598,0.00021867834784255853,-0.00043255697849726787,-1.2651165331763191e-05,0.0009212212744735353,-0.0003195156247342154,-0.00023822126430398361,-0.00018029619252464145,-0.0004014765574791728,-0.0004746792070706078,-2.1325107632591577e-05,5.3750818717325006e-05,8.6894395509792e-05,6.25737276917011e-05,-0.0017059872464212501,-0.00044241078689009493,9.508977319808645e-05,-0.000277805649628385,-0.00013310201985669202,-0.000856333602391233,-0.0005105263631902372,8.934462553122621e-06,0.00020265104917128736,-0.0002681623523912133,0.0008106182163196295,-0.0004477944223323693,0.00011220596207232842,0.00043603471994175294,-0.00012861417462606942,7.413938288000009e-05,-0.0006997805642681542,-0.0009317869149116915,0.00039654540668307995,0.0010816127555730514,0.0010873919239709688,0.002385036463145843,-0.0004068215266867496,0.0001237573773266839,-0.0010004676355229829,0.000773908838394808,-0.00011961798355397781,3.6702708810637465e-05,-0.0004409632822109251,0.0006241598966339617,0.0007868798075621408,-7.360851076934378e-05,-0.0008395328815792457,-0.00010720958922200876,0.00014771631723106243,0.00022037294746823794,-0.0008078617894583743,-0.0001140892346526851,0.00024861588574904387,-0.0002845868885652371,-0.0002295242278006653,-0.003796903902070041,-0.00048139262620902406,0.00017151491111953762,-0.00014354386776390955,-0.00042953398936382433,0.0005358250434854982,0.0003533848009294685,-0.0003248124881714973,-0.0011653905388620217,0.000813660406332556,0.0001897161621728558
