,AFMD,ALACU,ATHM,BDN,CVEO,DUK,EVV,FTXO,GBDC,HCAT,HUT,ILCB,IMTB,IXC,LHX,LPI,MATW,MPWR,MSA,NEW,NTES,PICK,RCKY,RY,SHYL,TC,TCFC,TOKE,TRND,TWTR,UMAY,ZYME,AVDE,BCM,BPTH,CHCT,CLBS,CLSD,DBJP,DRIO,EQX,IAK,LBJ,LC,MGM,PRVB,RTH,TOL,BCEL,FRSX
AFMD,0.00015763047558042302,-8.45395038566223e-05,2.3031522697454943e-05,1.5663997162542312e-05,-0.00018139052298274974,9.47751589430406e-05,-0.00010623712164109053,0.000162727051374392,9.09267632790931e-06,-0.00018335317570625925,0.001287330664738269,-1.9932068657451606e-05,-0.00015020581250360036,0.00019171089066134843,-1.0962999654326073e-05,4.0365962447722374e-05,3.2211499186901756e-05,-4.411599975145382e-05,-9.351745347811878e-05,0.001819140246262639,-0.00033872623832453743,8.306957199577445e-05,0.00021094023280444362,1.0997721148228805e-05,-6.017470289199156e-05,-8.40721448419446e-05,0.0002288607423055136,4.210309263246589e-05,-4.5104035090887234e-05,0.0003173713046592232,-6.25855638145558e-05,6.90720531677438e-05,4.689964864230488e-05,1.321269700746017e-05,-0.00019480934816323695,-5.262551716719232e-05,0.0007459677453331441,0.00018687149884603655,-8.895806135988539e-05,-0.00018620353588849592,-7.409823602443662e-06,0.00014779266571616665,0.0006600688708100897,8.060877110807737e-05,9.379071337531866e-05,0.0005016006818031962,-0.00010041029600885455,0.0005368724356785039,-0.00013212134348007535,-0.00044260390140852233
ALACU,-8.45395038566223e-05,9.303294747789517e-05,-0.00026801206993986914,-0.00011863730074849494,0.00023424658048118883,7.472610291867647e-05,8.343563676367581e-05,-0.00011559256413525788,4.121213432775875e-06,-0.00011353910579317413,-0.0008775879253659228,2.708895131978173e-05,0.0001332632004343854,-0.00010047727731258031,2.0410252990235158e-06,-5.56739399836272e-05,2.6647827157972414e-06,5.794317668914163e-05,3.0035937622131764e-05,-0.0007731693260595285,9.572706223246163e-05,-5.9903831575960014e-05,-0.00020036907165613783,9.58200772243598e-07,6.466597215536462e-05,0.00019811908892487792,-4.076269911711255e-05,7.718515384647019e-05,4.860185171585148e-05,-0.00020376621546644327,6.620020284152924e-05,0.00036009530719244195,-1.2069596202068696e-05,4.557995621909417e-05,0.00013238867641900904,4.291932521223085e-05,-8.009833687277942e-06,3.3677394520926205e-05,7.939554941589452e-05,0.0004071605503294022,1.7258597164481733e-05,-7.916894026385629e-05,-0.0005620059144603364,-0.00045500853023242407,-0.00012263830164383505,-2.4841885120820945e-05,6.318532315280406e-05,-0.00031068600877786647,-0.00015009459835123843,4.906838489300093e-05
ATHM,2.3031522697454943e-05,-0.00026801206993986914,0.0013738333915643297,0.0005932126598761314,-0.0007607015232801488,-0.0006591935557806615,-0.00015735690136188277,0.00017558425356750332,-4.690399723442047e-05,0.0011089636723948645,0.0011914408383643053,-9.081984186062517e-05,-0.00030447599434460786,1.546719515609516e-05,1.8974996027471545e-05,0.00018828982529836647,-0.00010218364549187292,-0.0001902209594588662,9.418329785208095e-05,-0.0008195033926025843,0.0004111732675712784,9.443419673975408e-05,0.0004984651879387613,-3.514713297085452e-05,-0.0001824374465252452,-0.0008326029699075052,-0.00040600841053302947,-0.0005286432944395387,-0.00013745051072283708,0.00022624550067135935,-0.00018408292900823226,-0.0021187798402391386,-6.32809859381935e-05,-0.0002803868543287567,-0.00017807354612841623,-8.646456516632848e-05,-0.0019926670493423514,-0.0006904648109170234,-0.00018285122662597435,-0.0016744752107175761,-7.229492746693745e-05,2.1088058776403082e-05,0.0012114374854511566,0.0022191128973643418,0.0004014671502810167,-0.0012356074667303092,-6.470514084813068e-05,0.00020041361124350365,0.001165117934280731,0.0009447500396529637
BDN,1.5663997162542312e-05,-0.00011863730074849494,0.0005932126598761314,0.00025635352400074163,-0.0003345996767636137,-0.00028078665177849727,-7.171372558532058e-05,8.162766170897549e-05,-1.9893543838225193e-05,0.00047149866281653234,0.0005605516925637231,-3.988501159157282e-05,-0.00013674830885775492,1.3641917826752494e-05,7.782979830517478e-06,8.265570971418152e-05,-4.2888389882190036e-05,-8.362477635912918e-05,3.720901104894648e-05,-0.0002871928611876018,0.00016497153415940147,4.373983572169754e-05,0.0002226023155403612,-1.4754883718913622e-05,-8.085272067683732e-05,-0.0003620628666993962,-0.00016674044488796533,-0.00022641120156158772,-6.090693884003062e-05,0.00010909654224406442,-8.164991174648059e-05,-0.0009110717553363925,-2.5579963195662044e-05,-0.00012041776762836076,-8.386786903571312e-05,-3.919617832850025e-05,-0.0008320745856534382,-0.00029092068369509713,-8.207801465218979e-05,-0.0007287793269997735,-3.14419186733175e-05,1.446819593994634e-05,0.0005463598081463534,0.000959777801029339,0.00017651747194486815,-0.0005145304710805665,-3.155184132126283e-05,0.00010594171341168522,0.000497574833576699,0.00039126317142220324
CVEO,-0.00018139052298274974,0.00023424658048118883,-0.0007607015232801488,-0.0003345996767636137,0.0006020627270586002,0.00025150626656742734,0.0001982352522657056,-0.0002685831716062164,1.537628793037095e-05,-0.0003974646712543432,-0.00201889501412711,7.0031029184579e-05,0.0003242056154423977,-0.00021388787550726318,1.5919050743234784e-06,-0.00014416291216729464,2.019721045137512e-05,0.00014921922838975323,4.98367934247386e-05,-0.001511918445481542,0.00014299219490574724,-0.00013967959069257664,-0.0004932661323641948,7.034726474035562e-06,0.00016227164815805692,0.0005362125911014629,-2.7933146999134502e-05,0.00023805533774949944,0.00012200823931060021,-0.00046157312082073596,0.00016573872381393987,0.0010610131853589359,-1.6396445962890115e-05,0.00013604108028525408,0.0003043236356230029,0.00010276009870966758,0.0002675095717712947,0.00016948980451235245,0.00019336223264234672,0.0010967587543213198,4.6677143370762806e-05,-0.00016979872778954863,-0.0013568965537508546,-0.0012752906574010794,-0.00031566374582305505,0.00012400458800694244,0.00014235007764465873,-0.0006831397490272964,-0.0004824920205434506,-3.145558251058331e-05
DUK,9.47751589430406e-05,7.472610291867647e-05,-0.0006591935557806615,-0.00028078665177849727,0.00025150626656742734,0.00038751611967011916,5.780410379210515e-06,2.328605414256903e-05,2.9154111302899744e-05,-0.0006680130294539894,0.00028125894767169735,3.118753730134533e-05,4.843993215358605e-05,0.00012142629489737418,-1.6696827430753967e-05,-6.530324937077243e-05,7.186119005546968e-05,6.372784359540189e-05,-0.00010919137445352252,0.0016267501611683397,-0.00042989274317696086,9.529262513260251e-06,-0.00010283409630782391,2.4662382156255888e-05,4.9097757366625735e-05,0.0003523129934506539,0.0003534162978698801,0.000287953943148178,3.714715908390792e-05,0.00010248242816392317,4.8283338825177115e-05,0.0010870252019034212,6.264116230802504e-05,0.00014659106452543632,-4.3655083333063474e-05,7.045810925492783e-06,0.0014806446300045127,0.00046485477752660474,2.992963769380216e-05,0.0006970242017327205,3.0517420598312647e-05,8.910871031957165e-05,-0.0001507114476966182,-0.001035563218870212,-0.0001340402048563833,0.000944390180963963,-3.579967924246042e-05,0.00026289378806272667,-0.0006611113118602323,-0.0007618440935109902
EVV,-0.00010623712164109053,8.343563676367581e-05,-0.00015735690136188277,-7.171372558532058e-05,0.0001982352522657056,5.780410379210515e-06,8.627884254787116e-05,-0.00012538316820730942,-1.1363759659905205e-06,6.030201568272715e-06,-0.000971453292370096,2.253133539950471e-05,0.00013047310831901425,-0.00012790785726322392,5.259091802615626e-06,-4.6081540244862255e-05,-1.0646935155683748e-05,4.8752080463175914e-05,5.186582985225985e-05,-0.0011137119658553886,0.0001806131798900711,-6.450300915619042e-05,-0.00019056408262599597,-3.608257291159748e-06,5.8526678891035e-05,0.0001415591892809741,-0.00010876375325652779,2.6971858304465468e-05,4.394164267044132e-05,-0.00023251233836333265,6.02853509619555e-05,0.00017377232566920882,-2.4350269564103965e-05,2.031313285193548e-05,0.000146777944413996,4.36203955809845e-05,-0.0002852465426025381,-5.166011601517547e-05,7.753317542981109e-05,0.00029597586958996424,1.2363952278775891e-05,-9.955442775850813e-05,-0.0005602566712814086,-0.0002827720901676786,-0.00010334244671402048,-0.00020259808225971812,7.285103596163083e-05,-0.00037445537580766135,-3.3535058156158854e-05,0.00019383039370457088
FTXO,0.000162727051374392,-0.00011559256413525788,0.00017558425356750332,8.162766170897549e-05,-0.0002685831716062164,2.328605414256903e-05,-0.00012538316820730942,0.00018480433521336298,4.043900888548832e-06,-6.34729301066989e-05,0.0014400949829283117,-3.0314123505205816e-05,-0.0001863583688457967,0.00019651987526954026,-9.038147370856196e-06,6.187481789682229e-05,2.1412657957858353e-05,-6.589932282482955e-05,-8.459476171682844e-05,0.0017577378081703949,-0.0002986497978457772,9.487151083676176e-05,0.0002695618705184922,7.282026591346344e-06,-8.135514820207005e-05,-0.00017765792767076248,0.00018758235502408326,-1.577536284307269e-05,-6.105787991563557e-05,0.00034755751476874837,-8.39872103714975e-05,-0.00016451185137646154,4.064727010092124e-05,-1.763266747263295e-05,-0.00021768042505322758,-6.30530542673284e-05,0.0005372837078731049,0.0001134055813436556,-0.00011064912333669884,-0.0003746934807637967,-1.553765204864969e-05,0.0001525151052552252,0.0008049194706927265,0.0003277236479987708,0.0001397761041628944,0.0003728309130759321,-0.00010919913003335581,0.0005677416370309244,-5.193566463721622e-06,-0.0003451000298544032
GBDC,9.09267632790931e-06,4.121213432775875e-06,-4.690399723442047e-05,-1.9893543838225193e-05,1.537628793037095e-05,2.9154111302899744e-05,-1.1363759659905205e-06,4.043900888548832e-06,2.2220029349756785e-06,-5.054839170364891e-05,3.8945701239407166e-05,1.9440847531489747e-06,1.2789972547591062e-06,1.1500024337078747e-05,-1.3565684859593374e-06,-4.090688393215426e-06,5.6199833580065674e-06,3.9230542237406755e-06,-9.19000988554886e-06,0.0001431306129101939,-3.575164399804763e-05,1.8953717266254532e-06,-4.290606785580348e-06,1.9279153436039833e-06,2.640219675746106e-06,2.402090177517123e-05,2.866748911167141e-05,2.1250337122501676e-05,2.0037663346145443e-06,1.1976559468721649e-05,2.5466669800458666e-06,7.89082689665112e-05,5.173629263169364e-06,1.0698089140919127e-05,-5.971886486887775e-06,-2.631860613850489e-07,0.00011699630748174151,3.604069952881973e-05,8.464463372471565e-07,4.723344250826092e-05,2.078834575101667e-06,8.543007235409245e-06,-1.1662556089924127e-06,-7.303560123590123e-05,-8.23684433473564e-06,7.499965630333875e-05,-4.031106064873685e-06,2.6676014741517543e-05,-4.930601800447821e-05,-6.105664446765209e-05
HCAT,-0.00018335317570625925,-0.00011353910579317413,0.0011089636723948645,0.00047149866281653234,-0.0003974646712543432,-0.0006680130294539894,6.030201568272715e-06,-6.34729301066989e-05,-5.054839170364891e-05,0.0011545109367276543,-0.0006658934081490262,-4.96673175166221e-05,-5.942469047644802e-05,-0.00023339046485332845,2.980468129628742e-05,0.00010420135391025707,-0.00012605133698766305,-0.00010098568781709145,0.00019815461006061333,-0.0030154185665102313,0.0007757693868125525,-2.842298121756486e-05,0.00014219069345232333,-4.32516720877921e-05,-7.391150654345912e-05,-0.0005820349703198432,-0.0006303920713162071,-0.0004921764105585755,-5.598412045755898e-05,-0.0002200932976419888,-7.217897601923315e-05,-0.0018446120003508919,-0.00011267494016296557,-0.0002493347844304998,0.00010261231839510851,-4.070718115361717e-06,-0.0026094152642773304,-0.0008122051992410278,-3.728880000165395e-05,-0.001148558741767198,-5.039704274136587e-05,-0.00017232938057330126,0.00015625235334291586,0.0017355307341506553,0.0002122568061336821,-0.0016681808549741826,7.533064076192275e-05,-0.0005233999039726611,0.0011352523459013646,0.0013513696005572557
HUT,0.001287330664738269,-0.0008775879253659228,0.0011914408383643053,0.0005605516925637231,-0.00201889501412711,0.00028125894767169735,-0.000971453292370096,0.0014400949829283117,3.8945701239407166e-05,-0.0006658934081490262,0.011247895379160473,-0.0002271393897340181,-0.001433540687463521,0.0015564737158193448,-7.446751159545918e-05,0.00046319209039685777,0.00018480723770926093,-0.0004948304331924641,-0.0006847776840526284,0.014061916432907353,-0.0024290345902734265,0.000738660664957742,0.002065070931792682,6.29074069647318e-05,-0.0006185617679486936,-0.00128716966903853,0.001547322863407036,-4.7688420889647294e-05,-0.00046415946612749073,0.0027235856047428866,-0.000639197496478902,-0.0009944957430969568,0.0003316720980619191,-9.878537098605283e-05,-0.0017004940777365946,-0.00048745319085350216,0.004553472366364856,0.0010006419470148765,-0.0008508525815361618,-0.0027266793256943544,-0.00011265023246230779,0.0012066171156779998,0.00620693586766343,0.0022743479097969916,0.0010498559453537939,0.0031381835344237233,-0.0008566580396177541,0.004473806966479113,-0.0002118638215131861,-0.002875624446057117
ILCB,-1.9932068657451606e-05,2.708895131978173e-05,-9.081984186062517e-05,-3.988501159157282e-05,7.0031029184579e-05,3.118753730134533e-05,2.253133539950471e-05,-3.0314123505205816e-05,1.9440847531489747e-06,-4.96673175166221e-05,-0.0002271393897340181,8.159128556262379e-06,3.711584212361862e-05,-2.3436856593862015e-05,6.636770382253004e-08,-1.680357657016721e-05,2.783294897518782e-06,1.736648658599845e-05,4.907330904659837e-06,-0.000160411125379276,1.32823123223667e-05,-1.5782848747665952e-05,-5.666965560637457e-05,9.66915580854446e-07,1.8747306808319166e-05,6.324945068309417e-05,-7.510053440012837e-07,2.8980128743562554e-05,1.4097244973724255e-05,-5.166886327952593e-05,1.9135108646009634e-05,0.00012782070548889558,-1.431712392596671e-06,1.643829416396322e-05,3.422986107066088e-05,1.1707378034860412e-05,4.0483128669968227e-05,2.241114366169926e-05,2.2143686153434714e-05,0.0001292077736805849,5.504810077768021e-06,-1.8655636272819656e-05,-0.00015498481543985105,-0.00015178050444598142,-3.673241069203296e-05,2.0531663824850853e-05,1.590608404090519e-05,-7.571019184591058e-05,-5.9267299315215625e-05,-8.781956472160044e-06
IMTB,-0.00015020581250360036,0.0001332632004343854,-0.00030447599434460786,-0.00013674830885775492,0.0003242056154423977,4.843993215358605e-05,0.00013047310831901425,-0.0001863583688457967,1.2789972547591062e-06,-5.942469047644802e-05,-0.001433540687463521,3.711584212361862e-05,0.0002013757763846881,-0.00018009500179148869,6.204605399609531e-06,-7.60657187816848e-05,-8.658322875956573e-06,7.992427966149905e-05,6.687934778168867e-05,-0.0015097153994817535,0.00022780315605624302,-9.612278228317145e-05,-0.0002974119900241563,-2.902673784413819e-06,9.313826548834938e-05,0.00024922534085058826,-0.00012748659059331525,7.013086287502323e-05,6.995710783926908e-05,-0.0003395045789958269,9.570217689724228e-05,0.00037305961499524637,-3.0232195661517283e-05,4.561086717569237e-05,0.00021647634808510507,6.638673372351666e-05,-0.00027756282975306863,-3.0097696299639332e-05,0.00011978418316029737,0.0005170262440365881,2.1741595858883147e-05,-0.00014072705464602988,-0.0008588404868405913,-0.0005318657952111595,-0.0001693124743425476,-0.0002081384270647408,0.00010599559712284805,-0.0005367297438441269,-0.00011827673432565684,0.00021365936951694736
IXC,0.00019171089066134843,-0.00010047727731258031,1.546719515609516e-05,1.3641917826752494e-05,-0.00021388787550726318,0.00012142629489737418,-0.00012790785726322392,0.00019651987526954026,1.1500024337078747e-05,-0.00023339046485332845,0.0015564737158193448,-2.3436856593862015e-05,-0.00018009500179148869,0.0002332744575452891,-1.3521588085804302e-05,4.7423837773079774e-05,4.015413078756032e-05,-5.197198944532793e-05,-0.00011472346753770556,0.0022223802251723,-0.0004161768172943789,0.00010027632575075997,0.0002522661228572155,1.3711885938436499e-05,-7.159537442965821e-05,-9.474056818268771e-05,0.00028236370671325643,5.610092921317944e-05,-5.3657969797147676e-05,0.00038434202151599523,-7.451563740248576e-05,0.00010349122870862752,5.7681492493590755e-05,1.86533819481286e-05,-0.00023555862913674725,-6.32823613379257e-05,0.0009264857411707444,0.00023384366557562442,-0.00010663652999394684,-0.00021138418269799972,-8.360057329686186e-06,0.00017975073411252934,0.0007925732161627233,7.78330908389259e-05,0.00011051950236068304,0.0006220292811567244,-0.00012166149152832592,0.0006518302681207048,-0.00017152754412186707,-0.0005475360258666215
LHX,-1.0962999654326073e-05,2.0410252990235158e-06,1.8974996027471545e-05,7.782979830517478e-06,1.5919050743234784e-06,-1.6696827430753967e-05,5.259091802615626e-06,-9.038147370856196e-06,-1.3565684859593374e-06,2.980468129628742e-05,-7.446751159545918e-05,6.636770382253004e-08,6.204605399609531e-06,-1.3521588085804302e-05,1.071411930724631e-06,-6.888946632690014e-08,-3.84516352974334e-06,3.089316395992088e-07,8.123285475925432e-06,-0.00014281405835678518,3.0474603654758904e-05,-4.541742777322809e-06,-7.649206225172431e-06,-1.3167184716068206e-06,1.5778882777111586e-06,-6.469518798783503e-06,-2.2515030459727877e-05,-1.0957862813642195e-05,1.172134355516929e-06,-1.9372063199572315e-05,1.7261434834353785e-06,-3.6767688821054356e-05,-4.314826611475196e-06,-5.157762772625026e-06,1.1302436345714496e-05,2.477269588392255e-06,-8.343636806256177e-05,-2.377356974819275e-05,3.6366658087246883e-06,-1.178259494234328e-05,-5.53868347360494e-07,-1.0286390558972617e-05,-2.9165941514505238e-05,2.7535656087708094e-05,-7.009773155158232e-07,-5.453803952722348e-05,6.232174778657275e-06,-3.550747522234996e-05,2.6972306011094382e-05,4.5938402218285946e-05
LPI,4.0365962447722374e-05,-5.56739399836272e-05,0.00018828982529836647,8.265570971418152e-05,-0.00014416291216729464,-6.530324937077243e-05,-4.6081540244862255e-05,6.187481789682229e-05,-4.090688393215426e-06,0.00010420135391025707,0.00046319209039685777,-1.680357657016721e-05,-7.60657187816848e-05,4.7423837773079774e-05,-6.888946632690014e-08,3.4610951523373646e-05,-5.977003822154769e-06,-3.5755347982519745e-05,-9.594825432602369e-06,0.000321405275195546,-2.543226667987827e-05,3.222509299847916e-05,0.00011625505729314487,-2.0752003169500588e-06,-3.851949938574348e-05,-0.00013070322655600703,1.2171138405914645e-07,-6.039267881416189e-05,-2.896607426523904e-05,0.00010521130354361634,-3.930898432133427e-05,-0.000265637883721646,2.6761644696588244e-06,-3.418935420247958e-05,-6.979787930343799e-05,-2.3960332110065605e-05,-8.867721170806226e-05,-4.767191395432267e-05,-4.538569485527206e-05,-0.00026691351038894326,-1.137495442954511e-05,3.7779349951531666e-05,0.0003174218063940051,0.00031441053957509673,7.562426901478764e-05,-4.574779538119617e-05,-3.237194126051922e-05,0.00015371487846536973,0.0001237979760284203,2.099902018922239e-05
MATW,3.2211499186901756e-05,2.6647827157972414e-06,-0.00010218364549187292,-4.2888389882190036e-05,2.019721045137512e-05,7.186119005546968e-05,-1.0646935155683748e-05,2.1412657957858353e-05,5.6199833580065674e-06,-0.00012605133698766305,0.00018480723770926093,2.783294897518782e-06,-8.658322875956573e-06,4.015413078756032e-05,-3.84516352974334e-06,-5.977003822154769e-06,1.4919287006189221e-05,5.318574691220592e-06,-2.7521697232524147e-05,0.00045638625241782354,-0.0001051477843543356,1.0556348151250927e-05,6.631170291591881e-06,5.114005323394175e-06,1.2469262359268898e-06,4.680105497662163e-05,8.104211378541096e-05,5.0315192781302866e-05,9.895643548852471e-07,5.082490828946724e-05,8.551370581721459e-07,0.00018015678064764524,1.5053944049613163e-05,2.4719421469648663e-05,-2.8140072047330834e-05,-4.6098158900050595e-06,0.00031635684716415047,9.416944609725005e-05,-4.930641510802156e-06,9.042889323605756e-05,4.040039330644625e-06,3.0240630519924502e-05,4.7919542508552716e-05,-0.0001556895292168815,-1.107775892883562e-05,0.00020458899057337285,-1.6616234512655333e-05,0.00010019575523465422,-0.00011937813894167694,-0.0001691752662611979
MPWR,-4.411599975145382e-05,5.794317668914163e-05,-0.0001902209594588662,-8.362477635912918e-05,0.00014921922838975323,6.372784359540189e-05,4.8752080463175914e-05,-6.589932282482955e-05,3.9230542237406755e-06,-0.00010098568781709145,-0.0004948304331924641,1.736648658599845e-05,7.992427966149905e-05,-5.197198944532793e-05,3.089316395992088e-07,-3.5755347982519745e-05,5.318574691220592e-06,3.699035410266704e-05,1.1710760421941792e-05,-0.00036358732496511776,3.302563286433294e-05,-3.428438464234377e-05,-0.00012174532995691842,1.8506597690093656e-06,4.012631883088306e-05,0.00013353125504919806,-5.1227863514994755e-06,5.9930812411893974e-05,3.017117890077941e-05,-0.00011294313043638921,4.097446353065282e-05,0.00026614332559070353,-3.7211238309638766e-06,3.415996625340615e-05,7.458340503707253e-05,2.5291803915872198e-05,7.305180542584618e-05,4.395067488651368e-05,4.767344486920726e-05,0.00027300589007337036,1.162310903926191e-05,-4.12948344819795e-05,-0.0003342502427908599,-0.0003185560888640845,-7.824692436633702e-05,3.513575774964849e-05,3.481120688678743e-05,-0.00016661020694478952,-0.0001218502392526386,-1.1488256552154604e-05
MSA,-9.351745347811878e-05,3.0035937622131764e-05,9.418329785208095e-05,3.720901104894648e-05,4.98367934247386e-05,-0.00010919137445352252,5.186582985225985e-05,-8.459476171682844e-05,-9.19000988554886e-06,0.00019815461006061333,-0.0006847776840526284,4.907330904659837e-06,6.687934778168867e-05,-0.00011472346753770556,8.123285475925432e-06,-9.594825432602369e-06,-2.7521697232524147e-05,1.1710760421941792e-05,6.396800810052831e-05,-0.0011646478106785748,0.00023720758094200272,-4.2806454265172506e-05,-8.834386317368143e-05,-9.416929177084701e-06,2.203506582319288e-05,-1.4676451551656221e-05,-0.0001703579878280221,-6.706350426792781e-05,1.646099442886824e-05,-0.00017413195793207592,2.336358859314502e-05,-0.00020850719617186768,-3.3343227912201883e-05,-3.0055296380220533e-05,0.00010380122096188288,2.5022019698316727e-05,-0.0006079478615157335,-0.0001673491571031514,3.940976203281402e-05,-1.9160679606832737e-05,-1.20792991205194e-06,-8.772079788943339e-05,-0.00030385612703631666,0.00012588058205267806,-2.5128700689366237e-05,-0.0004005866300363483,5.563306095469779e-05,-0.0003089120550330887,0.0001715902167796507,0.0003420186107310469
NEW,0.001819140246262639,-0.0007731693260595285,-0.0008195033926025843,-0.0002871928611876018,-0.001511918445481542,0.0016267501611683397,-0.0011137119658553886,0.0017577378081703949,0.0001431306129101939,-0.0030154185665102313,0.014061916432907353,-0.000160411125379276,-0.0015097153994817535,0.0022223802251723,-0.00014281405835678518,0.000321405275195546,0.00045638625241782354,-0.00036358732496511776,-0.0011646478106785748,0.021853323347316676,-0.00427389163197228,0.0008934950168742379,0.0020640269598478284,0.00015602579936391443,-0.0005569354028033544,-0.00032061154436045954,0.002989182416808061,0.0009094064831660698,-0.000416894015147837,0.0035201894202972067,-0.0005837338983627254,0.0024830222540263847,0.0005967871653257614,0.0003760540376139779,-0.0021297255815533227,-0.0005449429754227231,0.010273212759495942,0.00272501189729753,-0.0008921135822743564,-0.0008443855657658499,-2.9119004540880316e-05,0.0017060073961102868,0.006734563967297984,-0.0008177616219493882,0.0007753181017828235,0.0068252808611727065,-0.0011191657306500148,0.006099204998053043,-0.002462717425236077,-0.005907264516876247
NTES,-0.00033872623832453743,9.572706223246163e-05,0.0004111732675712784,0.00016497153415940147,0.00014299219490574724,-0.00042989274317696086,0.0001806131798900711,-0.0002986497978457772,-3.575164399804763e-05,0.0007757693868125525,-0.0024290345902734265,1.32823123223667e-05,0.00022780315605624302,-0.0004161768172943789,3.0474603654758904e-05,-2.543226667987827e-05,-0.0001051477843543356,3.302563286433294e-05,0.00023720758094200272,-0.00427389163197228,0.0008827225755166211,-0.00015084210321062927,-0.00029608903397447073,-3.5986971477062956e-05,7.093860018032088e-05,-9.507997592302603e-05,-0.0006395047679308833,-0.00027023806177196884,5.293540195505982e-05,-0.0006215250237048128,7.568450704545203e-05,-0.0008640186410375376,-0.00012435536580672206,-0.00012328953703742148,0.00036832916905653,8.660569206656917e-05,-0.0023094278837242667,-0.0006428296962846837,0.00013406464074834353,-0.00015358190782319646,-8.014374149604746e-06,-0.0003177562394516967,-0.0010436066950759092,0.0005687494370297053,-7.12018300930199e-05,-0.0015178393684456507,0.00019894962666814465,-0.001112666261956248,0.0006820385714081656,0.0012903979758939006
PICK,8.306957199577445e-05,-5.9903831575960014e-05,9.443419673975408e-05,4.373983572169754e-05,-0.00013967959069257664,9.529262513260251e-06,-6.450300915619042e-05,9.487151083676176e-05,1.8953717266254532e-06,-2.842298121756486e-05,0.000738660664957742,-1.5782848747665952e-05,-9.612278228317145e-05,0.00010027632575075997,-4.541742777322809e-06,3.222509299847916e-05,1.0556348151250927e-05,-3.428438464234377e-05,-4.2806454265172506e-05,0.0008934950168742379,-0.00015084210321062927,4.871871206705722e-05,0.00013924536989753743,3.588596645067518e-06,-4.213884927445423e-05,-9.356541044624182e-05,9.421827180945672e-05,-9.926645034935343e-06,-3.162752601572331e-05,0.000178052745978874,-4.348700578961399e-05,-9.14388640468123e-05,2.0504082811372206e-05,-9.990252415984218e-06,-0.0001116465305581467,-3.24635591967282e-05,0.0002669119383627021,5.5377151931525603e-05,-5.707967381094628e-05,-0.00019704601988990785,-8.181205673999331e-06,7.785476301468597e-05,0.0004148048029204989,0.00017503077422282578,7.271194832439615e-05,0.00018573873107429818,-5.591970626846196e-05,0.0002902503832385724,1.4982106758678829e-06,-0.00017263173013516535
RCKY,0.00021094023280444362,-0.00020036907165613783,0.0004984651879387613,0.0002226023155403612,-0.0004932661323641948,-0.00010283409630782391,-0.00019056408262599597,0.0002695618705184922,-4.290606785580348e-06,0.00014219069345232333,0.002065070931792682,-5.666965560637457e-05,-0.0002974119900241563,0.0002522661228572155,-7.649206225172431e-06,0.00011625505729314487,6.631170291591881e-06,-0.00012174532995691842,-8.834386317368143e-05,0.0020640269598478284,-0.00029608903397447073,0.00013924536989753743,0.00044185328154950113,2.175524995453968e-06,-0.00013977838706874694,-0.00039242216639155935,0.0001563076406865301,-0.00012614584142738486,-0.00010501140561447534,0.00048608292621189503,-0.00014344587624739872,-0.0006340026219410096,3.882920311094605e-05,-7.865392779388082e-05,-0.0003117441048730602,-9.730368876141846e-05,0.0002811006570092444,5.146354004915315e-06,-0.0001770022501506335,-0.0008112736809106913,-3.421553066540031e-05,0.0001976026495235059,0.0012637697328431354,0.0008610786070577251,0.0002578265917125883,0.00022460475027165946,-0.00015144162998107289,0.0007600597709124944,0.0002273560690180203,-0.00024784621507530275
RY,1.0997721148228805e-05,9.58200772243598e-07,-3.514713297085452e-05,-1.4754883718913622e-05,7.034726474035562e-06,2.4662382156255888e-05,-3.608257291159748e-06,7.282026591346344e-06,1.9279153436039833e-06,-4.32516720877921e-05,6.29074069647318e-05,9.66915580854446e-07,-2.902673784413819e-06,1.3711885938436499e-05,-1.3167184716068206e-06,-2.0752003169500588e-06,5.114005323394175e-06,1.8506597690093656e-06,-9.416929177084701e-06,0.00015602579936391443,-3.5986971477062956e-05,3.588596645067518e-06,2.175524995453968e-06,1.752990846090526e-06,4.5859144500635373e-07,1.6134168518441916e-05,2.7752744739751823e-05,1.727993650093896e-05,3.6262514243638615e-07,1.731871039374282e-05,3.2507066862399453e-07,6.191242415361609e-05,5.1530238860805334e-06,8.493189252662818e-06,-9.579331192298005e-06,-1.5589849207745123e-06,0.00010840900167878282,3.2287381055205494e-05,-1.6512849812875211e-06,3.118618525558548e-05,1.3928363835398308e-06,1.0324918590738478e-05,1.6149778360194082e-05,-5.357361065003965e-05,-3.855578829866737e-06,7.009893923991928e-05,-5.663682285263439e-06,3.418597239960848e-05,-4.0982504856145436e-05,-5.7951229877171465e-05
SHYL,-6.017470289199156e-05,6.466597215536462e-05,-0.0001824374465252452,-8.085272067683732e-05,0.00016227164815805692,4.9097757366625735e-05,5.8526678891035e-05,-8.135514820207005e-05,2.640219675746106e-06,-7.391150654345912e-05,-0.0006185617679486936,1.8747306808319166e-05,9.313826548834938e-05,-7.159537442965821e-05,1.5778882777111586e-06,-3.851949938574348e-05,1.2469262359268898e-06,4.012631883088306e-05,2.203506582319288e-05,-0.0005569354028033544,7.093860018032088e-05,-4.213884927445423e-05,-0.00013977838706874694,4.5859144500635373e-07,4.4973149210486e-05,0.00013603273998613228,-3.168630851303479e-05,5.168857759419689e-05,3.379892201748169e-05,-0.00014394598455219626,4.605734292111335e-05,0.00024337093539424407,-9.017449280094661e-06,3.072715580287555e-05,9.332388309153466e-05,3.007079018437804e-05,-1.847862518105056e-05,1.9607611423072508e-05,5.548062494828065e-05,0.00027979964648043587,1.1851621459056463e-05,-5.635504510843613e-05,-0.0003932536523050735,-0.0003104525636416335,-8.49357458590625e-05,-2.5639881004159507e-05,4.46707396535854e-05,-0.00022040287075751437,-9.963559622933021e-05,4.106345000912508e-05
TC,-8.40721448419446e-05,0.00019811908892487792,-0.0008326029699075052,-0.0003620628666993962,0.0005362125911014629,0.0003523129934506539,0.0001415591892809741,-0.00017765792767076248,2.402090177517123e-05,-0.0005820349703198432,-0.00128716966903853,6.324945068309417e-05,0.00024922534085058826,-9.474056818268771e-05,-6.469518798783503e-06,-0.00013070322655600703,4.680105497662163e-05,0.00013353125504919806,-1.4676451551656221e-05,-0.00032061154436045954,-9.507997592302603e-05,-9.356541044624182e-05,-0.00039242216639155935,1.6134168518441916e-05,0.00013603273998613228,0.0005358570256818605,0.00014097662381147048,0.00029765578321061883,0.00010238508392748996,-0.00027693682197179904,0.00013809265806925927,0.0012374361819660264,1.696581697983117e-05,0.00016193930036573922,0.00019345318594523678,7.522027319092995e-05,0.0008601265229167843,0.00032996594138833874,0.00014911469098657798,0.0010853148221185557,4.657744895006603e-05,-7.852224579258784e-05,-0.001019447885705957,-0.001364233902797435,-0.00028212613851547774,0.0005159358731779512,8.350262775563614e-05,-0.0003593485106538731,-0.0006384910174647096,-0.0003681439838214457
TCFC,0.0002288607423055136,-4.076269911711255e-05,-0.00040600841053302947,-0.00016674044488796533,-2.7933146999134502e-05,0.0003534162978698801,-0.00010876375325652779,0.00018758235502408326,2.866748911167141e-05,-0.0006303920713162071,0.001547322863407036,-7.510053440012837e-07,-0.00012748659059331525,0.00028236370671325643,-2.2515030459727877e-05,1.2171138405914645e-07,8.104211378541096e-05,-5.1227863514994755e-06,-0.0001703579878280221,0.002989182416808061,-0.0006395047679308833,9.421827180945672e-05,0.0001563076406865301,2.7752744739751823e-05,-3.168630851303479e-05,0.00014097662381147048,0.00047318964293447904,0.000232613371173737,-2.352469354640388e-05,0.00040310794057899,-3.477191196350445e-05,0.0007829178111570366,9.058138948499625e-05,0.00010970973594470157,-0.0002348669314082978,-5.114627979937482e-05,0.0017569646814730722,0.0005014713575924179,-7.469218224854173e-05,0.00025785950643258254,1.2076384286024288e-05,0.00021473967843567621,0.0006008132116490132,-0.0005907585905356954,1.183475287810035e-05,0.0011479689089446642,-0.00012974014766816127,0.0007403645399323157,-0.0005716154030933381,-0.0009662836387379225
TOKE,4.210309263246589e-05,7.718515384647019e-05,-0.0005286432944395387,-0.00022641120156158772,0.00023805533774949944,0.000287953943148178,2.6971858304465468e-05,-1.577536284307269e-05,2.1250337122501676e-05,-0.0004921764105585755,-4.7688420889647294e-05,2.8980128743562554e-05,7.013086287502323e-05,5.610092921317944e-05,-1.0957862813642195e-05,-6.039267881416189e-05,5.0315192781302866e-05,5.9930812411893974e-05,-6.706350426792781e-05,0.0009094064831660698,-0.00027023806177196884,-9.926645034935343e-06,-0.00012614584142738486,1.727993650093896e-05,5.168857759419689e-05,0.00029765578321061883,0.000232613371173737,0.00021993769674647477,3.9018069729750855e-05,1.4577955129767343e-05,5.154929107186787e-05,0.0008491945092263993,3.989495907285318e-05,0.00011369724091275319,6.348352933591275e-06,1.6684092240405775e-05,0.0010193748294015802,0.0003300068034875329,4.252088501954993e-05,0.0005930753955181456,2.5809855461495688e-05,3.967289016917384e-05,-0.00025879756289975357,-0.0008398332491413103,-0.00012626458696568017,0.0006447456238893134,-7.2948781724903485e-06,9.58022167180715e-05,-0.0004974842914981403,-0.0005121230963814376
TRND,-4.5104035090887234e-05,4.860185171585148e-05,-0.00013745051072283708,-6.090693884003062e-05,0.00012200823931060021,3.714715908390792e-05,4.394164267044132e-05,-6.105787991563557e-05,2.0037663346145443e-06,-5.598412045755898e-05,-0.00046415946612749073,1.4097244973724255e-05,6.995710783926908e-05,-5.3657969797147676e-05,1.172134355516929e-06,-2.896607426523904e-05,9.895643548852471e-07,3.017117890077941e-05,1.646099442886824e-05,-0.000416894015147837,5.293540195505982e-05,-3.162752601572331e-05,-0.00010501140561447534,3.6262514243638615e-07,3.379892201748169e-05,0.00010238508392748996,-2.352469354640388e-05,3.9018069729750855e-05,2.5401277498306668e-05,-0.0001079873539772694,3.461224554114301e-05,0.00018351302573560045,-6.723001646231801e-06,2.3176661916611843e-05,7.002793270623816e-05,2.2580085369156836e-05,-1.2770672226583007e-05,1.506576249827405e-05,4.1672867036032506e-05,0.00021057073084616864,8.919994683755118e-06,-4.224074505400008e-05,-0.00029533681721373456,-0.00023383447749382178,-6.386297542462754e-05,-1.854578989602226e-05,3.3508728825606554e-05,-0.00016526596742117368,-7.529065891102458e-05,3.0260444615777997e-05
TWTR,0.0003173713046592232,-0.00020376621546644327,0.00022624550067135935,0.00010909654224406442,-0.00046157312082073596,0.00010248242816392317,-0.00023251233836333265,0.00034755751476874837,1.1976559468721649e-05,-0.0002200932976419888,0.0027235856047428866,-5.166886327952593e-05,-0.0003395045789958269,0.00038434202151599523,-1.9372063199572315e-05,0.00010521130354361634,5.082490828946724e-05,-0.00011294313043638921,-0.00017413195793207592,0.0035201894202972067,-0.0006215250237048128,0.000178052745978874,0.00048608292621189503,1.731871039374282e-05,-0.00014394598455219626,-0.00027693682197179904,0.00040310794057899,1.4577955129767343e-05,-0.0001079873539772694,0.0006626000667632744,-0.00014896971947566672,-0.0001403458494494884,8.522215466459529e-05,-1.0451901512045e-05,-0.00041186310108692415,-0.00011629486454686297,0.0012260792452011187,0.0002820375985585101,-0.0002014003808241538,-0.0005911041826623126,-2.4265468435620424e-05,0.00029749755700415724,0.001475317851767459,0.0004520097077824395,0.00023973107271774266,0.0008381239353203393,-0.00020873186513524348,0.001096941179408877,-0.00011055596552021296,-0.0007586469819192724
UMAY,-6.25855638145558e-05,6.620020284152924e-05,-0.00018408292900823226,-8.164991174648059e-05,0.00016573872381393987,4.8283338825177115e-05,6.02853509619555e-05,-8.39872103714975e-05,2.5466669800458666e-06,-7.217897601923315e-05,-0.000639197496478902,1.9135108646009634e-05,9.570217689724228e-05,-7.451563740248576e-05,1.7261434834353785e-06,-3.930898432133427e-05,8.551370581721459e-07,4.097446353065282e-05,2.336358859314502e-05,-0.0005837338983627254,7.568450704545203e-05,-4.348700578961399e-05,-0.00014344587624739872,3.2507066862399453e-07,4.605734292111335e-05,0.00013809265806925927,-3.477191196350445e-05,5.154929107186787e-05,3.461224554114301e-05,-0.00014896971947566672,4.717962960689201e-05,0.0002443234111201017,-9.668569632315763e-06,3.079148190043923e-05,9.644454982157214e-05,3.0950000694327036e-05,-2.790452905806466e-05,1.742684286857343e-05,5.70014642990955e-05,0.0002842019446030703,1.2032148936776553e-05,-5.861496526318499e-05,-0.00040440115257536,-0.00031376835621331386,-8.673612620866555e-05,-3.20764259194218e-05,4.62536674316607e-05,-0.00022872910013719836,-9.873255078470859e-05,4.6880274689625895e-05
ZYME,6.90720531677438e-05,0.00036009530719244195,-0.0021187798402391386,-0.0009110717553363925,0.0010610131853589359,0.0010870252019034212,0.00017377232566920882,-0.00016451185137646154,7.89082689665112e-05,-0.0018446120003508919,-0.0009944957430969568,0.00012782070548889558,0.00037305961499524637,0.00010349122870862752,-3.6767688821054356e-05,-0.000265637883721646,0.00018015678064764524,0.00026614332559070353,-0.00020850719617186768,0.0024830222540263847,-0.0008640186410375376,-9.14388640468123e-05,-0.0006340026219410096,6.191242415361609e-05,0.00024337093539424407,0.0012374361819660264,0.0007829178111570366,0.0008491945092263993,0.00018351302573560045,-0.0001403458494494884,0.0002443234111201017,0.0033372357292769023,0.00012949569177147586,0.0004443387263432746,0.00014703893357176644,9.93089886594776e-05,0.003591575178518489,0.0011968601798899954,0.00022486824828051532,0.002477258927142267,0.00010737354133966122,6.554732412631428e-05,-0.001442785841720741,-0.0033935308924657867,-0.0005612496240892335,0.0022530237578010336,3.3723736047992726e-05,4.5783844948831367e-05,-0.0018977642781016371,-0.0017619665473361172
AVDE,4.689964864230488e-05,-1.2069596202068696e-05,-6.32809859381935e-05,-2.5579963195662044e-05,-1.6396445962890115e-05,6.264116230802504e-05,-2.4350269564103965e-05,4.064727010092124e-05,5.173629263169364e-06,-0.00011267494016296557,0.0003316720980619191,-1.431712392596671e-06,-3.0232195661517283e-05,5.7681492493590755e-05,-4.314826611475196e-06,2.6761644696588244e-06,1.5053944049613163e-05,-3.7211238309638766e-06,-3.3343227912201883e-05,0.0005967871653257614,-0.00012435536580672206,2.0504082811372206e-05,3.882920311094605e-05,5.1530238860805334e-06,-9.017449280094661e-06,1.696581697983117e-05,9.058138948499625e-05,3.989495907285318e-05,-6.723001646231801e-06,8.522215466459529e-05,-9.668569632315763e-06,0.00012949569177147586,1.7543083232994293e-05,1.8378716207569575e-05,-5.030518264064202e-05,-1.162629998066657e-05,0.000329499318180271,9.233142607585553e-05,-1.77753790185296e-05,2.8897804318423402e-05,1.4396408164090566e-06,4.3998511437348616e-05,0.00013932999049883402,-8.897663259608584e-05,8.061726785139261e-06,0.00021622340545967425,-2.7314492970127037e-05,0.00015349332005946037,-9.9922597009885e-05,-0.00018334442643431204
BCM,1.321269700746017e-05,4.557995621909417e-05,-0.0002803868543287567,-0.00012041776762836076,0.00013604108028525408,0.00014659106452543632,2.031313285193548e-05,-1.763266747263295e-05,1.0698089140919127e-05,-0.0002493347844304998,-9.878537098605283e-05,1.643829416396322e-05,4.561086717569237e-05,1.86533819481286e-05,-5.157762772625026e-06,-3.418935420247958e-05,2.4719421469648663e-05,3.415996625340615e-05,-3.0055296380220533e-05,0.0003760540376139779,-0.00012328953703742148,-9.990252415984218e-06,-7.865392779388082e-05,8.493189252662818e-06,3.072715580287555e-05,0.00016193930036573922,0.00010970973594470157,0.00011369724091275319,2.3176661916611843e-05,-1.0451901512045e-05,3.079148190043923e-05,0.0004443387263432746,1.8378716207569575e-05,5.9265065015312133e-05,1.4490659897529936e-05,1.181667856688673e-05,0.0004954711165975948,0.00016352454531609102,2.753340511961048e-05,0.00032373077401610646,1.4048678989322263e-05,1.2492332175618925e-05,-0.00017436212760904769,-0.0004479558184647122,-7.201789757179952e-05,0.00031167813011616363,1.8905980986837528e-06,1.987497347466418e-05,-0.00025506628833983847,-0.0002450404140955357
