,AAIC,ABG,ACOR,ARKR,AVLR,AXLA,AXTI,BKSC,BLRX,CHH,CMSD,CPTAL,CRSP,CVBF,EFT,ELVT,EVGBC,FCG,FEN,FL,FM,GCC,GCV,GER,HEWG,HTLD,LAZR,LBTYA,LOTZ,MILN,MKD,MTA,NAIL,OBLG,PPD,PRIM,SCOR,SIEB,SOHOB,SOHU,VRRM,WVE,BDCZ,BR,FTGC,HGLB,PCK,BNGO,PAM,PESI
AAIC,0.0005298065816343838,4.8815298551958084e-05,1.7592582199074504e-05,0.00021729464233720652,-0.0005032999510226409,0.0015977115901637446,-6.42228489826915e-05,0.0004895257908257014,0.00034587964524886513,4.112726820710487e-06,0.0003334311989410793,0.00024254224889162898,0.0007938314115481685,0.00027409153395185123,0.00043725778813873833,0.0004171064185532741,0.00036624996863719234,0.0006482664348068194,0.0012430966903978508,-0.00024771793413196574,0.0005510724386001804,0.0002108428587268564,0.0005222454727110107,0.0018387993476871825,6.687149274862526e-05,0.0004446823257930361,0.0004219481569211627,0.00022851811846960032,0.0003819161697542942,0.00011189591176719322,-5.8454670704961215e-05,0.00012089508013651202,-0.00040981450163231565,-0.00039347942761329695,0.0006332107658681147,0.0014580462801466478,-0.0015465317931987676,0.0005999563993868856,0.0014347586146385579,-0.0007531466360636256,-0.0004851909161253569,0.0016076800370938762,0.0004468878670888678,-0.0002971524274534012,0.0002361917692750735,0.0003119110821573213,0.0005189722762069869,-0.0003581917388122994,0.0002659676553228539,-0.0003652460464060495
ABG,4.8815298551958084e-05,0.0002686270076440089,0.0002327905247225843,-4.5286612305623915e-05,-0.0003035207603976456,0.0002301408546367664,-5.367186860400863e-05,0.0007220191869888298,5.990777034772972e-05,8.528747611951027e-05,0.0004381779967718427,0.0004516362226218317,-0.00029705523800125353,6.585506112796922e-05,0.0002630910885012361,0.0009257606630002334,0.000609934580300516,-0.001447331243376684,-0.00030835443555439403,0.0007022528808157057,-0.00012931089513018758,0.00026661452990688235,-0.00022105205895552943,0.0003868863583651041,-0.00011133115249954318,0.000254127767700365,0.0006517188031338816,-5.783301406199694e-06,0.0006399027692069328,-1.2931600660387682e-06,-0.00048322344033936314,0.00041475739427692716,-0.0014815547710695161,0.001226842538674191,0.00010003662932772282,0.0005814191860740567,-0.0006366949584606243,0.0003396231934811333,0.0008226053054258937,0.00011844569820761973,0.0006264356626796384,0.0003231657548594864,1.4325792910923949e-05,-0.00019994567389773103,0.00011957137069046159,-1.2398337456908065e-06,0.0004607579607593591,2.3447203968187976e-05,-0.0006178221705358555,0.0004478816455179732
ACOR,1.7592582199074504e-05,0.0002327905247225843,0.0010609596866863623,-0.0008811801231789389,-0.00033140126384911676,0.0006567549766817151,-0.0004663082188843938,-0.0004997019544907857,-0.00023561794342343373,-6.731810182025701e-05,-0.0005017130661197141,-7.876937547093759e-05,-0.0004724017381338609,0.00019742405298810544,-7.394034241129447e-06,-0.0004878916652502942,-0.0005611436076243149,0.00021248134724003066,0.0005004749204625226,0.0004073265776643447,0.0005208858115637921,-0.0005139900255054272,-0.00019175101508445895,0.0008631789151880132,0.00019218231845117157,0.00019991706994456645,-0.0005612610149590499,-0.0002846848141296851,-0.0005578985927502107,-0.00019992946368835676,0.003019173309192082,-6.0558383154773234e-05,0.0006736766198056393,0.0005761209388178766,-0.0005003465392466414,0.00031048305093211764,-0.0006023174513987233,-3.252559548980282e-05,-0.000507129445540088,-0.0010009048345354617,0.0005442593399433289,-0.0007008989522407612,-0.00016690725144643097,0.00029123662750110614,-0.0005569261773325114,-0.00032614545529845184,-0.00020086032011534317,-0.006776098055443288,0.000531729795839525,0.0006303469364284005
ARKR,0.00021729464233720652,-4.5286612305623915e-05,-0.0008811801231789389,0.0009105288786360694,-5.6013200738095065e-05,0.00012025818770648826,0.0003946475539751231,0.001107165570337894,0.0003980801675688748,0.00011802994502345924,0.0008782334770856059,0.00044141926233978127,0.000586413586670335,-4.563644452299934e-05,0.00033438211286081047,0.0011900685841128023,0.0010516645326083933,-0.0008242572135966597,-0.0001889939453335766,-6.867920788786739e-05,-0.0003690243137693787,0.0007396469124452117,0.0002550862060609516,0.00010772098528158435,-0.00022716526588636602,0.00013103942051553836,0.0010984275761187498,0.0003607439404265108,0.0010725823230773716,0.00023620494715836124,-0.0032376666774543983,0.00035455408414739064,-0.0017010387787404623,2.6467787015810807e-05,0.0007898254536469188,0.0006126422041132397,-0.0003973681247075718,0.0004676531938590001,0.0015405492681224257,0.0007493199242328335,-0.0003387635375381244,0.001495212253098277,0.00034322703810007,-0.0005172123117824601,0.0007027355511745883,0.0004359081963965605,0.0006721430929724872,0.006439808804026576,-0.0007832586903623821,-0.00048298636983211873
AVLR,-0.0005032999510226409,-0.0003035207603976456,-0.00033140126384911676,-5.6013200738095065e-05,0.000737832637292183,-0.0016539949177688394,0.00015162254963739855,-0.0010082769022207651,-0.00032749796021183127,-7.176253821273509e-05,-0.0006226211841334525,-0.0006000336452438153,-0.0003754484504299569,-0.00031586598011102107,-0.0006096371393905937,-0.001126581396587151,-0.000796323056666455,0.0006936675031197159,-0.0008558187015416407,-0.0004477064431233595,-0.0004171389051037069,-0.0003639287490329213,-0.0002368282321763177,-0.0020224240162488175,2.027683113728124e-05,-0.0006298091517903077,-0.0008813618319275546,-0.00016287977230671296,-0.0008366530600122501,-7.47899702934608e-05,0.00016147585649114483,-0.0004641516624772087,0.001591157017053425,-0.0008019866230416207,-0.0005838497842310857,-0.00180686155894187,0.0019626665543306895,-0.0008152947744572393,-0.001914068476509428,0.0006517038915306468,-0.00018966146114667278,-0.001602864878926653,-0.0003818598285090973,0.000403062168614599,-0.0002516627276105682,-0.00023471030935696838,-0.0008345003161617811,0.0009970422335748713,0.00025934520830455385,-0.00014492217582164557
AXLA,0.0015977115901637446,0.0002301408546367664,0.0006567549766817151,0.00012025818770648826,-0.0016539949177688394,0.005172932329650647,-0.000470113542805625,0.0010026940287362384,0.0008837134238721662,-4.868975538330323e-05,0.0005953036012758001,0.000579904451991528,0.002169511013373449,0.0009338853716800872,0.0012543063482206825,0.0007451767531577499,0.0006183814166373525,0.00241639626729522,0.004129299335670888,-0.0006549571727968232,0.0020139514558804176,0.0002570436747513355,0.0015067925227024237,0.005992144850526262,0.00034600457864890274,0.001407062818337595,0.000776782169500709,0.0005143318447635296,0.0006608149277575047,0.00021402901934089113,0.0018025717408199416,0.0002326784681523423,-0.000481596612150544,-0.0011095873945791584,0.0015773255868966126,0.004457345663763891,-0.0048922758635277,0.0017120316031435366,0.0038260870098730474,-0.0029180725902360127,-0.0012691679511145568,0.004341446373574751,0.0012412751797349492,-0.0006704256271048245,0.0003404123912893282,0.0007391536687415964,0.001335990503762801,-0.0052799620853599336,0.0012720290414425391,-0.0008134495535181516
AXTI,-6.42228489826915e-05,-5.367186860400863e-05,-0.0004663082188843938,0.0003946475539751231,0.00015162254963739855,-0.000470113542805625,0.00022433761430847818,0.00036388994185158034,8.672084041955361e-05,5.3935839976671095e-05,0.0003138778339037401,0.00012067254424034573,5.67300223048501e-05,-0.00011577653499129113,1.348989503840163e-05,0.0004182805991621657,0.00038187888146692315,-0.0005493887302689892,-0.0004824638608248182,6.7604731423717e-06,-0.00035922786827370277,0.00029270591030145096,-2.7679816074020335e-05,-0.000563373602485036,-0.00013099210972373197,-9.175067765334767e-05,0.000385259503118392,0.0001094614244731584,0.00038577052126590405,8.378013636136751e-05,-0.0015995439283210226,0.00011804735303293377,-0.0006496309434957393,7.347734883593921e-05,0.0001903152371645294,-0.000193965475547012,0.00033512001560411864,2.4185275880453454e-05,0.00027178996472025456,0.0006186502444490765,-4.922634868048714e-05,0.00022018139942693303,2.8580871413768568e-05,-0.0001553455401550721,0.0002738340946614257,0.00012033973743592588,0.00014769463994618038,0.003387243424580356,-0.00045023942684147613,-0.00015158912929345497
BKSC,0.0004895257908257014,0.0007220191869888298,-0.0004997019544907857,0.001107165570337894,-0.0010082769022207651,0.0010026940287362384,0.00036388994185158034,0.003618914120173581,0.0007423412554525876,0.00040453587611698476,0.002475372961604274,0.001921787815049706,1.0477279517121093e-05,0.0001599385513486687,0.001255218762728709,0.004310779171782412,0.00320707015491523,-0.005213853088195567,-0.0010064900510295758,0.0019123117036387925,-0.0008051757568926284,0.001780771949742007,-0.0002415140503867259,0.001466021632311281,-0.0006175444325969911,0.0009589684165851168,0.00339644564506751,0.0004895670233350441,0.0033233784005045675,0.00032359565056897617,-0.005721420498386448,0.0016858359764089792,-0.006598964620204117,0.0035404538150897225,0.001412551065664387,0.002659894344496206,-0.0025425095382923648,0.0016722866513001174,0.004592260604165666,0.0012585059168675333,0.0013066123930784296,0.0031062870580310952,0.0005485192618817952,-0.0013008712764486733,0.0013090305073242409,0.0006121562037835198,0.0022863916975545536,0.008615297163277582,-0.0028020819525223463,0.0006110910796901716
BLRX,0.00034587964524886513,5.990777034772972e-05,-0.00023561794342343373,0.0003980801675688748,-0.00032749796021183127,0.0008837134238721662,8.672084041955361e-05,0.0007423412554525876,0.00031477824827714563,5.657959409989641e-05,0.000536166443980251,0.0003503458693604486,0.0005342726392554717,0.00013487845595735792,0.00037778284914430284,0.0007712003030488225,0.0006414154432088299,-0.00021479334727402233,0.0005041060348892198,-1.54030136573026e-05,0.00013163851653193845,0.0003973135186297216,0.00030398309454287865,0.0010298471050475576,-6.150888690990612e-05,0.0003133799457869057,0.0006924465828704544,0.00023142878235317077,0.0006617119860460987,0.00013307380494136735,-0.0011777127060871072,0.0002540477331521981,-0.001038435352935574,4.065542751365589e-05,0.0005944214383618894,0.001040242197541241,-0.0010246091577035708,0.0005172504379271042,0.0013768877547964014,-0.00011074878237530658,-0.0002369523351563724,0.0013554319391718538,0.00033899475629285724,-0.0003554504252313728,0.00037047471249181466,0.00029867004266815396,0.0005661033511903638,0.0019292109283830282,-0.0002380663070275579,-0.0002573032726222585
CHH,4.112726820710487e-06,8.528747611951027e-05,-6.731810182025701e-05,0.00011802994502345924,-7.176253821273509e-05,-4.868975538330323e-05,5.3935839976671095e-05,0.00040453587611698476,5.657959409989641e-05,5.075004906592561e-05,0.0002772135983489654,0.00021630597296186082,-8.396963625902109e-05,-1.0064265769948343e-05,0.00011085644477315019,0.0004996925612218562,0.00036610864372011435,-0.0007289119060819878,-0.00026331523968459576,0.00026735531035004833,-0.00016269213017757654,0.0002029216897566172,-8.68517376614483e-05,-1.6899763507407846e-05,-8.562609652235452e-05,7.220643778128825e-05,0.00038394848757071173,3.755476670058774e-05,0.0003790745575678703,2.9107116146813475e-05,-0.0007223086869686589,0.00019972122170361123,-0.0007896429510985995,0.000488290218682524,0.00011048904602200011,0.00017638854437444134,-0.00015130641621633213,0.00014584680891738825,0.0004245756611457963,0.00024293745371307499,0.00021644662381672041,0.00021868236243990295,2.0983533026780593e-05,-0.00013248315148594355,0.0001407306555394845,4.4046233320261215e-05,0.00023252101414194073,0.0011411135356382781,-0.00038369792426683446,0.00011544309898075974
CMSD,0.0003334311989410793,0.0004381779967718427,-0.0005017130661197141,0.0008782334770856059,-0.0006226211841334525,0.0005953036012758001,0.0003138778339037401,0.002475372961604274,0.000536166443980251,0.0002772135983489654,0.0017192914705290174,0.0012835384812861026,0.00010558297216866101,8.032248926575364e-05,0.0008386723238933899,0.0029265781922830003,0.002211189555913757,-0.0034467870958358217,-0.0007103120114160264,0.0011845738311034174,-0.0005999208468903064,0.0012610959382802897,-0.00011340035365815817,0.0008728251256322588,-0.00043582712027097456,0.0006101053002968155,0.0023372798389370312,0.00037475147925911806,0.00228758685610862,0.00024856974577616784,-0.004258712067762724,0.0011220713598616525,-0.004461876610172321,0.0022239879214414806,0.0010280655786217327,0.0017382236370732107,-0.0016156776418454022,0.001121513773169958,0.0031423617214975733,0.0009711492118706237,0.0007573529311422744,0.002201280445657352,0.0004001669535308812,-0.0009113334280058457,0.0009585014334010947,0.00046442006622056484,0.001550797641145934,0.006765343115970428,-0.0019229123309579415,0.0002890173196415058
CPTAL,0.00024254224889162898,0.0004516362226218317,-7.876937547093759e-05,0.00044141926233978127,-0.0006000336452438153,0.000579904451991528,0.00012067254424034573,0.001921787815049706,0.0003503458693604486,0.00021630597296186082,0.0012835384812861026,0.0010580956047149428,-0.00014406364543283738,0.00010910372185053237,0.0006792251530364933,0.0023222295179150814,0.0016850349057322828,-0.002966610002737899,-0.0005652940298762096,0.0011831416472988625,-0.00039630347914309155,0.0008957443588965757,-0.00021268126885758362,0.0008654396616769598,-0.0003181803227928358,0.0005507721491641625,0.0017884567358452215,0.00020588433171009294,0.0017505569577674577,0.00013666975789216888,-0.0026573942373208374,0.000936578549314628,-0.0035858705400492116,0.0021510904202205867,0.0006583676361807537,0.001463777552179124,-0.0014473740878389312,0.0008992252707635824,0.002403731882313369,0.0005751973576171053,0.0008832513820052902,0.0015096602443269219,0.0002462490185266796,-0.0006602360183763671,0.0006176868890682091,0.0002613183952384602,0.0012211229454221688,0.003600721618753911,-0.0015071362623351391,0.0004962817950964833
CRSP,0.0007938314115481685,-0.00029705523800125353,-0.0004724017381338609,0.000586413586670335,-0.0003754484504299569,0.002169511013373449,5.67300223048501e-05,1.0477279517121093e-05,0.0005342726392554717,-8.396963625902109e-05,0.00010558297216866101,-0.00014406364543283738,0.0017438837973097654,0.0003226592884008443,0.0003870651204643764,-0.00035833082822149846,-3.933142148684009e-05,0.00277605268786563,0.0022863904467656836,-0.0013428038757614708,0.0009436354649837183,0.00011963485942529436,0.001154370378800661,0.002325754951338041,0.0002052379413322992,0.0003678186218077282,-3.1343087661554167e-07,0.00043475763449853805,-5.1307970960563906e-05,0.00022332896738075592,-0.0001183470503037169,-0.0002994611608133194,0.001012203658705208,-0.0022547396011707993,0.0010039492791541179,0.0015843568312726682,-0.0016004524284391416,0.0005617772715813576,0.0014181567620013028,-0.0011594978308203114,-0.0016621325430370695,0.0023483523765504203,0.0007394527644897122,-0.0002954573478665043,0.00034927062838231997,0.0005725585494967413,0.00031685763382174626,0.0007719157808843695,0.0010777850271610242,-0.0012671879960600599
CVBF,0.00027409153395185123,6.585506112796922e-05,0.00019742405298810544,-4.563644452299934e-05,-0.00031586598011102107,0.0009338853716800872,-0.00011577653499129113,0.0001599385513486687,0.00013487845595735792,-1.0064265769948343e-05,8.032248926575364e-05,0.00010910372185053237,0.0003226592884008443,0.000175246303961865,0.00022183590837067567,0.00012455628359500805,8.61654403072678e-05,0.00037258557117737925,0.0007257733979109087,-5.570335231479995e-05,0.00037496918540422047,1.5782159817610994e-05,0.00023352088127330455,0.0010936551995680236,6.867088261884298e-05,0.0002625682061792949,0.0001145522466811997,6.623601604493958e-05,9.46947153310291e-05,2.1651379326186743e-05,0.0005087274448372507,5.0187077548075165e-05,-8.656105528990991e-05,-0.00010133900944463335,0.0002346605018293687,0.0008000227978848869,-0.0008971418312310664,0.0003004388405016825,0.0006420075955734828,-0.0005638065594042289,-0.00015265655432495552,0.0006970382786832183,0.00019888879756455215,-9.974662050342211e-05,2.141889095629558e-05,0.00010150970902429127,0.00022877310112753407,-0.0013898889165376402,0.0002320727814143912,-7.558052804726012e-05
EFT,0.00043725778813873833,0.0002630910885012361,-7.394034241129447e-06,0.00033438211286081047,-0.0006096371393905937,0.0012543063482206825,1.348989503840163e-05,0.001255218762728709,0.00037778284914430284,0.00011085644477315019,0.0008386723238933899,0.0006792251530364933,0.0003870651204643764,0.00022183590837067567,0.0006036539237830639,0.001415903147518984,0.0010607224898845045,-0.0011179520969147952,0.00045957355765119655,0.00046255862520382194,0.00013600263922338064,0.0005689205481188028,0.00019726534777801037,0.001546368672734777,-0.00011793670211338833,0.000547163602846403,0.0011462153250196597,0.00023390820117575662,0.0011033360830554238,0.00013147569701460222,-0.0013207710355071546,0.0005458692723196974,-0.002049309198806034,0.0008712430611571855,0.0006987959702365356,0.0016131425786633836,-0.0016633147687034537,0.0008111792686336683,0.002059515252891087,-0.0001748703834936229,0.00017252717151247464,0.0017039029740001004,0.0003861796232774049,-0.000505110211473588,0.00044185135430234646,0.00031057127896927156,0.0009231448558416056,0.0014744617616952622,-0.0005966244275056847,4.887365777606813e-05
ELVT,0.0004171064185532741,0.0009257606630002334,-0.0004878916652502942,0.0011900685841128023,-0.001126581396587151,0.0007451767531577499,0.0004182805991621657,0.004310779171782412,0.0007712003030488225,0.0004996925612218562,0.0029265781922830003,0.0023222295179150814,-0.00035833082822149846,0.00012455628359500805,0.001415903147518984,0.005213824024851131,0.003829442129341828,-0.0068020946549852525,-0.001677548903251772,0.00256717573406232,-0.0011547205468174873,0.0020949029160436854,-0.000532576482425838,0.0012667448086067965,-0.0007782728553848902,0.0010682698856035577,0.0040471455607022306,0.0004901845185516828,0.003970737546977422,0.00033737901480106506,-0.006775269312169912,0.002073599120637328,-0.008079511528755984,0.004702717933414792,0.00146970018986348,0.0028423434931360435,-0.0027013540224232867,0.0018764727206417365,0.005175698146317036,0.0017369345358162094,0.001912937148854885,0.0032057047336564145,0.0004973866361220804,-0.001487273939788506,0.0014834734818007836,0.0006070887524559605,0.0026591897995850086,0.010058703149277108,-0.0035650414327712114,0.0010008468390248653
EVGBC,0.00036624996863719234,0.000609934580300516,-0.0005611436076243149,0.0010516645326083933,-0.000796323056666455,0.0006183814166373525,0.00038187888146692315,0.00320707015491523,0.0006414154432088299,0.00036610864372011435,0.002211189555913757,0.0016850349057322828,-3.933142148684009e-05,8.61654403072678e-05,0.0010607224898845045,0.003829442129341828,0.0028634284580035863,-0.004735755766898141,-0.0011046875118531445,0.001685576383946015,-0.0008410189296037692,0.0016109729600986332,-0.00025943065212295763,0.000977205054268339,-0.0005777852575009469,0.0007741615722684734,0.0030246441990259944,0.00043697935996924445,0.0029644149604955462,0.0002950371088200767,-0.0054021043606780105,0.001488783131760505,-0.005882965931934709,0.003131786635226383,0.0012292846691947634,0.0021455012180059043,-0.0019984492376551714,0.0014134343275570953,0.003953515315224811,0.0013211730251226784,0.0011625961708444496,0.002632876482111225,0.00044909421435751257,-0.0011496867984823417,0.0011934215566704823,0.000539872706267981,0.00198735357804164,0.008432468219434648,-0.0025800544625805026,0.0005203787774208683
FCG,0.0006482664348068194,-0.001447331243376684,0.00021248134724003066,-0.0008242572135966597,0.0006936675031197159,0.00241639626729522,-0.0005493887302689892,-0.005213853088195567,-0.00021479334727402233,-0.0007289119060819878,-0.0034467870958358217,-0.002966610002737899,0.00277605268786563,0.00037258557117737925,-0.0011179520969147952,-0.0068020946549852525,-0.004735755766898141,0.01204930043543876,0.005393348328388827,-0.0048256938911693525,0.0028636003635317546,-0.0024499328787979287,0.002221455769904772,0.0020857451647852687,0.001267450552758904,-0.0006745818035603894,-0.004936645142148913,-4.024406602608894e-05,-0.004918479922997399,-0.000137374384341871,0.008707249156480081,-0.0028902947256576076,0.011169637004960141,-0.008596945626676249,-0.00044480423588287213,-0.0009942678978327206,0.0007190626036891352,-0.0014185322083872635,-0.004223357452124599,-0.003999942122291567,-0.004470597053686296,-0.0006285132620815431,0.0004215298289996051,0.001416678911060391,-0.0014135667024961958,6.715175234060932e-06,-0.0027409186690118235,-0.012750604830438637,0.005899864911304784,-0.0028054825369662846
FEN,0.0012430966903978508,-0.00030835443555439403,0.0005004749204625226,-0.0001889939453335766,-0.0008558187015416407,0.004129299335670888,-0.0004824638608248182,-0.0010064900510295758,0.0005041060348892198,-0.00026331523968459576,-0.0007103120114160264,-0.0005652940298762096,0.0022863904467656836,0.0007257733979109087,0.00045957355765119655,-0.001677548903251772,-0.0011046875118531445,0.005393348328388827,0.004395328364500387,-0.001953838544054299,0.0022194145047869165,-0.0006137017917490651,0.0016819206957997541,0.004557544964401977,0.0006280038861926146,0.0007007309797234814,-0.001065590081797922,0.0003193654077244352,-0.0011350954292124829,9.411107947998529e-05,0.003952043539157547,-0.0007663970305920825,0.0032356474924310962,-0.003444545358674988,0.0008797799224727948,0.002580347050300289,-0.002951875003636321,0.0006612148806614988,0.0011407953103054918,-0.0031699763871618995,-0.0022390756947488913,0.0026147993479462167,0.0009385831038394773,1.6071676738739217e-05,-0.0002310102537401813,0.0004799675794116823,-3.570965110355903e-06,-0.007516239946044429,0.0027011948495227014,-0.0014143307579324376
FL,-0.00024771793413196574,0.0007022528808157057,0.0004073265776643447,-6.867920788786739e-05,-0.0004477064431233595,-0.0006549571727968232,6.7604731423717e-06,0.0019123117036387925,-1.54030136573026e-05,0.00026735531035004833,0.0011845738311034174,0.0011831416472988625,-0.0013428038757614708,-5.570335231479995e-05,0.00046255862520382194,0.00256717573406232,0.001685576383946015,-0.0048256938911693525,-0.001953838544054299,0.0021621947148316367,-0.0009205620123307831,0.000768215878663479,-0.000989861527446649,-0.0004189631624515375,-0.00042854721696403445,0.0003775882151744771,0.001768841617858917,-0.00011190702740460052,0.0017622339964509749,-3.4776071190612176e-05,-0.0021624063653649505,0.0011581341313924905,-0.004269868100703107,0.003783179911252944,-3.9197030923018125e-05,0.0005785593782031822,-0.0006033252653570142,0.0005769724897054736,0.0015203234746344132,0.001158888576999716,0.0020761423626435133,-3.9523275334320956e-05,-0.00024225683004313402,-0.0004502078547835228,0.0003240956447305984,-0.0001489293585743239,0.0010388737175383539,0.002061833145993763,-0.002164648761928153,0.0014362404755635088
FM,0.0005510724386001804,-0.00012931089513018758,0.0005208858115637921,-0.0003690243137693787,-0.0004171389051037069,0.0020139514558804176,-0.00035922786827370277,-0.0008051757568926284,0.00013163851653193845,-0.00016269213017757654,-0.0005999208468903064,-0.00039630347914309155,0.0009436354649837183,0.00037496918540422047,0.00013600263922338064,-0.0011547205468174873,-0.0008410189296037692,0.0028636003635317546,0.0022194145047869165,-0.0009205620123307831,0.0012039453455512912,-0.0005165459772959298,0.0007471120933425209,0.002235063027243805,0.0003749429588233691,0.00031611850665936203,-0.0008342701283027233,4.91826718569994e-05,-0.00086128448608415,-2.4576132568812258e-05,0.0029112679088669777,-0.00047092461237140495,0.002059194929405939,-0.001667708361185891,0.00020096994163554217,0.0011123243752595114,-0.0013627817119979293,0.0001983366614308293,0.0001298454339035732,-0.001788810311862126,-0.000983045236141143,0.000854639280214052,0.0003613734638276919,0.00015645919109880484,-0.00032142300084153484,0.00010614742793070049,-0.0001876242641685168,-0.005653565959627356,0.0015494612611098363,-0.0005381572708889553
GCC,0.0002108428587268564,0.00026661452990688235,-0.0005139900255054272,0.0007396469124452117,-0.0003639287490329213,0.0002570436747513355,0.00029270591030145096,0.001780771949742007,0.0003973135186297216,0.0002029216897566172,0.0012610959382802897,0.0008957443588965757,0.00011963485942529436,1.5782159817610994e-05,0.0005689205481188028,0.0020949029160436854,0.0016109729600986332,-0.0024499328787979287,-0.0006137017917490651,0.000768215878663479,-0.0005165459772959298,0.0009488387815563964,-6.683473690390993e-05,0.0004095666119258947,-0.0003349441665944792,0.00037765829673909186,0.0016966957819671985,0.00029679285502376136,0.001663014093665808,0.00019993938194825134,-0.003425898165777989,0.0007848831785462132,-0.0031907208791664304,0.0014691475176431394,0.0007703914627089658,0.0011096898659582381,-0.0009761929022425412,0.0007637848012536769,0.0022130699627971252,0.0008559348668502383,0.0004582245908788746,0.0015834111836770057,0.000288700546802956,-0.0006682790244650768,0.0007444031243341979,0.00036268671512108646,0.0010909602614799486,0.005765287689282965,-0.0014276974999546104,0.0001153619899478748
GCV,0.0005222454727110107,-0.00022105205895552943,-0.00019175101508445895,0.0002550862060609516,-0.0002368282321763177,0.0015067925227024237,-2.7679816074020335e-05,-0.0002415140503867259,0.00030398309454287865,-8.68517376614483e-05,-0.00011340035365815817,-0.00021268126885758362,0.001154370378800661,0.00023352088127330455,0.00019726534777801037,-0.000532576482425838,-0.00025943065212295763,0.002221455769904772,0.0016819206957997541,-0.000989861527446649,0.0007471120933425209,-6.683473690390993e-05,0.0007899183836177671,0.0016098301571011704,0.00019469123035641096,0.0002210685289597927,-0.00024293028062092969,0.0002443098421755181,-0.0002737438140228519,0.00011615015697375981,0.0005355147070589154,-0.00030505137947853576,0.0011276147869212346,-0.0016910082759177187,0.0005644621431492641,0.0009776374637324244,-0.0010244832683784645,0.0002923205584663485,0.000674914202050356,-0.0009690251536870573,-0.0011630509030777162,0.001378342563276353,0.0004629868143246365,-0.00010309306664776676,0.0001130669524334417,0.00032843219990711243,7.285290074304944e-05,-0.0006209539656183152,0.0009502577118459425,-0.0008439356534470179
GER,0.0018387993476871825,0.0003868863583651041,0.0008631789151880132,0.00010772098528158435,-0.0020224240162488175,0.005992144850526262,-0.000563373602485036,0.001466021632311281,0.0010298471050475576,-1.6899763507407846e-05,0.0008728251256322588,0.0008654396616769598,0.002325754951338041,0.0010936551995680236,0.001546368672734777,0.0012667448086067965,0.000977205054268339,0.0020857451647852687,0.004557544964401977,-0.0004189631624515375,0.002235063027243805,0.0004095666119258947,0.0016098301571011704,0.00699717189663229,0.0003441188142963552,0.0017178518946020498,0.0011764187995861972,0.0005793777218548705,0.0010392052557697006,0.0002408452859915752,0.0018559542166171348,0.0004539875702025283,-0.0012200431347676975,-0.0006938329995977242,0.0018342534189224572,0.005336393830738342,-0.005858875288514961,0.0021015404294245895,0.004721654968485622,-0.0032723270517314197,-0.0011506539188257422,0.005076851863880305,0.0014160768803105068,-0.0008510300664681723,0.0004365614343473974,0.0008366478882796367,0.0017279913516806144,-0.006054819320180902,0.0011679110068724837,-0.0007136071935541315
HEWG,6.687149274862526e-05,-0.00011133115249954318,0.00019218231845117157,-0.00022716526588636602,2.027683113728124e-05,0.00034600457864890274,-0.00013099210972373197,-0.0006175444325969911,-6.150888690990612e-05,-8.562609652235452e-05,-0.00043582712027097456,-0.0003181803227928358,0.0002052379413322992,6.867088261884298e-05,-0.00011793670211338833,-0.0007782728553848902,-0.0005777852575009469,0.001267450552758904,0.0006280038861926146,-0.00042854721696403445,0.0003749429588233691,-0.0003349441665944792,0.00019469123035641096,0.0003441188142963552,0.0001606142015168689,-3.917040698470023e-05,-0.0005986764728662827,-5.093504252030161e-05,-0.0005960856349619842,-4.673974730318759e-05,0.0013787772830567376,-0.0003068565162921164,0.0012562264260659378,-0.0007877020283161903,-0.00012898323676002258,-5.893482048454608e-05,-1.577874678241137e-05,-0.0001535749252920838,-0.0005215157811208718,-0.0005677200735767382,-0.00036900353833255585,-0.00018460091787153893,1.4350403110451355e-05,0.00019353891010046847,-0.00023562306572108799,-5.31671278707712e-05,-0.000315928523817374,-0.0023953261533370047,0.0006895553774931024,-0.00018488007580258546
HTLD,0.0004446823257930361,0.000254127767700365,0.00019991706994456645,0.00013103942051553836,-0.0006298091517903077,0.001407062818337595,-9.175067765334767e-05,0.0009589684165851168,0.0003133799457869057,7.220643778128825e-05,0.0006101053002968155,0.0005507721491641625,0.0003678186218077282,0.0002625682061792949,0.000547163602846403,0.0010682698856035577,0.0007741615722684734,-0.0006745818035603894,0.0007007309797234814,0.0003775882151744771,0.00031611850665936203,0.00037765829673909186,0.0002210685289597927,0.0017178518946020498,-3.917040698470023e-05,0.0005452566145861492,0.0008505453538708615,0.0001705833314124744,0.0008103669345532393,8.487073863769687e-05,-0.0004403179759208899,0.00042788040593405796,-0.001512326420019101,0.0006899220143880463,0.0005660338968868277,0.001584790430797941,-0.001696682001917559,0.0007335242890658886,0.0017633032663596003,-0.00047868168100359207,0.00013442775411923294,0.0014921173983314367,0.0003536775188853811,-0.0003894129739290865,0.00027824138951803624,0.00023811129326869822,0.0007697866401258472,-0.00024392274289312634,-0.00029690975451618145,8.16806503956235e-05
LAZR,0.0004219481569211627,0.0006517188031338816,-0.0005612610149590499,0.0010984275761187498,-0.0008813618319275546,0.000776782169500709,0.000385259503118392,0.00339644564506751,0.0006924465828704544,0.00038394848757071173,0.0023372798389370312,0.0017884567358452215,-3.1343087661554167e-07,0.0001145522466811997,0.0011462153250196597,0.0040471455607022306,0.0030246441990259944,-0.004936645142148913,-0.001065590081797922,0.001768841617858917,-0.0008342701283027233,0.0016966957819671985,-0.00024293028062092969,0.0011764187995861972,-0.0005986764728662827,0.0008505453538708615,0.003198152409975095,0.00046794371631219626,0.0031321184052524272,0.0003128677584718787,-0.005611021798005702,0.0015740797874716655,-0.0062038076003172096,0.00328618131446511,0.0013237740999451147,0.0023659512056628945,-0.0022249144166107725,0.0015279200693361856,0.004246143694133314,0.001313305271332498,0.00120579231473143,0.002862186665665132,0.0004986282810658577,-0.0012228124087494156,0.0012576301314550838,0.0005808142370923872,0.0021222085270795462,0.008672993156007421,-0.002684280205934189,0.0005400316986796906
LBTYA,0.00022851811846960032,-5.783301406199694e-06,-0.0002846848141296851,0.0003607439404265108,-0.00016287977230671296,0.0005143318447635296,0.0001094614244731584,0.0004895670233350441,0.00023142878235317077,3.755476670058774e-05,0.00037475147925911806,0.00020588433171009294,0.00043475763449853805,6.623601604493958e-05,0.00023390820117575662,0.0004901845185516828,0.00043697935996924445,-4.024406602608894e-05,0.0003193654077244352,-0.00011190702740460052,4.91826718569994e-05,0.00029679285502376136,0.0002443098421755181,0.0005793777218548705,-5.093504252030161e-05,0.0001705833314124744,0.00046794371631219626,0.00018548831727401442,0.0004478049072103829,0.0001100527262513133,-0.0010540214912969784,0.00014201574673388198,-0.0006411773712640961,-0.0001363338753082807,0.00044363206756573037,0.000623940002621741,-0.000579740642123774,0.0003242675495705979,0.000911755323665572,1.3259006066417332e-05,-0.00026900550277519057,0.0009599106243456412,0.00024505223749932554,-0.0002522651231175062,0.0002956647833933038,0.0002347707369987288,0.0003634144292753444,0.001974118741171419,-0.00015991114582020822,-0.00027570564933887786
LOTZ,0.0003819161697542942,0.0006399027692069328,-0.0005578985927502107,0.0010725823230773716,-0.0008366530600122501,0.0006608149277575047,0.00038577052126590405,0.0033233784005045675,0.0006617119860460987,0.0003790745575678703,0.00228758685610862,0.0017505569577674577,-5.1307970960563906e-05,9.46947153310291e-05,0.0011033360830554238,0.003970737546977422,0.0029644149604955462,-0.004918479922997399,-0.0011350954292124829,0.0017622339964509749,-0.00086128448608415,0.001663014093665808,-0.0002737438140228519,0.0010392052557697006,-0.0005960856349619842,0.0008103669345532393,0.0031321184052524272,0.0004478049072103829,0.003069521711263709,0.000302107953620935,-0.005544583209398734,0.0015467767587485047,-0.00610157425122596,0.0032699423435571147,0.0012669708833168,0.0022402468452909765,-0.002094481309567511,0.0014696925626027989,0.004100543278362652,0.0013487445585567185,0.0012214296361386882,0.002722839790999485,0.0004635106290303393,-0.0011888291191370854,0.0012278260493351998,0.000553900213643194,0.0020623156844021932,0.008604579444356157,-0.002669683034506907,0.0005558530826126752
MILN,0.00011189591176719322,-1.2931600660387682e-06,-0.00019992946368835676,0.00023620494715836124,-7.47899702934608e-05,0.00021402901934089113,8.378013636136751e-05,0.00032359565056897617,0.00013307380494136735,2.9107116146813475e-05,0.00024856974577616784,0.00013666975789216888,0.00022332896738075592,2.1651379326186743e-05,0.00013147569701460222,0.00033737901480106506,0.0002950371088200767,-0.000137374384341871,9.411107947998529e-05,-3.4776071190612176e-05,-2.4576132568812258e-05,0.00019993938194825134,0.00011615015697375981,0.0002408452859915752,-4.673974730318759e-05,8.487073863769687e-05,0.0003128677584718787,0.0001100527262513133,0.000302107953620935,6.777404878870462e-05,-0.0007669183933115437,0.00010202163206088481,-0.00046305744418469473,-2.2166889175634348e-05,0.00025770109499883437,0.000317440832327573,-0.00027821342191924696,0.00018216559716405974,0.0005340532606406827,8.981804452118898e-05,-0.00012586261635485544,0.0005364903685488929,0.0001312474461519723,-0.0001571345519280827,0.00019224572867837262,0.0001371574005808297,0.00022214513741699294,0.0014583309673991262,-0.00016029281878020033,-0.00014813586162392927
MKD,-5.8454670704961215e-05,-0.00048322344033936314,0.003019173309192082,-0.0032376666774543983,0.00016147585649114483,0.0018025717408199416,-0.0015995439283210226,-0.005721420498386448,-0.0011777127060871072,-0.0007223086869686589,-0.004258712067762724,-0.0026573942373208374,-0.0001183470503037169,0.0005087274448372507,-0.0013207710355071546,-0.006775269312169912,-0.0054021043606780105,0.008707249156480081,0.003952043539157547,-0.0021624063653649505,0.0029112679088669777,-0.003425898165777989,0.0005355147070589154,0.0018559542166171348,0.0013787772830567376,-0.0004403179759208899,-0.005611021798005702,-0.0010540214912969784,-0.005544583209398734,-0.0007669183933115437,0.014656718190844326,-0.002418291091374025,0.010477023995084395,-0.004311114411819783,-0.002381372088302483,-0.001487635141946872,0.0005899807938189476,-0.0017883402024827292,-0.006053042189303287,-0.004827359654285334,-0.0012689376725387356,-0.004131475748361261,-0.0006350338363421374,0.0021572709541278923,-0.002809890313409301,-0.0012238110636992841,-0.0031271359278781906,-0.02737353184931589,0.005481978948371488,5.510156716455494e-05
MTA,0.00012089508013651202,0.00041475739427692716,-6.0558383154773234e-05,0.00035455408414739064,-0.0004641516624772087,0.0002326784681523423,0.00011804735303293377,0.0016858359764089792,0.0002540477331521981,0.00019972122170361123,0.0011220713598616525,0.000936578549314628,-0.0002994611608133194,5.0187077548075165e-05,0.0005458692723196974,0.002073599120637328,0.001488783131760505,-0.0028902947256576076,-0.0007663970305920825,0.0011581341313924905,-0.00047092461237140495,0.0007848831785462132,-0.00030505137947853576,0.0004539875702025283,-0.0003068565162921164,0.00042788040593405796,0.0015740797874716655,0.00014201574673388198,0.0015467767587485047,0.00010202163206088481,-0.002418291091374025,0.0008478178626966824,-0.003249780881313177,0.002091769902261303,0.00047985281706867087,0.0010788147872912387,-0.0010504211200250847,0.0007181332255676924,0.0019467983770726457,0.000670442309377825,0.0009280187433906742,0.0010762209452707784,0.00013800294551163256,-0.0005516730399528142,0.0005200553845524618,0.00017644560440431353,0.0010316290398635491,0.003322386161893891,-0.0014492281967879717,0.0005448637753373828
NAIL,-0.00040981450163231565,-0.0014815547710695161,0.0006736766198056393,-0.0017010387787404623,0.001591157017053425,-0.000481596612150544,-0.0006496309434957393,-0.006598964620204117,-0.001038435352935574,-0.0007896429510985995,-0.004461876610172321,-0.0035858705400492116,0.001012203658705208,-8.656105528990991e-05,-0.002049309198806034,-0.008079511528755984,-0.005882965931934709,0.011169637004960141,0.0032356474924310962,-0.004269868100703107,0.002059194929405939,-0.0031907208791664304,0.0011276147869212346,-0.0012200431347676975,0.0012562264260659378,-0.001512326420019101,-0.0062038076003172096,-0.0006411773712640961,-0.00610157425122596,-0.00046305744418469473,0.010477023995084395,-0.003249780881313177,0.012644840392069215,-0.007773905990548556,-0.0019860972209033555,-0.003865464286925039,0.0036284163050319777,-0.002703446801368762,-0.007518985207238364,-0.0030368391970075487,-0.0033547488319256233,-0.004263656218980701,-0.0005587089164559183,0.0022011457675456306,-0.0021960698456728813,-0.000782832587941171,-0.003976263057245081,-0.015523290594418962,0.00577246954253605,-0.0018471182475248973
OBLG,-0.00039347942761329695,0.001226842538674191,0.0005761209388178766,2.6467787015810807e-05,-0.0008019866230416207,-0.0011095873945791584,7.347734883593921e-05,0.0035404538150897225,4.065542751365589e-05,0.000488290218682524,0.0022239879214414806,0.0021510904202205867,-0.0022547396011707993,-0.00010133900944463335,0.0008712430611571855,0.004702717933414792,0.003131786635226383,-0.008596945626676249,-0.003444545358674988,0.003783179911252944,-0.001667708361185891,0.0014691475176431394,-0.0016910082759177187,-0.0006938329995977242,-0.0007877020283161903,0.0006899220143880463,0.00328618131446511,-0.0001363338753082807,0.0032699423435571147,-2.2166889175634348e-05,-0.004311114411819783,0.002091769902261303,-0.007773905990548556,0.006643163363015001,6.477733312336882e-05,0.0011328615484726343,-0.0011434778866976298,0.0010954886430004653,0.002933436022921852,0.0021437387888785723,0.0035860729782017427,0.00018908195045595273,-0.00036507661507761106,-0.0008765952321860399,0.0006836502327365446,-0.00018832582646547753,0.0019379885598005272,0.004635747403302214,-0.003922108721032173,0.0024410235798738747
PPD,0.0006332107658681147,0.00010003662932772282,-0.0005003465392466414,0.0007898254536469188,-0.0005838497842310857,0.0015773255868966126,0.0001903152371645294,0.001412551065664387,0.0005944214383618894,0.00011048904602200011,0.0010280655786217327,0.0006583676361807537,0.0010039492791541179,0.0002346605018293687,0.0006987959702365356,0.00146970018986348,0.0012292846691947634,-0.00044480423588287213,0.0008797799224727948,-3.9197030923018125e-05,0.00020096994163554217,0.0007703914627089658,0.0005644621431492641,0.0018342534189224572,-0.00012898323676002258,0.0005660338968868277,0.0013237740999451147,0.00044363206756573037,0.0012669708833168,0.00025770109499883437,-0.002381372088302483,0.00047985281706867087,-0.0019860972209033555,6.477733312336882e-05,0.0011260739249235848,0.0018972044175201903,-0.0018493862910024337,0.000957833697735969,0.002577312253512092,-0.00012912551967504413,-0.0004563775586939972,0.002539084690011884,0.0006327548879727598,-0.0006763460164699855,0.0007205703299837318,0.0005697746194111604,0.0010622118503401114,0.00401068476487523,-0.0004889774459007545,-0.0005042226371272294
