,ACAD,AJX,CABA,CHH,CHIL,COGT,CVLT,D,DCOMP,DUK,DUKH,ENVB,GDOT,GSEW,IHD,IYG,JHMS,JO,MPV,QINT,RMBL,SKT,SMFG,SQLV,TIMB,TPR,TTP,USAK,USEQ,WDFC,WLDN,WMB,BCX,CMCM,FNDA,FRPT,ICLN,MYC,NPO,ORBC,ORLY,PAYX,STLV,STXB,FISV,XXII,COMS,GER,IMRA,VEEV
ACAD,9.351180810992322e-05,-0.00018876980524206366,5.0305613424149353e-05,-0.0001559238885615069,-0.00012899036443637452,0.0008911749256724106,-0.00018081549227609293,7.364050930483238e-05,0.00012786716570647243,0.00010159582819810381,-4.263995917823129e-06,-0.0019728500445594602,-0.0003851966956384386,-3.65902016032603e-05,-8.399065382949178e-05,-6.99504516924354e-05,2.529207465354001e-06,-0.00014119196428645213,-2.785589761321303e-05,8.84632802131873e-06,-4.794958981218233e-05,-0.0002963920846752101,7.23211545682073e-05,-0.00014155036727762137,-0.0002261065589574487,-0.0004417944197078329,-7.188863361459635e-05,-0.00020336172906567377,-4.004186204718645e-05,4.6944100248788034e-05,0.00011700924096977219,-0.0001650219346716694,-8.472306168533892e-05,-0.00025249141400924624,-0.00011963240824690844,-0.0001783160344182137,-0.0001330795440988026,6.644003603410697e-05,-0.0001830558080161773,4.6468086968221934e-05,-5.607755276202085e-05,3.8768032969051106e-05,-6.759730342913906e-05,-0.00016147064176586366,2.233805382769239e-05,-0.0001799098207774364,3.953479284331779e-05,-2.317220189878333e-05,0.000512443994418254,0.00013478497093589125
AJX,-0.00018876980524206366,0.0009385550550895562,-0.00022005895416461302,0.0007162499551156703,0.00022527916543487825,-0.0016893793597985447,0.0002899901558308461,-0.0002078631629076287,-0.00020857672080498423,-6.245355057769676e-06,5.1576084002838826e-05,0.0026598793136788854,0.00039352715121354436,9.864703093201688e-05,0.0002620932412193004,0.00038411307947976907,-4.069223961075313e-06,0.0007278791738689448,0.00013941522337470116,0.00016706403194070233,0.0007464521904400556,0.0015451841826334377,1.083097330914576e-05,0.0003667465289720218,0.0005308590444957163,0.0017194502199649186,-0.0002771942990616247,-0.0005529704880161029,0.00021743515008466706,-0.00024383904034949516,0.0008012725827536468,0.00022033124757685123,0.0003499556642557055,0.0009501765219634324,0.0004755792400483088,0.0013882564488353667,0.00034431588656468005,-9.926131273284788e-05,0.00046390098841744555,0.0021982077620808266,4.994830779638115e-05,-0.00020826135268801156,0.0002749269597259317,0.0007875072881561424,0.00013427081673328905,-0.00044340813235495686,-0.0014522534399383966,3.5890557069204375e-05,-0.0003863206354232072,-0.0009307803949531072
CABA,5.0305613424149353e-05,-0.00022005895416461302,0.0005045835525630564,-0.00021400244019902494,-1.938669563744204e-05,0.0003445910087845775,0.000296121720080768,0.0001576844850727874,1.9938132598479585e-05,4.3926354531270795e-05,-3.847197460464164e-06,-0.012445045498523233,0.00032029325260251115,-0.0001093583710633587,-0.0001752139497124744,-0.0002120759978294709,2.238374133296211e-05,-0.00023100117560818025,-0.000131330799507533,-3.415793645214429e-05,0.001220088561044476,-0.0007535306531138254,-0.00027969765506917596,-0.00014979807238773305,-0.0006315558552563934,-0.000727596731185748,9.103335361225715e-05,-0.001282489990348179,-3.654923652807655e-05,0.00020464731351046823,-0.0005030145833944489,0.00012893711840985503,-4.804258883297539e-05,-0.0007773387453447295,-0.0002847185123712661,0.0005394414128492334,2.3136594216926007e-06,-0.0001019554412875859,-0.0006947957182741237,-0.0010489302035483828,-2.0607153429002618e-06,-0.0001156829019921152,-0.00016709312501170034,-0.00043322854799252497,0.0001666980432951628,-0.00010327139539300166,-0.000739508456781658,-9.256228616800002e-05,0.0005878134465895088,0.0006848354879480566
CHH,-0.0001559238885615069,0.0007162499551156703,-0.00021400244019902494,0.0005535668185675479,0.00018558511969859107,-0.0013959877824044294,0.00021010820029165696,-0.00017587087871258846,-0.00017373463865743297,-2.9323513484490256e-05,3.730430591611096e-05,0.0034917097155253815,0.00032156095815261197,8.72148840638148e-05,0.00021761964459389798,0.000303728461170114,-5.5736930234289564e-06,0.0005603914282176457,0.00011612046629537793,0.00011838659709680489,0.0004108223000675697,0.001215002596118552,2.058826533902011e-05,0.0002999464732965964,0.0004795233105927459,0.0013637658273522747,-0.00018822387221304645,-0.00021839672115248372,0.00016375651176755602,-0.00020025606460163204,0.000586252142208869,0.0001747527930722596,0.0002666073275981786,0.0007924647120639611,0.000384944260271324,0.0009533492601005,0.0002674890019433935,-7.27820706725875e-05,0.0004302377301810526,0.0016312432083981584,4.649997482459758e-05,-0.00014201534539394462,0.00022246281339994604,0.0006262109388678369,7.284074145008225e-05,-0.00026328321129593356,-0.0009501353153279837,3.895530936080735e-05,-0.0004322262915328611,-0.0007458704764194838
CHIL,-0.00012899036443637452,0.00022527916543487825,-1.938669563744204e-05,0.00018558511969859107,0.00018414177015882904,-0.0012466804944874367,0.000289640460876124,-8.793041893894542e-05,-0.00018310425105462572,-0.00014969804828288575,3.888606907950466e-06,0.0017075737450584147,0.0005974629050698127,4.097340461735899e-05,9.96494310332552e-05,6.964156194755001e-05,-1.5561277124704126e-06,0.00016114151483705255,2.3906468106287095e-05,-2.3811916596992188e-05,0.00015539012702140136,0.00031226797422007123,-0.00013646580211468668,0.0001848461004833617,0.0002607348362763133,0.0005277582390585092,0.0001295159944416889,0.0002116060630333797,4.79501712044009e-05,-4.14747195029008e-05,-0.0002592287055649006,0.0002529559672177121,0.0001089438471146281,0.00026901882117607716,0.000134233976699613,0.00026152280605079564,0.0001872680589862874,-0.00010609640157564441,0.00019236724361829672,-0.0002636264098180257,8.271598299616767e-05,-6.072979166453878e-05,7.499652907695732e-05,0.0001703170372023026,-2.3975695040127374e-05,0.0002822302411191064,-6.708844147122216e-05,2.489869992358453e-05,-0.0007053707909402191,-0.00010001858009936929
COGT,0.0008911749256724106,-0.0016893793597985447,0.0003445910087845775,-0.0013959877824044294,-0.0012466804944874367,0.008542016168314168,-0.0018309974894439264,0.0006641512889872117,0.0012377729896693988,0.0009995355473741596,-3.40569734701162e-05,-0.01618541681781755,-0.0038564001260000284,-0.0003230238424264257,-0.0007550325123417813,-0.0005885944540392148,1.9069612529559622e-05,-0.0012434807342624817,-0.00022478774487452326,0.0001205680470767475,-0.0006704604562623741,-0.0025416222565649454,0.0007903948696897515,-0.001319146431855086,-0.002018357087886918,-0.003970194971871459,-0.0007779840716975402,-0.0017877604648412048,-0.0003582028033470354,0.00038165317431011785,0.0014042577265924766,-0.0016426159547802605,-0.000781007524705879,-0.0021845758369631817,-0.001052019309297787,-0.0017077351557404684,-0.0012755681494415905,0.0006721559275786448,-0.0015839011692181985,0.0010381476922357766,-0.0005504749449129725,0.00038438008445466096,-0.0005920076280824226,-0.001386871865802072,0.00020061093665274494,-0.0018292691337901956,0.00036643096815193845,-0.00020265447119082797,0.004900136219603744,0.0010385515049986592
CVLT,-0.00018081549227609293,0.0002899901558308461,0.000296121720080768,0.00021010820029165696,0.000289640460876124,-0.0018309974894439264,0.0006746818281107936,-4.640478912861347e-05,-0.00028588616025178304,-0.00019688434752050668,8.788663276915585e-06,-0.005741073636998897,0.0011685591668154165,-3.0163144753207607e-06,5.7864154212001953e-05,9.225069709283523e-08,1.269663929292173e-05,0.00016259601253659068,-3.966008926563236e-05,-4.1661128834138446e-05,0.0011601629184948314,0.00011791904493456561,-0.00039898464547974627,0.0002157149893806406,1.4886365131226557e-05,0.0004808759694949979,0.00022915465619747634,-0.0006269200514749108,7.075115488519256e-05,5.2539729580709404e-05,-0.0006540914445595662,0.0004959285537231133,0.00016942636223175512,-2.8225311380114755e-05,5.746562323926302e-05,0.0009190096113024477,0.00032223461142286743,-0.00024187829193809274,-0.00013959896974687975,-0.0008878459162075166,0.00012917732661513643,-0.00019446373021631902,2.7549823663443135e-05,4.296185934478604e-05,9.356107865562075e-05,0.00030792393055327364,-0.0007700444128207425,-2.2496769345144286e-05,-0.0007026492655469781,0.00022212888003306724
D,7.364050930483238e-05,-0.0002078631629076287,0.0001576844850727874,-0.00017587087871258846,-8.793041893894542e-05,0.0006641512889872117,-4.640478912861347e-05,8.887837483286617e-05,8.649793778350734e-05,6.624427935374101e-05,-6.153456860071005e-06,-0.004133395147864138,-0.00015857690286307777,-5.113025751764494e-05,-0.00010170638667615688,-0.00010952240625799961,6.835638282053425e-06,-0.00017242443688587433,-5.3778903378712675e-05,-1.2581132424560192e-05,0.0002159886182752668,-0.00042557000687944797,-2.622628541028793e-05,-0.00013323311891345557,-0.00030118641679666917,-0.0005090321025582509,-2.4489368153962884e-06,-0.00037914810147670155,-4.2768811234404435e-05,8.724500698118054e-05,-9.858976866551679e-05,-7.279673201889488e-05,-7.742695025870756e-05,-0.00037338080090652023,-0.0001588546278304938,-5.048908223233851e-05,-9.185077663889613e-05,1.823641237499155e-05,-0.0002885618969125925,-0.00034364351123691156,-3.402446657053374e-05,6.051135290588587e-06,-9.156027782076648e-05,-0.00023406773407837927,4.350527240292712e-05,-9.75142831254925e-05,-6.855679511048815e-05,-3.631006180378269e-05,0.0004396358097045928,0.00028623942754692303
DCOMP,0.00012786716570647243,-0.00020857672080498423,1.9938132598479585e-05,-0.00017373463865743297,-0.00018310425105462572,0.0012377729896693988,-0.00028588616025178304,8.649793778350734e-05,0.00018249343858641744,0.0001539209474919648,-2.6540160938532067e-06,-0.001827060729488607,-0.0005986167118481509,-4.068044323697978e-05,-9.727497693898578e-05,-6.365870748192509e-05,1.750972481680439e-06,-0.00014854747503243416,-2.233941243484922e-05,2.8497502103925794e-05,-0.00012506791141890327,-0.0002878590909468013,0.00013699371703127327,-0.00018157549318582308,-0.00026070623342262734,-0.0005039547815246055,-0.00013921454489007783,-0.00024697899676103126,-4.3801118481204126e-05,3.843026182421335e-05,0.00028146078883539287,-0.00025208516213326036,-0.00010296106763636433,-0.0002596972473968103,-0.00012832921109873216,-0.0002247804927532451,-0.00018286982896973373,0.00010498425906016364,-0.00019310650680710428,0.0003169361079078258,-8.354333825300584e-05,5.536483763497055e-05,-7.154515382019618e-05,-0.0001587450026555577,3.0152254434471435e-05,-0.0003026160246428246,2.124762187909176e-05,-2.5671872649764426e-05,0.0007201995070664129,8.575486976754815e-05
DUK,0.00010159582819810381,-6.245355057769676e-06,4.3926354531270795e-05,-2.9323513484490256e-05,-0.00014969804828288575,0.0009995355473741596,-0.00019688434752050668,6.624427935374101e-05,0.0001539209474919648,0.00018350073465209422,1.1221805492004402e-05,-0.003428556290715541,-0.0005243906179168397,-3.6799398919979845e-05,-6.593878552907761e-05,2.0775726883237883e-06,4.59882793148821e-06,3.1225076965881994e-07,-7.474307751971942e-06,7.559566549528239e-05,0.00027612775331659615,-1.1681069041160649e-05,0.00011461686289098309,-0.00012883052032058704,-0.0002535616739511125,-0.00020669325898781156,-0.00022594804059154414,-0.0006606776794821648,6.198134355665235e-06,8.130581477171169e-06,0.000473081223778673,-0.00020600975011844772,-2.574784357811276e-05,-0.00015541415643467358,-5.837970396564773e-05,0.00023258316594222125,-0.00011131879264673298,7.553230338734644e-05,-0.00020540344016620692,0.0008270797464842323,-8.246429618338427e-05,-1.5696688957694416e-05,-3.1115270066059254e-05,-2.8116044830960524e-05,0.00010168860948880454,-0.0004955614481902496,-0.0005199583442637261,-3.480489834638528e-05,0.0008192917531254726,-5.556928567136599e-05
DUKH,-4.263995917823129e-06,5.1576084002838826e-05,-3.847197460464164e-06,3.730430591611096e-05,3.888606907950466e-06,-3.40569734701162e-05,8.788663276915585e-06,-6.153456860071005e-06,-2.6540160938532067e-06,1.1221805492004402e-05,3.63326390752406e-06,-0.0002074789910648451,-4.564447481972608e-06,2.1640546679719103e-06,9.113112117612736e-06,1.985337142750264e-05,3.205766849694707e-07,3.955066846930325e-05,6.028012385676602e-06,1.385602178792512e-05,7.545311083223075e-05,7.991141531900147e-05,4.0085884041816995e-06,1.1752007606246181e-05,7.765613649233852e-06,7.867077153032566e-05,-2.8602505615802138e-05,-8.808046489485345e-05,1.2589686136159853e-05,-1.115505053985501e-05,6.883886679158373e-05,2.0780043062367512e-06,1.825017443347794e-05,3.6281123367124324e-05,2.0637620628730346e-05,0.00010169818000988219,1.3408785438923561e-05,-2.5262897665047984e-06,5.96308308424645e-06,0.00016470478826232437,-2.072536394621847e-06,-1.453900696538296e-05,1.2057296031854959e-05,3.877628828041599e-05,1.603719515544726e-05,-5.694619531349733e-05,-0.00012522314362240736,-1.1635991221573037e-06,3.41285589574459e-05,-4.899921987180844e-05
ENVB,-0.0019728500445594602,0.0026598793136788854,-0.012445045498523233,0.0034917097155253815,0.0017075737450584147,-0.01618541681781755,-0.005741073636998897,-0.004133395147864138,-0.001827060729488607,-0.003428556290715541,-0.0002074789910648451,0.3455801243000325,-0.002460567945352034,0.002889860836120986,0.004398382876231047,0.004066548433535714,-0.0006036551519099033,0.003498729406564781,0.002934696425415221,-0.0006354956647202375,-0.036220605078988964,0.014136447587546563,0.005458751393278347,0.004249414267223101,0.0173357469924514,0.01545473913392037,0.0014887892558084362,0.042110366034366666,0.00015886363084580837,-0.004445774525163336,0.003977836421834944,-0.0012470091601899792,0.0004456114164819614,0.018410695076114626,0.006368120084695969,-0.02069995381617156,0.00030735669741089466,0.0018755017129543608,0.01849892662040263,0.008712022529632216,0.0009550843223191668,0.003724319576757282,0.003709800487817975,0.00871354989783435,-0.0058690831789979785,0.010298257836243638,0.029565097431070532,0.0026399509143342735,-0.023951596278380116,-0.013460875563888756
GDOT,-0.0003851966956384386,0.00039352715121354436,0.00032029325260251115,0.00032156095815261197,0.0005974629050698127,-0.0038564001260000284,0.0011685591668154165,-0.00015857690286307777,-0.0005986167118481509,-0.0005243906179168397,-4.564447481972608e-06,-0.002460567945352034,0.002290802870971693,5.044891660106633e-05,0.00017344035504374128,-2.543578897469079e-07,9.807816286045156e-06,0.00021647809378844924,-3.98150915640836e-05,-0.00016344688782037641,0.0011141899383481134,0.00018140813506486097,-0.0006871392254954981,0.0004716503333408698,0.0003930681315761904,0.0009401879971913513,0.0006264242733406474,0.00014321577466340529,8.466427831420737e-05,5.4920175813511356e-05,-0.001537201754765767,0.0009484377316079846,0.0002607921204978395,0.0001965682153985556,0.0001633675435242363,0.0008678930094565409,0.0005847609479988848,-0.0004261242184295075,0.00012100394043038358,-0.002348725659224656,0.0002890237778716605,-0.00023196561898577062,8.320852232612023e-05,0.00010246302422207881,-2.5523756357084056e-05,0.0011213468452776895,-0.000254864578884584,2.1717079787891228e-05,-0.0021138867803765023,0.0003641313668610451
GSEW,-3.65902016032603e-05,9.864703093201688e-05,-0.0001093583710633587,8.72148840638148e-05,4.097340461735899e-05,-0.0003230238424264257,-3.0163144753207607e-06,-5.113025751764494e-05,-4.068044323697978e-05,-3.6799398919979845e-05,2.1640546679719103e-06,0.002889860836120986,5.044891660106633e-05,3.116952620064217e-05,5.757183396431514e-05,6.108599998762938e-05,-4.907668665253141e-06,8.629939002257813e-05,3.300842462331948e-05,4.6859691568993966e-06,-0.00021061274086844867,0.0002313666547071686,3.190474952929362e-05,6.951828643160767e-05,0.00018398201803326337,0.0002682545239235935,1.9035408824148316e-06,0.0002938619915367913,1.9122642032719304e-05,-5.2557848750833184e-05,6.479308008528998e-05,2.3405529081078672e-05,3.446795941302797e-05,0.00022061374689240555,8.905176648477734e-05,-4.386476974998125e-05,3.864405669021276e-05,-1.356168029744231e-07,0.00018335461043772735,0.0001931902273369413,1.63948892826356e-05,9.686504888896145e-06,5.150746465956833e-05,0.000130024283836529,-3.674577370687974e-05,6.774529654093682e-05,0.00011992214310114153,2.3961174450349375e-05,-0.00025565672823541505,-0.00017015585231708116
IHD,-8.399065382949178e-05,0.0002620932412193004,-0.0001752139497124744,0.00021761964459389798,9.96494310332552e-05,-0.0007550325123417813,5.7864154212001953e-05,-0.00010170638667615688,-9.727497693898578e-05,-6.593878552907761e-05,9.113112117612736e-06,0.004398382876231047,0.00017344035504374128,5.757183396431514e-05,0.00011772596077812504,0.0001331134644798614,-7.282554968269899e-06,0.00021519018706747027,6.289956233174891e-05,2.2655622683903218e-05,-0.0001867495081219551,0.0005192291119339487,3.067372206399534e-05,0.00015435223429214793,0.0003359880413357491,0.0006108043471981578,-1.5277919716419617e-05,0.0003588928182761947,5.521809926998582e-05,-0.00010294705639093076,0.00015140007951331425,8.222901951237638e-05,9.712037849735881e-05,0.0004335715005045034,0.00018793195746793365,0.00012251142977639558,0.00011013548264504935,-2.2101495352125123e-05,0.0003206768212433576,0.0004818800209234472,3.629085303156053e-05,-1.6346450509491795e-05,0.00010841398638659027,0.0002822148416429239,-3.733020637087559e-05,7.111315543613374e-05,-6.5441636917916044e-06,3.9112023085076495e-05,-0.0004624466033798134,-0.0003456362955117083
IYG,-6.99504516924354e-05,0.00038411307947976907,-0.0002120759978294709,0.000303728461170114,6.964156194755001e-05,-0.0005885944540392148,9.225069709283523e-08,-0.00010952240625799961,-6.365870748192509e-05,2.0775726883237883e-06,1.985337142750264e-05,0.004066548433535714,-2.543578897469079e-07,6.108599998762938e-05,0.0001331134644798614,0.00019150649365376655,-7.208071427069421e-06,0.000315112474272354,8.386880635294744e-05,7.384886341191144e-05,-5.68265190066561e-05,0.0007409228597558379,9.168261206376924e-05,0.00015650023068457654,0.00033571435511991034,0.0007763332123908906,-0.0001410744052293455,0.00010642458808641478,8.566363621107563e-05,-0.0001401719983711108,0.00045829787235882903,2.1696771979484048e-05,0.0001316796178567282,0.000529546438699322,0.00023780083473146348,0.0003495747931999808,0.00010808678587031012,8.626854902475882e-07,0.00033450869595725094,0.0011231932403570877,1.0407169534999267e-05,-4.106930657647959e-05,0.0001384002963381463,0.0003892912043376791,9.092805668347733e-06,-0.00016854764879999096,-0.0003418004491149735,3.496525189114077e-05,-0.00022308103118764088,-0.0005160591745407123
JHMS,2.529207465354001e-06,-4.069223961075313e-06,2.238374133296211e-05,-5.5736930234289564e-06,-1.5561277124704126e-06,1.9069612529559622e-05,1.269663929292173e-05,6.835638282053425e-06,1.750972481680439e-06,4.59882793148821e-06,3.205766849694707e-07,-0.0006036551519099033,9.807816286045156e-06,-4.907668665253141e-06,-7.282554968269899e-06,-7.208071427069421e-06,1.0680231727502558e-06,-5.855875873630319e-06,-5.2324265260602265e-06,6.01498464448538e-07,6.49090903259568e-05,-2.470406315582114e-05,-1.1149815739496379e-05,-6.3281484141310615e-06,-2.9182269735258373e-05,-2.5157446705843546e-05,-8.540324634437118e-07,-7.200414609683095e-05,-1.7013130116462065e-07,7.929399648527899e-06,-1.1128993980128546e-05,4.4256553348439885e-06,-2.8830633062280236e-07,-3.174088563828343e-05,-1.081273860942899e-05,3.719452921869329e-05,7.676756874817471e-07,-4.25707987977592e-06,-3.183936336332324e-05,-2.203646725884411e-05,-9.457924467228409e-07,-6.903465261328514e-06,-6.328065426769236e-06,-1.5168167546158386e-05,9.992832998688861e-06,-1.4722728828323284e-05,-5.091350877628625e-05,-4.517361694576226e-06,3.619510468221457e-05,2.4602551985726667e-05
JO,-0.00014119196428645213,0.0007278791738689448,-0.00023100117560818025,0.0005603914282176457,0.00016114151483705255,-0.0012434807342624817,0.00016259601253659068,-0.00017242443688587433,-0.00014854747503243416,3.1225076965881994e-07,3.955066846930325e-05,0.003498729406564781,0.00021647809378844924,8.629939002257813e-05,0.00021519018706747027,0.000315112474272354,-5.855875873630319e-06,0.000573181811146098,0.00012142290087767487,0.00013348823736908272,0.00040212265256390356,0.0012525776100935902,5.379142436000892e-05,0.00028566956851533833,0.0004670444708031361,0.0013667747382715269,-0.00023231078285002464,-0.00027279350497918544,0.00016708454410503784,-0.0002091895274055917,0.0006939887012715688,0.00013347669031024115,0.0002652687225175938,0.0008049096403521696,0.00038955070523229716,0.0009711088444416438,0.0002489296231211738,-5.5082281883009866e-05,0.00042895111981717626,0.0018295627732597781,3.244896258911207e-05,-0.0001397000102854664,0.0002257006747838007,0.0006438743654693909,8.279387607065458e-05,-0.00034513294717212204,-0.001008215192408425,3.7435688659612385e-05,-0.00031944503419761546,-0.0007903566428797472
MPV,-2.785589761321303e-05,0.00013941522337470116,-0.000131330799507533,0.00011612046629537793,2.3906468106287095e-05,-0.00022478774487452326,-3.966008926563236e-05,-5.3778903378712675e-05,-2.233941243484922e-05,-7.474307751971942e-06,6.028012385676602e-06,0.002934696425415221,-3.98150915640836e-05,3.300842462331948e-05,6.289956233174891e-05,8.386880635294744e-05,-5.2324265260602265e-06,0.00012142290087767487,4.223016989780886e-05,2.4871351380220388e-05,-0.00019065779525655977,0.0003152521774181116,6.407906455125234e-05,6.656106052950115e-05,0.00018623251276622552,0.0003235827708551634,-5.0309222693408536e-05,0.00021736644686425922,2.9250309552684534e-05,-6.844480843665658e-05,0.00019529005249439808,-9.930064569975651e-06,4.4176962975872185e-05,0.0002604408111276826,0.00010777593251445696,2.0283345673572132e-05,3.130459717594885e-05,1.3828270735604859e-05,0.00019430531139264965,0.0004561222437966862,4.068817035133827e-06,4.863799305650857e-06,6.289171224300476e-05,0.00017111663970624148,-2.1947134395821486e-05,-2.794424673306622e-05,1.3018411755628745e-05,2.325386973209836e-05,-0.00015407803667709917,-0.00024145433273366315
QINT,8.84632802131873e-06,0.00016706403194070233,-3.415793645214429e-05,0.00011838659709680489,-2.3811916596992188e-05,0.0001205680470767475,-4.1661128834138446e-05,-1.2581132424560192e-05,2.8497502103925794e-05,7.559566549528239e-05,1.385602178792512e-05,-0.0006354956647202375,-0.00016344688782037641,4.6859691568993966e-06,2.2655622683903218e-05,7.384886341191144e-05,6.01498464448538e-07,0.00013348823736908272,2.4871351380220388e-05,6.217656268128023e-05,0.00021215986159951893,0.00028569898139062824,5.861303293612417e-05,1.3429045669475603e-05,2.8676384344117535e-06,0.00023245520557022917,-0.00014684935598555443,-0.00034002888873795766,4.1536187428396896e-05,-4.487930340415819e-05,0.0003549043224691115,-5.2857317201257196e-05,5.136696448566822e-05,0.00012174687556080213,6.617993920457345e-05,0.00032496221342726445,1.2589293232813993e-05,1.773518037262306e-05,1.3485563018826323e-05,0.0007641561448730242,-2.6273870637566643e-05,-3.959704908184155e-05,3.944834706360096e-05,0.00013760740352971486,6.177643513521295e-05,-0.00028472254149663134,-0.00045241981992605535,-5.874796771286854e-06,0.00026385804379639756,-0.00020533039733248334
RMBL,-4.794958981218233e-05,0.0007464521904400556,0.001220088561044476,0.0004108223000675697,0.00015539012702140136,-0.0006704604562623741,0.0011601629184948314,0.0002159886182752668,-0.00012506791141890327,0.00027612775331659615,7.545311083223075e-05,-0.036220605078988964,0.0011141899383481134,-0.00021061274086844867,-0.0001867495081219551,-5.68265190066561e-05,6.49090903259568e-05,0.00040212265256390356,-0.00019065779525655977,0.00021215986159951893,0.005016202652305537,5.352972980076489e-05,-0.0007271590761927281,-5.683184033976387e-06,-0.0013091189169939642,0.00023023349832677477,-0.0003330878119306238,-0.005234451749952981,0.0002226476747192757,0.0002541357807084874,9.212358358306947e-05,0.0005459437859976609,0.0003607860885998037,-0.0010335505553592601,-0.00018786331861063595,0.0039025717451656033,0.0004317647610082378,-0.0003920834106898734,-0.0015593296405664713,0.0008519813962819296,-1.0009695178846911e-07,-0.0006736917797304988,-0.00011390105746233894,-0.00013891250189278188,0.0007874986880465791,-0.0013921468241486832,-0.00484000663587652,-0.0002529553348948129,0.0018691281271036586,0.0006083985261869703
SKT,-0.0002963920846752101,0.0015451841826334377,-0.0007535306531138254,0.001215002596118552,0.00031226797422007123,-0.0025416222565649454,0.00011791904493456561,-0.00042557000687944797,-0.0002878590909468013,-1.1681069041160649e-05,7.991141531900147e-05,0.014136447587546563,0.00018140813506486097,0.0002313666547071686,0.0005192291119339487,0.0007409228597558379,-2.470406315582114e-05,0.0012525776100935902,0.0003152521774181116,0.00028569898139062824,5.352972980076489e-05,0.002888743186072195,0.0002848557153566996,0.000635236197427852,0.0012721415482280338,0.003078626357112124,-0.0005240981440112712,0.00020470948756790426,0.0003467450920415357,-0.0005302529519243513,0.001691187776874738,0.0001632338506256908,0.0005415440216587294,0.0020241917863529062,0.0009249060757152458,0.001570104687723093,0.0004721803650972328,-3.823768537714849e-05,0.0012409158941518487,0.0042550614924800325,5.7577164754619216e-05,-0.00020110896932516096,0.0005374010498985796,0.0015112904271148177,6.640135315646653e-05,-0.0006451756811277367,-0.001542313310133491,0.00012652144380078008,-0.000914112709532912,-0.0019561141165780347
SMFG,7.23211545682073e-05,1.083097330914576e-05,-0.00027969765506917596,2.058826533902011e-05,-0.00013646580211468668,0.0007903948696897515,-0.00039898464547974627,-2.622628541028793e-05,0.00013699371703127327,0.00011461686289098309,4.0085884041816995e-06,0.005458751393278347,-0.0006871392254954981,3.190474952929362e-05,3.067372206399534e-05,9.168261206376924e-05,-1.1149815739496379e-05,5.379142436000892e-05,6.407906455125234e-05,5.861303293612417e-05,-0.0007271590761927281,0.0002848557153566996,0.00027995436525704933,-5.109887110186492e-05,0.00015767626857416702,8.915764230392401e-05,-0.0001995806191359961,0.0004406798681357056,-1.389253251711201e-06,-9.878008944675956e-05,0.0006001820634114299,-0.00028153710389014106,-3.76241177609352e-05,0.00027415662711985334,8.091680511338332e-05,-0.00038720401234882003,-0.00013838967975603842,0.00014335737926537403,0.0002483971982811955,0.0010507000075106886,-7.040925010272942e-05,9.695103696429706e-05,5.055471624525534e-05,0.00016151742594583255,-5.386577024372445e-05,-0.00025381158457835876,0.00030828920628289875,3.098974132180616e-05,0.00029489702386967123,-0.0003789157903095393
SQLV,-0.00014155036727762137,0.0003667465289720218,-0.00014979807238773305,0.0002999464732965964,0.0001848461004833617,-0.001319146431855086,0.0002157149893806406,-0.00013323311891345557,-0.00018157549318582308,-0.00012883052032058704,1.1752007606246181e-05,0.004249414267223101,0.0004716503333408698,6.951828643160767e-05,0.00015435223429214793,0.00015650023068457654,-6.3281484141310615e-06,0.00028566956851533833,6.656106052950115e-05,1.3429045669475603e-05,-5.683184033976387e-06,0.000635236197427852,-5.109887110186492e-05,0.00023307670008770252,0.0004147164317957827,0.0008281754498941226,4.247550144238197e-05,0.0003397390534140907,7.871000844625443e-05,-0.00011114719195764432,1.67179493834968e-05,0.0002092380831994001,0.00014980698872833303,0.0005145516028502579,0.00023638457093557688,0.00031279376788817054,0.00020121282586348755,-7.925230468015425e-05,0.0003626979222790275,0.00033588107013904556,7.386582122309206e-05,-5.709127511112549e-05,0.0001350795413779484,0.00034245395470263617,-3.1806156332251804e-05,0.00017733636758162198,-0.0001279507558852357,4.3775537519190406e-05,-0.0007376511716849549,-0.00035865608208691604
TIMB,-0.0002261065589574487,0.0005308590444957163,-0.0006315558552563934,0.0004795233105927459,0.0002607348362763133,-0.002018357087886918,1.4886365131226557e-05,-0.00030118641679666917,-0.00026070623342262734,-0.0002535616739511125,7.765613649233852e-06,0.0173357469924514,0.0003930681315761904,0.00018398201803326337,0.0003359880413357491,0.00033571435511991034,-2.9182269735258373e-05,0.0004670444708031361,0.00018623251276622552,2.8676384344117535e-06,-0.0013091189169939642,0.0012721415482280338,0.00015767626857416702,0.0004147164317957827,0.0010963748151678783,0.0015217152233697724,7.38240060904088e-05,0.0018682377250295453,9.972960792060278e-05,-0.0002947527661643869,0.00023289568954958854,0.0001723311244767379,0.00018988707637886847,0.0012677801437891724,0.0005068694281743567,-0.00036438149367592115,0.00023358012110466844,-1.3676318040123931e-05,0.0010846893368778713,0.0008345040543512544,0.00011113387939988705,6.82399927142498e-05,0.00029257914513584166,0.0007232174579913627,-0.0002406815357269306,0.0005217141359829165,0.000870906100402207,0.00014459669401546566,-0.0016440007900378837,-0.0009297563133580549
TPR,-0.0004417944197078329,0.0017194502199649186,-0.000727596731185748,0.0013637658273522747,0.0005277582390585092,-0.003970194971871459,0.0004808759694949979,-0.0005090321025582509,-0.0005039547815246055,-0.00020669325898781156,7.867077153032566e-05,0.01545473913392037,0.0009401879971913513,0.0002682545239235935,0.0006108043471981578,0.0007763332123908906,-2.5157446705843546e-05,0.0013667747382715269,0.0003235827708551634,0.00023245520557022917,0.00023023349832677477,0.003078626357112124,8.915764230392401e-05,0.0008281754498941226,0.0015217152233697724,0.003533835869537305,-0.00031502279289521344,0.0004869640671452875,0.0003822297078863603,-0.0005456252298408112,0.0012271421038604288,0.00047770820296040274,0.0006412030004907775,0.002227119412458548,0.0010311290105476957,0.0017761809120973135,0.0006785979635953068,-0.00017170121197260173,0.0014049689415811843,0.0035903045548561106,0.00016085756241331165,-0.00026218300554801374,0.0005952411268064324,0.00162038162148307,2.6890618522625016e-05,-0.00022389547842197773,-0.0014935733190277866,0.00015052336735002497,-0.0017711765719972683,-0.001942505747513891
TTP,-7.188863361459635e-05,-0.0002771942990616247,9.103335361225715e-05,-0.00018822387221304645,0.0001295159944416889,-0.0007779840716975402,0.00022915465619747634,-2.4489368153962884e-06,-0.00013921454489007783,-0.00022594804059154414,-2.8602505615802138e-05,0.0014887892558084362,0.0006264242733406474,1.9035408824148316e-06,-1.5277919716419617e-05,-0.0001410744052293455,-8.540324634437118e-07,-0.00023231078285002464,-5.0309222693408536e-05,-0.00014684935598555443,-0.0003330878119306238,-0.0005240981440112712,-0.0001995806191359961,4.247550144238197e-05,7.38240060904088e-05,-0.00031502279289521344,0.0003787051127266064,0.0007645615903068769,-7.14595411942547e-05,8.987857961079791e-05,-0.0009063635081997539,0.00022941139302582733,-6.726991190553387e-05,-0.00018793621201916095,-0.00010041432571040245,-0.0005664869981340173,5.2928304324064916e-05,-8.89859910023668e-05,1.8364112993652055e-05,-0.0018237798220169625,9.23213382191875e-05,5.4182141511313576e-05,-6.187088113777948e-05,-0.00024742049144108535,-0.00013602387763200264,0.0007336101164246078,0.000916350663264933,1.8785310066148e-05,-0.0008452096130731956,0.00043705686724888264
USAK,-0.00020336172906567377,-0.0005529704880161029,-0.001282489990348179,-0.00021839672115248372,0.0002116060630333797,-0.0017877604648412048,-0.0006269200514749108,-0.00037914810147670155,-0.00024697899676103126,-0.0006606776794821648,-8.808046489485345e-05,0.042110366034366666,0.00014321577466340529,0.0002938619915367913,0.0003588928182761947,0.00010642458808641478,-7.200414609683095e-05,-0.00027279350497918544,0.00021736644686425922,-0.00034002888873795766,-0.005234451749952981,0.00020470948756790426,0.0004406798681357056,0.0003397390534140907,0.0018682377250295453,0.0004869640671452875,0.0007645615903068769,0.006304846943065918,-0.00019174698536546014,-0.000294391677345598,-0.0009952644518164352,-3.6349430859674335e-05,-0.00023334164034526423,0.0014567881553314253,0.00037530649366328424,-0.003990738742095226,-0.00011550472551427708,0.00019215170566283483,0.0019904166475048822,-0.0022750164147080764,0.00018661280739258224,0.0006404792979113794,0.00021625549628867454,0.0003096991334745878,-0.0009459110083549681,0.002327319445374519,0.005492212751302951,0.0003202508013710911,-0.0036051258358139535,-0.0005934762166249083
USEQ,-4.004186204718645e-05,0.00021743515008466706,-3.654923652807655e-05,0.00016375651176755602,4.79501712044009e-05,-0.0003582028033470354,7.075115488519256e-05,-4.2768811234404435e-05,-4.3801118481204126e-05,6.198134355665235e-06,1.2589686136159853e-05,0.00015886363084580837,8.466427831420737e-05,1.9122642032719304e-05,5.521809926998582e-05,8.566363621107563e-05,-1.7013130116462065e-07,0.00016708454410503784,2.9250309552684534e-05,4.1536187428396896e-05,0.0002226476747192757,0.0003467450920415357,-1.389253251711201e-06,7.871000844625443e-05,9.972960792060278e-05,0.0003822297078863603,-7.14595411942547e-05,-0.00019174698536546014,5.105360463685831e-05,-5.2048241895223335e-05,0.0001933985534128757,4.903346030204114e-05,8.122500314559707e-05,0.00019905533348810623,0.00010329258486260927,0.00035480923169892457,7.831821159778831e-05,-2.3949179961062678e-05,8.363461252285891e-05,0.0005235232347585172,8.967883437506466e-06,-5.354744169164453e-05,5.973314253249814e-05,0.00017453709275289797,4.036546253204729e-05,-0.00012612262573198237,-0.0003858704333573542,4.698610865212729e-06,-4.665877674497521e-05,-0.00020446713638153481
WDFC,4.6944100248788034e-05,-0.00024383904034949516,0.00020464731351046823,-0.00020025606460163204,-4.14747195029008e-05,0.00038165317431011785,5.2539729580709404e-05,8.724500698118054e-05,3.843026182421335e-05,8.130581477171169e-06,-1.115505053985501e-05,-0.004445774525163336,5.4920175813511356e-05,-5.2557848750833184e-05,-0.00010294705639093076,-0.0001401719983711108,7.929399648527899e-06,-0.0002091895274055917,-6.844480843665658e-05,-4.487930340415819e-05,0.0002541357807084874,-0.0005302529519243513,-9.878008944675956e-05,-0.00011114719195764432,-0.0002947527661643869,-0.0005456252298408112,8.987857961079791e-05,-0.000294391677345598,-5.2048241895223335e-05,0.00011166062249678028,-0.0003314769366113892,1.0580719519262366e-05,-7.876245189693742e-05,-0.0004234419355376681,-0.0001783589318734635,-8.563339316039985e-05,-5.7656676032979615e-05,-1.8511846696492408e-05,-0.00030530301121674063,-0.000781144472346044,-6.450107339171657e-06,6.153751356492401e-07,-0.00010403826664847146,-0.00028554366016991556,2.6211687816995078e-05,6.725935753751537e-05,4.315036055640632e-05,-3.5632108102817226e-05,0.00023085611057172911,0.0003980266628214908
WLDN,0.00011700924096977219,0.0008012725827536468,-0.0005030145833944489,0.000586252142208869,-0.0002592287055649006,0.0014042577265924766,-0.0006540914445595662,-9.858976866551679e-05,0.00028146078883539287,0.000473081223778673,6.883886679158373e-05,0.003977836421834944,-0.001537201754765767,6.479308008528998e-05,0.00015140007951331425,0.00045829787235882903,-1.1128993980128546e-05,0.0006939887012715688,0.00019529005249439808,0.0003549043224691115,9.212358358306947e-05,0.001691187776874738,0.0006001820634114299,1.67179493834968e-05,0.00023289568954958854,0.0012271421038604288,-0.0009063635081997539,-0.0009952644518164352,0.0001933985534128757,-0.0003314769366113892,0.002340907089679162,-0.0005643406128702356,0.00019980426131944976,0.0009221653854732583,0.000416203895575148,0.0010383861114722935,-9.441756653158327e-05,0.0002475009297738824,0.0003866262256380763,0.004771556804349689,-0.00019907815560250229,-6.80491576157876e-05,0.0002504586641808508,0.0008464651884562344,0.00021450500100952423,-0.0015902675563899155,-0.0017008622082813247,1.3678250125127779e-05,0.0015037985297954271,-0.0014178332248759883
WMB,-0.0001650219346716694,0.00022033124757685123,0.00012893711840985503,0.0001747527930722596,0.0002529559672177121,-0.0016426159547802605,0.0004959285537231133,-7.279673201889488e-05,-0.00025208516213326036,-0.00020600975011844772,2.0780043062367512e-06,-0.0012470091601899792,0.0009484377316079846,2.3405529081078672e-05,8.222901951237638e-05,2.1696771979484048e-05,4.4256553348439885e-06,0.00013347669031024115,-9.930064569975651e-06,-5.2857317201257196e-05,0.0005459437859976609,0.0001632338506256908,-0.00028153710389014106,0.0002092380831994001,0.0001723311244767379,0.00047770820296040274,0.00022941139302582733,-3.6349430859674335e-05,4.903346030204114e-05,1.0580719519262366e-05,-0.0005643406128702356,0.00039701600789208725,0.00012854584574225245,0.00012179884843861864,9.068756695410947e-05,0.00047238275907075436,0.0002580812015442287,-0.0001801036001572511,5.713364385695707e-05,-0.0007970227055934052,0.00011803809680840916,-0.00011242857410806713,4.7889758147715955e-05,8.524014156082122e-05,6.871146840095343e-06,0.00040446690919407433,-0.0002428897225274999,7.798020115097351e-06,-0.0008427513084054008,9.77034945862364e-05
BCX,-8.472306168533892e-05,0.0003499556642557055,-4.804258883297539e-05,0.0002666073275981786,0.0001089438471146281,-0.000781007524705879,0.00016942636223175512,-7.742695025870756e-05,-0.00010296106763636433,-2.574784357811276e-05,1.825017443347794e-05,0.0004456114164819614,0.0002607921204978395,3.446795941302797e-05,9.712037849735881e-05,0.0001316796178567282,-2.8830633062280236e-07,0.0002652687225175938,4.4176962975872185e-05,5.136696448566822e-05,0.0003607860885998037,0.0005415440216587294,-3.76241177609352e-05,0.00014980698872833303,0.00018988707637886847,0.0006412030004907775,-6.726991190553387e-05,-0.00023334164034526423,8.122500314559707e-05,-7.876245189693742e-05,0.00019980426131944976,0.00012854584574225245,0.00013698459824483582,0.00032704933712361325,0.0001701013763313412,0.0005587436667784311,0.0001519357319634777,-5.925304448253668e-05,0.0001508237349116292,0.000647386555410938,3.1658504555766e-05,-8.975890348628454e-05,9.772079374697374e-05,0.0002749082497445035,5.249080925484669e-05,-0.0001098680752824455,-0.0005590765903924262,1.1019640052724252e-05,-0.00022088054597373135,-0.00029638457626606
CMCM,-0.00025249141400924624,0.0009501765219634324,-0.0007773387453447295,0.0007924647120639611,0.00026901882117607716,-0.0021845758369631817,-2.8225311380114755e-05,-0.00037338080090652023,-0.0002596972473968103,-0.00015541415643467358,3.6281123367124324e-05,0.018410695076114626,0.0001965682153985556,0.00022061374689240555,0.0004335715005045034,0.000529546438699322,-3.174088563828343e-05,0.0008049096403521696,0.0002604408111276826,0.00012174687556080213,-0.0010335505553592601,0.0020241917863529062,0.00027415662711985334,0.0005145516028502579,0.0012677801437891724,0.002227119412458548,-0.00018793621201916095,0.0014567881553314253,0.00019905533348810623,-0.0004234419355376681,0.0009221653854732583,0.00012179884843861864,0.00032704933712361325,0.0016933793352757215,0.0007146062998161923,0.0002595999881001271,0.00031011769546282204,5.955513995898069e-06,0.0012668127769297276,0.002396105766526648,8.368022162613445e-05,-8.541435974329106e-06,0.0004146154143725028,0.0011013501760812013,-0.00015213370530345593,6.401665621266514e-05,8.371511190230481e-05,0.00015378395979066418,-0.0014165032641178168,-0.0014564425336291605
