,AKU,ALAC,AXU,BHE,BHF,BICK,BLCN,BVN,BYLD,CDK,CORT,CULP,CWB,DOOO,DZZ,EBIZ,EWC,EWI,EWW,FAD,FC,FI,FLGV,FMNB,FPXI,FREL,FTGC,FXN,GRVY,GSK,HE,HEWW,HFWA,HNP,HUT,IAK,IDE,IUSG,IVC,IVLU,JPT,KIM,KTH,KWT,LGH,MVT,NOK,NURO,NUW,NWHM,OLB,OMCL,ONEV,PACK,PETQ,RTM,RVSB,SHOO,SHY,SKLZ,SMN,SNFCA,SOXX,STAG,TDA,TDSE,TFX,TITN,TKR,TTP,UCBIO,UCL,ULST,VIST,VTC,VVNT,WGO,WHD,WOW,XMLV,ZTO,BME,BPMP,BRKS,CGC,CSII,FLMI,GCBC,HSTO,ISDR,KULR,NQP,NYC,PAR,STAR,WBIG,CWBR,LORL,NFG,ASG
AKU,8.071181976993075e-05,-9.337677853782547e-06,0.00012323819833794453,1.7046244931295334e-05,-0.00021683553537975097,3.321800695720053e-05,2.4012432475456698e-05,4.392168421497198e-05,3.922624737783975e-06,-1.2620385256622381e-05,0.0001431769608635455,-0.00013267859734377013,4.9497258819456485e-05,4.058040101173724e-05,-8.12264843068795e-05,3.329435686063781e-05,-1.1431193859783986e-05,3.145716506924647e-07,-4.0631774915799075e-05,2.0198217391279764e-05,1.0134732058281324e-05,-0.00023048403352613335,2.974826509142955e-07,-0.00020166468845057704,3.5138227076299294e-05,-8.653055006561833e-05,-4.022783762811099e-06,-0.00011429659439765052,0.00018052920170980735,-6.071129813523068e-05,-9.297426134195125e-05,-1.3697573460424632e-05,-0.00011632342590313268,-5.407518760497069e-05,-0.0001853507528738499,-8.002924058852218e-05,-2.168717181892422e-05,4.870088401716518e-05,-6.126926435318007e-06,-3.352615031212671e-05,-6.534587976637478e-06,-0.00016263732548224888,9.515557187443827e-06,-0.00011346505531020943,2.5728090541048886e-05,-1.0026486197554939e-05,9.39642146362271e-05,0.00029536257291061936,3.0734574430792315e-05,-5.32923697925322e-05,0.00011243437300551073,8.755563586320227e-05,-5.04080624052777e-05,-1.3161617881593266e-05,-9.196326900586819e-05,-9.563062598840244e-05,-0.00011278491322736745,-0.00018268096755885834,-1.0152517895822553e-06,-1.8634496486829664e-05,0.00011524542959953537,-3.067119046864503e-05,0.0001261290517822577,-5.665633870475214e-05,-1.3813308112433197e-05,1.083894336376617e-06,-6.596710186331412e-05,-0.00021639441932993554,-0.00010957530026019654,-5.2194524010556e-05,6.526945754392358e-05,4.9791937587954484e-05,-7.520965441389388e-06,-0.00022104179546815052,3.6340819784550127e-06,0.000101089580497535,-6.194520069235164e-05,-0.00019473685680556767,-0.00011506161783380053,-3.4237686165412586e-05,-0.00023653829869561127,5.336633797934361e-05,0.0001639816679326864,0.00018778158686382895,0.00011535204113244388,-3.3517672197359425e-05,2.897152533116289e-07,4.4666608568011464e-05,4.5628720648135016e-05,5.7418084446641525e-05,-9.301048220345122e-06,-1.0715793858128658e-05,0.00011088872218215319,-0.0001054322833212672,-7.66750536562294e-05,3.949251975421072e-06,4.745435164674043e-05,2.6932488668375464e-05,-4.899673309999431e-05,-2.0182386234557674e-05
ALAC,-9.337677853782547e-06,7.782310441736056e-06,-2.039638082003547e-05,-1.2747279376898076e-05,2.8903319807730005e-05,1.635295631225018e-05,7.030553278622257e-06,1.083194768280508e-05,-1.5520656747554364e-06,1.24660996590637e-06,-1.432953910626222e-05,-4.425450057942864e-06,1.693314990487676e-06,1.5611701896054973e-05,2.209827981237862e-05,7.81614749633285e-06,2.2697951189579707e-06,-5.604882837369079e-06,3.3539977660177e-05,-2.1021736324723984e-06,-5.447086544962412e-06,-6.260397162638914e-05,-4.921523909477167e-06,1.6971171815790843e-05,-1.9122713192008884e-06,3.560985662116013e-06,2.4141749460599007e-05,2.5605956911043488e-06,9.883422571587875e-05,1.9624363492713482e-05,8.37039857273646e-06,1.7147246688667266e-05,-3.259078713521538e-05,5.736002153150887e-05,4.398468584496032e-05,1.4346832295574797e-05,1.2042474285049794e-06,1.3921984843918168e-05,1.6618697651001174e-05,-1.3933553322837602e-07,9.470604052037694e-06,5.267946879076726e-06,6.174371886662215e-07,3.728595088513003e-05,2.5390616495003145e-05,-1.2701611048340144e-05,-1.896128271131101e-05,-4.317455603769945e-05,-2.695153167090293e-06,8.543843145059451e-05,5.302900185998093e-06,3.180282794932183e-05,1.1454294993274141e-05,1.177920778585538e-05,1.165660757436998e-05,2.5504394100746657e-05,-2.4725139345218677e-05,3.7836326350669573e-05,2.7965526785853363e-07,3.136287736930165e-05,-4.198314719205303e-05,-1.9672975927326936e-06,2.2687039046588084e-06,-3.775147040217854e-06,-1.4327377687184337e-06,1.0653610105656672e-05,3.826206047224564e-05,2.755446818295057e-05,-8.031729791316928e-06,-2.0086633863771052e-05,2.0358859572171243e-07,-7.430632555054818e-05,7.759021490262704e-07,-5.299061653385224e-05,-1.5316298023862567e-06,-7.768445434656144e-05,2.9313165701239427e-05,-3.155582113571166e-05,2.7947750558944272e-05,4.6325676565718945e-06,8.508943035092206e-05,-2.2191823386376006e-07,-4.6044900839651194e-05,-4.157319760501807e-05,-2.946685499025005e-05,9.941282054579985e-05,-2.8036329038606513e-06,-2.2314324332038338e-05,4.346815368316273e-05,-2.259886407875076e-06,2.4998451816067524e-05,1.1860190590513486e-07,1.0412206009491173e-05,-8.777846724013375e-05,-4.807611284597196e-06,8.442835417937022e-06,-5.4961108916364376e-05,-1.5387600798317624e-05,-3.7776282183353036e-06,3.7920696175536185e-06
AXU,0.00012323819833794453,-2.039638082003547e-05,0.0003419848668386018,9.24649828948421e-05,-0.00014657253703386885,0.00012928108980249077,0.00010018015559828249,2.1016105478312547e-05,1.8265729420086996e-05,5.306466951537172e-05,0.00023213890172816615,0.0003130862060654722,0.00021121556349074232,0.0002019525767732086,-0.00023975906962006533,0.00024808652791310723,3.429075377199247e-05,4.57437914490517e-05,-0.00016653628957539378,0.00012514012018764975,-5.011903877826109e-05,-9.084960278300599e-05,4.9228344190396735e-06,-0.00021428491762548043,0.00013108501767928587,-2.0533419403849762e-05,-6.768592513420412e-05,-0.00024412811015388496,-0.0002849197709243067,-0.00016277871915380243,-0.00017411264269796378,-0.0001809620912543475,-0.0002367119707427202,-9.313956964010581e-06,-0.0004641132860921649,-0.00015061309869285257,-1.0262534649150887e-05,0.0001476944435890883,0.00025816911796512095,-3.915386625110816e-05,-9.642500686602423e-06,-2.6411520507105626e-05,1.8108257278436508e-05,-8.16756892305429e-05,4.523062214509813e-06,7.5823407943859436e-06,8.945024566967952e-05,0.0006240573492021138,0.00012828167866049073,-0.00020791831302113267,0.000335713677376603,8.919349787838068e-05,-7.663514678714199e-05,0.00011326747716991752,-0.0002345725737984608,-0.0002613973169753082,-0.00026057184239811754,-0.00018871248133804807,-3.1107158939060128e-06,9.519585191791785e-07,0.0003940977287946098,-1.5150825191990515e-05,0.0003552354887606973,5.045632426098351e-05,-2.5570421513201517e-05,2.7566795766189343e-05,-0.00014013958556432902,-0.0002063614815242086,-0.00021457427252831392,-0.00014475227548112278,8.098349349628113e-05,0.00018201433938836478,-1.4633488490617987e-05,-0.00016642079886162493,2.972556524118384e-05,0.0004222833573180724,-4.408786363286827e-05,-0.0005421674665445003,-0.0001349127745878053,-7.761883931166292e-06,-0.00027356360493149205,0.00010464846081255376,0.00018725332644405524,0.000603012623144192,0.0001166776633443401,-0.00044442470377825856,-7.023591606416305e-06,-4.667061431929682e-06,-0.0005036962331846798,9.846082253930699e-05,-5.7827652418285724e-05,-1.754538658600957e-05,4.062426543534967e-05,-0.0005229705833112901,-3.460403458043256e-05,2.8359354963739924e-06,0.00032170505468644215,0.00011420852080274793,-0.00010857578095866405,5.103984731371949e-06
BHE,1.7046244931295334e-05,-1.2747279376898076e-05,9.24649828948421e-05,4.251703396086846e-05,1.9834238130144997e-05,1.159520759614818e-05,1.697648452580304e-05,-2.8321839261876814e-05,6.896309183874288e-06,2.5214861945472743e-05,3.258925605280029e-05,0.00019370117613982704,5.2895165855367764e-05,3.646024330416657e-05,-7.731286300599168e-05,6.76465985481532e-05,1.6146116002239513e-05,2.4350266420367615e-05,-8.475268498353649e-05,3.996693786428091e-05,-1.7520207154193164e-05,0.00016329010680505727,7.91711033147377e-06,1.1524952728971125e-06,3.4270318104206356e-05,3.24355889479732e-05,-5.4129570529149386e-05,-3.7296159444736836e-05,-0.00032647440774765665,-5.542580905509995e-05,-2.8907036109777874e-05,-8.356589925881898e-05,1.0807306461525741e-05,-4.775273544393901e-05,-0.00013663602064247233,-3.4150939617552184e-05,5.784134488245344e-06,1.3674644716162989e-05,8.080953183641702e-05,2.5691947473444858e-06,-1.2216108531290949e-05,6.740680482669972e-05,1.2140522411434732e-06,-1.9402874712797045e-05,-4.352423324118881e-05,2.406007736541678e-05,9.402027234481396e-06,0.0001397726353435651,3.64627500670083e-05,-0.00015929495638217727,6.332638535713948e-05,-5.1248250959694616e-05,-1.7592931351728528e-05,3.522436069804587e-05,-5.6643214606759765e-05,-8.240807282848844e-05,-1.002649946743769e-05,-2.5155004546494636e-05,-1.0141753240051303e-06,-2.9456749836666957e-05,0.00014364999089478965,1.255486757230781e-05,6.751272713540458e-05,5.3312592147080556e-05,-8.139822601832593e-07,-3.441147788849809e-06,-6.751390444744191e-05,-1.519656105153157e-06,-1.5130370058924584e-05,-2.988835485173124e-06,-3.10044128477828e-06,0.00013721186537300525,-2.6722364050648114e-06,0.00011746473043555224,1.139430404749674e-05,0.00020664664059141433,-2.167030281212354e-05,-6.65382878497454e-05,-2.715041568801838e-05,8.916634461311878e-06,-8.913900138856644e-05,1.2624644343219083e-05,4.459660818505671e-05,0.00018536579556337817,2.195066589382347e-05,-0.0002773834491057439,6.963765037647278e-07,3.190690054704955e-06,-0.00027055884045959814,1.073110339525541e-05,-4.8714349120410805e-05,-1.3044452516480455e-06,-5.494436504835875e-05,-3.466466647664433e-05,3.249585607716131e-05,-1.158203124497172e-05,0.00016740548063824402,4.902564922052141e-05,-1.1351889344038209e-05,7.615830880514731e-06
BHF,-0.00021683553537975097,2.8903319807730005e-05,-0.00014657253703386885,1.9834238130144997e-05,0.0008232361075533757,4.540007585327917e-05,3.305649937195358e-05,-0.00014886141112931654,3.1347885118180733e-06,0.00012530588071227777,-0.000363623944483275,0.0009764316858848058,5.195551188808817e-05,0.00010374769817669865,9.337974473221534e-05,0.0001810071784951905,9.799913333288437e-05,4.693768441657042e-05,2.652478247985266e-05,6.578007293560879e-05,-0.00011784754886046184,0.0007958461012486911,-3.5926075186541755e-06,0.0006495617121736188,7.566131433262215e-06,0.00036287144102269716,-2.6273605467561166e-05,0.0002002855642416001,-0.0009888758016891443,9.601412358899035e-05,0.00020485775025871466,-0.0001393030202426614,0.00015779031603143176,0.00032670418051632344,0.0003072217310775243,0.00018775997044570312,8.499547269107111e-05,-3.934937817453954e-06,0.0003834161895018463,9.83827312629113e-05,3.307111856849358e-05,0.0006950173687360335,-1.8047750933933564e-05,0.00046284114034743893,-6.409886918308654e-05,3.197581736205149e-05,-0.0003349867263621558,-0.0005895209343781266,2.2132827313401824e-05,0.00011989540549627424,-6.223771143513129e-05,-0.000219059986748211,0.0001455812596774056,0.0002223173935227852,0.0001293712729351749,0.00013554032233246095,0.00012548783054791668,0.0006341643199995062,1.0285449439389263e-06,0.0001379439384987656,-8.248294262755789e-05,0.00011304131249701625,-0.00010330115773512958,0.00030808766278372706,2.6179254755359628e-05,4.862750232178499e-05,0.00018025824465210357,0.0007430954288137513,0.000198554230018054,1.2446329784133049e-05,-0.00018561460721284377,-0.00011799912550919899,1.6046124621158664e-05,0.0006748499821708707,1.8985503717531603e-05,-4.592938136111146e-05,0.00026883172161093493,0.00011890437954388631,0.00038619148079483773,0.00014962006531666513,0.0008465699452615296,-0.0001036761104494742,-0.0005675160968893536,-0.0001375779125297848,-0.0004132414009408615,-0.0002434303202333285,-1.5047162880082242e-05,-0.00024213782355783685,-0.0007655964032478777,-0.00013297766713602272,1.1064660335910305e-05,2.5345490780229162e-05,-0.0004209307889318571,-0.00034912411232368803,0.00028693439383500034,7.4889782281687e-07,0.00010306421743168914,-8.823982534582789e-07,7.243945675559266e-05,0.00010231581215568122
BICK,3.321800695720053e-05,1.635295631225018e-05,0.00012928108980249077,1.159520759614818e-05,4.540007585327917e-05,0.00013810072074569907,8.692488474215017e-05,4.5417281186467796e-05,5.686586570562099e-06,4.141113537448904e-05,7.585875244271793e-05,0.00021168602692325762,0.00013601956400319273,0.0001817644694982705,-6.333880996015772e-05,0.00018505453938969107,3.2609310085163004e-05,9.654548843400757e-06,1.9042286808658446e-05,7.092329764809232e-05,-5.423588674922609e-05,-0.00024642365958910513,-1.4609562450772082e-05,-4.4649990737327056e-05,7.295646251355236e-05,1.4168592150184007e-05,4.358623096341425e-05,-0.0001311594241975466,0.00013973604951387797,-2.5355659915366896e-05,-6.794372842951275e-05,-5.4229823754847875e-05,-0.0002529704518116857,0.00021037861513192296,-0.00011345037128486319,-3.3164149723758764e-05,1.3266110259428648e-06,0.00013873762658327213,0.00023018469215390922,-2.0432873910763176e-05,2.901890833929887e-05,2.9459804715629632e-05,1.2469211727714964e-05,0.00010057365631522202,9.032165195417266e-05,-3.921992119850633e-05,-2.594423243828456e-05,0.00020238229164651513,6.90422176549477e-05,0.00018162338239939647,0.0002198755210802249,0.00015840791449734805,-2.1230690775329798e-07,0.0001189918634051571,-9.584092015650782e-05,-6.274826593371193e-05,-0.00024077973239026757,4.4255866372972416e-05,-8.538539179725447e-07,0.000117124649309249,8.677528751748882e-05,-1.1803468853466897e-05,0.0002193635910729621,2.90639236252333e-05,-1.9570008462217506e-05,5.6365571739862505e-05,5.771235634631305e-05,1.2914576913216355e-06,-0.00015088119705894458,-0.0001584900410465737,4.265088217561822e-05,-0.0001577687840680943,-5.498762028502142e-06,-0.00026279326752155617,1.3315386450178828e-05,-2.135200962622541e-05,8.760175162508143e-05,-0.0004359264037736273,3.2235396116093504e-05,1.7491513012375723e-05,0.0001686035603759722,5.86421001722927e-05,-7.168438992035153e-05,0.0002127235041348163,-4.9717269659579455e-05,7.384371526451467e-05,-1.478005377376181e-05,-9.129991575052391e-05,-0.0001806154174669097,4.653488663553254e-05,5.4038337868221383e-05,-9.236399121600818e-06,4.532789270817896e-05,-0.0006417276199218882,-2.696570332041138e-05,3.1691053344381225e-05,4.022791017185985e-06,1.4610824107591041e-05,-7.641091621089972e-05,2.0485285243246674e-05
BLCN,2.4012432475456698e-05,7.030553278622257e-06,0.00010018015559828249,1.697648452580304e-05,3.305649937195358e-05,8.692488474215017e-05,5.696856137200156e-05,2.0959620814050687e-05,5.073542422884695e-06,3.1225879006507305e-05,5.348454995910768e-05,0.0001750084325969733,9.526885546989673e-05,0.00011938016291260403,-5.650722713215985e-05,0.0001287118467609922,2.372545597017813e-05,1.1593074808726302e-05,-8.080985044571421e-06,5.259224302124828e-05,-3.724702362846642e-05,-0.00011149489409765517,-7.067712676349802e-06,-2.6344874930225757e-05,5.245233412235953e-05,1.6519967647069974e-05,1.3954711835299305e-05,-8.844264091421178e-05,8.32149060509224e-06,-2.8259431809558015e-05,-4.795107951045985e-05,-5.262579795377119e-05,-0.0001515485742203051,0.00011744276342691499,-0.00010065443852695031,-2.7985317649791372e-05,2.233329901628506e-06,8.775083914184365e-05,0.00015947336358923195,-1.176646737923418e-05,1.4879088692411022e-05,3.4285435991100815e-05,7.866737323965906e-06,5.722740745776844e-05,4.487596480743544e-05,-1.8281992282002486e-05,-1.3940761465684146e-05,0.00015533333263995287,5.0589776144567784e-05,7.37758260271229e-05,0.00014870691126428375,8.44399223346542e-05,-4.0859066634655745e-06,8.093735657307261e-05,-7.147896011912606e-05,-5.729310159902266e-05,-0.0001489933042973389,2.171809878525043e-05,-7.554471224350465e-07,6.46754035848126e-05,8.623439936480761e-05,-4.169659509433944e-06,0.00014933032499383619,3.0405088503190166e-05,-1.2094708928411739e-05,3.360506042480659e-05,1.9645185689535453e-05,1.1264224373095909e-06,-9.531070018237215e-05,-9.729831595889135e-05,2.5105571269183963e-05,-6.43690282013569e-05,-3.958632240890848e-06,-0.00013224565313945674,1.0785043619713182e-05,3.50078872154224e-05,4.861155496956145e-05,-0.0002811046850026771,1.3695208980892446e-05,1.2876237096431738e-05,8.283487288367752e-05,3.858782169094222e-05,-3.385407264442333e-05,0.00017266367225738543,-2.5586762016392788e-05,-1.9732570053819538e-05,-8.861889355362252e-06,-5.513948149072018e-05,-0.00017374880933886347,3.073957102912516e-05,2.1620664958614484e-05,-5.9102551839485335e-06,1.445903827535729e-05,-0.0003995823578462118,-8.61204651607873e-06,1.6625375755671425e-05,4.148747067760093e-05,2.030940673402337e-05,-4.915266729291375e-05,1.4354561357454504e-05
BVN,4.392168421497198e-05,1.083194768280508e-05,2.1016105478312547e-05,-2.8321839261876814e-05,-0.00014886141112931654,4.5417281186467796e-05,2.0959620814050687e-05,6.83696520305055e-05,-2.866598605579335e-06,-2.2694966307956933e-05,7.991361392443742e-05,-0.00022482323786096158,1.4303584760659157e-05,3.661861635258386e-05,8.064008724875188e-06,1.662585351433072e-06,-1.514481889190979e-05,-2.1580189116086015e-05,6.294722542397207e-05,-8.523832739520968e-06,1.0127321706781809e-05,-0.00037546563017662075,-1.144044484072304e-05,-0.0001434907274264324,7.370016172151997e-06,-8.484659296187331e-05,6.249269761431894e-05,-7.065776143486508e-05,0.0004782648978667946,9.312845524628826e-06,-4.8967720137973715e-05,6.046027594104999e-05,-0.00015112996853575104,6.64171274813258e-05,-1.3265653463713205e-05,-2.6423711900633693e-05,-1.949897927181401e-05,5.355833640534208e-05,-2.5467345904103177e-05,-2.955937286397785e-05,1.5369662132606415e-05,-0.00016516579829466745,8.163785205360672e-06,-2.8529169572511253e-05,8.321997925770345e-05,-4.053440695328584e-05,4.497020045313324e-05,0.00010434788193547148,1.3238558965371752e-06,0.00017068013295343254,6.62621035991547e-05,0.00014850276998530269,-1.5245225806068683e-05,-1.3127101451032342e-05,-2.783117745077077e-05,3.942406148530187e-06,-0.0001249511915712838,-8.216406263373372e-05,1.32511501553355e-07,4.7282584252259906e-05,-4.60648834920919e-05,-3.544231209218726e-05,7.084886192486432e-05,-8.243644717197994e-05,-1.317252960747356e-05,1.8583839512700976e-05,3.9243014561553376e-05,-0.00013860988085704875,-9.473332159825682e-05,-7.153650321209664e-05,5.6388885795511725e-05,-0.00014483489588331888,-3.6291902057625006e-06,-0.0003278790199779362,-5.579159464258807e-06,-0.00014573903029518984,3.843840512540429e-06,-0.0001718769489860558,-3.936842263295093e-05,-2.6621361708446975e-05,-2.1492658628479267e-05,3.709639235920159e-05,4.362498345944389e-05,-8.251903943616582e-06,4.0255053159285235e-05,0.0002735305084976868,-4.295303133237404e-06,2.4038848221072235e-06,0.0002528602371170047,3.850850846178853e-05,5.635153034438129e-05,-8.023881982902727e-06,0.00013833657267815655,-0.00019843402945948253,-8.905644048244171e-05,2.2227811849058787e-05,-0.0001349506867166976,-2.7616210229561954e-05,-4.008410933218731e-05,-1.543493251724901e-05
BYLD,3.922624737783975e-06,-1.5520656747554364e-06,1.8265729420086996e-05,6.896309183874288e-06,3.1347885118180733e-06,5.686586570562099e-06,5.073542422884695e-06,-2.866598605579335e-06,1.2277552993511846e-06,4.908025714376739e-06,7.776398107084255e-06,3.463319133627197e-05,1.2022326850507422e-05,1.0705924481622774e-05,-1.3946176688980895e-05,1.552034867057647e-05,3.2905595504713826e-06,3.982307625667635e-06,-1.263882699797165e-05,8.131318418089924e-06,-4.0933522259344996e-06,1.7063710317993564e-05,8.147108134556569e-07,-2.080600556582753e-06,7.393909183412921e-06,4.888921778307836e-06,-7.106572762355556e-06,-9.844390861804502e-06,-4.513765574823458e-05,-9.467394036756382e-06,-6.73899543775043e-06,-1.430391049401421e-05,-5.809901102853953e-06,-1.8713286987995202e-06,-2.4905083967691103e-05,-6.529999596254839e-06,8.068360823475321e-07,6.1017738920103214e-06,1.8549448114883906e-05,-3.354100146020379e-07,-1.1130775377144373e-06,1.024962022035701e-05,5.727790042355709e-07,-8.259793414220328e-07,-4.065674858140464e-06,2.559556871182102e-06,1.2202628158603988e-06,2.836549826980756e-05,7.599809381120666e-06,-1.9682385610335355e-05,1.6214998170572826e-05,-3.079032964732332e-06,-2.9542445677943064e-06,8.536831984069811e-06,-1.1726029998503457e-05,-1.4783090847518221e-05,-8.643021953025425e-06,-3.5901572999650553e-06,-1.833055803007295e-07,-1.4208328658346276e-06,2.4889525420743902e-05,1.4384069223444218e-06,1.6911551959480103e-05,8.636189954823745e-06,-7.264479126289532e-07,1.0078887292765033e-06,-9.089247948922205e-06,-1.319867043879781e-06,-6.969115677988163e-06,-5.023274495167996e-06,1.0212098882933556e-06,1.6938098368368084e-05,-5.96197657694052e-07,9.670146649712421e-06,2.1200144276085906e-06,3.150660490318045e-05,-1.2565782163135942e-06,-2.2988783869268954e-05,-3.869888753844537e-06,1.6582997220566332e-06,-1.0271259458915267e-05,3.794572910009181e-06,5.718955305632541e-06,3.505099228565926e-05,2.6033871602579304e-06,-4.053671506641824e-05,-2.92763436588056e-07,-1.7556798466043071e-06,-4.5981030663658555e-05,3.1982236652009475e-06,-6.023588793856297e-06,-5.051845648419791e-07,-6.587579735035304e-06,-2.3235786595993507e-05,3.834289594272134e-06,-8.8940935930089e-07,2.5922867708470756e-05,8.023396757298921e-06,-4.05915046355689e-06,1.613704924812516e-06
CDK,-1.2620385256622381e-05,1.24660996590637e-06,5.306466951537172e-05,2.5214861945472743e-05,0.00012530588071227777,4.141113537448904e-05,3.1225879006507305e-05,-2.2694966307956933e-05,4.908025714376739e-06,3.7097432238442264e-05,-1.4879267752075807e-05,0.00026358719579252967,6.136125371869247e-05,7.020971723366258e-05,-3.838016815294008e-05,9.564595470170324e-05,2.736904267294465e-05,1.967948100830032e-05,-3.2574744305380116e-05,4.284385699732904e-05,-3.528549032319245e-05,0.00012616954652098564,1.05359784859161e-07,7.448138731450606e-05,3.3091261561258105e-05,6.518135503794379e-05,-1.9527475740486262e-05,-2.042877344049391e-05,-0.00025154399330671137,-1.9404346353749852e-05,-2.101178652759175e-06,-6.932568307866652e-05,-2.964620032349733e-05,6.527380574177755e-05,-4.984573860544599e-05,7.868879108915814e-07,1.397491537544874e-05,3.618064915057611e-05,0.0001377759146819248,9.438225575998902e-06,4.793066917179091e-06,0.00012785079623907553,9.658265069585293e-07,7.232224847716569e-05,-9.199504067103854e-06,6.9722335450219805e-06,-4.434062365301748e-05,3.433895048844881e-05,3.5153279524844454e-05,-2.0447930457043352e-05,6.985448827570383e-05,-1.798888649883175e-05,1.037176649422932e-05,7.122599238916367e-05,-3.1033534258951064e-05,-3.5234628798430176e-05,-4.101844066814468e-05,7.939953179605499e-05,-5.337632837082439e-07,2.9320773282704637e-05,7.630332515022791e-05,1.7934325731687697e-05,6.643694402100558e-05,7.1256243385238e-05,-1.2753459115093566e-06,1.690727034926506e-05,3.8097004331273966e-06,9.526647004444978e-05,-1.4448971649577071e-05,-3.43250765452983e-05,-1.608643809430538e-05,1.542849618578764e-05,-3.9631707797212397e-07,8.53193714074701e-05,1.0740893791203456e-05,8.729970540434345e-05,4.343677452260195e-05,-0.00011112434902775707,4.3899993944566945e-05,2.7301614843037067e-05,0.0001035317062305664,5.3959898728288965e-06,-6.75813181037569e-05,0.00011638981041064523,-5.3653166524338125e-05,-0.00014663631503539944,-4.8266515804818855e-06,-4.9555772997330786e-05,-0.00026606594445331114,-1.911027325093692e-06,-9.877993553512767e-06,6.352304673193117e-07,-7.03628726867366e-05,-0.00020112296330112865,4.6472438910664125e-05,1.5123877618715642e-06,9.343050750379263e-05,2.6285776014809063e-05,-1.2685587713906575e-05,2.124507369422963e-05
CORT,0.0001431769608635455,-1.432953910626222e-05,0.00023213890172816615,3.258925605280029e-05,-0.000363623944483275,7.585875244271793e-05,5.348454995910768e-05,7.991361392443742e-05,7.776398107084255e-06,-1.4879267752075807e-05,0.0002563667874127304,-0.0001896785693325744,0.00010524417755452855,9.542096200593759e-05,-0.00015079250121624807,8.480026048197388e-05,-1.4434286308793323e-05,2.9210558075896452e-06,-7.066505202992017e-05,4.583893362935941e-05,9.249672746897484e-06,-0.00041978972807725436,-1.1027393206952433e-06,-0.00035063325439996137,7.139355199538031e-05,-0.0001445458872347293,-3.428839028512587e-06,-0.00021464937358972385,0.0003127905934303987,-0.00010964620550934983,-0.00016933294457422443,-3.442734840907794e-05,-0.00023234557641400814,-6.626978805019763e-05,-0.0003381413314124665,-0.00014276552827380338,-3.6631166016857e-05,0.00010250014430816672,2.40761039095262e-05,-5.9934797907408615e-05,-7.812060264772982e-06,-0.00027101168088868076,1.799430561048291e-05,-0.00018127637428792657,5.417669745454187e-05,-2.1337312646662742e-05,0.00015753322616858374,0.0005382674865685637,6.343840298591991e-05,-7.376977361117586e-05,0.000224553790830871,0.0001686604908241045,-8.696937985359694e-05,-4.928216501316242e-06,-0.0001725918355493506,-0.00017555955010351904,-0.00022558738307857534,-0.0003074068041758094,-1.8952511795400694e-06,-1.741662894630912e-05,0.0002150449558031935,-5.344989112967482e-05,0.00024807829269011275,-9.05522473206673e-05,-2.6276744896730775e-05,9.276953420057636e-06,-0.00010800053524530796,-0.00036975182084256393,-0.00020824314214593168,-0.00011065059253497232,0.00011715322719224066,7.000952118583311e-05,-1.3713077713772479e-05,-0.00040789465646099473,8.509342628543909e-06,0.0001791215573428289,-9.506451741923529e-05,-0.0003944128097590269,-0.000193537924868391,-5.576945436039396e-05,-0.00038559373627752337,9.965943363401573e-05,0.0002726254233602409,0.0003578145095329751,0.00019145226842844315,-5.9724988774017415e-05,-1.4608082901112824e-06,6.421130870266239e-05,4.164549190980381e-05,0.0001048725133239703,-1.0803791912193374e-05,-1.9615140855012422e-05,0.00019317380331921566,-0.000268021992509796,-0.0001332284356957869,1.0494249900850994e-05,8.911128885942554e-05,5.018220510754639e-05,-9.452307885091891e-05,-3.140187483100166e-05
CULP,-0.00013267859734377013,-4.425450057942864e-06,0.0003130862060654722,0.00019370117613982704,0.0009764316858848058,0.00021168602692325762,0.0001750084325969733,-0.00022482323786096158,3.463319133627197e-05,0.00026358719579252967,-0.0001896785693325744,0.0019470366545405859,0.0003749737070826752,0.0004058515934996917,-0.0002534781807894077,0.0006090015138388648,0.00019264607179609098,0.00015076303937172313,-0.00028046119639384934,0.0002834428069237777,-0.00023742782437613012,0.00124432023716995,1.3904995248883472e-05,0.000645100006413676,0.00020249135028505444,0.0005161069436284085,-0.00019706991003691938,-4.7161187237235866e-05,-0.0021639710533088285,-0.00013392243140782355,4.458972768102809e-05,-0.0005129103249687542,-1.295239056133353e-05,0.00034121758916895234,-0.0003005614756433254,3.6779066081404354e-05,0.0001122128205790336,0.00016860357591721761,0.0009102846505846934,9.502565348781127e-05,1.29541009108828e-05,0.0010107651399430123,-3.4110548347533076e-06,0.0004969959095075054,-0.00015546670888316416,9.161324408847506e-05,-0.00033685791130384,9.443844098354424e-05,0.00022273262824651596,-0.0003273944165506696,0.00036822719831161143,-0.00028809106697462125,8.468131322712293e-05,0.0004706920338797141,-0.00016482841239699286,-0.00022838985298632948,-0.0001159885315236343,0.0006053086131203068,-3.550432105239123e-06,0.0001330040182423685,0.0005393650516539973,0.00015610098753178107,0.0003408723741098149,0.00055171231854433,7.290534621383298e-06,8.656318119541828e-05,-2.007691573193991e-05,0.0007725383695336899,1.8848971141163044e-05,-0.00013589082549976837,-0.0001690316685785898,0.0002654580130684978,1.7760294222414461e-06,0.0009279924436410342,7.506221608116954e-05,0.0007251842953657002,0.00027413389229417147,-0.0005086426701013563,0.0003278709312241479,0.00020582847054238841,0.0006901732060621762,-9.210144286646246e-06,-0.00048489828655728625,0.000750802045770199,-0.0003912479829786947,-0.0012533341419821923,-2.5889167611922513e-05,-0.00032022330257971965,-0.001994037314086131,-5.761352159536847e-05,-0.00012820309288026554,1.3501599246745092e-05,-0.0006114728552674738,-0.0010545474522990217,0.00040123590756404307,-1.6106393879020706e-05,0.0007526836493872632,0.0001995850446573829,-3.3996234101289465e-05,0.00015396319283426675
CWB,4.9497258819456485e-05,1.693314990487676e-06,0.00021121556349074232,5.2895165855367764e-05,5.195551188808817e-05,0.00013601956400319273,9.526885546989673e-05,1.4303584760659157e-05,1.2022326850507422e-05,6.136125371869247e-05,0.00010524417755452855,0.0003749737070826752,0.00017547138343323917,0.00019979816086248842,-0.000135809677608097,0.00023319615111147934,4.4607564085239336e-05,3.263110533843708e-05,-6.803798668621434e-05,0.00010348990738790036,-6.532632571801257e-05,-6.783173784908835e-05,-5.2354942857040026e-06,-4.63141801841192e-05,0.0001002528875048414,4.137052831396646e-05,-1.4564160228247789e-05,-0.000158190811708304,-0.00019014438997560628,-7.954569924382488e-05,-9.266153745947669e-05,-0.00013130103492831562,-0.00021965945333396968,0.000138813210157116,-0.0002429367233208234,-6.627954719159845e-05,6.070793479398326e-06,0.00013921884447209808,0.0002849962821205204,-1.6976520769861074e-05,1.3634703242680311e-05,8.663379960324077e-05,1.2690602697477255e-05,6.64481162058069e-05,3.8745997289628886e-05,-1.1695752301284201e-05,-1.0379644251422549e-05,0.0003295878864642425,9.875208965640482e-05,3.2390464921139923e-06,0.00026301029926545,9.426712609153375e-05,-1.9419063381287792e-05,0.00014049686432617375,-0.00014487315481939573,-0.00014084408205531656,-0.00022916927450746682,7.880532282564012e-06,-1.800170080316252e-06,7.48829635061707e-05,0.00022339191015918047,6.785809186673461e-07,0.0002671926314768915,7.636937097258738e-05,-1.8799827142015194e-05,4.69930092451429e-05,-1.7462372032855643e-05,-8.467391408527436e-06,-0.0001537847355006283,-0.00014646159584120067,3.7488843377848344e-05,-3.826524483039541e-06,-7.826988637977418e-06,-0.00012725708706084056,2.3257829210876237e-05,0.0001883663617470562,5.456169732016948e-05,-0.0004622329574862038,-2.283677191868748e-06,2.3124446540169974e-05,5.3867316902669977e-05,6.682117785020404e-05,-1.3921586311200409e-05,0.0003797160125923341,-1.8443671992591634e-05,-0.00020865468605954588,-1.2503815698741058e-05,-7.672431807144965e-05,-0.0004262307527119018,5.429359519946383e-05,-9.041438424490683e-08,-9.937320748032914e-06,-9.497823545335282e-06,-0.0006112835852231758,5.060406733317608e-06,1.703976981132012e-05,0.0001703460255233537,6.237370380312053e-05,-8.127327943976444e-05,2.504409752050105e-05
DOOO,4.058040101173724e-05,1.5611701896054973e-05,0.0002019525767732086,3.646024330416657e-05,0.00010374769817669865,0.0001817644694982705,0.00011938016291260403,3.661861635258386e-05,1.0705924481622774e-05,7.020971723366258e-05,9.542096200593759e-05,0.0004058515934996917,0.00019979816086248842,0.0002516503370079896,-0.00011376329077479323,0.00027462278666640197,5.3427804637886555e-05,2.626773419099259e-05,-1.6608803523389997e-05,0.00011201354809866358,-8.224315196024124e-05,-0.00019446847712244287,-1.4666237579573683e-05,-2.6690267544747733e-05,0.00010916733098312847,5.004973852131644e-05,2.7060398403675693e-05,-0.00017471938631928208,-2.9047329471834216e-05,-5.499159861679305e-05,-9.07210649850327e-05,-0.00011575816152060978,-0.00030639244912572614,0.0002561403156364489,-0.00019660997931584303,-5.0244510558851844e-05,8.318874740460354e-06,0.00018138937762569868,0.00034701934368515836,-2.0087536888146692e-05,3.2020013032326515e-05,0.00010139232726296177,1.5505116534986466e-05,0.00013783271984634616,8.9491568844588e-05,-3.61299285856962e-05,-4.30145110483211e-05,0.0002976137838411865,0.00010596645676748398,0.0001556741957342949,0.0003055088551105118,0.00016455889222095877,-2.441322204775103e-06,0.0001772359658228324,-0.0001429205150715638,-0.0001136488155540014,-0.00030274572792703065,7.168083286059378e-05,-1.5300610251250699e-06,0.0001392238094319661,0.00017649035894535316,-3.6355642758820617e-06,0.0003050943029455867,7.666668071550489e-05,-2.389244421317687e-05,7.150064959814028e-05,4.7483579000632e-05,3.40593420323168e-05,-0.00018871890713538422,-0.00020063048262671722,4.3927264102539956e-05,-0.00013641878003171928,-7.530038175858861e-06,-0.00024309329499495273,2.3244507229923675e-05,7.29331084171385e-05,0.0001117058436945846,-0.0005768069125717094,4.44773599772156e-05,3.311837541302848e-05,0.00020630722346317603,7.54899421971945e-05,-9.368144981046223e-05,0.000353305446370928,-7.02778391097526e-05,-5.458687817589726e-05,-1.8952818017186998e-05,-0.00012428551663864007,-0.00039518085722956795,5.799167046020937e-05,4.456834511610404e-05,-1.1150169434376788e-05,1.123077933998323e-05,-0.0008413191739170719,-5.144480125209559e-06,3.4256533232287134e-05,9.221243898941659e-05,4.254430167073271e-05,-9.864760104455425e-05,3.413717168460846e-05
DZZ,-8.12264843068795e-05,2.209827981237862e-05,-0.00023975906962006533,-7.731286300599168e-05,9.337974473221534e-05,-6.333880996015772e-05,-5.650722713215985e-05,8.064008724875188e-06,-1.3946176688980895e-05,-3.838016815294008e-05,-0.00015079250121624807,-0.0002534781807894077,-0.000135809677608097,-0.00011376329077479323,0.0001789437965878699,-0.000157466720464077,-2.3660152855821127e-05,-3.908328270087374e-05,0.00015039456474766498,-8.627726928895172e-05,3.0528734834005565e-05,-6.318163320655288e-05,-9.55552578961307e-06,0.0001292132270331367,-8.70627366490583e-05,6.196224340786279e-07,7.691660859003993e-05,0.000150579019830544,0.00036195860743654974,0.00012609954246511622,0.00011316626673567837,0.0001456945837711928,0.00010094378565940365,6.692610162550668e-05,0.00034196826791696325,0.00010687072598899914,4.139581971652188e-06,-7.604904240858068e-05,-0.0001618514210433391,2.025496611416934e-05,1.7248621481645743e-05,-9.176589868577863e-06,-9.939698192529557e-06,8.009897911937894e-05,3.403298876594478e-05,-2.3340680475741595e-05,-6.673969255728745e-05,-0.0004300946927827616,-8.700271764685625e-05,0.00024175226125523508,-0.00020546686911028156,-4.372157152022958e-06,5.753341453367687e-05,-6.760255186691432e-05,0.00015996493791940855,0.00019536767697761028,0.00012829688637286483,0.0001413716536906377,2.3209950028939507e-06,3.46543585014737e-05,-0.0003050737158619661,1.7077695169231282e-06,-0.00022008820163897723,-5.212701645648438e-05,1.3254235247921643e-05,-5.801698180326239e-06,0.00013241488070913994,0.00013378524439201805,0.00011755631533993771,6.552882345505008e-05,-4.2859848573001225e-05,-0.0002103602416845639,9.663677300509728e-06,3.931293502053449e-06,-2.203183298363241e-05,-0.00037254726283202376,5.4587966804871286e-05,0.0003002676654263887,0.00010547187468505036,4.02529260200367e-06,0.0002487568269932906,-6.252878155035965e-05,-0.00015456742094814292,-0.00043601129171478106,-9.450213748456713e-05,0.00042955859843420613,1.4858864659157756e-06,-1.5224831293915036e-05,0.0004178753576867191,-5.987782080244378e-05,6.994968860185165e-05,1.0212260737503648e-05,7.897352681138199e-06,0.000235257607117135,2.1092690090693635e-06,9.408881651491999e-06,-0.0002847701894653675,-9.38056756197427e-05,6.120375046363507e-05,-3.0984698663578666e-06
EBIZ,3.329435686063781e-05,7.81614749633285e-06,0.00024808652791310723,6.76465985481532e-05,0.0001810071784951905,0.00018505453938969107,0.0001287118467609922,1.662585351433072e-06,1.552034867057647e-05,9.564595470170324e-05,8.480026048197388e-05,0.0006090015138388648,0.00023319615111147934,0.00027462278666640197,-0.000157466720464077,0.0003258194759012943,7.075835657380494e-05,4.679077106678271e-05,-7.611311960426976e-05,0.00014136051589064736,-0.0001007943860078448,1.1084284446013291e-06,-8.396499551093905e-06,2.8951889114568016e-05,0.00012966156559616018,0.00010136576436261732,-1.6365928761685645e-05,-0.00017708986530031156,-0.0003498056367150222,-8.524501907777459e-05,-9.068653140600861e-05,-0.00018312880139686587,-0.0002702626583473145,0.00023513177191044937,-0.0002623628609807515,-5.7489152521419226e-05,1.9169802735384036e-05,0.0001821705632305514,0.0004210019705627962,-9.099375743712219e-06,2.4146923031199863e-05,0.00020330127827199014,1.4147223135098301e-05,0.0001547979187606969,4.768257607542592e-05,-1.3963189630675586e-05,-6.152573310693709e-05,0.0003374409882715543,0.0001294353196653447,4.034675929134792e-05,0.00033196648593496745,0.000100580229413435,-3.3123064878579723e-06,0.00021274163102365408,-0.00016697250650145242,-0.00015764535345844048,-0.00028482172797255885,0.00010178173033639022,-2.117652563258534e-06,0.00012195989931231639,0.0002669126604611945,1.5109733093575015e-05,0.00033127986902960747,0.00013755320336191404,-2.1154841654131502e-05,6.942545935174614e-05,1.0175648478986631e-05,9.242237520596525e-05,-0.00017419020056004208,-0.00019187696781603177,2.4186191224710076e-05,-3.81761803819035e-05,-7.807265026154546e-06,-8.886801337161983e-05,3.2060471295500945e-05,0.00021795538622677483,0.00011232176622306465,-0.0005875366044204764,5.404074850405517e-05,5.0371632246179235e-05,0.00020003549497359362,7.252936848293966e-05,-0.00010286739481070642,0.00046120602461132196,-8.462564137179294e-05,-0.0002765095924050005,-1.8739481212576366e-05,-0.0001357110218728064,-0.000638190601612082,5.20888066850081e-05,7.3428423144289114e-06,-9.473827809241967e-06,-6.450018386431891e-05,-0.0008539711461095284,4.2697721867160605e-05,2.4079677749178764e-05,0.00021960237529112836,7.652456364679723e-05,-9.617307944424127e-05,4.648657301931524e-05
EWC,-1.1431193859783986e-05,2.2697951189579707e-06,3.429075377199247e-05,1.6146116002239513e-05,9.799913333288437e-05,3.2609310085163004e-05,2.372545597017813e-05,-1.514481889190979e-05,3.2905595504713826e-06,2.736904267294465e-05,-1.4434286308793323e-05,0.00019264607179609098,4.4607564085239336e-05,5.3427804637886555e-05,-2.3660152855821127e-05,7.075835657380494e-05,2.0432137129460975e-05,1.3427564259775277e-05,-1.789021458687797e-05,3.0728296967811996e-05,-2.6717593731327722e-05,8.36859102783958e-05,-7.356622857803444e-07,5.883826333083018e-05,2.3519024523026086e-05,4.8864116863042286e-05,-1.0234291497941213e-05,-1.350045731813796e-05,-0.00016873451734850364,-1.0403227899661155e-05,6.400932191599693e-07,-4.762161446620343e-05,-2.5990638322605602e-05,5.7508012973979115e-05,-2.752998163733196e-05,3.6193097036952056e-06,1.057583649774686e-05,2.826213909634603e-05,0.00010327041059771419,7.1472372346566065e-06,5.110187366986158e-06,9.55019858785663e-05,7.246510563660428e-07,5.9852715775604514e-05,-2.750725575269801e-06,3.0803660050344294e-06,-3.626257901615133e-05,1.5413218634892376e-05,2.4931709863122902e-05,-3.9642037872294415e-07,5.0857774353093655e-05,-8.634377853882832e-06,9.880458783384774e-06,5.399778132839539e-05,-1.9928725622727807e-05,-2.068231891682443e-05,-3.302042965125537e-05,6.569673819522512e-05,-3.34580168687711e-07,2.670516302724525e-05,4.775491486567127e-05,1.3018381619995395e-05,4.774883589660575e-05,5.1831884645990115e-05,-1.047820818995481e-06,1.4074893865137976e-05,9.639524943432626e-06,7.586497242892737e-05,-1.092285782700675e-05,-2.789350432199151e-05,-1.2256769288907752e-05,-1.402366519808095e-06,-9.704110567016075e-08,5.539436329861425e-05,7.550428733761293e-06,5.0020311899012055e-05,3.703326679593741e-05,-8.457364293612985e-05,3.76005581914766e-05,2.09668193148354e-05,9.153404705477297e-05,3.4425862655466652e-06,-5.826849454085054e-05,7.643812059527552e-05,-4.496625102576736e-05,-9.029762740126917e-05,-3.98406812113816e-06,-4.0196412825429074e-05,-0.00018728410960088497,-2.2566246914809186e-06,-3.0105889615024325e-06,5.744311491611254e-07,-5.0551746197550775e-05,-0.00016022804477321058,3.3757762688139236e-05,2.458729570163744e-06,5.8689940068820076e-05,1.6408094513281427e-05,-9.454637510837963e-06,1.62911469279117e-05
