,AGNC,AIV,AKRO,APEN,BHR,CBD,CTRM,EW,FENG,GOAT,HIHO,HYB,IBDT,IEDI,ISRG,ITOS,JRO,KR,KRG,MBSD,MSCI,NMIH,PFXF,PVL,QLC,RILYM,SBNY,SENS,SPEM,TRTX,VLO,VWOB,WK,CSSEP,CVM,ESP,GBX,GJP,GNW,IAU,MTN,SPVM,VICR,WLKP,WORX,ATHM,PFFA,CORE,FTSD,HURN
AGNC,3.832339441457014e-05,0.00014401320091233632,1.0016294706055672e-06,-8.825844777239222e-05,1.0396879308917449e-05,0.00014041799669237178,3.837735273472847e-05,2.4104185265286244e-05,0.00010418980802018603,-1.4679769571672023e-06,-3.931874240381946e-06,8.5134128517054e-06,2.858147138816943e-06,-7.926323097976005e-06,-3.347220152686455e-05,-0.00010605133916816899,-1.1786638970821646e-05,-9.198782105335416e-05,1.2256642080650808e-05,-8.460787330377449e-07,-5.057995565166805e-05,6.97341262655767e-05,2.7811731643005165e-06,-4.539180381348565e-05,-5.220869670054449e-06,4.716567516914111e-05,6.559271167103038e-05,-7.587700617310792e-06,-3.403887925794151e-06,2.536721809979987e-07,0.0001916194561362198,-2.611790378679698e-06,1.9695513139572954e-05,-2.5813187844463042e-05,-0.0002034605410759045,0.0004841847348274797,6.550906960227572e-05,9.164213137101104e-06,-0.00010638303146983234,6.969833803008341e-06,8.668101678343038e-05,5.541960156086333e-05,-2.7013337334827356e-05,-5.119989645122178e-05,0.00017282943626389125,9.522402022345886e-05,1.4251766686263907e-05,-3.692726468106792e-05,-2.6626384720818356e-06,4.978423761631562e-06
AIV,0.00014401320091233632,0.0005734864617494387,-3.9750105087093125e-05,-0.00046933090033910433,8.998763766501506e-05,0.0005360615520738164,0.0003000622503511728,0.00011435030727046092,0.00044429791339618683,2.600722589288503e-05,8.833022742208986e-06,2.815092471231186e-05,2.040712461615488e-05,2.229700035081336e-05,-7.975433565150016e-05,-0.0003471389185785029,-3.4112045185910936e-05,-0.0004169213235193736,0.00022437706333247858,-5.101122757372429e-06,-0.0001574878883045918,0.000336790744349461,2.724036576152993e-05,-0.00019620529865336918,1.6257240189002443e-05,0.00023434993622667978,0.0001834843460470547,1.548343402513826e-05,1.8463296114026927e-05,9.091439354390095e-06,0.0007109645244994372,3.20636279198976e-06,5.898221190854536e-06,-7.555407010227933e-05,-0.0009196119823693975,0.0019236450583140403,0.00026335226488674834,1.565332137108652e-05,-0.0004041595312109048,3.2218638074565206e-05,0.0003161810617732433,0.0002100224815151371,-2.968688373797061e-05,-0.00019080097467766679,0.0006585117605340915,0.00037633813881397723,8.430138107044357e-05,-7.031914786019679e-05,-9.300294006077763e-06,-2.06152862063327e-05
AKRO,1.0016294706055672e-06,-3.9750105087093125e-05,0.00029833119128195,0.0008838866523474366,-0.00016595803150943754,-0.0002962676883966818,-9.612696079882584e-05,-4.7429130624322525e-05,-0.00033626440325285436,-7.37487982489971e-05,0.0002675201195979476,7.844034016177045e-06,-5.3768938662816715e-05,-0.00010110610173039556,-0.00027592270886656756,-0.0003327815248339772,3.459548829872575e-05,8.812783776887312e-05,-0.00030759536112239243,8.623465787751282e-06,6.170647535177551e-05,-1.26483763372156e-06,-1.5567321424358573e-05,0.00018748291401293532,-6.801630819252088e-05,5.80809220328637e-06,0.00017705211408636682,-0.000423026141045158,-0.00010717340435320604,-7.987290088914871e-06,0.00018596038900973026,-2.8951560509086957e-05,0.0003856833467925832,-4.395843724159574e-05,0.0009992787750912762,0.00030720575416407284,-1.653413790628439e-05,0.0005213665774136692,0.0011130914407462345,4.740132235313551e-05,0.00013885616612241658,2.017902544276123e-05,-0.00014960982060634333,-0.0001293480990761941,0.00020320306688439472,8.040684502460143e-05,2.839438479116142e-05,5.0406198714901526e-05,6.0535116320689235e-06,0.00012534676851146847
APEN,-8.825844777239222e-05,-0.00046933090033910433,0.0008838866523474366,0.002838646545363774,-0.0005264023848309965,-0.0012029843029089766,-0.00042277429112659175,-0.00020370692267052107,-0.001248074213250503,-0.00022231627992703198,0.0007838290911138317,3.91854138759445e-06,-0.0001671253968297729,-0.0002935822722411658,-0.0007419271386321219,-0.0007371956495784071,0.00012589336405903202,0.0004995758017424731,-0.0009861352684264878,2.7846205186809943e-05,0.00029021017913131064,-0.00019380665047961186,-5.756191360139604e-05,0.0006644166707240291,-0.00019803572478313552,-0.00011372397748451115,0.00038193699631445806,-0.0012329256621873075,-0.00031534189543528133,-2.6588142375958205e-05,9.067530511567418e-05,-8.264035790118835e-05,0.0011027457383301887,-7.40350251482818e-05,0.0034557352472498995,-0.00028763530553594383,-0.00020976971251729083,0.0015085213450169964,0.0035087428035944076,0.00012004664615753587,0.00020279671309749527,-7.344176050370278e-05,-0.00039635809690182194,-0.00025685007476226407,0.00017991946717646332,2.511987449137864e-06,3.915408272119213e-05,0.00021308362525041742,2.380505552835744e-05,0.0003673372057548961
BHR,1.0396879308917449e-05,8.998763766501506e-05,-0.00016595803150943754,-0.0005264023848309965,0.0001228501650330621,0.0001689088025072102,0.0002100859066943669,5.053826978503962e-05,0.00022057750388966346,6.201568515901845e-05,-8.58403868391382e-05,-4.741382757549569e-06,3.264159428721754e-05,9.246088287873054e-05,0.00015025773538224473,0.0001584610543775199,-6.958602733215211e-06,-0.00013503005010508248,0.00031195800529908104,-5.725866671780793e-06,-5.925416785710865e-06,9.695938161188569e-05,2.4374007100979744e-05,-0.00011550708610549618,6.30939451659581e-05,6.960102551921483e-05,-0.00011836018506784202,0.00021539666147401846,7.481031595307227e-05,1.1686011265224618e-05,-3.109295449967289e-05,2.4435063855636635e-05,-0.0002215464007128942,3.2664266942530815e-05,-0.0006237368776235313,0.00011836063708107385,4.285458465620346e-05,-0.0002291138190644247,-0.00048796607319323484,-1.1153991469125307e-05,-4.19431821839597e-05,9.21697622998282e-06,0.00012712093362723798,3.990367860858682e-05,-2.4761896656121197e-05,1.3097517882618839e-05,2.4036125435543058e-05,3.93714959992655e-05,-2.4921000614569137e-06,-9.005936484567719e-05
CBD,0.00014041799669237178,0.0005360615520738164,-0.0002962676883966818,-0.0012029843029089766,0.0001689088025072102,0.0008642353207651866,4.530637598411947e-05,0.00011381251574182293,0.0007180742395935808,4.0443622843408595e-05,-0.00036882162330430804,2.7247647120034664e-05,6.214205736911001e-05,2.1516774837994048e-05,0.00014586414153659952,-6.118063579538498e-05,-9.908180438493555e-05,-0.00034902101070970453,0.00017280996323056037,-1.0893252747216797e-05,-0.00030560249409860115,0.00015742524101303163,6.155784601007387e-06,-0.0003585947056485278,1.374332650234496e-05,8.952234644783518e-05,0.0001150117018048936,0.0004214234632726661,7.390439041031431e-05,-5.291457144332767e-07,0.0004966138315894863,7.47510464497398e-06,-0.00029886339947769947,-7.167258232619825e-05,-0.0017440050835540889,0.0012775165231502334,0.0002385990987829488,-0.0005683550433038411,-0.001727495562890512,-3.9530712967491804e-05,0.00016613602098450062,0.00017810119969049223,-1.7502771460691376e-05,-3.563336580709733e-05,0.0003816816940145068,0.00022987830505645884,-2.340048349283931e-05,-0.00029039004589014245,-1.809003782836136e-05,-7.897915565244225e-05
CTRM,3.837735273472847e-05,0.0003000622503511728,-9.612696079882584e-05,-0.00042277429112659175,0.0002100859066943669,4.530637598411947e-05,0.0008432588102854187,0.00013125456960227342,0.00023283596147461892,0.0001358898196386067,0.0002508154526952678,-8.851606977742282e-06,3.028529468639184e-05,0.00022883183840591078,8.827703305408542e-05,1.896872514169791e-05,6.01765589845174e-05,-0.0004383449226093262,0.0008405725758996232,-7.267273764422909e-06,0.00015682568447635407,0.00047627600702318984,8.705298493665598e-05,-9.656622705252771e-05,0.00015862997226991687,0.0003610540725578523,-0.00019565638383648855,3.358070020733536e-05,0.00011678087792642592,4.0906857504080713e-05,0.00022730159634308257,5.485743853865573e-05,-0.00017079446013835414,7.083672644602028e-05,-0.0005772284798031522,0.0011918744461557314,0.0001507739919327604,0.00015184189243392374,0.00039450868204763025,6.208803334183062e-05,9.893446630671445e-05,7.393945996538499e-05,0.00029487424062591967,-0.00010276571427096155,0.00031592034798892747,0.00023298796358330327,0.0001952480267015382,0.00036074014881291817,4.0645170144799465e-06,-0.00015070870179515584
EW,2.4104185265286244e-05,0.00011435030727046092,-4.7429130624322525e-05,-0.00020370692267052107,5.053826978503962e-05,0.00011381251574182293,0.00013125456960227342,3.372391953969104e-05,0.0001222893307459734,2.4362145526215537e-05,-5.143855924594752e-06,2.364686513992428e-06,1.1642407048019109e-05,3.539298954897611e-05,2.7073097167916213e-05,-1.1440121527023429e-05,-3.177142192229893e-06,-0.00010991359951182643,0.00014344204335877398,-2.3514803714813852e-06,-1.4995671950719775e-05,9.232044912482705e-05,1.3635274070135972e-05,-5.772499221197703e-05,2.4421630008085877e-05,6.622929228335519e-05,-1.1154878197403848e-05,5.193292709537572e-05,2.5204587582674697e-05,5.948660981849254e-06,0.00010252898817870983,8.696960369273035e-06,-5.736734623299476e-05,5.082205499521786e-07,-0.0002953044833190819,0.0003520655783335236,5.3515644529805664e-05,-4.1243390869029036e-05,-0.0001444327286678911,5.114469510147385e-06,3.9210216388780415e-05,3.4742623494845726e-05,3.934653764335686e-05,-2.2602111348117993e-05,0.00010124606869113848,6.662229982585827e-05,2.693783824105523e-05,1.7525758202975423e-05,-1.6290859960316136e-06,-3.063717782565325e-05
FENG,0.00010418980802018603,0.00044429791339618683,-0.00033626440325285436,-0.001248074213250503,0.00022057750388966346,0.0007180742395935808,0.00023283596147461892,0.0001222893307459734,0.0006689038941192815,8.242900662261205e-05,-0.00030679701665464157,1.4135342390142256e-05,6.91890634114561e-05,9.788969554225384e-05,0.00022231338417948168,8.710960176901389e-05,-6.975448530083164e-05,-0.0003603902567325081,0.0004002954774448974,-1.2209384101233507e-05,-0.0002037918692733913,0.00020259766778829872,2.7189936792593178e-05,-0.00033756457162479247,6.626586239373878e-05,0.00013042052800361144,-2.5710647084358237e-05,0.0004576021904448062,0.00011443420821025547,1.0665629278306174e-05,0.00031753657607659327,2.6848364942703123e-05,-0.0003856772461039362,-1.905565548529522e-05,-0.001695837477933897,0.00100045088934375,0.0002006913088541324,-0.0005599620047437409,-0.0015370168384895536,-3.305792112415805e-05,8.176771792106317e-05,0.00012995944902549926,0.00010217914161999179,4.086723984882254e-06,0.0002489533615999074,0.0001741616536209442,1.1358520389278529e-05,-0.00014905730280780825,-1.3992584755700076e-05,-0.00013145238645578442
GOAT,-1.4679769571672023e-06,2.600722589288503e-05,-7.37487982489971e-05,-0.00022231627992703198,6.201568515901845e-05,4.0443622843408595e-05,0.0001358898196386067,2.4362145526215537e-05,8.242900662261205e-05,3.488953543680843e-05,-1.5853366492427408e-05,-4.393183915112144e-06,1.46453145777134e-05,5.513168221409058e-05,7.397237577046302e-05,8.82042516707822e-05,4.046086010910256e-06,-6.52854379066296e-05,0.00018235379788267652,-2.6324148051436956e-06,1.9790342136222692e-05,5.7533182554798135e-05,1.5366006646941957e-05,-4.33677577132617e-05,3.775583285813215e-05,4.329071444330921e-05,-7.578326542194579e-05,9.062299966148388e-05,3.909979846172693e-05,7.544077057099924e-06,-3.822284185675165e-05,1.428434771449808e-05,-0.00010547361272834655,2.3793042269164417e-05,-0.0002472393170949029,2.6386206805615345e-05,1.3615457693815952e-05,-8.332694489998155e-05,-0.00014492768433927073,-1.6011461402228708e-06,-2.8772476233634113e-05,-3.1532153535621692e-06,7.791786184800094e-05,1.9931794301484886e-05,-2.5287389364881398e-05,9.96639951789477e-07,2.040060918186515e-05,4.948285973468542e-05,-1.3189122265980768e-07,-4.7980290894387535e-05
HIHO,-3.931874240381946e-06,8.833022742208986e-06,0.0002675201195979476,0.0007838290911138317,-8.58403868391382e-05,-0.00036882162330430804,0.0002508154526952678,-5.143855924594752e-06,-0.00030679701665464157,-1.5853366492427408e-05,0.00039167732171473916,-6.22251373710126e-07,-4.4225084407188125e-05,4.593870533731564e-07,-0.00022906830765256894,-0.0002773523744992614,6.937597247848326e-05,-4.9401685515488054e-05,4.442040235950207e-05,6.249115594560476e-06,0.0001625512986527794,0.00016935153439918147,2.0692921413402823e-05,0.00017848469658524843,2.3189832732945463e-06,0.00013868960302143736,6.025878113905279e-05,-0.0004212279936615104,-5.799346109976932e-05,9.62712016800522e-06,0.00018439205416107105,-4.389794717572515e-06,0.0003147436836117172,3.372424270090593e-07,0.000901635749381982,0.0005696105737510312,1.1943830368627942e-05,0.0006046993524339237,0.0013942218396520863,7.28134871262262e-05,0.00013867840956393722,2.1969458681873102e-05,-9.906969419556646e-06,-0.00015079025461446055,0.00025228835843902773,0.00013220929450753305,0.0001077356804244678,0.0002331351749630321,9.624328413210348e-06,6.101040409055193e-05
HYB,8.5134128517054e-06,2.815092471231186e-05,7.844034016177045e-06,3.91854138759445e-06,-4.741382757549569e-06,2.7247647120034664e-05,-8.851606977742282e-06,2.364686513992428e-06,1.4135342390142256e-05,-4.393183915112144e-06,-6.22251373710126e-07,2.372904913289199e-06,-9.312984914460611e-07,-8.267070768280556e-06,-1.5084126340529276e-05,-3.233180426377967e-05,-3.3321940915602995e-06,-1.2019693232936571e-05,-1.9169666360169306e-05,1.0238392870834625e-07,-1.4018133856051367e-05,7.601722698026117e-06,-1.3070453989092307e-06,-5.462079313756434e-06,-5.624960579580875e-06,4.520248425705833e-06,2.298577635650361e-05,-1.062963515241353e-05,-5.135804644511295e-06,-8.80903779259366e-07,4.53735864133772e-05,-2.244167965924487e-06,1.547034032997476e-05,-8.431303284837034e-06,-1.8637736177431892e-05,9.961779415994982e-05,1.2560074057248938e-05,9.333071235894181e-06,-1.1774571990169418e-05,1.3969186971894708e-06,2.1655216176935275e-05,1.2317068575654262e-05,-1.5073064552438859e-05,-1.28494980386372e-05,3.9471603489175925e-05,2.0004323305015298e-05,2.1972523534794435e-07,-1.4874886764089354e-05,-6.031304706345431e-07,6.519093360184775e-06
IBDT,2.858147138816943e-06,2.040712461615488e-05,-5.3768938662816715e-05,-0.0001671253968297729,3.264159428721754e-05,6.214205736911001e-05,3.028529468639184e-05,1.1642407048019109e-05,6.91890634114561e-05,1.46453145777134e-05,-4.4225084407188125e-05,-9.312984914460611e-07,1.0058397717851924e-05,2.022960097893563e-05,4.756183429789954e-05,5.188365878463884e-05,-6.112887195454657e-06,-2.725340258981258e-05,6.580600581950306e-05,-1.6697321444300592e-06,-1.2232069028378473e-05,1.0944657705500002e-05,4.043282555673699e-06,-3.73078124789403e-05,1.3676284363469535e-05,6.725428782035694e-06,-2.936924195144214e-05,7.451950251979959e-05,2.016622835093484e-05,1.948570043218757e-06,-1.7163945179936195e-05,5.633529820278909e-06,-6.88863651378682e-05,6.944102534890236e-06,-0.00019709559491431304,-6.7842734751216475e-06,9.192659930063535e-06,-8.938349879329633e-05,-0.00019828967371884467,-7.101516641840922e-06,-1.7465635323919595e-05,1.0662756417627181e-06,2.8360323736480697e-05,1.8095191214657083e-05,-2.0317972529347075e-05,-4.87711248739469e-06,-1.5631344199698198e-06,-6.72461370941772e-06,-1.1921792644430562e-06,-2.370030923213989e-05
IEDI,-7.926323097976005e-06,2.229700035081336e-05,-0.00010110610173039556,-0.0002935822722411658,9.246088287873054e-05,2.1516774837994048e-05,0.00022883183840591078,3.539298954897611e-05,9.788969554225384e-05,5.513168221409058e-05,4.593870533731564e-07,-8.267070768280556e-06,2.022960097893563e-05,8.95461831661085e-05,0.00010845777114109866,0.00013822934437765022,1.2612425724833218e-05,-9.513230826091782e-05,0.0002936201196738281,-3.7000270370215615e-06,4.927266622541686e-05,9.354744484937591e-05,2.5595759232623377e-05,-5.170533629988419e-05,6.142481811566785e-05,7.185429116073892e-05,-0.00012673960102838524,0.0001191380521211947,5.942632533946489e-05,1.2686300180966262e-05,-7.595954052691389e-05,2.2986734955135698e-05,-0.00015152325728027297,4.176136689997687e-05,-0.00030994574223003574,1.19807670327705e-05,1.3518285603221999e-05,-9.578673157616417e-05,-0.0001274689612391982,1.1755115275143186e-06,-4.9199813094481204e-05,-1.132564167731803e-05,0.00012806705430609734,2.9314836101716688e-05,-4.8214866069821283e-05,-3.0619544046995254e-06,3.770925376166445e-05,9.956338113424086e-05,7.805639042779113e-07,-7.36915918906703e-05
ISRG,-3.347220152686455e-05,-7.975433565150016e-05,-0.00027592270886656756,-0.0007419271386321219,0.00015025773538224473,0.00014586414153659952,8.827703305408542e-05,2.7073097167916213e-05,0.00022231338417948168,7.397237577046302e-05,-0.00022906830765256894,-1.5084126340529276e-05,4.756183429789954e-05,0.00010845777114109866,0.00028418328062190123,0.00039764620481880843,-1.8412599565644063e-05,-1.6337353867403536e-05,0.00030356012999160356,-7.382865535403737e-06,-4.4306675746225354e-06,-4.115509998162411e-05,1.5292792260677054e-05,-0.00013388360885513927,7.305822586697002e-05,-3.226673067532057e-05,-0.00022747362119323006,0.0003924660930195933,0.00010526623424784179,8.735631826795568e-06,-0.00033027434205836566,3.091684113299167e-05,-0.0003750560863353768,6.589854583923853e-05,-0.0007505022352172902,-0.0006610024148605096,-3.70892184170578e-05,-0.0004754784340855354,-0.0008999166292662925,-4.668646538184541e-05,-0.0001992896726804413,-6.465128961916338e-05,0.00017228974057752476,0.00015886348209642233,-0.00032549371842989126,-0.00014821685337905994,-3.035855462774891e-05,2.167147718969881e-06,-2.9563551341976004e-06,-0.00012459421610539801
ITOS,-0.00010605133916816899,-0.0003471389185785029,-0.0003327815248339772,-0.0007371956495784071,0.0001584610543775199,-6.118063579538498e-05,1.896872514169791e-05,-1.1440121527023429e-05,8.710960176901389e-05,8.82042516707822e-05,-0.0002773523744992614,-3.233180426377967e-05,5.188365878463884e-05,0.00013822934437765022,0.00039764620481880843,0.0006589631965290921,-4.086687127753864e-06,0.00014714386620194619,0.00032340573615629887,-7.305723781904998e-06,7.546538917337653e-05,-0.00018026819527047628,1.142012984622123e-05,-8.287355154879228e-05,9.27899145189715e-05,-0.0001283573551938572,-0.00038016611909961226,0.0004865534623287778,0.0001298401387616693,9.013383709800126e-06,-0.0007282864843394596,4.0282014063342286e-05,-0.0004821000240841785,0.00012120869461935315,-0.0005493994770363658,-0.0016473316746363602,-0.00015928057846516317,-0.0005947171464676998,-0.0009202738177540053,-6.991022754407618e-05,-0.0003896810420505942,-0.00017352024452076207,0.0002457483168596254,0.00028116446605863665,-0.0006933139908821409,-0.00034597559639476684,-6.608298292614688e-05,5.485270867911443e-05,7.942709970092212e-07,-0.00015493489695713266
JRO,-1.1786638970821646e-05,-3.4112045185910936e-05,3.459548829872575e-05,0.00012589336405903202,-6.958602733215211e-06,-9.908180438493555e-05,6.01765589845174e-05,-3.177142192229893e-06,-6.975448530083164e-05,4.046086010910256e-06,6.937597247848326e-05,-3.3321940915602995e-06,-6.112887195454657e-06,1.2612425724833218e-05,-1.8412599565644063e-05,-4.086687127753864e-06,1.669284865415653e-05,4.741371439599348e-06,3.867885752818402e-05,8.832211521994251e-07,4.7507367591821976e-05,2.1894371900349056e-05,5.849095808451902e-06,3.714862306876707e-05,8.943466241271698e-06,2.0017159703664005e-05,-2.167437864061002e-05,-5.754133490641519e-05,-2.285641001401325e-06,3.0881088200608233e-06,-2.75932795943424e-05,2.6051107981415276e-06,3.199192203629792e-05,1.1777371205353815e-05,0.00017512060915495675,-2.790266870040108e-05,-1.3742222991105336e-05,9.182498552292848e-05,0.000256455373353623,1.097881475500216e-05,-4.5757482091669925e-06,-1.2207836138721734e-05,2.0360185172309508e-05,-9.274495657282179e-06,-7.536280058048216e-06,-2.5998595219587666e-06,1.9386719171542184e-05,6.204184247801802e-05,2.475796492128712e-06,7.322651509148636e-07
KR,-9.198782105335416e-05,-0.0004169213235193736,8.812783776887312e-05,0.0004995758017424731,-0.00013503005010508248,-0.00034902101070970453,-0.0004383449226093262,-0.00010991359951182643,-0.0003603902567325081,-6.52854379066296e-05,-4.9401685515488054e-05,-1.2019693232936571e-05,-2.725340258981258e-05,-9.513230826091782e-05,-1.6337353867403536e-05,0.00014714386620194619,4.741371439599348e-06,0.0003780339733754936,-0.00042111720071632695,6.131481853242454e-06,4.713345081698714e-05,-0.00033441211596160194,-4.385723412857369e-05,0.0001619847931521511,-6.614087991159105e-05,-0.00024099409132562015,-2.055630508817319e-05,-7.057976135649784e-05,-5.9281599149846046e-05,-1.8622503289551364e-05,-0.00044367208313982065,-2.2188325079762288e-05,9.628956107554534e-05,1.498842243124849e-05,0.0008122498860394981,-0.001401720682731229,-0.00019523728161837913,8.202867116907117e-06,0.00023990503199468766,-3.127344484379094e-05,-0.00018979649436025428,-0.00013739273519723576,-9.236843936113902e-05,0.00012221575735602312,-0.0004395657256779345,-0.00027169425403933097,-0.00010358078968070674,-6.55548409215547e-05,4.675301353114976e-06,7.313133865041309e-05
KRG,1.2256642080650808e-05,0.00022437706333247858,-0.00030759536112239243,-0.0009861352684264878,0.00031195800529908104,0.00017280996323056037,0.0008405725758996232,0.00014344204335877398,0.0004002954774448974,0.00018235379788267652,4.442040235950207e-05,-1.9169666360169306e-05,6.580600581950306e-05,0.0002936201196738281,0.00030356012999160356,0.00032340573615629887,3.867885752818402e-05,-0.00042111720071632695,0.0010072712953251334,-1.258910066429774e-05,0.00013344647893718452,0.00040724652539996295,9.158422792409371e-05,-0.00019954650160903514,0.00020187329174443664,0.0003072565406563626,-0.00035232909115241707,0.0003431635637794015,0.000189784418213242,4.4160092961235624e-05,-3.6676318006117105e-05,7.42392435067537e-05,-0.0004525804610476081,0.00011419129500759179,-0.0011457028397473933,0.0006068300796553656,0.0001143890955115492,-0.00024088247475787623,-0.0003719571570920601,1.9855041622547398e-05,-5.9968961748447224e-05,2.1497581627892117e-05,0.00040253182936501294,2.8026944688483045e-05,4.5606119793374246e-05,0.00010350608230962494,0.00015463005727822942,0.0003254023198098225,1.0430850722472553e-06,-0.00023586890892727592
MBSD,-8.460787330377449e-07,-5.101122757372429e-06,8.623465787751282e-06,2.7846205186809943e-05,-5.725866671780793e-06,-1.0893252747216797e-05,-7.267273764422909e-06,-2.3514803714813852e-06,-1.2209384101233507e-05,-2.6324148051436956e-06,6.249115594560476e-06,1.0238392870834625e-07,-1.6697321444300592e-06,-3.7000270370215615e-06,-7.382865535403737e-06,-7.305723781904998e-06,8.832211521994251e-07,6.131481853242454e-06,-1.258910066429774e-05,2.860559307165023e-07,1.8803666637251095e-06,-3.5193279338545643e-06,-8.838299733561336e-07,6.422086784683073e-06,-2.512973442055815e-06,-2.3787874353208326e-06,4.585877274341738e-06,-1.1637124777855651e-05,-3.4262128707075887e-06,-4.146858493284043e-07,5.741618953486471e-07,-1.0035565272115157e-06,1.1031805003910712e-05,-1.0696567318518241e-06,3.3823664340275355e-05,-5.896221829362441e-06,-2.34449348581484e-06,1.3444886599005621e-05,3.065919944966432e-05,8.860277620050752e-07,1.781112096150022e-06,-7.950792253369931e-07,-4.9940837439116024e-06,-2.1452562017842537e-06,9.751380232949495e-07,-6.040137071269894e-07,-3.8881828025568475e-07,3.718171533972299e-07,1.9556846342329517e-07,4.054974275333785e-06
MSCI,-5.057995565166805e-05,-0.0001574878883045918,6.170647535177551e-05,0.00029021017913131064,-5.925416785710865e-06,-0.00030560249409860115,0.00015682568447635407,-1.4995671950719775e-05,-0.0002037918692733913,1.9790342136222692e-05,0.0001625512986527794,-1.4018133856051367e-05,-1.2232069028378473e-05,4.927266622541686e-05,-4.4306675746225354e-06,7.546538917337653e-05,4.7507367591821976e-05,4.713345081698714e-05,0.00013344647893718452,1.8803666637251095e-06,0.00014730535983731712,2.6865701053090116e-05,1.6371809679185416e-05,0.00010281619019370557,3.434898199570031e-05,3.1694754288963726e-05,-0.00010975240238450664,-0.00010777885588221987,7.026352025293411e-06,9.196233749517799e-06,-0.00018685372601794965,1.1518625112153959e-05,3.618942090767152e-05,4.927809290082749e-05,0.00046711496397077313,-0.0003400396921682634,-6.695179517282284e-05,0.00019011707276467353,0.0006310621583582515,2.1561838912131734e-05,-6.8851368029302e-05,-6.194983942140414e-05,8.482270345652722e-05,1.3052531453892107e-05,-0.0001249244786051154,-6.115020420492328e-05,4.316716722581177e-05,0.00018180218066159206,7.380635315050448e-06,-1.4001867159214339e-05
NMIH,6.97341262655767e-05,0.000336790744349461,-1.26483763372156e-06,-0.00019380665047961186,9.695938161188569e-05,0.00015742524101303163,0.00047627600702318984,9.232044912482705e-05,0.00020259766778829872,5.7533182554798135e-05,0.00016935153439918147,7.601722698026117e-06,1.0944657705500002e-05,9.354744484937591e-05,-4.115509998162411e-05,-0.00018026819527047628,2.1894371900349056e-05,-0.00033441211596160194,0.00040724652539996295,-3.5193279338545643e-06,2.6865701053090116e-05,0.0003395188107135021,4.673924159086387e-05,-7.913650889231846e-05,6.553422929638224e-05,0.00025111431584492057,1.0437869859786249e-05,-6.002967052321337e-05,3.965434787664192e-05,2.049632685735495e-05,0.00039626630665740866,2.0751731497685692e-05,-2.2863960589995414e-06,-3.2136552303939684e-06,-0.00040493811511964665,0.0012990046039413942,0.00016093678570706222,0.00017506514440791848,0.0002481211716081148,4.915258499411162e-05,0.00018599527351658736,0.00011351711851092884,9.576980098509543e-05,-0.0001406969455497799,0.00042125490368151013,0.00025793684196894905,0.00012532444763115768,0.00014959503278904915,-3.3349758563700805e-07,-5.249842977693976e-05
PFXF,2.7811731643005165e-06,2.724036576152993e-05,-1.5567321424358573e-05,-5.756191360139604e-05,2.4374007100979744e-05,6.155784601007387e-06,8.705298493665598e-05,1.3635274070135972e-05,2.7189936792593178e-05,1.5366006646941957e-05,2.0692921413402823e-05,-1.3070453989092307e-06,4.043282555673699e-06,2.5595759232623377e-05,1.5292792260677054e-05,1.142012984622123e-05,5.849095808451902e-06,-4.385723412857369e-05,9.158422792409371e-05,-8.838299733561336e-07,1.6371809679185416e-05,4.673924159086387e-05,9.129353179388052e-06,-1.2129083854636913e-05,1.7695777875258428e-05,3.547074344942206e-05,-2.5347879786862547e-05,1.1736868891398948e-05,1.4104317271510722e-05,4.3338231210592155e-06,1.4078295427596852e-05,6.246970105306719e-06,-2.5431560518046136e-05,8.853516374863897e-06,-7.218508731287159e-05,0.00010191280507718662,1.3823987491119389e-05,5.326752416919839e-06,2.2286648713455146e-05,5.247575095675248e-06,4.925593460314675e-06,5.552775503647578e-06,3.384685349441923e-05,-6.545155102244654e-06,2.3377496765937664e-05,1.951647039830289e-05,1.903126259415138e-05,3.7065846724454506e-05,3.791345518087808e-07,-1.797180335155739e-05
PVL,-4.539180381348565e-05,-0.00019620529865336918,0.00018748291401293532,0.0006644166707240291,-0.00011550708610549618,-0.0003585947056485278,-9.656622705252771e-05,-5.772499221197703e-05,-0.00033756457162479247,-4.33677577132617e-05,0.00017848469658524843,-5.462079313756434e-06,-3.73078124789403e-05,-5.170533629988419e-05,-0.00013388360885513927,-8.287355154879228e-05,3.714862306876707e-05,0.0001619847931521511,-0.00019954650160903514,6.422086784683073e-06,0.00010281619019370557,-7.913650889231846e-05,-1.2129083854636913e-05,0.00017322955933298285,-3.485593981317547e-05,-4.876211176149389e-05,3.047883647729964e-05,-0.00025972729788010385,-6.25571444356783e-05,-4.848457057269712e-06,-0.00011125572389526263,-1.4532677959420488e-05,0.00021941072873166173,4.300988903715061e-06,0.0008757461120219019,-0.00037647527741265776,-8.807423500381069e-05,0.0003229128040786144,0.000843299597236657,2.255026735474085e-05,-1.5523296111368004e-05,-5.3467123249411106e-05,-5.853148217013825e-05,-2.156309034997685e-05,-7.627272661674016e-05,-6.133045484296188e-05,3.380293870823096e-06,8.176146401105155e-05,7.142888174962052e-06,7.176516230455412e-05
QLC,-5.220869670054449e-06,1.6257240189002443e-05,-6.801630819252088e-05,-0.00019803572478313552,6.30939451659581e-05,1.374332650234496e-05,0.00015862997226991687,2.4421630008085877e-05,6.626586239373878e-05,3.775583285813215e-05,2.3189832732945463e-06,-5.624960579580875e-06,1.3676284363469535e-05,6.142481811566785e-05,7.305822586697002e-05,9.27899145189715e-05,8.943466241271698e-06,-6.614087991159105e-05,0.00020187329174443664,-2.512973442055815e-06,3.434898199570031e-05,6.553422929638224e-05,1.7695777875258428e-05,-3.485593981317547e-05,4.2146510928736805e-05,5.034157864178589e-05,-8.628081639898815e-05,7.955762860896005e-05,4.047365779810463e-05,8.760422198543684e-06,-4.99862687573606e-05,1.5740938771707074e-05,-0.00010226499046883647,2.8508162851486513e-05,-0.00020938282993924977,1.4216779584304537e-05,9.753599159023241e-06,-6.256723842608912e-05,-8.095411009024204e-05,1.227837132158032e-06,-3.251219045485958e-05,-7.312900003699981e-06,8.769525913865278e-05,1.9021646574309968e-05,-3.070638668978819e-05,-8.189948182744703e-07,2.653436025423304e-05,6.932418794535188e-05,5.689560565294367e-07,-5.02410534057045e-05
RILYM,4.716567516914111e-05,0.00023434993622667978,5.80809220328637e-06,-0.00011372397748451115,6.960102551921483e-05,8.952234644783518e-05,0.0003610540725578523,6.622929228335519e-05,0.00013042052800361144,4.329071444330921e-05,0.00013868960302143736,4.520248425705833e-06,6.725428782035694e-06,7.185429116073892e-05,-3.226673067532057e-05,-0.0001283573551938572,2.0017159703664005e-05,-0.00024099409132562015,0.0003072565406563626,-2.3787874353208326e-06,3.1694754288963726e-05,0.00025111431584492057,3.547074344942206e-05,-4.876211176149389e-05,5.034157864178589e-05,0.00018670253911786191,1.2272350052887278e-07,-5.517490599504125e-05,2.8962712256459973e-05,1.5706377848049007e-05,0.0002770752780662343,1.594486709347451e-05,3.5978917745999877e-06,1.248473818356056e-06,-0.0002539094033273244,0.0009278467867994029,0.00011265465323858476,0.00014664686030179975,0.00023867952492073437,3.804530152768023e-05,0.00013185978564789273,7.850141634772493e-05,7.597964297015398e-05,-0.0001029731679551631,0.00030038872919896056,0.0001848616183746044,9.549281420775889e-05,0.00012435182961465207,3.748368604450141e-07,-3.881791839004006e-05
SBNY,6.559271167103038e-05,0.0001834843460470547,0.00017705211408636682,0.00038193699631445806,-0.00011836018506784202,0.0001150117018048936,-0.00019565638383648855,-1.1154878197403848e-05,-2.5710647084358237e-05,-7.578326542194579e-05,6.025878113905279e-05,2.298577635650361e-05,-2.936924195144214e-05,-0.00012673960102838524,-0.00022747362119323006,-0.00038016611909961226,-2.167437864061002e-05,-2.055630508817319e-05,-0.00035232909115241707,4.585877274341738e-06,-0.00010975240238450664,1.0437869859786249e-05,-2.5347879786862547e-05,3.047883647729964e-05,-8.628081639898815e-05,1.2272350052887278e-07,0.000269280964335506,-0.00023602593634915897,-9.130693594040987e-05,-1.4315844030340095e-05,0.00040940911036722915,-3.414508195102475e-05,0.00027730256058974194,-9.143998523827466e-05,0.00025449879275065,0.0007897417036229995,8.046779052975891e-05,0.00023948302101002247,0.0002454712576896276,2.1064767143756465e-05,0.0002136916596110619,9.938061809753709e-05,-0.00020599045429518946,-0.00013826010906369972,0.0003577668332338897,0.00016572158870046302,-9.353826857274785e-06,-0.0001424890297121913,-3.26293581927789e-06,0.00011247895553579027
SENS,-7.587700617310792e-06,1.548343402513826e-05,-0.000423026141045158,-0.0012329256621873075,0.00021539666147401846,0.0004214234632726661,3.358070020733536e-05,5.193292709537572e-05,0.0004576021904448062,9.062299966148388e-05,-0.0004212279936615104,-1.062963515241353e-05,7.451950251979959e-05,0.0001191380521211947,0.0003924660930195933,0.0004865534623287778,-5.754133490641519e-05,-7.057976135649784e-05,0.0003431635637794015,-1.1637124777855651e-05,-0.00010777885588221987,-6.002967052321337e-05,1.1736868891398948e-05,-0.00025972729788010385,7.955762860896005e-05,-5.517490599504125e-05,-0.00023602593634915897,0.0006128759080951008,0.00014181082456732753,6.531958888668856e-06,-0.00030619953253336495,3.545831910256002e-05,-0.0005417256944807412,5.61550424308496e-05,-0.0013778782170835754,-0.000613575847603336,3.0045206735638077e-06,-0.0007794591666869268,-0.0016684875302193144,-7.710641370015684e-05,-0.00021783490799999277,-4.058464718323591e-05,0.00018228398806766858,0.00020321111174676968,-0.0003417444004758899,-0.0001496398946978847,-6.626564893801376e-05,-0.00011722755717128289,-9.240760707608807e-06,-0.00016412960441739824
SPEM,-3.403887925794151e-06,1.8463296114026927e-05,-0.00010717340435320604,-0.00031534189543528133,7.481031595307227e-05,7.390439041031431e-05,0.00011678087792642592,2.5204587582674697e-05,0.00011443420821025547,3.909979846172693e-05,-5.799346109976932e-05,-5.135804644511295e-06,2.016622835093484e-05,5.942632533946489e-05,0.00010526623424784179,0.0001298401387616693,-2.285641001401325e-06,-5.9281599149846046e-05,0.000189784418213242,-3.4262128707075887e-06,7.026352025293411e-06,3.965434787664192e-05,1.4104317271510722e-05,-6.25571444356783e-05,4.047365779810463e-05,2.8962712256459973e-05,-9.130693594040987e-05,0.00014181082456732753,4.815835308230472e-05,7.0458814568826145e-06,-7.156779602892244e-05,1.5904703525815938e-05,-0.00014719998160262211,2.6944634465231568e-05,-0.00034767280316598916,-6.0141025228043096e-05,9.474612622668633e-06,-0.0001534189826785176,-0.00029573934905908204,-9.79184775781408e-06,-5.048537725966623e-05,-8.938165359696383e-06,8.602634207896207e-05,4.021836928643969e-05,-6.377229161980023e-05,-1.8441560432255492e-05,9.652385715450802e-06,3.057262345862659e-05,-9.987972851510995e-07,-5.807364412768561e-05
TRTX,2.536721809979987e-07,9.091439354390095e-06,-7.987290088914871e-06,-2.6588142375958205e-05,1.1686011265224618e-05,-5.291457144332767e-07,4.0906857504080713e-05,5.948660981849254e-06,1.0665629278306174e-05,7.544077057099924e-06,9.62712016800522e-06,-8.80903779259366e-07,1.948570043218757e-06,1.2686300180966262e-05,8.735631826795568e-06,9.013383709800126e-06,3.0881088200608233e-06,-1.8622503289551364e-05,4.4160092961235624e-05,-4.146858493284043e-07,9.196233749517799e-06,2.049632685735495e-05,4.3338231210592155e-06,-4.848457057269712e-06,8.760422198543684e-06,1.5706377848049007e-05,-1.4315844030340095e-05,6.531958888668856e-06,7.0458814568826145e-06,2.0883725780213944e-06,1.0613980289676832e-06,3.122207946902038e-06,-1.339515083596973e-05,5.053514502957303e-06,-3.0550068049216175e-05,3.4823849464707765e-05,4.8216416909519345e-06,1.4664877749527386e-06,1.1929676889922708e-05,2.2493114300996475e-06,-3.00923179445877e-07,1.0725650173558772e-06,1.72678032789667e-05,-1.4937274150952675e-06,6.032938953805453e-06,6.563684800668254e-06,8.698424001157637e-06,1.877421645726182e-05,2.4763656489896013e-07,-8.978036562944939e-06
VLO,0.0001916194561362198,0.0007109645244994372,0.00018596038900973026,9.067530511567418e-05,-3.109295449967289e-05,0.0004966138315894863,0.00022730159634308257,0.00010252898817870983,0.00031753657607659327,-3.822284185675165e-05,0.00018439205416107105,4.53735864133772e-05,-1.7163945179936195e-05,-7.595954052691389e-05,-0.00033027434205836566,-0.0007282864843394596,-2.75932795943424e-05,-0.00044367208313982065,-3.6676318006117105e-05,5.741618953486471e-07,-0.00018685372601794965,0.00039626630665740866,1.4078295427596852e-05,-0.00011125572389526263,-4.99862687573606e-05,0.0002770752780662343,0.00040940911036722915,-0.00030619953253336495,-7.156779602892244e-05,1.0613980289676832e-06,0.0010793840705060718,-2.4715369207954116e-05,0.00032417974795147437,-0.0001452471806782188,-0.00041358471087343644,0.0026975867480786915,0.0003261477186983944,0.00040004468483275356,0.00025042217369321653,7.209186127675158e-05,0.0005231727790709643,0.00029145756952393887,-0.0001920334414398494,-0.0003450211889306163,0.0010100017792249178,0.0005432777153950604,0.00011145034704400521,-0.00010291384415920912,-8.534668181201044e-06,8.682828679543059e-05
VWOB,-2.611790378679698e-06,3.20636279198976e-06,-2.8951560509086957e-05,-8.264035790118835e-05,2.4435063855636635e-05,7.47510464497398e-06,5.485743853865573e-05,8.696960369273035e-06,2.6848364942703123e-05,1.428434771449808e-05,-4.389794717572515e-06,-2.244167965924487e-06,5.633529820278909e-06,2.2986734955135698e-05,3.091684113299167e-05,4.0282014063342286e-05,2.6051107981415276e-06,-2.2188325079762288e-05,7.42392435067537e-05,-1.0035565272115157e-06,1.1518625112153959e-05,2.0751731497685692e-05,6.246970105306719e-06,-1.4532677959420488e-05,1.5740938771707074e-05,1.594486709347451e-05,-3.414508195102475e-05,3.545831910256002e-05,1.5904703525815938e-05,3.122207946902038e-06,-2.4715369207954116e-05,5.962922085469553e-06,-4.268351801462289e-05,1.1084765017755254e-05,-8.628691629008307e-05,-1.1602047350781035e-05,2.227825308598141e-06,-3.166456420910119e-05,-4.7057340944491e-05,-6.651877788009691e-07,-1.5613688419989344e-05,-4.064861861813941e-06,3.32578597918331e-05,1.0091395813418158e-05,-1.8113874951098543e-05,-3.900634507759387e-06,8.133652707980236e-06,2.3307890966766337e-05,1.3098654065989863e-07,-1.960786531142902e-05
WK,1.9695513139572954e-05,5.898221190854536e-06,0.0003856833467925832,0.0011027457383301887,-0.0002215464007128942,-0.00029886339947769947,-0.00017079446013835414,-5.736734623299476e-05,-0.0003856772461039362,-0.00010547361272834655,0.0003147436836117172,1.547034032997476e-05,-6.88863651378682e-05,-0.00015152325728027297,-0.0003750560863353768,-0.0004821000240841785,3.199192203629792e-05,9.628956107554534e-05,-0.0004525804610476081,1.1031805003910712e-05,3.618942090767152e-05,-2.2863960589995414e-06,-2.5431560518046136e-05,0.00021941072873166173,-0.00010226499046883647,3.5978917745999877e-06,0.00027730256058974194,-0.0005417256944807412,-0.00014719998160262211,-1.339515083596973e-05,0.00032417974795147437,-4.268351801462289e-05,0.0005129299465941955,-7.610815297100173e-05,0.0011964661533759296,0.0005615517527241314,3.436196529258578e-06,0.000651284078053641,0.0013133483462828594,5.861616109583658e-05,0.0002161461496636174,5.0600134442384624e-05,-0.00022917017374013567,-0.0001837529182553341,0.00032788833469905144,0.00013582063123985475,2.7499356462668562e-05,1.2455362776561153e-05,5.803061452792711e-06,0.000173913723398759
CSSEP,-2.5813187844463042e-05,-7.555407010227933e-05,-4.395843724159574e-05,-7.40350251482818e-05,3.2664266942530815e-05,-7.167258232619825e-05,7.083672644602028e-05,5.082205499521786e-07,-1.905565548529522e-05,2.3793042269164417e-05,3.372424270090593e-07,-8.431303284837034e-06,6.944102534890236e-06,4.176136689997687e-05,6.589854583923853e-05,0.00012120869461935315,1.1777371205353815e-05,1.498842243124849e-05,0.00011419129500759179,-1.0696567318518241e-06,4.927809290082749e-05,-3.2136552303939684e-06,8.853516374863897e-06,4.300988903715061e-06,2.8508162851486513e-05,1.248473818356056e-06,-9.143998523827466e-05,5.61550424308496e-05,2.6944634465231568e-05,5.053514502957303e-06,-0.0001452471806782188,1.1084765017755254e-05,-7.610815297100173e-05,3.2489721900476646e-05,-1.3676803584474446e-05,-0.00028310072721718106,-3.301345056183862e-05,-4.8423035149713625e-05,2.075668535237367e-06,-4.017103991640301e-06,-7.215759637328121e-05,-3.742492253823253e-05,6.900979033864569e-05,4.310759385186885e-05,-0.00012307113892604728,-5.8033540900387026e-05,6.640971414382702e-06,6.168971415904619e-05,1.836954003866634e-06,-3.379806469153257e-05
