,AFLG,AGRX,AMJ,ARMR,ATRC,AVUV,AXL,BCS,BNY,BR,BRBR,BRY,BV,CANF,CFRX,CM,COUP,CTBI,CVY,CWBR,DEO,DINT,ENBL,ERO,ETNB,FAAR,FBK,FCO,FDBC,FLMI,FRAF,FUNC,GDEN,GDL,GDS,GRIN,HEWG,HTBX,IBDT,IIGD,IWY,JBHT,JDST,JMM,KHC,LMRKP,MARPS,MCF,MDLZ,MESO,MNMD,MVV,OCCI,OIA,PAI,PATK,PID,PSMT,RFCI,RNWK,SBUG,SCO,SMDV,ST,SYPR,TK,TKC,TNA,TUSK,TVTX,UBSI,USDU,WNS,ZTR,BAND,DWCR,GD,GNCA,HLNE,HMN,LBAI,LHCG,MSN,NCNA,PDCE,RDFN,STZ,VIAV,VRNS,WEYS,BBCP,CDW,ENLC,ESGN,FTF,KOP,PFLD,SCHK,IVOL,KALL
AFLG,2.8593190154007986e-06,-1.52738500133991e-05,-2.4455678655043745e-05,6.788338313788107e-08,3.1330129200088623e-06,3.0049909698054793e-05,5.937059164763066e-05,2.4929025583020387e-05,2.2221760207714796e-06,-5.712264682931963e-06,4.240324660578803e-05,1.280916180158179e-05,-1.1773559276186903e-05,-7.142523884447576e-06,2.0182123444673026e-05,2.1492141556637712e-05,-3.846468913600597e-05,3.7464694948535214e-05,1.8473076362776424e-05,1.718137250184744e-05,-4.828006140516354e-06,1.7725941590424836e-05,-3.827742459194926e-05,-2.7490716486854824e-05,-0.00042575917680095213,-4.834842752310074e-06,2.9283548483100765e-05,-1.7343738137316572e-05,-2.582271822264185e-05,-3.62611233111167e-06,1.3894191847508987e-05,1.8877855473778048e-05,-5.148634824945165e-05,6.013774535075952e-07,1.1607670013066564e-05,-3.5964221891223818e-06,1.6687528917662853e-05,-1.1894092114372204e-05,-5.376893661798743e-06,-5.801972764213168e-06,-6.99540476744969e-06,2.863611638170265e-05,-1.704281450967464e-05,-2.6989844550666725e-06,8.00147570630542e-06,-7.14429068483846e-06,0.00011062753506882204,7.47435525165415e-05,3.3877732794564815e-06,3.603930623631864e-05,-0.00013127954043996336,2.388852432701331e-05,-1.6589909374834036e-06,-1.1188579830967632e-05,-1.4010330771331347e-05,2.1376048727322307e-05,7.38706019877527e-06,1.9411565765203615e-05,-3.0663538939555293e-06,3.7381279265314e-05,1.4106743638997028e-05,-4.1135175388183e-06,1.6060664607545944e-05,4.775399314673391e-05,5.6864727474328366e-05,-2.5231734844615248e-05,-8.646926330627417e-06,3.844091724201091e-05,-2.840455121038482e-06,-1.739477394399421e-05,3.320855989774791e-05,-7.442536246928883e-07,1.2465124495918203e-05,-6.4518595941085e-06,-2.8738098573570705e-05,-3.355382232048146e-06,7.879542874731809e-06,2.2421017768974213e-05,4.397274209728141e-07,3.189140915808088e-05,4.484548103444059e-05,-1.729045237408991e-05,-8.398007686374498e-06,-4.162970616846299e-06,-4.881965328778125e-05,8.689636953788437e-06,-6.223616871787334e-05,5.812022540341676e-05,-3.4682713803136916e-05,-3.0166400061005972e-05,3.161439482780543e-05,1.1714940527976559e-05,7.840924526743633e-05,8.339036625688662e-06,-7.1888838457201835e-06,4.8426479628646004e-05,-2.0106280281013423e-06,-3.004996896097034e-07,-1.5026665493976768e-06,3.668776017621669e-05
AGRX,-1.52738500133991e-05,0.0004632442752907624,0.00041529107777853863,-3.581990321144501e-05,0.00033260562219750774,-0.00016507966066372246,-0.0004784778328470078,0.0001943798874171994,9.584702591795857e-05,0.0001893386344234648,-0.00014301233290834383,0.0005905500502201432,0.0001630240003823019,0.0016850460470519434,0.0007159083161944938,-3.960521237570938e-05,0.0006176458740283967,-2.2089000519725083e-05,-1.0267003159454986e-05,-0.0007927354312538831,0.00012918434143930352,-0.00014991555295416036,-5.159242096309358e-06,-8.352296586278216e-05,0.003396234162301286,0.00014536765093789504,-0.00020851396462649943,1.6279290834789206e-05,-5.7910193769090074e-05,0.00014414885611632858,2.4674438634378678e-05,0.0005232009065780552,0.0006117860402215779,5.873424083867881e-05,0.0005500217874493175,-0.00026407946725908024,8.970564671617313e-06,0.0007643712629333559,0.00017636015605378448,0.00015206562714459185,-2.1313146628499196e-05,-0.00025933772031207843,0.0007745566349766855,0.00027102435195040813,3.731371436557856e-05,-0.00010994457067086275,0.0007754398181217396,-0.0005962845360349162,0.00013995114320284618,-0.0006504695219537741,0.0004597136137343634,-0.00014541230078274006,-0.00032443339480403463,0.00010904291873500008,0.0001862161512193986,-0.00016025525328187065,-4.23785631315586e-06,-0.00012724799262829766,0.0001397923462081711,-0.0006984952959174632,-0.00017973273832914963,5.415863550317276e-05,-1.2355758243216925e-05,-0.00030878599147159136,0.0006436565090717962,-0.00045336440818299857,0.00032421565508964446,-0.00022334194423658064,-0.0010482032145333032,0.00038234682866484306,-0.00033432079868338455,0.00014021393399201733,0.00019436902257461737,0.00011035825752776585,0.0004332436163194316,0.0001343849015967909,-1.3860198217409962e-05,0.0005258695045857549,0.00011630175991247466,-0.00021528146640664806,-0.0004443457553102231,0.00011162550314474886,0.00031645592225594386,0.0004555086102412498,0.0013557097038757794,3.826773823820971e-06,0.0005212991012791831,-0.0004330252619488957,0.0007395512593134717,0.00027574004362179103,0.000483592254776242,0.00012318674308081098,-0.00014822103374402431,3.0533540721006884e-05,0.00017411914100707543,-0.0002215371309641867,0.0001501139212067881,5.078141398350053e-06,7.762148487898983e-05,-0.0006926969562727869
AMJ,-2.4455678655043745e-05,0.00041529107777853863,0.00042147593911579645,-2.7026147531772913e-05,0.00023375707755819456,-0.0002604168768795274,-0.0006281242409380945,3.107979931215221e-05,6.133397972933414e-05,0.00016731523259089613,-0.00030039865536736894,0.00038193408217984285,0.00017538180236510394,0.0012894117119977505,0.0004417456336283133,-0.00012773358092738366,0.0006364057502137516,-0.0001876454259111157,-9.2058252309853e-05,-0.0006697546973297895,0.00011840957364641291,-0.00019280050090271947,0.00017103577284910347,6.330595855628771e-05,0.004478284239696584,0.00013051100570613352,-0.00028931062932711855,9.138269546456471e-05,7.478821578662537e-05,0.00012407947081806097,-4.50772177141638e-05,0.0003039753006976195,0.0006915292260079554,4.1058878214365446e-05,0.00035719582381639676,-0.00018053012649167015,-6.95521649050308e-05,0.0006244427180278706,0.0001561030751773345,0.00013992531011910422,1.6064698464216037e-05,-0.0003242591164711237,0.0006555631318107742,0.0002144726743734889,-8.727384078048326e-06,-4.936012860971484e-05,7.2915362457312e-05,-0.0007862261913705942,8.890325828089472e-05,-0.0006498058079343966,0.0009426701853448865,-0.00021759769186008087,-0.00023439646788300995,0.00013244774635395482,0.00020289895933760878,-0.0002171890731767727,-3.6911131338491785e-05,-0.00018359543727681878,0.00011827274999786548,-0.0006917567326220843,-0.000198503851605988,5.9187839148661136e-05,-8.259419036445176e-05,-0.00044848641077949186,0.0002202599200863011,-0.00022285837459999993,0.0002813202430091288,-0.0003422085940797169,-0.0007688166768042681,0.00036464452104296584,-0.00040107546903748916,0.00010797786367254424,8.801737159282622e-05,0.00011178742451974465,0.00045443142937770336,0.00011556017581374628,-4.633795959301716e-05,0.000289777482222244,8.473372297805242e-05,-0.0003062730386758266,-0.0005363040642820473,0.00016225247821745301,0.00027439543452915976,0.0003587575670199096,0.0012341952296272471,-3.6847464977574044e-05,0.0006731545413346387,-0.0005885110574383706,0.000710048669625502,0.0003434842971368451,0.0002162421744583262,3.835409414162327e-05,-0.0004687894775693609,-1.5326589014644132e-05,0.00016271034001007906,-0.00038648500971042555,0.00012114756559653502,5.160430164498544e-06,6.475884183998573e-05,-0.0006842635020559291
ARMR,6.788338313788107e-08,-3.581990321144501e-05,-2.7026147531772913e-05,3.2957382890444175e-06,-3.238087005046806e-05,1.1370314906024843e-06,1.6398042125630446e-05,-2.983844764862022e-05,-9.954629557219598e-06,-1.489110495923319e-05,-6.750460220010554e-06,-6.091725113572924e-05,-9.582212381115018e-06,-0.00015317259142972456,-7.604750641964384e-05,-6.4762382494607165e-06,-3.920602935050731e-05,-1.5651108245051604e-05,-7.775272887027155e-06,6.552961242567714e-05,-9.720365810469791e-06,5.5516930315637855e-06,1.8566622064081532e-05,2.0749867590630137e-05,-0.00011433920114906922,-1.1220630865776273e-05,5.534385975105456e-06,6.683058364852281e-06,1.75821538867707e-05,-1.1678563631528174e-05,-8.857806205341462e-06,-5.752789238367521e-05,-3.250847642917271e-05,-5.740821027512625e-06,-5.6584266637927746e-05,2.6233485978810858e-05,-8.718793260834714e-06,-6.539287439311518e-05,-1.3843824826212003e-05,-1.1385900357953293e-05,5.285630896869364e-06,1.056205290594443e-05,-6.390620106085661e-05,-2.390391314837258e-05,-7.247549710659003e-06,1.3590205672390774e-05,-0.00012431657599854248,2.007855047505507e-05,-1.4602864235947347e-05,4.340155134545214e-05,1.9324508752978225e-05,2.221305057199779e-06,3.0925114203886995e-05,-4.843570841977001e-06,-1.0679911877840043e-05,4.787501069135653e-06,-3.0969080472082507e-06,2.649272727780343e-06,-1.1538329826544657e-05,4.722921678880734e-05,1.0032018167200711e-05,-3.0877899109473055e-06,-6.441277292152322e-06,6.122191086665134e-06,-8.666872200586951e-05,5.404220757646784e-05,-2.6035009758671096e-05,2.5848162339205903e-06,9.872456719934539e-05,-2.7301995501471352e-05,1.53676614397414e-05,-1.2674763701998709e-05,-2.3947846348282188e-05,-7.204023002260655e-06,-2.6670431329982196e-05,-1.0899380994691144e-05,-2.435666986091691e-06,-5.945007355159665e-05,-1.1012693944148195e-05,4.930816961290073e-06,2.0090612007399856e-05,-2.200173544996805e-06,-2.5431720895134993e-05,-4.035147421042605e-05,-0.00010288212291504896,-4.461654315502507e-06,-1.9022236100098543e-05,1.2766150624696078e-05,-5.231864202430061e-05,-1.1362787773438862e-05,-5.9866509014374405e-05,-1.698023583285698e-05,-2.328053662319932e-05,-6.777152208161739e-06,-1.2779402055158105e-05,-2.3013559013819794e-06,-1.2996110553285368e-05,-3.2978436922335756e-07,-6.5012950794030195e-06,4.701823729665018e-05
ATRC,3.1330129200088623e-06,0.00033260562219750774,0.00023375707755819456,-3.238087005046806e-05,0.00032319696979201415,2.8752650490561154e-05,-8.262024057839056e-05,0.0003271284481443904,0.00010103225761001159,0.00013911882789387315,0.0001228891924860003,0.0006172162039649332,7.875390773565899e-05,0.0014996299311405606,0.0007760897369906154,9.238343620960452e-05,0.0003351321005649085,0.0002040160336345702,0.00010116788876991475,-0.0006227830485605731,8.935006229098902e-05,-3.1128921534993176e-05,-0.0002338216452240177,-0.00024098967303525372,0.0005604209932513197,0.00010412227360804039,-1.5591084232984405e-05,-8.890528889397533e-05,-0.00020756208287532726,0.00011024119994420536,0.00010574529095938496,0.0005918917887182008,0.0002518307628495718,5.7360818055543356e-05,0.0005729281100737792,-0.00026324627606970797,0.00010808977126406897,0.0006284659597450982,0.0001292464610311345,0.00010446466132015445,-6.137775461719171e-05,-6.598681562592936e-05,0.0006069726836169132,0.00023192370260841788,8.204518158871946e-05,-0.00014339620844935633,0.0013719175861638976,-9.844197940857808e-05,0.00014837861492377532,-0.0003796931707964146,-0.00036494693079142234,9.877536698868182e-06,-0.00030689429230505683,3.284443662235547e-05,8.659487364534655e-05,-1.8746465345221808e-05,4.033420636943696e-05,-2.916880835016224e-07,0.00010960382259940947,-0.0004156207663241681,-8.008333349832214e-05,2.4952877649901933e-05,8.481713977599777e-05,3.176413773892995e-06,0.0009295090641731475,-0.0005659975158160638,0.0002450116954111831,2.5645329578200576e-05,-0.0009764566000803464,0.00024586323677576244,-0.00010725423164227636,0.0001238880219524161,0.00025251917981765587,6.239877402099101e-05,0.00022455837155206743,0.00010292430454886928,3.447417411591316e-05,0.0006155410903736922,0.00010908680072553787,-6.17695952443677e-06,-0.00013831413458497555,-1.312751445892209e-06,0.00023939878525842164,0.000392026083006226,0.0009487300138076212,5.5512257213564805e-05,0.00010466485465854597,-4.84996970245609e-05,0.000469352213733147,7.184131553368477e-05,0.0006318677776463329,0.00018287361004575513,0.00033362570101299054,7.785943952694244e-05,0.00011635000496698389,8.706323065672255e-05,0.00012537027181829942,2.849634445424989e-06,6.205576197259295e-05,-0.00041446422186212884
AVUV,3.0049909698054793e-05,-0.00016507966066372246,-0.0002604168768795274,1.1370314906024843e-06,2.8752650490561154e-05,0.0003158629135677428,0.0006258805567424723,0.00025807745978957225,2.206696245051937e-05,-6.193034490493946e-05,0.0004446378408942115,0.00012674456343893326,-0.00012493009015019318,-9.473976643799032e-05,0.00020226222753357419,0.00022497244541530012,-0.0004091675871563159,0.00039160679533616446,0.0001930858548641456,0.00018894144348495748,-5.197502188046413e-05,0.0001869499527209002,-0.00039977074161925985,-0.0002861603973299589,-0.0044879044385646525,-5.223977913745987e-05,0.00030837669273225704,-0.00018136101864723043,-0.00026904307964116026,-3.959924941369563e-05,0.0001448390031172272,0.0001909406121095529,-0.0005451172042072577,5.580068418312629e-06,0.0001146784042926906,-3.441195140302454e-05,0.0001742048264151969,-0.00013337351978087342,-5.8272122515164016e-05,-6.242209741648427e-05,-7.281688182190188e-05,0.00030222104606332295,-0.00018727693109893886,-3.143060164719369e-05,8.313478026363667e-05,-7.33131982382827e-05,0.001146311636285807,0.0007878684994343897,3.3715458816028856e-05,0.0003842250480346348,-0.0013767917124017444,0.00025126830179851415,-1.3453175316070046e-05,-0.00011817468254773198,-0.00014857169073531626,0.00022520120519135231,7.721323701325563e-05,0.0002042865712992409,-3.370016374336042e-05,0.00039881659274484005,0.0001495013269904617,-4.36153843358131e-05,0.00016791161331051205,0.0005025103613914682,0.0005862988815703666,-0.00025814532608294254,-9.419617408995845e-05,0.000404208465891576,-1.7147343311294016e-05,-0.0001862675846263835,0.0003508790008903252,-9.449365991361011e-06,0.00012788410643330042,-6.8712300146283e-05,-0.0003053639957742149,-3.665464753437884e-05,8.247249566957635e-05,0.00022791934465230836,3.203761771230425e-06,0.0003356983313077346,0.0004737486300065638,-0.00018194353006877338,-9.150335165812178e-05,-4.892694228755964e-05,-0.0005261496241199096,9.072314172489563e-05,-0.000656324949019942,0.0006122766464093188,-0.0003711188383332427,-0.00031840180679905736,0.0003244551882912788,0.00012089837662107415,0.0008208059415097645,8.674182547143956e-05,-7.717275455204667e-05,0.0005084925409994015,-2.279573979073748e-05,-3.1995823310924564e-06,-1.6623676561516913e-05,0.00039150306506332747
AXL,5.937059164763066e-05,-0.0004784778328470078,-0.0006281242409380945,1.6398042125630446e-05,-8.262024057839056e-05,0.0006258805567424723,0.0013009634262199745,0.0003791635374691341,6.066779177979617e-07,-0.0001857474115526798,0.0008451607899552988,-1.2593618021022467e-05,-0.0002867928627672861,-0.0008444816032210535,7.085753163058657e-05,0.00041447148641242496,-0.0009729118767959908,0.0007026521129894529,0.0003461993698634641,0.0006530607309208291,-0.00014395503960536643,0.0003914053286043142,-0.0007061739469758074,-0.00047343119612885053,-0.009314677304770279,-0.0001509225722329446,0.0006300589870553868,-0.00032784156461654936,-0.000453390574123385,-0.00012803882354270525,0.0002466929276503245,0.0001281823516452867,-0.0012114111946422176,-1.3699184872480855e-05,-1.76960757457147e-05,4.507706951601304e-05,0.0003050242496629588,-0.0005432251950002953,-0.0001740548301576025,-0.00017165147083005576,-0.00012044615039337079,0.0006395619695292728,-0.0006428120540203085,-0.00016451443267743776,0.00013230054422407812,-8.573509156873552e-05,0.0017194582293646266,0.0016352518666368345,3.53329142177283e-06,0.0009419034208500239,-0.0026237649713112274,0.0005035453160116075,0.00010644364835051384,-0.0002531484364037913,-0.00033798993392013753,0.000463324331518331,0.0001384949835687915,0.0004130171336039242,-0.00011583845279801085,0.000987039198733213,0.0003370334613340799,-9.901794835062656e-05,0.00030243868834044707,0.001014256617599316,0.000780241259509239,-0.0002752873702122448,-0.00029707098372753056,0.0008057916313866648,0.0003905319832368219,-0.0004835302511147743,0.0007558756336905326,-7.30443130720031e-05,0.0001485135067106145,-0.00016604759775184417,-0.0007149628082373913,-0.00011890131987533621,0.00015167633642452613,0.00019262337983064372,-4.102561663592123e-05,0.0006811803304699652,0.0010177361179673295,-0.000367160260214041,-0.00028918434422055256,-0.000269591952108072,-0.0014765335679859178,0.00015919114156873665,-0.0013720946848501047,0.001258610651880391,-0.0009544552452984624,-0.0006748147104117011,0.00038062575436083264,0.00016472094631101878,0.0015136828945850158,0.0001414135014213584,-0.00020663985892600784,0.0009898196507947652,-0.00010066452791205805,-7.70762520236322e-06,-6.06202538087292e-05,0.0009717539874807725
BCS,2.4929025583020387e-05,0.0001943798874171994,3.107979931215221e-05,-2.983844764862022e-05,0.0003271284481443904,0.00025807745978957225,0.0003791635374691341,0.0004984513201332941,0.00011181973065281305,8.650491092143753e-05,0.0004413521257119158,0.0006772239554256174,-1.671210215506504e-05,0.0013511301029746643,0.000882891637680817,0.0002519189775795307,1.838420694519929e-05,0.0004794340622462353,0.0002369352242799253,-0.00045178138086351076,4.6642314762719556e-05,0.00010714639424319502,-0.000513630866395268,-0.0004373893325455289,-0.002749128282168817,6.044027085026488e-05,0.0002106062280612071,-0.0002167517929826536,-0.00039321852332096363,7.547396547648722e-05,0.00020601008379828888,0.0007001549040023635,-0.00015987146418618216,5.840723096050838e-05,0.00062645823275965,-0.00027448237841369246,0.00022969229730756941,0.0004977750573144006,7.982789794932702e-05,5.332294152423362e-05,-0.00011135104805150156,0.00015837530147494404,0.0004380231346651829,0.0001966950963267851,0.00013846684029684175,-0.00018939727948849453,0.0021371747678781148,0.0004825649040676662,0.00016517683366052498,-7.881902043745532e-05,-0.0013518693708632202,0.00019299178994494178,-0.00030050599039017125,-5.525799881855852e-05,-2.656372728997874e-05,0.00014682984853049743,9.463274310179737e-05,0.00014902402908670013,7.918154906342642e-05,-0.00010218367359270266,3.3410523901322566e-05,-8.241726547608251e-06,0.00020305038553559716,0.0003702619789799505,0.001308870654672,-0.0007247449594290726,0.00016321990684373269,0.0003197006195643248,-0.0009373795318302884,9.673719585410449e-05,0.00015485006741235543,0.00011043417479378285,0.0003326352072540606,8.883260340963823e-06,-1.0481767334612473e-05,7.069581809739892e-05,9.292609690864079e-05,0.0007495797079955411,0.00010566262861075413,0.0002394904646814116,0.0002152295246699165,-0.00013421453476701307,0.00015987167352045345,0.0003355485484683216,0.0005140565550479812,0.00011888212916467141,-0.0003805339603742699,0.0004015384476834939,0.00017331779405186976,-0.0001646557392185344,0.0008355954963160904,0.00026156520456264184,0.0009158682852506216,0.0001371384928149349,5.379977073001485e-05,0.0004540870991443486,0.00010208405146728424,3.6064679018001853e-07,4.662670048768625e-05,-0.00010643325713394035
BNY,2.2221760207714796e-06,9.584702591795857e-05,6.133397972933414e-05,-9.954629557219598e-06,0.00010103225761001159,2.206696245051937e-05,6.066779177979617e-07,0.00011181973065281305,3.2128930408916775e-05,4.038701524312043e-05,5.6520368221718085e-05,0.00019594220206934458,1.9111053521937547e-05,0.00045926431024415233,0.00024816894667132905,3.7927621870813394e-05,8.643806358270323e-05,7.936579482360079e-05,3.930994824216286e-05,-0.00018448353900279069,2.542957248104244e-05,-1.811222100477336e-06,-8.891322138326523e-05,-8.63847228882413e-05,-1.4238095613151262e-05,2.9981493848349818e-05,8.057160998319254e-06,-3.5032716923652395e-05,-7.534475168793592e-05,3.23992372976341e-05,3.870980974933548e-05,0.0001907996100243324,5.503202834250197e-05,1.7951063635926896e-05,0.00018175839956171912,-8.275039334885936e-05,4.065985977642763e-05,0.00018855859096776883,3.7490260919401965e-05,2.96621963896171e-05,-2.1998628019265405e-05,-7.76649130076372e-06,0.000179669375681278,7.032662102273031e-05,2.8813285847830923e-05,-4.735394466496384e-05,0.00047162262142599486,2.481645924868963e-06,4.723996165915648e-05,-0.00010124370538284513,-0.00017020177262614078,1.3540168345332421e-05,-9.535786873050012e-05,5.212125039503864e-06,2.0546131421048424e-05,3.6103673301693753e-06,1.568203175266433e-05,8.437771047098823e-06,3.244861368165305e-05,-0.00011173222555126384,-1.8495980968960747e-05,5.8869606841262924e-06,3.3208491991352245e-05,2.1958275645253112e-05,0.00031158996263560445,-0.00018560659088201058,7.174923151077701e-05,2.4795098876256696e-05,-0.00030233251139207104,6.816877497244707e-05,-1.8482333095653867e-05,3.787318664958119e-05,8.333887320555668e-05,1.640592429851229e-05,5.661629914233308e-05,3.026205016264129e-05,1.4091478139248358e-05,0.0001996482831793938,3.3829452562486405e-05,1.2105612643256747e-05,-2.2947246438123776e-05,-8.000662454726196e-06,7.012787622794018e-05,0.00011905010650163335,0.0002710883351735561,2.0934330851654955e-05,4.931770524493491e-06,1.0578248057007497e-05,0.0001294855114597393,8.89942181214058e-06,0.00020872127173648085,6.153450607543417e-05,0.00013731756098472664,2.7670930992583774e-05,3.271768735225069e-05,4.811971449170047e-05,3.7773897697625564e-05,7.466553041647699e-07,1.8474392722328642e-05,-0.00011168028230305788
BR,-5.712264682931963e-06,0.0001893386344234648,0.00016731523259089613,-1.489110495923319e-05,0.00013911882789387315,-6.193034490493946e-05,-0.0001857474115526798,8.650491092143753e-05,4.038701524312043e-05,7.750654451978956e-05,-4.996507648021762e-05,0.00024864104812129755,6.519074265434722e-05,0.0006996205685977442,0.0003024690796625121,-1.1641584857609804e-05,0.0002483699932445834,-7.552035020966467e-07,-1.1243582579266044e-07,-0.0003260262474683469,5.267257296968258e-05,-5.839520028573769e-05,-1.0767134510530827e-05,-4.094888579666191e-05,0.0013174556187064753,5.94056903432922e-05,-8.017804285285901e-05,2.8687676160806627e-06,-2.9914538508000055e-05,5.917069855641116e-05,1.3397215713585053e-05,0.00022198049296124722,0.00024299893911622697,2.4577586353792033e-05,0.00023150470236275167,-0.00011070614430326887,7.491138070676673e-06,0.0003154132488551265,7.218109858796469e-05,6.197524295281657e-05,-1.0444804100478106e-05,-0.00010147406570045969,0.0003184923754552446,0.00011217851280209926,1.732998186392887e-05,-4.736215121479296e-05,0.0003476114354076865,-0.00023131046234020757,5.9003363340534476e-05,-0.000262575698345215,0.00016174472683650398,-5.5133358025956215e-05,-0.00013538601760868123,4.2858344570822364e-05,7.433839337853358e-05,-6.187604039979001e-05,-1.0000143310294373e-07,-4.858252853565524e-05,5.748380260715312e-05,-0.00028225932925194096,-7.161861972530859e-05,2.161165556418147e-05,-1.5249459247201048e-06,-0.00011774651033511765,0.0002806625808235648,-0.00019434905349198002,0.00013297449994345724,-8.42864305222942e-05,-0.0004368476761418521,0.00015519566351957826,-0.00013164842737313346,5.818218558127202e-05,8.36935031905186e-05,4.447243600331962e-05,0.00017382174486263273,5.516841409230184e-05,-3.993415084124494e-06,0.00022388895017307132,4.849780865210443e-05,-8.240703378479094e-05,-0.0001748144783272949,4.2558933280921005e-05,0.0001298013569905153,0.00018862163458664472,0.0005531820617062724,3.549422752196667e-06,0.00020292207868542153,-0.000167113984802959,0.0002999524196282642,0.0001079552430893593,0.0002083657040629304,5.3902175103027984e-05,-4.4024071958744895e-05,1.4584443170359257e-05,7.084044146189787e-05,-8.12865991952398e-05,6.201685946126864e-05,2.045587077341839e-06,3.196364776577636e-05,-0.0002800025413551709
BRBR,4.240324660578803e-05,-0.00014301233290834383,-0.00030039865536736894,-6.750460220010554e-06,0.0001228891924860003,0.0004446378408942115,0.0008451607899552988,0.0004413521257119158,5.6520368221718085e-05,-4.996507648021762e-05,0.0006471003234669617,0.00033412467785264244,-0.0001526936014735685,0.0002543760095637867,0.00047950614136264423,0.0003351771388453347,-0.00048025150880042747,0.0005945459421431513,0.00029329512216509147,0.00010144545046568037,-4.897851974918297e-05,0.0002507905140592858,-0.0006135096157526249,-0.0004580826065682557,-0.006068492516936956,-4.554739511452502e-05,0.00042287488989483,-0.00027391208158645256,-0.00042579372822730435,-2.6476178005767904e-05,0.00022768420138565156,0.0004164803039336377,-0.0006898603448792722,2.247070076022541e-05,0.00030603606429868734,-0.00011531124501256477,0.00026893775825910944,-2.3062325489631115e-05,-4.743901118589224e-05,-5.9554664326013965e-05,-0.00011657867571394572,0.0004013979991223927,-0.00010320579442072838,1.6113625386230567e-05,0.0001361748099733638,-0.00013835094611166986,0.001939519931635291,0.001065331777817987,8.481703039299254e-05,0.00043426806391915303,-0.0019997003553933646,0.0003503677157439161,-9.751919273415323e-05,-0.00015514451468200054,-0.00018340470470654062,0.000306924642186177,0.00011725465506657443,0.00028271704223598244,-1.8473984101720274e-05,0.00044523077436149254,0.00018636557204903772,-5.396151551053363e-05,0.00025424321560391826,0.0006964370789939646,0.0010505654543028105,-0.0005028542993797022,-6.740753310686173e-05,0.0005661349525881877,-0.0002747634207939351,-0.00019464222979729648,0.00045814577315367,1.8768341098320976e-05,0.0002419461814530829,-7.907639162416727e-05,-0.0003649833346501336,-2.4281012933570146e-05,0.00012302850726578216,0.00047374936402778636,3.2478866421959165e-05,0.0004631161578735365,0.0006202482255369031,-0.0002522002427010141,-6.512284515270032e-05,3.305256515254905e-05,-0.00048444551768897623,0.00013985825090080523,-0.0008816374753850159,0.0008351006975738445,-0.0003930757985735443,-0.000422291808845302,0.000611580296828576,0.0002143714845113666,0.001222002315078254,0.00014009194312195077,-7.691839130942114e-05,0.00072628369650135,6.74133467726116e-07,-3.6965712643189327e-06,-7.058768396897782e-06,0.0004354040483156904
BRY,1.280916180158179e-05,0.0005905500502201432,0.00038193408217984285,-6.091725113572924e-05,0.0006172162039649332,0.00012674456343893326,-1.2593618021022467e-05,0.0006772239554256174,0.00019594220206934458,0.00024864104812129755,0.00033412467785264244,0.0011951814906947281,0.0001201474920525821,0.002811564585714316,0.001512659848358952,0.00022612423230397404,0.000539358562343718,0.0004752405239685845,0.0002354099059506931,-0.001133318130569845,0.00015689430085834483,-1.594846642913199e-05,-0.0005334248190676959,-0.0005209188053813522,2.9823715156742855e-05,0.00018474308866935234,4.124843485368737e-05,-0.0002095535960962305,-0.0004538385780302047,0.00019920196083950448,0.00023299599508591447,0.0011620544285241802,0.0003508046352415352,0.0001096525697708761,0.0011087403909523282,-0.0005052474986696712,0.0002441585150864804,0.0011567956822929862,0.00023082771195649188,0.00018305535366676672,-0.00013265801531802296,-5.537679969224186e-05,0.001103828872140931,0.00043097253901482405,0.00017407118110726507,-0.00028773123557271964,0.0028548246162723593,-5.3451833410593725e-06,0.0002880655896425356,-0.000629267717356016,-0.0010051756987022916,7.627301642543148e-05,-0.0005829072807099906,3.4958520943751664e-05,0.0001295410367518569,1.6216304927854338e-05,9.390793942824499e-05,4.628801972994034e-05,0.00019935029927277336,-0.0006938010119079985,-0.00011702548008998431,3.714387103894959e-05,0.00019874605969613977,0.00012121755833348187,0.0018905711134789686,-0.0011285405516933095,0.00044130901755723954,0.00014112982056305762,-0.0018487743477086144,0.00042180759222388333,-0.00012218795012827312,0.00023189803542751213,0.0005064119669132108,0.00010213704135185305,0.0003542492084089275,0.00018605311804814362,8.404229074122806e-05,0.0012152141550056342,0.00020683486155086703,6.529910935574435e-05,-0.00015269844499472154,-4.419648167639748e-05,0.0004313218264438329,0.0007294462052726772,0.0016718219514865547,0.00012568176346319958,4.7262700846107124e-05,4.875201627073747e-05,0.0008016676992336718,6.272789859643199e-05,0.0012681944295803377,0.0003732272302341165,0.0008185225498926665,0.00016698998704773682,0.00020212856588438648,0.00028107852797676055,0.00023163841011249395,4.650277684938318e-06,0.0001134319335252807,-0.0006932927807623815
BV,-1.1773559276186903e-05,0.0001630240003823019,0.00017538180236510394,-9.582212381115018e-06,7.875390773565899e-05,-0.00012493009015019318,-0.0002867928627672861,-1.671210215506504e-05,1.9111053521937547e-05,6.519074265434722e-05,-0.0001526936014735685,0.0001201474920525821,7.474996101261358e-05,0.0004614944348301371,0.00013301105327484544,-6.876623991113101e-05,0.00026652248444865344,-0.00010755403146144262,-5.286881692887555e-05,-0.0002546514956125492,4.700670159830788e-05,-8.747818079885898e-05,0.00010261256188358245,5.2754770059569974e-05,0.0020474615624497313,5.127117932989405e-05,-0.0001342441326843485,5.1378800874113204e-05,5.49441379833323e-05,4.766835274077196e-05,-3.12646508938389e-05,8.599422650485818e-05,0.00030035349425068563,1.3776302556767204e-05,0.00011277775622740269,-5.9516474231759504e-05,-4.29718177114229e-05,0.00023284887595999087,6.087475585880378e-05,5.565532655681949e-05,1.3408583048342016e-05,-0.00014581992314259364,0.0002495057037659695,7.843765106202568e-05,-1.194323064307559e-05,-9.440669426637063e-06,-9.703083758598702e-05,-0.0003594558725608198,2.7516456743449095e-05,-0.00026854657338374287,0.00047718330184873557,-0.00010303501917575413,-8.06134377534835e-05,5.899842344991917e-05,8.691007781734024e-05,-0.00010010507670063043,-2.1176015898776397e-05,-8.61094028743968e-05,4.5004991585049955e-05,-0.0002847917429623517,-8.547093646442234e-05,2.538206145211692e-05,-4.686442503542861e-05,-0.00021071982872050137,1.4420390014744419e-05,-5.0413770846775984e-05,0.00010854844033050053,-0.00016300698388212848,-0.0002672951723771161,0.00014756015678714027,-0.00017791205592707782,3.8808492974877044e-05,1.7138524337443667e-05,4.6478009798774786e-05,0.00019172346735760887,4.437131209851314e-05,-2.5038209640837282e-05,7.707070767610114e-05,2.9318975792009795e-05,-0.00014310294567191506,-0.00023838587993385584,7.624942995016913e-05,0.000105836476747104,0.00013081593980053497,0.0004882887924615551,-2.2598109333226093e-05,0.00030581085498843785,-0.0002714716227936996,0.00028823369326531965,0.00015427973031791587,4.1008368739513313e-05,5.004882686311462e-07,-0.00025185686233425425,-1.463895695475989e-05,6.52083820142549e-05,-0.00018965547342071333,4.4845515107834115e-05,2.1485124614305876e-06,2.4446465156515552e-05,-0.0002813867881441228
CANF,-7.142523884447576e-06,0.0016850460470519434,0.0012894117119977505,-0.00015317259142972456,0.0014996299311405606,-9.473976643799032e-05,-0.0008444816032210535,0.0013511301029746643,0.00045926431024415233,0.0006996205685977442,0.0002543760095637867,0.002811564585714316,0.0004614944348301371,0.007124406552017117,0.003504035563442275,0.0002708158544582822,0.0018746797300251926,0.0006746769769167851,0.0003353648188258512,-0.003067640908966683,0.00045822033710118053,-0.00028259321909115677,-0.0008089605041475541,-0.0009254165842339517,0.005904787958002691,0.0005279130144937523,-0.00029791536706757506,-0.00028621022725946267,-0.0007806124068109329,0.0005474962091301578,0.00039203427237912314,0.002645670817832038,0.0015817657923559581,0.0002658060816903418,0.00261198591768699,-0.0012134544592323562,0.0003816800410363189,0.003053912610095557,0.0006505093856835999,0.0005369387327053582,-0.00023574235501916635,-0.000530533165994675,0.0029920446408222712,0.0011140360901567355,0.00032546428310190674,-0.0006212590156372643,0.005619803565195468,-0.0010368804493889742,0.0006735355548831712,-0.0020661659854075915,-0.0007143989255034227,-0.0001365044450353347,-0.0014340707841503444,0.0002405815112468005,0.0005156004289807397,-0.00025219152282519777,0.00013353580102923958,-0.00015013577507214947,0.0005402017233555141,-0.0022458228158815483,-0.00048564209063625517,0.0001491587303498973,0.0002767704063900137,-0.00035098858533805157,0.0039461792483212665,-0.002474905060842232,0.0012213186000491088,-0.00017369308358128403,-0.004581518309953386,0.0012923721957394916,-0.0007601201196891217,0.0005897459526366115,0.001094918598852057,0.0003436089317833392,0.00127886482725552,0.0005109276008428624,0.00010213584554814329,0.002730007108666489,0.0005108954594971109,-0.00027351994198606213,-0.000995724713083692,0.00012631683584696943,0.001192950201164961,0.001880022208297586,0.004846705143164706,0.0001951070191080907,0.0009703663747460116,-0.000674045744218032,0.0024784472260178615,0.0005698602360838825,0.002736522110074021,0.0007723391837282712,0.0009719138913650677,0.00030314463812669014,0.0006035981292428312,3.9323438062284976e-05,0.0006064385575206839,1.5736845565698528e-05,0.0003040637009679586,-0.002235055757157492
CFRX,2.0182123444673026e-05,0.0007159083161944938,0.0004417456336283133,-7.604750641964384e-05,0.0007760897369906154,0.00020226222753357419,7.085753163058657e-05,0.000882891637680817,0.00024816894667132905,0.0003024690796625121,0.00047950614136264423,0.001512659848358952,0.00013301105327484544,0.003504035563442275,0.0019202619825709956,0.0003140041554416493,0.0006180922075752879,0.0006486973495092718,0.000321207551365596,-0.0013915856878864582,0.00018907551063471027,5.919964007834315e-06,-0.0007226131486241004,-0.0006912468566603928,-0.0005837441904279761,0.00022387650460373856,9.427428916832439e-05,-0.00028723989825189025,-0.0006049636303435961,0.00024371317187411203,0.0003115112800011848,0.0014801030031342203,0.0003634061824368131,0.0001379428238393359,0.0014028560034964606,-0.0006368048719250953,0.0003295388592576641,0.0014286447814769222,0.0002806916026495349,0.00022035615507503924,-0.0001760261159336191,-2.745155095188178e-05,0.0013549262391050762,0.0005347785724430296,0.00022926002751604704,-0.0003700847059777651,0.0037298931557744027,0.00010234148530486166,0.000365023290771969,-0.0007340163197653613,-0.0014479568245496326,0.00013018566488768557,-0.0007310535577895431,2.7378163469425883e-05,0.00014149036262257322,5.1450051254739714e-05,0.00012815982630269467,8.617422672034557e-05,0.00024471507356421,-0.0008127254565149107,-0.0001257052948038082,4.042972623121258e-05,0.0002718589593759997,0.00022117712831265122,0.0024461570450734623,-0.0014474786193932445,0.0005390233352855758,0.0002324831391009475,-0.0023151098557480775,0.0005018867203511838,-0.00010429595467441761,0.00028878679992879125,0.0006511965847431479,0.00011826037664745245,0.00040089310687996276,0.0002276720214493101,0.00011654612058776021,0.0015517207775380202,0.00025918483611300726,0.00012814151201362973,-0.0001254601258221232,-8.046589237966103e-05,0.0005269024325559378,0.0009057350448537692,0.002018566652521295,0.00016977705855240684,-3.170100938879375e-05,0.00014571571532469795,0.0009514949434711896,3.440830660534841e-05,0.001631355792770631,0.0004836215149000599,0.0011375224760704033,0.0002209009151618792,0.00024217467162377713,0.00042198413977312334,0.00028661510061166277,5.3745270297013844e-06,0.00013959801068023014,-0.0008131017535662345
CM,2.1492141556637712e-05,-3.960521237570938e-05,-0.00012773358092738366,-6.4762382494607165e-06,9.238343620960452e-05,0.00022497244541530012,0.00041447148641242496,0.0002519189775795307,3.7927621870813394e-05,-1.1641584857609804e-05,0.0003351771388453347,0.00022612423230397404,-6.876623991113101e-05,0.0002708158544582822,0.0003140041554416493,0.00017636378719288167,-0.00020790582966822066,0.00031668503574436107,0.00015627400425521223,-8.971870751426213e-06,-1.5917086275227455e-05,0.00012235547819927,-0.0003290183494525796,-0.00025202708462371303,-0.0029791662121889254,-1.2786918613796222e-05,0.00020984717256631016,-0.0001454119724490182,-0.00023268716999101142,-2.6693786500653076e-06,0.00012392208479631022,0.0002648568276330008,-0.00032064390381232496,1.672620786770527e-05,0.00020784290175355246,-8.285206221786184e-05,0.00014476409101445864,4.869006375114177e-05,-1.132504121566802e-05,-1.9754553639286452e-05,-6.414361619819825e-05,0.00019428499733898004,6.577242587336779e-06,3.027472414959185e-05,7.591744810051955e-05,-8.288331996905121e-05,0.001100766907606868,0.0005229908290326438,5.660595437576147e-05,0.00018065500886725247,-0.0010343613018453895,0.00017605037448677186,-7.814219314456139e-05,-7.438991723550885e-05,-8.336351277071008e-05,0.00015159615764118612,6.246518084124541e-05,0.0001412661073991295,1.268823816366664e-06,0.00018269149025668986,8.546716935516089e-05,-2.4577613121169864e-05,0.0001351903216352311,0.000348364081717406,0.0006141033487430758,-0.00030554309090625455,-1.0212794734837596e-05,0.0002853955716928817,-0.00023087747327312608,-7.371954094125798e-05,0.00021869193982927874,2.1250123565359775e-05,0.0001451128465947013,-3.354147554178673e-05,-0.00016089256053097037,-2.2733591934798685e-06,6.47893160271482e-05,0.0002957442381358759,2.668409263910278e-05,0.0002308606375364139,0.000296730223028786,-0.00012616839425131827,-9.6087682551876e-06,5.408041424204108e-05,-0.00015121048010805255,7.521609753958807e-05,-0.00043058932439708503,0.0004127129669836894,-0.00015147765883033538,-0.00020416619367303072,0.0003661926045770525,0.00012465875071446012,0.0006426885955618326,7.747406792245513e-05,-2.7293673029614524e-05,0.00037131813363470366,1.2349166233098314e-05,-1.5744072650479333e-06,2.4180490033911848e-06,0.00017789118133963272
COUP,-3.846468913600597e-05,0.0006176458740283967,0.0006364057502137516,-3.920602935050731e-05,0.0003351321005649085,-0.0004091675871563159,-0.0009729118767959908,1.838420694519929e-05,8.643806358270323e-05,0.0002483699932445834,-0.00048025150880042747,0.000539358562343718,0.00026652248444865344,0.0018746797300251926,0.0006180922075752879,-0.00020790582966822066,0.0009625802803058833,-0.000311712818527201,-0.00015302464374149487,-0.0009881430400869072,0.00017661097075325478,-0.0002981004527317251,0.0002885300610401038,0.00012102061086091734,0.006939124582378575,0.0001941410022748671,-0.00045018708800614513,0.00015084054870890176,0.00013586571169144925,0.00018353754442435407,-8.010736808735604e-05,0.00041999506902841774,0.0010563028298809926,5.88106281389977e-05,0.0005048207964119064,-0.0002575652767149944,-0.00011852950294087642,0.0009168861184891089,0.00023177681503364,0.00020880549672723484,3.073112157726004e-05,-0.0005001007649447459,0.0009674458690295916,0.00031343586285235156,-2.1181049562860732e-05,-6.384428042923292e-05,-1.2546445589579447e-05,-0.0012182567455716379,0.0001251134413263545,-0.00097939360557776,0.0015051544031623692,-0.00034058684137394787,-0.00033763187695082746,0.00020372984023360647,0.0003087554078776678,-0.0003373123686802265,-6.133471742976325e-05,-0.0002865715222677747,0.00017453177613953723,-0.001041570997763067,-0.00030249429226355564,9.009567079042142e-05,-0.00013674484281456725,-0.0007003943153317844,0.00025821415939458536,-0.00029575410082556026,0.0004165815128782777,-0.0005365608711105352,-0.0011102045047266856,0.0005465749573599979,-0.0006162123528709049,0.0001571453850202423,0.00011413797818429601,0.00016875611194873687,0.0006886976403600738,0.0001709126223098314,-7.551052232930524e-05,0.00039565343954600467,0.00012222389862875973,-0.00047753310638562485,-0.0008244475642265395,0.00025340226350889137,0.00040628867858343877,0.0005239219228681481,0.0018392293561532666,-6.263340840482303e-05,0.0010411750587903845,-0.00091421732324344,0.001065176005013624,0.0005295726231012987,0.00027935857689156545,4.302717522288623e-05,-0.0007625263052892625,-3.109706513369428e-05,0.0002432788828385599,-0.0006113350896831378,0.00017756718127541927,7.793112973850094e-06,9.537457528822888e-05,-0.0010299803548227471
