,ALEX,AMH,BDEC,CHIC,CTIB,CTLT,CWT,EMD,ENBA,ESHY,FBIO,FIVG,FLOW,HDLB,IPWR,KAR,NIU,NORW,NRT,PXLW,QVAL,RMM,SPAB,SPYD,TBT,TPR,TRQ,TSCAP,XEC,XPH,YOLO,ASH,BBDO,BSCP,EWBC,ISMD,JPI,MOTS,PLX,PNOV,RESE,SYLD,TAIT,UPV,UTSL,VYM,CHSCO,GNMA,WDFC,PCN
ALEX,0.0016920358469132834,0.0006775822765609648,-0.00020429722975109227,-0.000287703706427254,-0.00258937584228746,-7.017878576011253e-06,0.0010678591598005868,0.00018012906304624743,0.00048807956825301955,0.0005947665705779355,0.0003128982360079782,-0.0002877736723801136,0.0009624544394606166,0.0017815234804699472,0.0005821061376747405,0.0009101843322865914,-0.0007214742018572747,0.00044974526723324767,0.001570537208016024,-0.0012532269750387755,0.0005584221551537317,-0.00016358163107428876,-0.0001460882617287526,0.0007484645364681316,-4.2236690816691525e-06,0.0010209173213546205,-0.0007182824194785867,0.00017703986446388498,0.0002985843804628264,1.8484283848087167e-05,7.483844332138567e-05,0.0009162913820633036,0.0005481520484231296,7.353262809955354e-05,0.0021610489496479775,0.0006725559517623917,0.00042461269326521704,-0.002058216961679034,-0.0015670724354657065,-0.00012695146506934454,-0.00016738632244178372,0.0006617794698948066,0.0003046859066331117,0.000775518073735754,0.0027234707920627565,0.00020872405771317026,0.0002185541334588052,-0.00033952556532371815,-6.415585382765109e-05,-0.00016505539916183485
AMH,0.0006775822765609648,0.000698096031814569,-0.00016299587851593828,-0.00023176650952883452,-0.0034055650014313183,-0.00010745139622981785,0.0004044904590062946,-1.7345689120936497e-05,0.0002342211232096217,-5.562341194944994e-05,0.00015862424115124023,-0.00017107293272961572,0.0004132053068926906,0.000990159159335283,7.365656484024299e-05,0.00037773803636049455,-0.0004977453432659593,0.0001284405136181496,0.00041667390231292045,-0.00016755835491797345,0.00020818131683729966,-0.0002721504508026737,-0.0003604256046256173,0.00029715291700464574,-0.00013257805603788725,0.000585311138453562,-0.0008802770334239323,4.6552436316706646e-05,0.000635171464692658,-2.1818854751948396e-05,-0.00021201434399066707,0.00011599228996486313,-0.0001661353494378921,-0.0002374719361687096,0.0005387997205667599,0.0001840670528188413,0.00014488517804387677,-0.0005053744129268444,-0.00016323225880039195,-0.0001714154752037857,-0.00013782515953767374,0.00023172694182033024,-0.0001488130758480388,0.0006883373159815311,0.001720806715269762,6.524436430820372e-05,-0.00017034666274671052,-0.00040973885012531366,0.00014057744200510214,-0.0003546762871823066
BDEC,-0.00020429722975109227,-0.00016299587851593828,0.00010497987724087933,6.888847518171281e-05,-0.00020052009662621686,5.402791229777657e-05,-0.00023811207318518514,2.3071144757141644e-05,4.741058961033688e-05,0.00010899791416146654,0.00014462227674412744,2.9450630100221034e-05,-5.5496827446304825e-05,-0.0002682420147758835,-0.00010671444766438232,-0.00011966920894343288,0.00020778946584346704,3.547957501633548e-06,-5.487171656023127e-05,-2.311346632144752e-05,-0.00011661426821954753,0.00014828907295420617,0.00013460310492788754,-9.620094490633664e-05,3.269524714271971e-05,-0.0002802266426277559,-1.805029094193014e-05,0.00011638598159128085,-6.0544875192968764e-05,4.215308407867123e-05,6.999576586908057e-05,-7.287707643817567e-05,9.624986855958209e-05,8.769423149807977e-05,-0.00013734112578486424,-0.00011290017705661806,2.8621677207046458e-05,0.0002529069933139588,-0.00013046687015335595,7.179612063090175e-05,4.398851601875891e-05,-8.663822087877575e-05,0.0002337785669085268,5.2967302894023695e-05,-0.0006328362611725857,-2.6188076734800223e-05,1.6335929823594973e-05,0.00013732957869957868,-0.00021718566313310068,0.00013548051446904126
CHIC,-0.000287703706427254,-0.00023176650952883452,6.888847518171281e-05,0.0001280249664196382,0.0010671661229987187,6.861052866872732e-05,-0.0001962365090921171,3.138260329578854e-05,-7.467530394753689e-06,-1.4040365834309732e-06,-0.00010365989753601811,6.547822282953997e-05,-0.00020310986748572527,-0.0004876759005094415,-0.0005697808716660799,-0.00014844606893248344,0.00039203593108701066,-9.940364690080358e-05,-1.0961026137632347e-05,4.086177766222468e-05,-0.00011366668607825467,0.00010445646793881701,0.0001778419699705799,-0.00015735781311591223,-4.398198000669967e-05,-0.00022935204412668223,0.0002581355933333272,0.00010025007850102691,-0.0003464959603805709,3.1188998184920028e-06,7.406645570040065e-06,-7.614261744279924e-05,-8.756810519379508e-06,0.00010296010785359425,-0.0003241066885172226,-8.836338236241309e-05,-1.0372920726035326e-05,0.0005041649158536689,-0.00018253680953645481,8.269742954321447e-05,3.41398482844165e-05,-0.00014700747278653106,5.849309732456766e-05,-0.000186251505713449,-0.0006153703082732991,-3.978939200949056e-05,0.00010405213362124092,0.00018020799520585416,0.00018668611096041705,0.00017343693250897315
CTIB,-0.00258937584228746,-0.0034055650014313183,-0.00020052009662621686,0.0010671661229987187,0.04586187159385971,-0.0003835283902345061,0.001156321239657163,-0.0007189190036460999,-0.0019643331996625694,-0.0007498577045359487,-0.002998569593274228,0.0011696317428480502,-0.0022917945116335448,-0.005171442137397936,-0.004734686552495851,-0.0020664834416135435,0.0021221162067483037,-0.0006147491246433518,-0.006063768389519764,0.0016081398392110765,-0.000198573537414861,-0.0011060149190817222,0.0008204631693473579,-0.0015821092212068143,-0.0009243645138893754,-3.855681855257587e-05,0.007160800239844158,0.0009431752659789573,-0.007048212634758774,-0.0008333802379253395,-0.0008495429546530956,0.001273635805957198,-0.0009734243980503098,0.000545465512217448,-0.0028873544024394984,5.224625508867299e-05,-0.0012813886484884648,-0.002939825646562251,-0.002332711656801713,8.392560370045817e-05,6.966136357662849e-05,-0.0012948587670871595,-0.003086429868600534,-0.007967657363165535,-0.0032028523917316826,-0.0003902170516525656,0.0005852979521884379,0.0009358100757694061,0.00122908816340104,0.0005415110343129177
CTLT,-7.017878576011253e-06,-0.00010745139622981785,5.402791229777657e-05,6.861052866872732e-05,-0.0003835283902345061,0.0002724088572771933,-0.00011746361210009263,7.106966632389917e-05,-4.57273170816275e-05,-7.052815431816674e-05,-0.00025963013238052067,1.8925459988388633e-05,0.00022948128088263992,0.00016547305332516383,-0.0003963631897904783,0.00010800080280006955,0.0005935999972686223,-3.624809274906834e-05,0.0007540861576688483,-0.0003770781269118465,4.999938259088538e-05,-6.115967590716517e-05,-1.873429368430699e-05,8.158378341037135e-05,-3.353209539472109e-05,5.6221211684696054e-05,0.0005026061624196303,0.00044385354886448573,-0.0003507827332760551,8.489527875687542e-05,1.878867729673112e-05,7.065379034340909e-05,-3.6461546626456985e-05,-2.7289660049192917e-05,0.0004806312664037735,8.102068223226e-05,-0.00011659540512701748,-3.740078736412909e-05,-0.00033386860546848613,1.6131383526687827e-05,-8.761819252019713e-06,0.00010493842823052659,0.00033707741367187824,0.0002176486019685054,0.00014116522155569407,3.614516979974675e-05,8.639571571000805e-05,-4.447122715915578e-05,0.0004786914844046544,-1.709406174814913e-05
CWT,0.0010678591598005868,0.0004044904590062946,-0.00023811207318518514,-0.0001962365090921171,0.001156321239657163,-0.00011746361210009263,0.0009933478328289275,3.707109381741909e-05,0.0002581063250710269,0.00025597720399609444,7.464138747362707e-06,-0.00011785196383484747,0.00035904054430036013,0.00103872588248205,0.0005463297269699115,0.000437407281848752,-0.0006045083420544014,0.00018564512963911993,0.0003798116950797437,-0.000418143814804284,0.0003884254994036994,-0.0002535760173627177,-0.0002193096585364158,0.0004166532820349681,-0.00011273218820463888,0.0008632330062940123,0.00019586420207871126,0.0001873089084360048,-0.00024820044726655335,-8.505870214902025e-05,-0.00011096834147242352,0.0007402951706640665,0.00010687564552358212,-2.0405545524424694e-05,0.001166515265920824,0.0004440213614885173,0.00018622683776990255,-0.0018052390965684704,-0.000604619430107992,-0.00016516901423351945,-0.00014717327813626105,0.0003565339349684879,-0.00010647754444367435,-6.813986044022559e-05,0.002142405715625433,0.000104290344443737,9.625918622873685e-05,-0.000352266497284816,0.0001253529300774879,-0.0002504001376630641
EMD,0.00018012906304624743,-1.7345689120936497e-05,2.3071144757141644e-05,3.138260329578854e-05,-0.0007189190036460999,7.106966632389917e-05,3.707109381741909e-05,0.00010638132350821426,0.00015162429974192125,0.00018112963012401398,5.435033284692006e-05,-2.6912707420382814e-05,1.959080723966932e-05,5.147135510263478e-05,-2.7059827712230505e-05,0.00010774570908669785,9.368822552472578e-05,2.6204581434950434e-06,0.0005104661420118755,-0.000246403389789858,2.3350647945203593e-05,0.00015210563195935416,0.0001439718995123632,6.308407492126157e-05,3.0108882069935217e-05,-1.686954561164678e-05,2.0093952689936392e-05,2.6621062459835635e-05,-8.697843598410294e-05,3.0730697630173335e-05,0.00010202401133627687,0.00011326658291660788,0.000189823679575614,0.00013341482848290443,0.0002519031243575926,6.656802732364797e-05,0.00012179168912973116,0.00010253555928444153,-0.00027403080472177915,6.077234146234856e-05,9.442763385208959e-06,4.813895344993132e-05,0.00023984877818970188,0.0001513008019547929,2.5624911278390503e-05,2.1014368639666436e-05,0.0001684807132179829,0.00010013415715754686,0.00010787671721528627,0.00014557176686682934
ENBA,0.00048807956825301955,0.0002342211232096217,4.741058961033688e-05,-7.467530394753689e-06,-0.0019643331996625694,-4.57273170816275e-05,0.0002581063250710269,0.00015162429974192125,0.0007653824737855531,0.0005739913607933652,0.0006503081903888042,-6.556392149921948e-05,-0.0001244066112953841,0.00015789283732226428,-7.436876496190114e-06,-2.379860920946534e-06,-4.832857823439979e-05,3.106652422352555e-05,0.0001949690139765044,-0.00011121587903130498,-8.877626644578155e-05,0.0003205384357334953,0.0001648821588348284,2.9224848673143503e-05,-0.00016642470134937672,-1.0988011265994675e-05,-0.00023657009075975385,0.0005878275156340207,-0.00024646774049440836,1.3344899517264287e-05,-6.157444407953145e-05,0.00037309571894339683,0.00017740724988755716,0.000222573669986092,0.00023857721900489786,-4.617019695813505e-05,0.0004722536330728248,-0.00028589005966450583,-0.0006109195483828678,4.185467685629972e-05,-5.789835875612411e-05,-6.975082330360395e-05,0.0006412067536710581,0.0004341148462376816,0.0005197633921321963,-2.9591331061170484e-05,0.00011713049771504944,1.214484363391953e-06,-0.0002791370025054448,0.00014563741939184263
ESHY,0.0005947665705779355,-5.562341194944994e-05,0.00010899791416146654,-1.4040365834309732e-06,-0.0007498577045359487,-7.052815431816674e-05,0.00025597720399609444,0.00018112963012401398,0.0005739913607933652,0.0008793582070566969,0.0007910501349341849,-8.866787293717054e-05,9.645948827458588e-05,0.00012169181389719291,0.0005520008079116876,0.00012846598599042358,-0.00034274887990481105,0.0002711113610700022,0.00028570479007326193,-0.0005512361896531241,-4.365469939033065e-06,0.00048094562878329484,0.0004211409816233964,0.0001306394181563556,0.00012191187687864338,-0.00017926955340718276,-0.0004870167224229438,0.00010012979466971326,-4.079716548830854e-05,4.170590246349102e-05,0.0002845711391449589,0.0004939722150366922,0.0007473044110708245,0.00044416802148471043,0.0006485647826951754,8.505859800471455e-05,0.0005101617883533704,-0.0006899755888422483,-0.0010846571667739934,0.000144305804352259,3.418805507905773e-05,7.422482592705089e-05,0.0006688342255621052,0.00022696762285339704,-0.0001760609550051469,2.5749312679847285e-05,0.0002653443552008499,0.00028813899850347485,-0.000949739847388219,0.0004016485610995418
FBIO,0.0003128982360079782,0.00015862424115124023,0.00014462227674412744,-0.00010365989753601811,-0.002998569593274228,-0.00025963013238052067,7.464138747362707e-06,5.435033284692006e-05,0.0006503081903888042,0.0007910501349341849,0.0012354192430378823,-9.607810772779413e-05,-8.024292072310325e-05,7.298277731680709e-05,0.001238355165264786,-0.00013870811096516439,-0.0007709268396209606,0.00026225111112716787,-0.0006601045430138954,8.069374807259758e-05,-0.000196270932706856,0.000522841760222638,0.00022736117469478794,-1.776010997983903e-05,0.00014490737785251902,-0.00042809383992373153,-0.001076237348664939,4.688707783212955e-06,0.0006046605112772013,3.9466020784242184e-05,0.00018922190400804585,0.00015515878964243238,0.0005282839619493127,0.0002755857931588387,-1.2194395562184616e-05,-0.0002207646169195603,0.0005171577825536118,-0.0004309233621209659,-0.00013714587687716344,8.013182555635064e-05,4.657157178087633e-05,-8.943315512562562e-05,0.0006388047553001409,0.00047636071815015555,-0.000516656226129843,-4.25002141124652e-05,-9.316402811125018e-05,0.00014977098785394667,-0.0016110780406039485,0.00022345814381563505
FIVG,-0.0002877736723801136,-0.00017107293272961572,2.9450630100221034e-05,6.547822282953997e-05,0.0011696317428480502,1.8925459988388633e-05,-0.00011785196383484747,-2.6912707420382814e-05,-6.556392149921948e-05,-8.866787293717054e-05,-9.607810772779413e-05,7.465273386679381e-05,-0.0002225736022837289,-0.0003304109039508713,-3.107285029660078e-05,-0.00019675614672177714,0.0001837788511650803,-0.00010868492180694167,-0.00032555903909944824,0.00025318815660269024,-9.344182990660373e-05,2.5926610633026042e-05,1.9811645177291014e-05,-0.00013779767936823026,-2.315676062873507e-05,-0.0001466129214857572,0.000434883188881168,9.449172501950046e-05,-0.0002716537319629733,-9.622096493237293e-06,-2.9034952004636805e-05,-7.315164527323052e-05,-0.00012496301740800894,-1.7856446605196832e-06,-0.0003330216094340648,-0.00010939032882218708,-9.015593908853939e-05,0.00017700296482968815,0.000318863090647452,1.4622610703323225e-05,2.3573559103312506e-05,-0.00012236422169108695,-2.8974463672678836e-06,-0.0002575105294288664,-0.00040466664344669586,-4.093281618524343e-05,-1.7067611495147535e-05,3.7125932194977705e-05,6.96637095608737e-05,1.6950642672742696e-05
FLOW,0.0009624544394606166,0.0004132053068926906,-5.5496827446304825e-05,-0.00020310986748572527,-0.0022917945116335448,0.00022948128088263992,0.00035904054430036013,1.959080723966932e-05,-0.0001244066112953841,9.645948827458588e-05,-8.024292072310325e-05,-0.0002225736022837289,0.0014331520262656865,0.0015546423186812474,-0.0005565218078696306,0.0008360922419203445,2.701642226484759e-05,0.0005353423988374811,0.0015494619931339774,-0.001495336032501571,0.0004873139036900703,-0.0005222454765572418,-0.00029403744706823636,0.0006370022747666465,4.762447567701893e-06,0.0007679253613151363,-0.0009692740504620692,0.00037372701582599147,0.000498315355823775,0.00011489087443696665,1.445630515084752e-05,0.0004290283357662086,0.0003078856371437013,-0.00019361577939836278,0.002029671940103109,0.0005608831603100597,-2.009952027995772e-05,-0.0016099641497733224,-0.0020203067236083372,-0.00012933664421576816,-0.00012526809458242278,0.0006532090692310846,0.0001315565067647079,0.0009260992778340372,0.0018148336124538423,0.00021139789664620812,-5.0530822060614925e-05,-0.00034436186610982297,-1.7489534601502726e-06,-0.00030094340053745484
HDLB,0.0017815234804699472,0.000990159159335283,-0.0002682420147758835,-0.0004876759005094415,-0.005171442137397936,0.00016547305332516383,0.00103872588248205,5.147135510263478e-05,0.00015789283732226428,0.00012169181389719291,7.298277731680709e-05,-0.0003304109039508713,0.0015546423186812474,0.0028296939471754816,0.0015200995564705513,0.0011037141537919041,-0.0007768336990571826,0.0005131679303824985,0.0018275643866449579,-0.0012920838561296657,0.0007478746548112305,-0.0006232445796522634,-0.0007804913555933344,0.0010249919398193233,5.2977060808155695e-05,0.0014310597543019834,-0.0004607662637151095,0.0004977314151820103,0.0007725848693632388,0.00011617605769769778,-2.799419320840758e-05,0.000815955602349647,0.00015193935455587337,-0.00041889535103980353,0.0028867368844502778,0.0007543423928238371,2.41988995371637e-05,-0.0029174893876893248,-0.0006838751402324788,-0.00035354505778949317,-0.00023047018351219338,0.0009850433981577105,0.00038419598084856355,0.0013164629043932905,0.003788974367655173,0.0002904117608590714,-0.00017898147241531258,-0.0009170788644332086,7.664824490027077e-05,-0.0007759980869806473
IPWR,0.0005821061376747405,7.365656484024299e-05,-0.00010671444766438232,-0.0005697808716660799,-0.004734686552495851,-0.0003963631897904783,0.0005463297269699115,-2.7059827712230505e-05,-7.436876496190114e-06,0.0005520008079116876,0.001238355165264786,-3.107285029660078e-05,-0.0005565218078696306,0.0015200995564705513,0.009252199591514883,-0.0002464316333646549,-0.0030185986583804725,5.03814386713988e-05,-0.0015885127986947766,0.0014920656917957135,0.00012164969680216432,0.0008253448999290012,-0.000528288556891277,0.00044992783361137375,0.0012420408818972024,-0.00021623794938337686,0.0017020861518562695,-0.0013998542203290671,0.001539413102015794,0.00012313653876146083,0.0010069643550486653,0.000282821655973091,0.0006841183867601714,-4.44784220678293e-05,0.0007673922578707984,-0.0001830577871811213,-0.00013285051887933309,-0.002624259856077325,0.006086119588134392,-0.00019476407477170445,0.00024750822135464215,0.0004909884145052534,0.0010351967864302462,-0.00016434501415714582,-0.00017890099699669672,8.541487947462807e-05,-0.00039051451976402686,-0.00046076129440222906,-0.00269988634632476,-0.00044979664877170533
KAR,0.0009101843322865914,0.00037773803636049455,-0.00011966920894343288,-0.00014844606893248344,-0.0020664834416135435,0.00010800080280006955,0.000437407281848752,0.00010774570908669785,-2.379860920946534e-06,0.00012846598599042358,-0.00013870811096516439,-0.00019675614672177714,0.0008360922419203445,0.0011037141537919041,-0.0002464316333646549,0.0007278118636176743,-0.0002013277009524108,0.000299848931717489,0.001490603601775731,-0.0010624769120212707,0.00041171842095472414,-0.00023352474323128135,-8.408456229106637e-05,0.000506878816368214,5.292325843611376e-05,0.0006401417473496379,-0.0007331465564033176,-0.0001500940051088155,0.00042629772017738714,4.319301227335014e-05,9.876837577918053e-05,0.00034618460206886864,0.0003462466784794694,-2.0286581280795418e-05,0.001406194958285881,0.0004995699329457356,0.00011179765483224548,-0.0007590383138290768,-0.001242980645892145,-5.2595052199586484e-05,-8.419692819540416e-05,0.0004917488148589127,-2.7791017419328775e-05,0.0006115671641183125,0.0014928015347308097,0.00016828207738434897,0.00017085693213917473,-0.00013982588154792444,0.00031555829250467653,-8.050065413370517e-05
NIU,-0.0007214742018572747,-0.0004977453432659593,0.00020778946584346704,0.00039203593108701066,0.0021221162067483037,0.0005935999972686223,-0.0006045083420544014,9.368822552472578e-05,-4.832857823439979e-05,-0.00034274887990481105,-0.0007709268396209606,0.0001837788511650803,2.701642226484759e-05,-0.0007768336990571826,-0.0030185986583804725,-0.0002013277009524108,0.0021471632988899823,-0.0003021870711043263,0.0009808312576926196,-0.00045166806313315833,-0.00019270369151209765,-0.0001760930838195065,0.0001595883623285056,-0.0002792058699347762,-0.00044585516346095613,-0.00021627094975777114,0.0012231506790798738,0.001439608840430029,-0.00152435951722134,0.00010686988854871802,-0.0002983880010365322,-8.87211634343497e-05,-0.0004856648954407905,-1.3472219952627613e-05,-9.998329516653331e-05,-0.00010159246854073823,-0.00026295538303276105,0.00100165987673718,-0.0014475703657813215,0.00011524293170600429,-3.401969100962427e-05,-0.0002373224957970262,0.00047505848778951006,3.178554083679658e-05,-0.0005522001816450217,-6.025649156665912e-05,0.00019242807336495988,0.00010947950137516236,0.0015208072358844553,0.00013624906616575082
NORW,0.00044974526723324767,0.0001284405136181496,3.547957501633548e-06,-9.940364690080358e-05,-0.0006147491246433518,-3.624809274906834e-05,0.00018564512963911993,2.6204581434950434e-06,3.106652422352555e-05,0.0002711113610700022,0.00026225111112716787,-0.00010868492180694167,0.0005353423988374811,0.0005131679303824985,5.03814386713988e-05,0.000299848931717489,-0.0003021870711043263,0.00032488919998886035,0.00029331533170815226,-0.0006001861701163179,0.00016207527225370474,-7.534727062935902e-05,1.1609321523802716e-05,0.00023385203047596135,7.637825118933746e-05,0.00017819008434493278,-0.0007599997959143593,-5.68911617123754e-05,0.00036827423235200507,2.6477744609763605e-05,9.452569103528297e-05,0.0002229712286992035,0.00035325784852991484,4.4765643566414714e-05,0.0007419585457275214,0.00019842923556477935,0.00012866589985927678,-0.0007934772269110068,-0.0009911477733750328,-1.1704562935493654e-05,-2.1492266413430488e-05,0.0002309396529469346,4.4130912831052154e-05,0.00028603408867818476,0.00041171390310348037,7.531307019627893e-05,-9.189258913013614e-06,-1.1033953358758765e-05,-0.0005360489026271408,3.5843079767401216e-06
NRT,0.001570537208016024,0.00041667390231292045,-5.487171656023127e-05,-1.0961026137632347e-05,-0.006063768389519764,0.0007540861576688483,0.0003798116950797437,0.0005104661420118755,0.0001949690139765044,0.00028570479007326193,-0.0006601045430138954,-0.00032555903909944824,0.0015494619931339774,0.0018275643866449579,-0.0015885127986947766,0.001490603601775731,0.0009808312576926196,0.00029331533170815226,0.004688599224023797,-0.0026153736606775837,0.0006987724388794343,-0.00012772516543738455,0.00017864180285514752,0.0009476267139394921,4.9740537669037685e-05,0.0009522020777666104,-0.0005048829630295901,0.0003459148230092313,4.817630433285001e-05,0.00025415825737418716,0.0003484351741738162,0.0006359095031250281,0.000742754825149955,0.00017826769257789048,0.003037478967233122,0.0009705952599124895,0.00022345931958537646,-0.00018723493448526618,-0.002870446928728028,0.00010051712444782063,-0.00011692693290883022,0.0009264846584309296,0.0008222364937233808,0.0016786358419655827,0.002355196303309454,0.00033704538048145023,0.0007762667781073349,-8.14959172087482e-06,0.0018306258616889268,0.00020236365246495728
PXLW,-0.0012532269750387755,-0.00016755835491797345,-2.311346632144752e-05,4.086177766222468e-05,0.0016081398392110765,-0.0003770781269118465,-0.000418143814804284,-0.000246403389789858,-0.00011121587903130498,-0.0005512361896531241,8.069374807259758e-05,0.00025318815660269024,-0.001495336032501571,-0.0012920838561296657,0.0014920656917957135,-0.0010624769120212707,-0.00045166806313315833,-0.0006001861701163179,-0.0026153736606775837,0.002254986596657826,-0.0005320985885371394,0.00021597320410273046,-0.00021750685035962588,-0.0006984751175523168,-2.0277382559871615e-05,-0.0006610453200488593,0.0010414475396497154,-0.0003845002903522316,-3.988633512817348e-05,-0.00014686589234141494,-0.00023648093006442325,-0.0007189367166095815,-0.0008448773164308677,-0.0002198811887430316,-0.002484906509176475,-0.0007555532972458925,-0.0002668838374721828,0.0012852080895358938,0.00346526311454416,-7.147214616914155e-05,9.117005739151486e-05,-0.000696199353598583,-0.0004553709092268972,-0.0009483268696505038,-0.0014841777525727872,-0.0002492041179693228,-0.0004342764952744071,-7.77232028062393e-05,-0.0002574982881043627,-0.0001975428019319822
QVAL,0.0005584221551537317,0.00020818131683729966,-0.00011661426821954753,-0.00011366668607825467,-0.000198573537414861,4.999938259088538e-05,0.0003884254994036994,2.3350647945203593e-05,-8.877626644578155e-05,-4.365469939033065e-06,-0.000196270932706856,-9.344182990660373e-05,0.0004873139036900703,0.0007478746548112305,0.00012164969680216432,0.00041171842095472414,-0.00019270369151209765,0.00016207527225370474,0.0006987724388794343,-0.0005320985885371394,0.00029427170725537994,-0.00024028980758137157,-0.00015537833525727863,0.00032503996717303394,2.5101612997300715e-05,0.0005063223058382841,-9.07592585827691e-05,-4.893251334729592e-05,0.00011627749623755564,3.896155783957237e-06,2.1197386679582675e-05,0.0002818293742267581,0.00011383393971725757,-7.704639981297768e-05,0.0009068410178611749,0.0003321342770830331,-2.3845695625312492e-05,-0.000823596295183543,-0.0004977788055179856,-8.328201040595322e-05,-6.428403369023585e-05,0.00032602994241752475,-0.00010833252817187132,0.00016680993401220416,0.0011221002198421653,0.00010568741984911257,5.803176502769882e-05,-0.0001841245153793378,0.00023144100013946354,-0.00015831273018328992
RMM,-0.00016358163107428876,-0.0002721504508026737,0.00014828907295420617,0.00010445646793881701,-0.0011060149190817222,-6.115967590716517e-05,-0.0002535760173627177,0.00015210563195935416,0.0003205384357334953,0.00048094562878329484,0.000522841760222638,2.5926610633026042e-05,-0.0005222454765572418,-0.0006232445796522634,0.0008253448999290012,-0.00023352474323128135,-0.0001760930838195065,-7.534727062935902e-05,-0.00012772516543738455,0.00021597320410273046,-0.00024028980758137157,0.0006552881467016278,0.0004639095947218165,-0.00018080439261923472,0.0002249322724961522,-0.0006337898206994621,-4.2506334886313575e-05,-0.00034942255752922825,6.631838713359233e-05,3.828629385569405e-05,0.0003386045272626894,-6.890071311739336e-05,0.0004629683402756323,0.0003909703979941686,-0.0004787040394674085,-0.0002211502396415028,0.0002910787251494372,0.0007790323890681262,0.0004678578587355121,0.00020648726820951573,0.00013266028215498015,-0.00020234096234904666,0.0004928614841155759,-2.994165034637368e-05,-0.0013701790252941845,-5.884150105711461e-05,0.00023222400430331671,0.0004402554467350575,-0.000599381582974367,0.00047677183299899315
SPAB,-0.0001460882617287526,-0.0003604256046256173,0.00013460310492788754,0.0001778419699705799,0.0008204631693473579,-1.873429368430699e-05,-0.0002193096585364158,0.0001439718995123632,0.0001648821588348284,0.0004211409816233964,0.00022736117469478794,1.9811645177291014e-05,-0.00029403744706823636,-0.0007804913555933344,-0.000528288556891277,-8.408456229106637e-05,0.0001595883623285056,1.1609321523802716e-05,0.00017864180285514752,-0.00021750685035962588,-0.00015537833525727863,0.0004639095947218165,0.0005781235157234605,-0.00017047917932047735,0.00010756300974499192,-0.0005031454470625734,-0.00032200078643479903,-0.0003454507050814109,-0.00015709657918086428,3.4078446966967068e-06,0.0002626506882416097,-1.8696142353098447e-05,0.0005083648260653603,0.00043151241878551614,-0.00035512019252877656,-6.535793530033325e-05,0.00027368637571236344,0.0008618199042898726,-0.0007303485343672744,0.00023905875643277726,0.00010488026385560311,-0.00017827874241411508,0.00016929665664177122,-0.0001920527309827653,-0.0013052608485231135,-3.57815405478403e-05,0.0003486892577309508,0.0005595117409693209,-0.00026271122187831916,0.0005745501440190672
SPYD,0.0007484645364681316,0.00029715291700464574,-9.620094490633664e-05,-0.00015735781311591223,-0.0015821092212068143,8.158378341037135e-05,0.0004166532820349681,6.308407492126157e-05,2.9224848673143503e-05,0.0001306394181563556,-1.776010997983903e-05,-0.00013779767936823026,0.0006370022747666465,0.0010249919398193233,0.00044992783361137375,0.000506878816368214,-0.0002792058699347762,0.00023385203047596135,0.0009476267139394921,-0.0006984751175523168,0.00032503996717303394,-0.00018080439261923472,-0.00017047917932047735,0.00042452269574634144,7.234754455313192e-05,0.000530382742389465,-0.0002427823715488606,3.360319362519293e-05,0.00027181705669796093,4.62339318368689e-05,8.312822419963478e-05,0.00035945100826785526,0.000231354428128744,-6.100436541898293e-05,0.0012263614123817857,0.0003639531458928185,4.869991017907898e-05,-0.0010448410697580428,-0.0005675049863834059,-8.518074047574136e-05,-6.815372070871796e-05,0.0004150337125489873,0.0001296676644070364,0.00044712444664558583,0.0013089568865292185,0.00013099456321505418,5.507520189314179e-05,-0.00022529928953796954,5.683609109403722e-05,-0.00016927687202582953
TBT,-4.2236690816691525e-06,-0.00013257805603788725,3.269524714271971e-05,-4.398198000669967e-05,-0.0009243645138893754,-3.353209539472109e-05,-0.00011273218820463888,3.0108882069935217e-05,-0.00016642470134937672,0.00012191187687864338,0.00014490737785251902,-2.315676062873507e-05,4.762447567701893e-06,5.2977060808155695e-05,0.0012420408818972024,5.292325843611376e-05,-0.00044585516346095613,7.637825118933746e-05,4.9740537669037685e-05,-2.0277382559871615e-05,2.5101612997300715e-05,0.0002249322724961522,0.00010756300974499192,7.234754455313192e-05,0.00033734987382736894,-0.00021365565679867197,-0.00011989849996247696,-0.000625151836838918,0.0004949232621818982,4.470082591541451e-05,0.0003389644861769774,-9.630630807738852e-05,0.00036416270601386143,0.0001020938063248477,0.00010691407568964026,8.783151921079372e-06,-2.0609196981490146e-05,5.400865678201343e-05,0.0006532920308358142,6.247201779627725e-05,0.00010071543270566646,0.00010556921875048878,8.174261698539122e-05,-4.858192723342811e-06,-0.000643582828371569,3.602745141439209e-05,5.306500531577667e-05,0.00016325593673770114,-0.0005073083331582537,0.00013124113632418386
TPR,0.0010209173213546205,0.000585311138453562,-0.0002802266426277559,-0.00022935204412668223,-3.855681855257587e-05,5.6221211684696054e-05,0.0008632330062940123,-1.686954561164678e-05,-1.0988011265994675e-05,-0.00017926955340718276,-0.00042809383992373153,-0.0001466129214857572,0.0007679253613151363,0.0014310597543019834,-0.00021623794938337686,0.0006401417473496379,-0.00021627094975777114,0.00017819008434493278,0.0009522020777666104,-0.0006610453200488593,0.0005063223058382841,-0.0006337898206994621,-0.0005031454470625734,0.000530382742389465,-0.00021365565679867197,0.0011436367866488582,7.824191538199817e-05,0.0003774236491047184,-8.413650144276349e-05,-4.425864988587478e-05,-0.00027261188936437796,0.0005620674314368988,-0.00021584788126775392,-0.00030731571801459635,0.0014435108316785655,0.0005455013090494948,-6.086453007242819e-05,-0.0016614631465794855,-0.0007947358866892117,-0.0002584577619391157,-0.00020759316716650945,0.0004979899702224848,-0.00029196000124024376,0.0002893422377778402,0.002756211726865209,0.00015152306432230216,-3.5742340756476385e-05,-0.000593222641111087,0.0007718736260151039,-0.0005224508028383961
TRQ,-0.0007182824194785867,-0.0008802770334239323,-1.805029094193014e-05,0.0002581355933333272,0.007160800239844158,0.0005026061624196303,0.00019586420207871126,2.0093952689936392e-05,-0.00023657009075975385,-0.0004870167224229438,-0.001076237348664939,0.000434883188881168,-0.0009692740504620692,-0.0004607662637151095,0.0017020861518562695,-0.0007331465564033176,0.0012231506790798738,-0.0007599997959143593,-0.0005048829630295901,0.0010414475396497154,-9.07592585827691e-05,-4.2506334886313575e-05,-0.00032200078643479903,-0.0002427823715488606,-0.00011989849996247696,7.824191538199817e-05,0.004974084911427541,0.0014766448294197584,-0.0026455487311563696,3.0236261555680407e-05,-0.00011239361385246938,0.0004797294711846712,-0.0008388766092690337,-0.0001481588711488693,5.641834693376562e-06,-0.00015433230438543656,-0.000724687265215765,-0.0011625598547731165,0.002685873180277821,-0.0001128196916080547,2.2642510091817202e-05,-0.00015561775854571133,0.0007714900026956189,-0.0014566026434358328,4.01739568875438e-05,-8.451085432793342e-05,0.0001093430334031592,-0.00039433135189675717,0.0014124732770790676,-0.00034870855029506655
TSCAP,0.00017703986446388498,4.6552436316706646e-05,0.00011638598159128085,0.00010025007850102691,0.0009431752659789573,0.00044385354886448573,0.0001873089084360048,2.6621062459835635e-05,0.0005878275156340207,0.00010012979466971326,4.688707783212955e-06,9.449172501950046e-05,0.00037372701582599147,0.0004977314151820103,-0.0013998542203290671,-0.0001500940051088155,0.001439608840430029,-5.68911617123754e-05,0.0003459148230092313,-0.0003845002903522316,-4.893251334729592e-05,-0.00034942255752922825,-0.0003454507050814109,3.360319362519293e-05,-0.000625151836838918,0.0003774236491047184,0.0014766448294197584,0.0025160277199782763,-0.0016591942183361449,0.0001059070143749743,-0.0005581308961389685,0.0006548042701037059,-0.0006131242814417222,-0.000203129933770034,0.000977520753158427,-2.5949920112956155e-05,-3.470595452950363e-05,-0.001590453965265723,-0.001378200381969985,-0.00014910833762289433,-0.00019999406024212452,-8.70612575343698e-06,0.0010782526762087997,0.0004205309207263918,0.001508556815371282,-3.203305953759532e-05,-0.00016838052685494827,-0.0005677891802307387,0.0006209680169957215,-0.0004055079783576558
XEC,0.0002985843804628264,0.000635171464692658,-6.0544875192968764e-05,-0.0003464959603805709,-0.007048212634758774,-0.0003507827332760551,-0.00024820044726655335,-8.697843598410294e-05,-0.00024646774049440836,-4.079716548830854e-05,0.0006046605112772013,-0.0002716537319629733,0.000498315355823775,0.0007725848693632388,0.001539413102015794,0.00042629772017738714,-0.00152435951722134,0.00036827423235200507,4.817630433285001e-05,-3.988633512817348e-05,0.00011627749623755564,6.631838713359233e-05,-0.00015709657918086428,0.00027181705669796093,0.0004949232621818982,-8.413650144276349e-05,-0.0026455487311563696,-0.0016591942183361449,0.0024954019586411083,3.6945532324070524e-05,0.0003353682129186904,-0.0006275775992700246,0.00043433865160331513,-0.00016114652137845067,-5.052332982974189e-05,1.5211182812145598e-05,0.00012228457912649392,0.0006727661078566693,0.0008394968630812949,-3.484201144848506e-05,7.208771919982365e-05,0.0002720551443623925,-0.0005084393500915525,0.0009832014640586471,-0.00016604316457449167,9.162483411443967e-05,-0.0003034668056568723,1.1304669090285478e-05,-0.001167446666693521,-8.81127997007109e-05
XPH,1.8484283848087167e-05,-2.1818854751948396e-05,4.215308407867123e-05,3.1188998184920028e-06,-0.0008333802379253395,8.489527875687542e-05,-8.505870214902025e-05,3.0730697630173335e-05,1.3344899517264287e-05,4.170590246349102e-05,3.9466020784242184e-05,-9.622096493237293e-06,0.00011489087443696665,0.00011617605769769778,0.00012313653876146083,4.319301227335014e-05,0.00010686988854871802,2.6477744609763605e-05,0.00025415825737418716,-0.00014686589234141494,3.896155783957237e-06,3.828629385569405e-05,3.4078446966967068e-06,4.62339318368689e-05,4.470082591541451e-05,-4.425864988587478e-05,3.0236261555680407e-05,0.0001059070143749743,3.6945532324070524e-05,4.9766419387678154e-05,6.219498701143956e-05,5.422191332242444e-06,6.486024078209805e-05,5.34925387399921e-06,0.00021184255442011324,5.782945290452376e-06,-1.1020084983031572e-05,-3.66722441970862e-05,-4.108407066542105e-05,1.49446503401826e-05,1.1916294497393739e-05,5.411802171605605e-05,0.00020992800479875307,0.0001856271076754312,-5.7922400142274545e-05,1.664169982118037e-05,7.548322322859895e-06,-2.4838093302564375e-06,-3.679125391169354e-05,8.655600955298412e-06
YOLO,7.483844332138567e-05,-0.00021201434399066707,6.999576586908057e-05,7.406645570040065e-06,-0.0008495429546530956,1.878867729673112e-05,-0.00011096834147242352,0.00010202401133627687,-6.157444407953145e-05,0.0002845711391449589,0.00018922190400804585,-2.9034952004636805e-05,1.445630515084752e-05,-2.799419320840758e-05,0.0010069643550486653,9.876837577918053e-05,-0.0002983880010365322,9.452569103528297e-05,0.0003484351741738162,-0.00023648093006442325,2.1197386679582675e-05,0.0003386045272626894,0.0002626506882416097,8.312822419963478e-05,0.0003389644861769774,-0.00027261188936437796,-0.00011239361385246938,-0.0005581308961389685,0.0003353682129186904,6.219498701143956e-05,0.0004058317369127275,-3.887246006430108e-07,0.0005258948274822613,0.00023141338787933174,0.00024803783898566604,4.6982050190770057e-05,7.590404126015284e-05,0.0001261465123829251,0.0002349453846441253,0.00012499362139220036,0.00011219845823344038,0.00010887999711627834,0.00024657386776167706,2.9493731290379e-05,-0.0007714877709476777,4.284922308078873e-05,0.0001897081788308838,0.00028534798369666604,-0.00047363852703684106,0.0002818858395060965
ASH,0.0009162913820633036,0.00011599228996486313,-7.287707643817567e-05,-7.614261744279924e-05,0.001273635805957198,7.065379034340909e-05,0.0007402951706640665,0.00011326658291660788,0.00037309571894339683,0.0004939722150366922,0.00015515878964243238,-7.315164527323052e-05,0.0004290283357662086,0.000815955602349647,0.000282821655973091,0.00034618460206886864,-8.87211634343497e-05,0.0002229712286992035,0.0006359095031250281,-0.0007189367166095815,0.0002818293742267581,-6.890071311739336e-05,-1.8696142353098447e-05,0.00035945100826785526,-9.630630807738852e-05,0.0005620674314368988,0.0004797294711846712,0.0006548042701037059,-0.0006275775992700246,5.422191332242444e-06,-3.887246006430108e-07,0.0008254887022240592,0.00029847821645840185,0.00013433810916266173,0.0013832758433264863,0.0003730249069755496,0.00022451462993106254,-0.001824627310939855,-0.001169367409114284,-6.139761342547835e-05,-0.00010170396622549394,0.0003160850427015906,0.0004368974137254989,4.554290682640789e-05,0.0014883707425168895,9.298627722253099e-05,0.0001896012926685035,-0.0001885683387721106,-6.0988196835029524e-05,-5.7401766901293414e-05
BBDO,0.0005481520484231296,-0.0001661353494378921,9.624986855958209e-05,-8.756810519379508e-06,-0.0009734243980503098,-3.6461546626456985e-05,0.00010687564552358212,0.000189823679575614,0.00017740724988755716,0.0007473044110708245,0.0005282839619493127,-0.00012496301740800894,0.0003078856371437013,0.00015193935455587337,0.0006841183867601714,0.0003462466784794694,-0.0004856648954407905,0.00035325784852991484,0.000742754825149955,-0.0008448773164308677,0.00011383393971725757,0.0004629683402756323,0.0005083648260653603,0.000231354428128744,0.00036416270601386143,-0.00021584788126775392,-0.0008388766092690337,-0.0006131242814417222,0.00043433865160331513,6.486024078209805e-05,0.0005258948274822613,0.00029847821645840185,0.0009996164855320562,0.0004667383464310706,0.0007921388703010715,0.00022271443684695894,0.0003795531544347399,-0.0003012326739346007,-0.0010601847754735296,0.00019897912228260354,0.00010266920215620687,0.00022625235232011132,0.00037989049271186775,0.00020615207222692998,-0.0006045803658250967,8.944611416594753e-05,0.0003658292779932749,0.00046356903439234064,-0.000902359048488924,0.0005116934538349272
BSCP,7.353262809955354e-05,-0.0002374719361687096,8.769423149807977e-05,0.00010296010785359425,0.000545465512217448,-2.7289660049192917e-05,-2.0405545524424694e-05,0.00013341482848290443,0.000222573669986092,0.00044416802148471043,0.0002755857931588387,-1.7856446605196832e-06,-0.00019361577939836278,-0.00041889535103980353,-4.44784220678293e-05,-2.0286581280795418e-05,-1.3472219952627613e-05,4.4765643566414714e-05,0.00017826769257789048,-0.0002198811887430316,-7.704639981297768e-05,0.0003909703979941686,0.00043151241878551614,-6.100436541898293e-05,0.0001020938063248477,-0.00030731571801459635,-0.0001481588711488693,-0.000203129933770034,-0.00016114652137845067,5.34925387399921e-06,0.00023141338787933174,0.00013433810916266173,0.0004667383464310706,0.00036127212229146677,-4.1178766435219237e-05,-2.939071175844696e-06,0.00026724955496028595,0.00029642495336900624,-0.0005487524151739554,0.00016914700355086942,7.0325150127705e-05,-7.82462230616598e-05,0.00024911147354068095,-0.00012692145587512595,-0.0007524966335263072,-1.2629967229154067e-05,0.00028851437318829865,0.00038644252583282506,-0.00031822135586852393,0.0004248813932840894
