,ACWF,ADI,AFTY,AKU,ASML,AYTU,BAX,BDL,CBMB,CELH,CI,CIH,CMA,CSA,CSSE,CUK,DENN,DIAX,DTJ,ECC,EFAX,ENFR,EOI,ERJ,FLEH,FOVL,FSMD,FUBO,FXG,FXNC,GL,GPRK,HAE,IAGG,ICOW,IEFN,IEI,INM,JAN,JRI,KBWB,MAIN,MAXR,MGPI,NNDM,OFED,OXLCP,PBD,PEG,PFC,PQLC,PQSG,PTRS,RENN,RL,RRR,SBEV,SDP,SFY,SHSP,SOJC,SPVU,TCOM,TEF,TGP,TRX,TSEM,UFCS,USAU,VIXM,VSL,VVR,VVV,WIW,AGR,AMRN,B,ESGR,GURU,ITM,LGHL,MUSA,NAOV,NEO,NOW,ODT,ORC,SBSI,SDIV,SILC,SPEM,SPXS,VLDR,MASI,PFFV,SONM,ETO,VBLT,SWT,MICT
ACWF,3.6878168078895415e-05,1.957684015877771e-05,7.00886040490602e-05,0.00010502915777634548,2.8542268693766186e-05,0.00025904162289339854,0.00013671203866648187,-3.8020971532676186e-05,0.0001346730989441431,0.0001164775535399685,9.445776742129178e-05,0.0002356886649150602,0.0001702117691904217,9.650702753754415e-05,-3.3928877694941795e-05,-2.616619900186173e-05,-7.818697561185893e-05,5.1281954846107434e-05,4.3224431869769647e-05,3.2320418375913844e-05,5.002928306936491e-05,6.0193701122491944e-05,2.876354713398782e-05,0.00011293993281272039,5.461890110637033e-05,0.00010972032201163676,4.176530801267346e-05,3.176736490082871e-05,2.3742429546665304e-05,3.2587783404163946e-05,6.435768238063639e-05,8.58992678771093e-05,-4.494433651759141e-05,2.8778902911413952e-05,4.834989361135318e-05,8.568162810409752e-05,2.9572456637623785e-05,2.9739734641224848e-05,-5.197604567925471e-05,4.675166668611759e-05,0.00012564205649046506,4.835411038015896e-05,0.000287572734674378,4.8354838903184514e-05,0.00011346220388244937,4.0640342288849124e-05,2.8056045033564e-05,5.943361048084538e-05,-2.9971417218146087e-05,8.760635204733341e-05,3.1125802601964874e-05,6.601883324015362e-05,4.837640299433488e-05,0.00025096747244342206,-5.941726429363051e-05,-5.893894171577685e-05,1.988514088938275e-05,0.00010342846391056461,-7.903564116017344e-06,-4.900274437622039e-06,2.0364184668929623e-05,0.00010898602707152782,0.0001134241209631793,3.276895534854176e-05,9.52636714364903e-05,-2.1539032583562233e-05,5.5982863409103125e-06,6.950164740532936e-05,6.543858830314781e-05,3.92740242226387e-05,3.5513841021419075e-05,4.4078729452257767e-05,4.106070903495219e-05,4.1521596685597644e-05,-1.5346713742666998e-06,0.0001522952210074408,0.0001848738897392894,-8.781967891070132e-06,1.4023577297373404e-05,3.414570120118907e-05,0.0002958053899883198,2.2563605249430544e-05,-0.0018329917918490973,5.088629308392602e-05,-6.76425768486859e-05,7.721948136408766e-05,8.128635658062376e-05,0.00014831666445813566,6.031736011199491e-05,-3.7122423128059374e-06,3.683399759690179e-05,0.00012859937555479887,0.00023321858906890814,4.4478635225532165e-05,2.8237051583883948e-05,-6.226713782488114e-05,1.5209975875708186e-05,8.818054651403299e-05,2.702359116493595e-05,-4.233267386459657e-05
ADI,1.957684015877771e-05,2.1567635066595593e-05,5.9331960856315945e-05,1.0001546964303122e-05,5.349541406570367e-05,0.00012870964242597122,6.504897868933973e-05,0.00017753272188353458,0.00014561180979067183,0.00014612829636126982,5.5291996906582813e-05,0.0001639192107253371,6.985397262078283e-05,2.3359667638417778e-05,-4.403393631550639e-05,-8.546359084726009e-05,-0.00013203753173437577,2.9295479812287632e-05,3.698843619863622e-05,2.00903555229885e-05,2.9801241810084304e-05,4.436137923915164e-06,9.026469690579702e-06,4.34687581345658e-05,2.1112535503873355e-05,4.46837348650952e-05,9.56729812994937e-06,5.894985398524806e-05,1.345116400287371e-05,-7.447252445815154e-05,9.554531358725156e-06,9.389129578232939e-06,-5.207317820200041e-05,3.66558131728127e-05,1.6977531619567073e-05,2.5317945989272158e-05,3.535855000186701e-05,3.154503249055682e-05,-8.317260269170283e-05,1.1543217506000889e-05,4.289706781413004e-05,2.4906864358475062e-05,0.00017833170211657587,1.0441382679841827e-05,0.00012446937354575522,2.6838729635981214e-06,3.229297184189523e-05,3.336671859928516e-05,-5.515304744886647e-05,2.191393744216753e-05,7.400290178804122e-06,4.3318581268925626e-06,2.7621227436403747e-05,-0.00020050226357266508,-0.00013398047543256074,-8.396164876168598e-05,-1.6012816235589364e-05,0.00011384137266769229,-6.000855205578103e-06,1.344146617812419e-05,2.66006333518109e-05,2.5830103283155925e-05,4.73169485922643e-05,2.438037672456869e-05,5.1548951392157494e-05,-3.306428693071154e-05,-8.511329906355952e-06,4.687143069732588e-05,2.8339339479616904e-06,3.783451640675871e-05,6.538655346715999e-06,3.186347659975733e-05,1.596197553211463e-05,3.907799770389765e-05,-3.249509762991056e-05,9.631696341273023e-05,3.525370028874912e-05,-6.32404304249823e-06,-6.7060722238415744e-06,3.83685475336764e-05,0.00010107508389965882,7.992113513982847e-06,-0.0015963953130954558,-4.068975564833905e-06,2.2696909105544646e-05,3.2599082980745164e-05,3.0549159366127616e-05,1.901636438984265e-05,2.9914327992215194e-05,-2.8367164682533355e-05,3.6471087778369524e-05,0.00014493069944029034,4.02273440663886e-05,2.1894741160011664e-05,1.6342621721662946e-05,-1.1958896779569698e-06,-3.3319369647562412e-06,8.876388723892041e-05,-4.140435266084203e-05,-7.004388567157846e-05
AFTY,7.00886040490602e-05,5.9331960856315945e-05,0.00026039117565699574,0.00012976641405587855,0.00011408749518873162,5.098958263924811e-05,0.0002193517536940958,0.0003046298175298803,0.0006458948893843759,0.00031874433970198,0.0001632243358426215,0.0005758026913129088,0.000269195301143055,8.254825662614206e-05,7.961377020566934e-05,-0.0004890398255085848,-0.0005081200622935294,0.00010382858843903594,0.0001475586736078429,0.00013482014256422379,5.718688897671297e-05,1.307431229853867e-05,4.779228050659471e-05,-5.6926064128249454e-05,8.745290565667448e-05,0.00010853199234203201,3.851872730702848e-05,0.00014854855507180932,8.981163899533805e-06,-1.3129616877089967e-05,2.142284179694194e-05,-4.635727629199349e-05,-1.8378633032626114e-05,0.0001211282142256595,1.6476339490590055e-05,0.00011252916604007431,0.00011966518628934837,2.234486471105924e-05,-0.00017548556822922435,7.353773005699444e-05,0.00017113873190498425,8.4990287139698e-05,0.0005572926811112241,5.5935120334095504e-05,0.00040501313076601907,-0.00010410066172454304,7.799388603690099e-05,0.0001502436585718713,-0.0001539570605442204,2.985089236004738e-05,2.463828653875549e-05,5.811475357103639e-05,1.4197829013973381e-05,0.0002434968994286263,-0.00042430331221110545,-0.0003285320560037114,0.0006038035805315698,0.00040010540148324334,-7.71208536598305e-06,8.212166031888134e-06,8.20350986668416e-05,9.736532384955289e-05,9.502411286048913e-05,-4.69524519107076e-05,0.00020917622058985806,-0.0001580405757207794,8.242797288154883e-05,3.1192938253687264e-05,-1.626184948228882e-05,0.0001280879862111707,1.246181182413147e-05,0.00013751541265415342,-9.159376221040765e-05,0.00013926005741866535,-5.88027219922296e-05,0.0002745929889865989,-5.386379446266277e-05,-6.272978163007966e-06,-3.016769723988356e-06,0.0001268562947043866,0.00043112705861274146,5.922869442770674e-05,-0.005201275960930173,0.00015238609890834193,6.996393691090858e-05,0.0003261797450723175,8.876514279311907e-05,0.0001564861884672347,7.732299087241044e-05,7.975190077625785e-05,0.00010457402906016396,0.0004944403791780239,0.00042860409995399643,5.425846217526106e-05,8.406506996709421e-05,-7.044242580782944e-05,-2.1766810271188918e-05,0.000225214274176057,-0.00011880177281064548,-0.00015277971931755617
AKU,0.00010502915777634548,1.0001546964303122e-05,0.00012976641405587855,0.0007054810087310339,-0.0001791384336645206,0.000628251102575872,0.0004414678608103579,-0.00022464891959176605,5.788485993009948e-06,-8.072384338774917e-05,0.000378014044425631,0.0002157757185553276,0.0006778050501471431,0.00027986099206475765,-0.00022392937939258282,0.0002520328916923814,-0.00016029072585848258,0.0001968618460949055,0.00012691703177453742,0.0002157014683612824,0.00010059013073379175,0.00037139139353791764,0.00012182058221175832,0.0006348348549488025,0.0001810094526835686,0.00035954303920144204,0.00015229720299244788,9.034960376532816e-05,5.476939848752232e-05,0.0009089538351601506,0.00024059642571433307,0.00039526345857911384,0.0001997090443255445,7.412462879800838e-05,0.0001492658285166749,0.00037288810099205737,7.199590209929878e-05,-0.0001721222083047538,-0.00041983716899423023,0.0001680948693872816,0.0005551100687083839,4.297690268346345e-05,0.000508029925448823,0.00020582732028892636,-0.00022440455975204638,-4.84790953759286e-05,-1.991849123824297e-05,0.00014000700234116255,0.00019775850725247342,0.00043226506761871654,0.00011593157605138533,0.00027313509611953836,-0.000277611336652781,0.0018447018752831676,2.7032571348839626e-05,-0.0003855877481680747,0.00015035842996405848,0.00012536293271973745,-2.310614694847353e-05,-4.168907511720546e-05,2.1125808720687523e-05,0.000468732949690558,0.00035611605101389197,-1.0866468508332723e-06,0.0005705213033522933,0.0003053847997103493,0.00014687343190838303,5.3430028750124014e-05,0.0006537154612061534,0.0001256787477759955,0.0001728271053037661,0.0001097175553405344,1.8449969626719854e-05,0.00011160481230275894,4.201741071353888e-05,0.0004439799495521834,0.0006546520713081345,-5.643264528217164e-05,0.00010238231661279201,8.638513507547958e-05,0.0010012223480801038,0.00017406066612381813,-0.0068340478196997866,0.00017799936871586538,-0.0005001231354094152,0.00040874947293291963,0.0002694662381625571,0.0005972081908807953,0.00018344797073574964,0.00023738736458096116,0.00010748741795256863,0.0003191693567652199,0.001008238265082953,0.00016722863313973742,0.00013649381288987443,-0.0001270809244909678,0.00012730131424815099,6.487472367842906e-05,0.00022987704064736915,-1.751236083097853e-05
ASML,2.8542268693766186e-05,5.349541406570367e-05,0.00011408749518873162,-0.0001791384336645206,0.0002029880210898917,0.00027064727371630445,7.205856902115147e-05,0.00032781664113042396,0.00037433798387694484,0.00041604676621637674,3.233564547529875e-05,0.00044952214991710287,1.171962133709974e-05,3.331348432760547e-05,-2.190816563848453e-05,-0.0002584618772795776,-0.00021390566277193786,1.9056683421010517e-05,5.0230966736762384e-05,-3.321065506606448e-05,6.657114444704911e-05,-8.480580365107537e-05,-6.249682366353967e-06,-6.495876543174462e-05,1.8455356955723296e-05,4.796476355584529e-05,-1.2074014917559423e-06,8.855782939712545e-05,2.856135738636553e-05,-0.000502656081738117,-1.0402854467923578e-05,-4.822533962653289e-05,-0.00023973278245024407,5.671490057380581e-05,2.3260412179452242e-05,-2.3606367656845835e-05,5.671132397357181e-05,0.00017153988680618086,-1.3208518174219854e-06,-1.1879736432921507e-06,-2.925695599886146e-05,8.072463108610984e-05,0.0004094688107315674,-1.7056859400848067e-05,0.0004357276232681183,9.00565729966171e-05,9.545907217718581e-05,5.977994055381214e-05,-0.0002132891258902497,-4.795322445835633e-05,-1.26252327274891e-06,-3.488977243290995e-05,0.00023983457253788957,-0.000873865399239528,-0.00028534009561186004,-1.6186767345249757e-05,-0.00011648263045785803,0.00024204896837308736,-9.436469917332191e-06,3.470576029697993e-05,5.609380426337822e-05,-3.4614003090950636e-05,6.0034774397963914e-05,8.94202077907263e-05,-6.591457283065923e-05,-0.0002144944591186447,-8.137440231583844e-05,0.00014552686816366055,-0.00020940820047512143,4.838591562648117e-05,-2.228895232006161e-05,5.154717257848652e-05,8.085172526741577e-05,5.919783584838571e-05,-7.167601786242688e-05,0.0001402478701997036,9.099227698045452e-06,4.2165553010413114e-06,-3.96672820375361e-05,6.0710442554101445e-05,7.121588095615645e-05,-4.154616784852974e-05,-0.0015832675437855125,-3.2512873438637575e-05,0.000173768721141192,-5.5971584401551026e-05,2.9156681390419047e-05,-5.7151484951733924e-05,4.060055242102896e-05,-0.0001692102484492738,5.3065878759991905e-05,0.00023094983011623588,-0.00011875573550747537,1.5019575111059605e-05,-4.2891078127020125e-06,-2.172378100930216e-05,-4.253319048984791e-05,0.00022089883951256385,-0.00013073119332839497,-0.0001550305820652487
AYTU,0.00025904162289339854,0.00012870964242597122,5.098958263924811e-05,0.000628251102575872,0.00027064727371630445,0.003989139699474751,0.0010910754163559393,-0.0004794554501496227,-0.00032353444558160004,0.001114587167551426,0.0007684909619424188,0.0014234791850791274,0.0012603473725594666,0.0009504433559639031,-0.0011593720751504166,0.00136543715992293,0.0004880616862424983,0.00033607154306653344,9.162531842155981e-05,-0.00014118100793420688,0.0005774690140459492,0.0006640985351294518,0.00017663797198928636,0.0019638279378808984,0.00039490971817304164,0.0011514380922105936,0.00038683674171765783,0.0001332750283185367,0.000358377543677288,-0.0003185246649495642,0.0007423865703045235,0.001326213400444306,-0.0009523579036162066,4.8934117254412034e-05,0.0006442010704111273,0.0006613719276001405,5.5832213290575e-05,0.0005618626872150124,-0.00039560985474049876,0.00028724885775691133,0.0009859779163323775,0.000385804553427759,0.0022402681770227837,0.00037987035257677635,0.000486461583125662,0.0010707207489279043,0.0002379726110078119,0.0002504230679880833,-0.00010535370972320407,0.0010624359529654863,0.0003106024917348257,0.0005285280638263699,0.0008256587035128034,-8.215472868971385e-05,0.0002520550232247873,0.00027409899519739397,-0.0029527378580229365,0.0002290692558829493,-0.00010741857480834484,1.754212734786879e-05,6.459695309643743e-05,0.0010192097740872627,0.0012891930707312571,0.0008569145317889964,0.0004796139277954829,0.00018775406801648946,-0.0004435122091746785,0.0011075323336732258,0.0008118644539882755,0.00014703431002405183,0.000409585149724118,0.00011311985570743701,0.0011122631210505336,0.00013232522294737888,-4.638373243751233e-06,0.0012728771495776857,0.0027864663681701532,-0.0001222625390643254,0.00011713472056384873,0.00010016020816003138,0.0022372531626331585,2.201309960216486e-05,-0.009167862391899026,-0.0001908550415071676,-0.0009241809423542817,-0.00046745354276564845,0.0007888488399032604,0.0011380114020577347,0.0005917334355773365,-0.0007320494157543051,0.00022651732705280338,0.0002979804462267928,0.0009438826539238334,0.0004428793136008172,4.608596919952781e-05,-0.0004199105672821604,0.00025033865926665766,0.0007172122904184101,0.0005490203301315991,-0.0003527994418286376
BAX,0.00013671203866648187,6.504897868933973e-05,0.0002193517536940958,0.0004414678608103579,7.205856902115147e-05,0.0010910754163559393,0.0005233003379900722,-0.00017949083626267416,0.0003573039899235448,0.0003898896507011944,0.0003725042906401663,0.0007919347995227492,0.0006635598318925689,0.00037790321744473357,-0.00020480505489865,5.6396309578015926e-05,-0.00020766054224558204,0.0001956165195494787,0.00014596693726222706,0.000112481514919867,0.0001946000721439337,0.00026884409039418033,0.00011082972791324517,0.000542545430363268,0.0002071582877223875,0.00043957564769842223,0.00016634552710882654,0.00011005561190743622,9.905077789996568e-05,0.00020342915989570107,0.00026721399785787346,0.0003898741589628846,-0.00016182324805921972,9.442931393414338e-05,0.00020171410444935886,0.00034072110784944226,9.690433980343033e-05,9.692103879545969e-05,-0.00023114974236066572,0.00017602618862330014,0.0005016689545364493,0.0001689404968965006,0.0010357371097528072,0.0001922285607669367,0.0003194793042005333,0.00018091798608925694,9.190720723161215e-05,0.0002048628744392138,-6.230312718003394e-05,0.0003817562543528648,0.0001258055672303601,0.0002623843224719748,0.00015297965265548903,0.0009796958399080546,-0.0001433586905502171,-0.00020104681125868536,-0.00012000775176978845,0.00032362681660151415,-3.28057981919028e-05,-1.9234265325738084e-05,6.436237431126362e-05,0.0004448241764932481,0.00045881414455153436,0.0001499711655989851,0.0003828414018490217,-4.125789935337294e-06,7.303393889007417e-06,0.0002784165467369497,0.00033388288910616735,0.000138223797859433,0.00015308658777876954,0.00014760736600554565,0.00019389409079202931,0.0001415951349077266,2.548554608719657e-06,0.0005790932570558947,0.0008061098932970953,-4.102749670757982e-05,6.265895260250179e-05,0.0001148500534144111,0.0011320439083639514,9.020717966741839e-05,-0.006750389667908673,0.0001576617789494743,-0.0003269166195754434,0.0002454507747751835,0.00032188039307043967,0.0005834528207571143,0.00023664929813278337,-2.502768073456028e-05,0.00013408607319477988,0.0004263227759575941,0.0008699652498688601,0.00017948952794358296,0.00010234170612046192,-0.00022376785692746986,7.840952730713372e-05,0.000305393303453092,0.00014823726083813384,-0.00014417271859450706
BDL,-3.8020971532676186e-05,0.00017753272188353458,0.0003046298175298803,-0.00022464891959176605,0.00032781664113042396,-0.0004794554501496227,-0.00017949083626267416,0.005809557218187642,0.0006909597089351845,0.0012204368698800218,0.0004435547550312254,-0.0005729549453583546,-0.00016933471009160015,-0.0009030259854369571,-0.0013798589712860187,-0.0008370194462979624,-0.0023477892719948315,0.00017473051676691415,0.00036656419325331016,0.00039394449082666677,-4.377530935640683e-05,-0.00021839288176478692,-9.878038554892643e-05,0.0006275751483346987,-0.00021722965185171528,-0.0003085881542492026,-0.0003098508908034734,0.0012679925821945247,-2.7921733958448386e-06,-0.0003275509732363323,-0.0005919306239370592,-0.000585660563907103,0.0001173817861995378,0.0005844252052760803,-0.0002244630325741724,-0.00028405976331003635,0.0005155597710472962,-0.00031395730412988004,-0.002589381852320145,-0.00035707918698735556,-0.0002051583422836993,-0.0003767965822401141,-0.00047343862988790146,-0.0002947546551141432,3.1335828629577075e-05,-0.0010212793277467676,0.00019541428463414344,-0.00013341790433830169,-0.00024548227090393025,-0.0001714011953281206,-0.00021007943881981995,-0.0007374068532209821,-0.0012625052663873407,-0.007354089795888613,-0.002371146840316677,-0.002172452566721059,-0.0011488540548734616,0.0010854069254005825,-6.0530072951323244e-05,0.000426533218843664,0.00033697196577930796,-0.0005446223543831908,-0.000315698886063638,-3.4110114916842166e-06,0.0008810699486041555,0.0006188580744144322,-2.8660892517338627e-05,-0.00011403557536943988,0.0005413020322091426,0.0005121007240668984,-0.00015500190499463125,0.00012924135051265904,-0.000388562408012753,0.00043794724381654096,-0.0008370711156654011,0.00040120028563365117,-0.0014480960997361374,-0.00015838308739130657,-0.00024849874051892596,0.0005359716255444907,-0.001504016784692086,0.00018687814865864946,-0.022233292417836892,-0.001024624723279115,0.000805342472511351,8.202243814482864e-05,-0.00031101299824738747,-0.0014294434629553386,-5.687166174807111e-05,-0.00014444452343659453,0.0004943370422444355,0.001996129613273647,-0.0018616405700878145,5.944908648061354e-05,0.00016824046045134188,0.0012314319703490778,-6.835699589627115e-05,0.0006291506172300363,-0.001200747064774999,-0.0011183132168366427
CBMB,0.0001346730989441431,0.00014561180979067183,0.0006458948893843759,5.788485993009948e-06,0.00037433798387694484,-0.00032353444558160004,0.0003573039899235448,0.0006909597089351845,0.0017776888365207855,0.000813219820046986,0.0002156986921213842,0.0014618551391723856,0.0003747161858975505,9.59107978013862e-05,0.0004520960205030738,-0.0015060737942941592,-0.001245802298684275,0.0001706019126515185,0.00032793278100347377,0.0002597127575721554,8.603645763446383e-05,-0.00016168888196431687,7.145499967244642e-05,-0.0005860949971145989,0.00014917929463017883,9.125387919863942e-05,3.154621355079125e-05,0.0003015385202570374,-1.8003776890091453e-05,-0.00043950593072342175,-6.115509733622424e-05,-0.0003518675112590949,-0.00010726143883846715,0.0002707587679087746,-4.484542671931583e-05,0.00011803912087663708,0.0002707837971210528,0.00013338552109902458,-0.0001412768783410401,0.00012861666904365036,0.00017495424175733968,0.00021659983856367555,0.001227000076844322,5.4073126085740734e-05,0.001210874653426143,-0.0002670362251494486,0.0002058274297156637,0.00034639182455138305,-0.0005062191656517107,-0.00016525332009430628,8.925647656827498e-06,4.286284342777931e-05,0.00019555836687635758,0.00016515432827290873,-0.0010894513833350542,-0.0006364065150218858,0.001807171249725377,0.00099009821178754,-2.3530945225456262e-06,2.0836910858659658e-05,0.00019868705421677995,2.5940895895243448e-05,4.90803096296809e-05,-0.00017074961236577694,0.000243769617162812,-0.0006257243081624056,0.00018191046041229317,1.4496208137858163e-05,-0.00042293020099606595,0.00026444696250885424,-5.959977375703902e-05,0.00031890649047785206,-0.0002974783018227035,0.00030666433991259704,-0.00014220727030956796,0.0004726120858835785,-0.0005232376811091066,2.3128435790756217e-05,-5.0564842884693234e-05,0.0002808290885081233,0.0006910888986326809,7.154090174922847e-05,-0.009688740887009524,0.0003992766974764502,0.0004377819885019566,0.0007314945948873483,9.653734613439009e-05,0.00016745050732894928,0.00010251796220584424,0.0001506298849352704,0.00020474328647021966,0.0011119290490691806,0.0007597570388668219,4.731154023375439e-05,0.00015845936806077184,-0.00017660318927331778,-0.00012994313185725172,0.0005312338564781543,-0.0004073473563459212,-0.0003451270970271762
CELH,0.0001164775535399685,0.00014612829636126982,0.00031874433970198,-8.072384338774917e-05,0.00041604676621637674,0.001114587167551426,0.0003898896507011944,0.0012204368698800218,0.000813219820046986,0.0010734120133562076,0.0003272911293122333,0.0010669132032959776,0.0003680519491605271,0.0001555350303816144,-0.00040046336656681335,-0.00039955376012245963,-0.0007178943047165159,0.00016197612440270177,0.00019893712060925226,4.004783194815893e-05,0.0002235439700556135,-1.5427754624632516e-06,3.6148395548002426e-05,0.00036019428854881813,0.00011523022232129686,0.0003029609824443443,5.344638570975499e-05,0.00037375040424608984,0.00011290863486149885,-0.0007750573332339704,6.826167810579789e-05,0.00010458187004505664,-0.0004997428584282064,0.00021481606559116292,0.00013793277668797005,0.00011572657528230299,0.00020669793831597872,0.0003084880673173342,-0.0004924427304791324,4.3562073756274e-05,0.0002098689294935382,0.00017405831206635468,0.0011811885016902008,4.10224559036814e-05,0.0008612529011903015,0.00015402288097932887,0.00023412880895761217,0.00018039342782041383,-0.0004043540323227199,0.00014021678416814982,4.4611755656742444e-05,-8.57980968204148e-06,0.00032603299975880273,-0.0020007495996276093,-0.0008239634575969647,-0.00039504155667877155,-0.0006138699214605923,0.0006870084214041282,-4.515195510077038e-05,0.00010769865380947558,0.00016756714735668925,0.00013224421128456984,0.00033928180213696154,0.0002670284138170731,0.00021701251469927714,-0.0002386592284997339,-0.0001618803352036771,0.0004125970844139599,-5.26723783178075e-05,0.00021729632773726285,3.8082014046176256e-05,0.00016997575903901943,0.00023690781987731482,0.0002242425094212292,-0.0002296253897366306,0.0006157720429527446,0.00035753089541493285,-4.1963338375161595e-05,-6.221868810045694e-05,0.00022671538530308783,0.000544402631810833,5.320193812636712e-07,-0.009141799379486323,-0.00014260724866951255,0.00018024063341713802,-7.598111545757403e-06,0.0001964936131556923,3.985348823501529e-05,0.0001996229440117387,-0.0003514236349053847,0.00022630686686730698,0.000845835831593579,-1.1239816209723634e-05,0.00014053434888696976,6.347563471760443e-05,1.3142871232582569e-05,-2.493392584361702e-05,0.000618091272204112,-0.00027118113012628014,-0.00048803890150939783
CI,9.445776742129178e-05,5.5291996906582813e-05,0.0001632243358426215,0.000378014044425631,3.233564547529875e-05,0.0007684909619424188,0.0003725042906401663,0.0004435547550312254,0.0002156986921213842,0.0003272911293122333,0.00034005859785460443,0.000407703813004676,0.0005027710364310922,0.00018640728352272047,-0.0003415596167516197,6.327591638394277e-05,-0.0003530270807335632,0.00016911722299063953,0.0001384328831614085,0.00013860736484522628,0.0001324748240777046,0.0002196098261472367,7.734772967819134e-05,0.0005525645272676733,0.00013226744584498695,0.000304240251583148,9.708530883540362e-05,0.00020847240822258412,7.323653991693805e-05,0.0002717846029696133,0.00015060376296152737,0.0002705879416621907,-5.1104753331835684e-05,0.0001229940325331814,0.0001322418760441843,0.00024470658102197047,0.00011672887476068283,-8.28915751006993e-06,-0.000493724661831876,9.600434773785686e-05,0.0003844289816865644,6.354482027910269e-05,0.0006359574126918583,0.00012329489769086509,0.00010874523554705212,9.640882497566867e-06,6.627110498609252e-05,0.00012306236336856357,-7.402324232079968e-06,0.0003074335335297581,7.693236081098961e-05,0.00013209945293645218,-9.666542992071994e-05,0.00013434118501943614,-0.0002902311056342119,-0.0003986712947834935,-0.00026578902506036925,0.00029674124805794555,-3.1367090603773155e-05,2.5875728952773264e-05,7.143130227573461e-05,0.00030388955807385173,0.0003172723786900011,0.00010375164820248912,0.0004257260372685389,0.0001480213638880484,1.761579441234986e-05,0.00017387944119862965,0.0004050020590521474,0.0001522478853658401,0.0001134913171959495,0.00011120798388427923,9.962865750781118e-05,0.00014183449350771893,-7.502560470797878e-05,0.0004659066409334412,0.0004957075318870626,-5.42203315026224e-05,3.3068414165478805e-05,0.00013237090119451773,0.0006966157468198549,0.00010413854487136114,-0.007413625905397412,-3.39332505694932e-08,-0.00022873046518209728,0.00019918114598289677,0.00021312024367866093,0.00031125635613548426,0.00017126766063032297,1.4311443673179154e-06,0.00014753797632007214,0.0004883593162725296,0.00048813488537451707,0.00014736675782787257,9.910637209051534e-05,-2.211328338403928e-05,7.091722055061606e-05,0.0002480496027605966,2.3887071866040188e-05,-0.0001993722978724547
CIH,0.0002356886649150602,0.0001639192107253371,0.0005758026913129088,0.0002157757185553276,0.00044952214991710287,0.0014234791850791274,0.0007919347995227492,-0.0005729549453583546,0.0014618551391723856,0.0010669132032959776,0.000407703813004676,0.0021195463703750916,0.0008455427910688206,0.0006333747196248855,0.00022107541920276847,-0.0007534494944914757,-0.000543456640396586,0.00025138897218138147,0.00027289736573183796,8.624447271966242e-05,0.0003293115713405171,0.00011738079045698636,0.00014674066521719003,7.705853468319951e-05,0.000330831192140764,0.0005952876758800212,0.00023409817818999116,0.00010487268578383412,0.00013148956410893864,-0.0006436551923877138,0.00033799608117290615,0.0002857867862685803,-0.0005726310668621545,0.00016634454321920293,0.00025698226344977285,0.00040051645965604387,0.0001823896029670861,0.00045934799668573875,0.0002293775564102779,0.00029141450846807205,0.0005560085249438333,0.00044264904518839397,0.0021857823874743233,0.00024216833581465545,0.001420117009140196,0.00040358512532133337,0.0002715602598769611,0.0004504500872236088,-0.0005236451532296929,0.00027032483505452424,0.00016581188514138876,0.0003676813711001669,0.0008258379525598886,0.0012022216389663322,-0.0005182369554194897,-4.191589511916494e-05,0.0006577896216106844,0.0008458025852423495,-3.465219026906098e-05,-4.4327668874516115e-05,0.00015653695871517735,0.0005009055013164437,0.0006162838314838796,0.00020926293015600473,0.00019918991009386448,-0.0006872193655230143,-3.3585252027157686e-05,0.0005114886209644297,-0.00025479153115281415,0.00020867609667437226,0.00012366469899339718,0.00031980191178104567,0.000265510368666191,0.0002591357836538379,7.319743836663138e-06,0.0008764290714357651,0.0008773993653569402,6.705731908668639e-06,3.236383265861911e-05,0.00020563951415842292,0.0017781820687996245,1.8733489048902583e-05,-0.008324697715523952,0.00046739711225544836,-5.097480079607482e-05,0.00043150689692419796,0.0004558328829509066,0.0008343597072750659,0.00034156450750369617,-0.00018252494602014041,0.0001912924007076318,0.0007977438022139943,0.0013442057947324853,0.00020370239647666437,0.0001229996525366482,-0.0005633791956209106,-2.3616538391216618e-05,0.000705483519101911,2.9973501915379124e-05,-0.00028185419411812696
CMA,0.0001702117691904217,6.985397262078283e-05,0.000269195301143055,0.0006778050501471431,1.171962133709974e-05,0.0012603473725594666,0.0006635598318925689,-0.00016933471009160015,0.0003747161858975505,0.0003680519491605271,0.0005027710364310922,0.0008455427910688206,0.0008846678734247644,0.0004526620640556202,-0.0002896147294692735,0.00011603825594378288,-0.00030370950498599534,0.00026341403236908534,0.00019488614139618468,0.00019520332372409565,0.00022299138448755163,0.0003880628900406109,0.00015013766275458017,0.0007513005623824983,0.00026319096280508886,0.0005484394301968833,0.00021098641419577154,0.00015855024360676955,0.00011426018633870245,0.000518976366358903,0.00033473988113764404,0.0005048689860153766,-8.033696975409079e-05,0.00012840888711789547,0.0002436572087211672,0.00045988687285257966,0.00012908744482870654,2.6493951597940114e-05,-0.00041044835498527273,0.00022669388758690565,0.0006821483444222944,0.000174696150471708,0.0011837333404645383,0.0002558719521523072,0.00023778874352244322,0.00013765824325885588,8.541926614729248e-05,0.00024955780382850676,3.7763255417894813e-06,0.0005186111569463337,0.00015996272399025234,0.00034161928163605653,2.947910045456278e-05,0.0015201486831120936,-0.000171629701729968,-0.0003702353043154937,-5.0020514011869586e-05,0.00038152868804023634,-4.0581697141835074e-05,-2.788557188054362e-05,7.606897316993188e-05,0.0005897911200825265,0.0005648514597368607,0.00014013955753377957,0.0005896665580119432,0.00010852732678804092,6.314411668056714e-05,0.00028356905066143556,0.0005605656405638405,0.00018811061232092109,0.00020674466838663502,0.00018690616513023916,0.0001825138994482956,0.0001857220809163842,5.195025468546563e-06,0.0007266706290736481,0.0009835046620293468,-6.163928706781122e-05,9.354772365982713e-05,0.00015188223087573912,0.0014369523096221318,0.00015347425388468271,-0.009365155744020423,0.00020774707304739546,-0.0004796088899557864,0.0003951858158054008,0.0004031655949123945,0.0007595762790580519,0.00029364491840675486,6.382548237776804e-05,0.0001764461299459634,0.0005642336663191894,0.0011862082218139208,0.00023401108833657043,0.00015207345439802183,-0.0002463160988223839,0.00011903492706391329,0.00032990924463995367,0.0002050328898707209,-0.00016280615681236926
CSA,9.650702753754415e-05,2.3359667638417778e-05,8.254825662614206e-05,0.00027986099206475765,3.331348432760547e-05,0.0009504433559639031,0.00037790321744473357,-0.0009030259854369571,9.59107978013862e-05,0.0001555350303816144,0.00018640728352272047,0.0006333747196248855,0.0004526620640556202,0.0003917597574122877,-1.9782612818117183e-06,0.00022395356461925593,0.0002403434247390096,0.00010095287756531986,3.374453663006316e-05,-1.4080758804208328e-05,0.0001551563562144474,0.00020660235419343444,8.190444636377014e-05,0.0003281580843567423,0.00016603016809845416,0.0003565847778627884,0.00015597869317739903,-0.00010262159389089393,8.072886862945245e-05,6.659283272734063e-05,0.0002723076564156532,0.000373913640098625,-0.00019758996144538893,-2.489171265228965e-05,0.00018444992430097012,0.00025786795596997663,-1.3495411432297508e-05,0.00015479726525751767,0.00021632639040036137,0.0001595580560705416,0.00035144348661393535,0.00017550230698337008,0.0008000076388465562,0.000164409631657772,0.00023973394882906252,0.0003263631004227671,4.733469186502804e-05,0.00014634472933016033,-2.8136741734081304e-05,0.0002912821738060218,0.00011595228434845679,0.0002707813174240937,0.0003433810757956801,0.0014115711703105152,0.0002491156461953759,0.00022391828260877268,-0.00014346694856600534,5.301360568918392e-05,-1.7256653207126778e-05,-6.399382355731888e-05,-4.024831995966805e-06,0.00037277227986705754,0.00037924872448047995,0.00015185106204483725,9.692217602603199e-05,-9.728018032394148e-05,-3.610692848166728e-05,0.00025676683747491896,0.00013058133078185216,1.3709907304428034e-05,0.00012724094306613217,6.957200483579828e-05,0.0002465804969542305,2.577513525972807e-05,0.00011010084872507421,0.000346084335237953,0.0008216541977470264,-7.320616290856216e-06,7.06478731709654e-05,-3.5405857763448632e-06,0.0009545895467252898,1.5743396700711493e-05,-0.0011285079803365111,0.0002028209533143111,-0.0003281379480635984,6.728765839277387e-05,0.00026808494326362056,0.0005720290444153998,0.00017609842649847363,-6.820079214689748e-05,2.0898401939124052e-05,-1.9252204177604414e-05,0.0007524080510643691,0.00011703014606585735,3.0325100918850816e-05,-0.00031838585082791834,6.341156936711608e-05,0.0001438024778527336,0.0002701497158391769,4.0282051459483543e-05
CSSE,-3.3928877694941795e-05,-4.403393631550639e-05,7.961377020566934e-05,-0.00022392937939258282,-2.190816563848453e-05,-0.0011593720751504166,-0.00020480505489865,-0.0013798589712860187,0.0004520960205030738,-0.00040046336656681335,-0.0003415596167516197,0.00022107541920276847,-0.0002896147294692735,-1.9782612818117183e-06,0.0009238857775658088,-0.0006495222703556114,0.00020772726384962157,-0.00012427585741141677,-5.2860616430326534e-05,-3.4981373209034446e-05,-0.00013431509471599056,-0.00023190074256294966,-1.6199609051069847e-05,-0.0010290931843884997,-2.4893774766560437e-05,-0.00025382723340904413,-2.7504490088214185e-05,-0.00034168599245894927,-0.00011258351124544296,-0.0001127985102791355,-8.404189323936576e-05,-0.00036672689533709125,0.000155487690268926,-0.00011704029884714856,-0.00014823201123475695,-0.00012080716535674057,-9.752514337259572e-05,1.5097554510273529e-05,0.0009259992842043895,4.2860845238971296e-05,-0.00024694984663016544,7.209491256440088e-05,-0.00015964253509311653,-3.220226680676456e-05,0.0002882049747368832,-5.932451866682558e-05,-5.4718326255387005e-05,6.00283483480675e-05,-9.44038377002056e-05,-0.00036700778876962023,-3.8110975534410007e-05,4.694588243351876e-05,0.00027092695598915004,0.0020012221323105848,0.00029757704684439836,0.0004491395140513034,0.001718019941610678,-9.532734453322929e-05,5.1133907186982314e-05,-0.00012105193467710975,-5.991137724104893e-05,-0.0001856545685385487,-0.00030242435866189145,-0.0002886238829855589,-0.0004203786575555459,-0.0004959040653293929,0.0001635658837060119,-0.00027294260068757675,-0.0006378616275004228,-0.00013280146835274197,-0.00011407960376434015,1.3777073412732477e-05,-0.00028534619823805614,-9.002511571082268e-05,0.00020351641354766754,-0.0003949759029991364,-0.0006036319334212418,9.910579447802245e-05,9.672050684570066e-06,-0.00011513664119771892,-0.0001032303530292338,-7.012575666542157e-05,0.007347175644327014,0.00046345798050814686,0.00023560730456632814,0.0002688052179579467,-0.00013648952036268063,7.549671815525653e-05,-0.00014326287788715296,0.00025207049563985014,-0.00016530759076035853,-0.0003864412275580504,0.0003810265002200708,-0.00015308769351440898,-3.6368218532167054e-05,-0.00029615430199327335,-0.00011181412354819913,-0.00022770431774771834,4.456096184141613e-05,0.0003293301303406379
CUK,-2.616619900186173e-05,-8.546359084726009e-05,-0.0004890398255085848,0.0002520328916923814,-0.0002584618772795776,0.00136543715992293,5.6396309578015926e-05,-0.0008370194462979624,-0.0015060737942941592,-0.00039955376012245963,6.327591638394277e-05,-0.0007534494944914757,0.00011603825594378288,0.00022395356461925593,-0.0006495222703556114,0.0015932762957476456,0.001146319193910578,-2.8200117067385118e-05,-0.00022871091788995325,-0.00022319185981273417,9.306463353689822e-05,0.00035048974920895627,6.52037927797427e-06,0.0010316921391025015,1.1062133006784253e-05,0.00027497893050847295,0.00010066711302894267,-0.00022342116474957316,0.00011273081890216289,0.0003921652003460294,0.0002828307131971752,0.0006816857039949,-0.0001347458607666624,-0.00020632803439955946,0.0002243257179607709,0.00013001641396430811,-0.0002032222537261529,2.2796097054460287e-05,1.8592167754052133e-05,1.5783330849503726e-06,0.00018932614727193206,-5.868254550473443e-05,-0.00032391097552114564,8.760748264939565e-05,-0.0008647585554273102,0.0005024471318131399,-0.00010960096407871528,-0.00018924393269414497,0.00040547406967704556,0.00046156947030269766,9.207578849114082e-05,0.00015362571487729536,4.9779194107451086e-05,0.00026204597153259854,0.0009871100096599536,0.0005758720372339278,-0.0021368815711867188,-0.0007354533149098684,-2.705256533840504e-05,-2.759326740789538e-05,-0.00014620243712105114,0.00031274715026581194,0.0003432117394593801,0.0003535468352555603,-1.8135900334323657e-05,0.0005681030332868811,-0.0002374324654430029,0.00028038666445319866,0.0006134005822028658,-0.00016794283696923272,0.00017760872556997438,-0.00021264577057317208,0.0005306980107375177,-0.00020517611698668602,0.00013683983756388536,-2.1222568361810572e-06,0.0012436261482526472,-5.298807854192874e-05,8.905339779685836e-05,-0.00019850904445027206,0.00018805939971642822,-3.301653574641827e-05,0.004984266725689913,-0.00031741462664382333,-0.0006660634083607567,-0.0006475953964376407,0.0001668113940062636,0.00026865723114655844,9.466523028535336e-05,-0.00027173251437759104,-0.00010233017067485891,-0.0008110624030990514,-0.00018648918722557158,9.558305575814864e-05,-0.00010012869730753252,-1.293936220084313e-05,0.00018478750015012865,-0.0002445766226981477,0.0005208677265204063,0.00020783952447678392
DENN,-7.818697561185893e-05,-0.00013203753173437577,-0.0005081200622935294,-0.00016029072585848258,-0.00021390566277193786,0.0004880616862424983,-0.00020766054224558204,-0.0023477892719948315,-0.001245802298684275,-0.0007178943047165159,-0.0003530270807335632,-0.000543456640396586,-0.00030370950498599534,0.0002403434247390096,0.00020772726384962157,0.001146319193910578,0.0016134351881755926,-0.00020274365140207016,-0.0003507042930415851,-0.0003848044652160537,-1.4852100552909897e-05,7.472186147018339e-05,-3.825619162097144e-05,3.4921244457421794e-05,-4.2164835444267164e-05,2.3413505740259202e-05,6.555465337418024e-05,-0.0006293684956675779,2.453797852788769e-05,-6.597078237872175e-05,0.00021325301014322908,0.0003642685127640813,-0.00016558244300879707,-0.0003770936573445644,0.00010548589491198947,-5.604155411164481e-05,-0.0003515829310982953,0.0001674761851390913,0.001113649109287673,1.1969289139041275e-05,-0.00015844125057040568,3.4203213171874613e-05,-0.0004897311776428401,2.4534932882201425e-05,-0.0005259059825070724,0.0006315220603939413,-0.0001470855990220341,-0.0001763675617336785,0.0002664521316548622,7.563222007583349e-05,5.0851055978387925e-05,0.00017105260438573765,0.0005349597771857602,0.0016697363240160991,0.0014321651765485054,0.001293743535978969,-0.0009564283970959417,-0.0009467067947213465,2.1022088279183496e-05,-0.00013989418921498998,-0.00022770479792855216,8.088545323769344e-05,6.458955747013731e-05,0.00018338241362087252,-0.0006319551391301191,1.613252247944621e-05,-0.00019761828152706673,0.0001234156820140771,-0.00015125043540378813,-0.0003603303134618759,5.515570307860126e-05,-0.0002538575409296718,0.0004043187219023087,-0.0003531599336007183,0.0003498320554440082,-0.0004544429682263938,0.0007977659949529764,5.37262621076437e-05,8.241823777272812e-05,-0.0003656887791931568,-4.961073168112059e-05,-0.0001756658509639699,0.014964104686130329,4.238533731858805e-05,-0.00040126302291913904,-0.0006497883404578946,2.220899584220678e-05,0.0002684623994673593,-5.306527224515305e-05,-0.00020867253530164242,-0.00030563343249562545,-0.0014046427610069929,-9.958887826049922e-05,-7.180617474900302e-05,-0.00019815979316251494,-0.00032046315089840445,6.636662702336847e-05,-0.00046175400356983023,0.0005980822642025427,0.0005475275325891151
