,AKU,ALAC,AXU,BHE,BHF,BICK,BLCN,BVN,BYLD,CDK,CORT,CULP,CWB,DOOO,DZZ,EBIZ,EWC,EWI,EWW,FAD,FC,FI,FLGV,FMNB,FPXI,FREL,FTGC,FXN,GRVY,GSK,HE,HEWW,HFWA,HNP,HUT,IAK,IDE,IUSG,IVC,IVLU,JPT,KIM,KTH,KWT,LGH,MVT,NOK,NURO,NUW,NWHM,OLB,OMCL,ONEV,PACK,PETQ,RTM,RVSB,SHOO,SHY,SKLZ,SMN,SNFCA,SOXX,STAG,TDA,TDSE,TFX,TITN,TKR,TTP,UCBIO,UCL,ULST,VIST,VTC,VVNT,WGO,WHD,WOW,XMLV,ZTO,BME,BPMP,BRKS,CGC,CSII,FLMI,GCBC,HSTO,ISDR,KULR,NQP,NYC,PAR,STAR,WBIG,CWBR,LORL,NFG,ASG
AKU,0.00011718924133590996,2.1540517178572416e-05,0.0003260494519292951,0.00043425956523814377,0.00020101649393228623,7.516031136254762e-05,8.293886260579018e-05,0.0003589525801298966,1.631416756623729e-05,0.00014337021010724614,4.145112197558893e-05,2.031148080702221e-05,7.045914942711942e-05,7.464518699979579e-05,-0.00029949100408765684,2.691662130190216e-05,0.00010708335836504533,0.00013645302989796039,0.00020842399116955166,4.197054434467263e-05,0.0002124845493128654,0.0006416908268412583,-3.892841663210765e-06,0.00036457648447470534,3.291493309215361e-05,0.0001877870090801517,0.00013498242785864458,0.00017076993121659857,1.7474911010094513e-05,9.4990275103978e-05,6.202433793914116e-05,9.381410049608593e-05,0.00032982025646524844,-6.37960748961594e-05,0.00027601563906574987,0.00012729805120452367,8.102638140192067e-05,7.764402411875154e-05,6.302632135129596e-05,9.408530147713008e-05,-1.6642352763555327e-05,0.0003505111772112926,0.00017662150171874813,-2.7775304289277695e-05,0.00013546369260052568,4.073908148082255e-05,6.181955249566127e-05,0.00042424258295181147,8.65735085882949e-05,-0.0004899908755874918,4.73555535898103e-05,0.00024940786683293436,0.0001305186101516056,0.0005066479447183776,0.0003070870457574346,0.00022968825770665184,0.0001403467836103181,0.0001223359307257101,6.855993074076442e-08,0.00025742642255033315,-0.0004567061544495891,-9.266592827576295e-05,7.710950356580438e-05,0.00017745741782810605,1.5142507579448006e-05,9.716693364922054e-05,0.0001347749977760568,0.00028815343912954824,0.00017409132692247918,5.074987889467715e-05,-4.686069088062999e-05,5.540161883763561e-05,9.092658388252282e-06,0.00046366432599476257,1.4649295675040921e-06,9.145915254157245e-05,4.4221894559191055e-05,0.00031044119414588346,0.0002523143714456982,0.00011973703262544236,0.00023080965988005016,0.0001445861968671119,-1.9639329280378232e-05,2.6905289103719423e-05,0.00011404826158971235,0.0001428383782290663,-1.3953011768311642e-06,-5.535827156767534e-05,0.00023047898103643674,0.0002873771431885458,-0.0004884205924707372,7.31988514849983e-06,0.00016283724534124806,0.00016684834910350016,0.00010950630722597868,6.900272110095743e-05,0.0001463358761780942,0.00036946355317723866,0.00016188893440970622,5.7537689667538925e-06
ALAC,2.1540517178572416e-05,6.95328591961511e-06,4.1986923797635794e-05,9.461090032152472e-05,6.86285738739281e-05,2.2565144346765618e-05,1.3765808806168634e-05,5.105538924167866e-05,3.250013408836318e-06,3.410318811559952e-05,-7.168939972469267e-06,5.3256511574348265e-05,6.550951562866338e-06,3.264546570122481e-05,-5.4799886609305465e-05,5.574214656066859e-06,2.2321992239467502e-05,3.0158987898179936e-05,2.029206637471602e-05,5.710518321378598e-06,4.613698070237181e-05,0.00010979870635189652,-1.8478927457672437e-06,7.453770373736356e-05,1.80082424041587e-05,4.200833044987444e-05,3.200397911825115e-05,2.3306796564206004e-05,1.5065191749250254e-05,3.1320704287044007e-05,1.709957761686788e-05,2.6881703840875287e-05,6.877018665073475e-05,-4.0285054539629775e-05,4.139362228534541e-05,2.216034661832676e-05,1.6347042887194204e-05,1.2164242015428515e-05,-1.295158923363848e-05,3.121375223317402e-05,5.141558167949395e-07,6.265215601383481e-05,5.0245285052113584e-05,-2.2516940333448805e-05,2.4664115404560385e-05,9.010731567224198e-06,2.2667450870458554e-05,8.12817940765072e-05,1.7856156425042346e-05,-0.00015641136832494882,1.5199443157863793e-05,4.7669487544896863e-05,2.8879483825064623e-05,0.00013745892334239093,6.743316870273892e-05,5.408953981966108e-05,1.7288561797187697e-05,3.495074893715144e-05,2.1548903151867415e-07,1.7208943326414397e-05,-0.00012483223880729774,-3.6136563730996956e-05,7.511000008484768e-06,4.173521924593604e-05,1.105974181550426e-07,1.9153586687182744e-05,4.976838410747326e-05,7.090762190169325e-05,4.383836151713521e-05,7.040004023394108e-06,6.79270142259449e-06,6.40238965404899e-06,2.9880408302267047e-06,8.985250316852119e-05,4.011656401299764e-07,1.9558411007148425e-05,4.148390328665765e-05,5.325495423713594e-05,7.702807583204974e-05,2.8833432699957956e-05,9.171607834771861e-05,4.077321101299661e-05,1.4084660257509576e-05,6.209833867890435e-06,1.916793546294059e-05,6.325664376493481e-05,-4.553127857214515e-07,-1.826163652502161e-05,5.225304054822003e-05,0.00011837797800330097,-0.0001380532462691313,-1.7283203679907436e-06,3.2629434746851226e-05,4.233082345463897e-05,3.2121288996903814e-05,2.4196488201089527e-05,4.144362014802514e-05,7.754959393885274e-05,3.300642406284513e-05,-1.312376102767397e-06
AXU,0.0003260494519292951,4.1986923797635794e-05,0.0020125598565825915,0.0013666306547445233,0.0004498667610512661,2.965480531394099e-05,0.0006183162557030188,0.0018560309872992177,7.832604514162299e-05,0.00043844520527686065,7.055805593005351e-05,0.00013278850024749507,0.00023819726942646323,0.00027227030158829955,-0.0012958975985120497,0.00018179884462325946,0.0005435409695254347,0.0005988631865961462,0.0009492334341185883,0.00019982832025661367,0.000733221699494139,0.002485031013645216,2.0145896730783674e-06,0.0011415294062415962,2.5183040072257408e-05,0.0006503440526021083,0.0004839928409766229,0.0007598036488782556,-0.0007490812192714922,2.9836567992699373e-05,0.0002465431814629653,0.0003977591260780801,0.0010847770789442943,0.00017367682775249995,2.2717193648523614e-05,0.00043806275521761785,0.00031168312765245907,0.00038011925792775744,-0.0004984197511444849,0.00031302541818798677,-0.00020580173867203462,0.0009679399909627547,0.0001597635334214028,8.351105176661398e-05,0.0005588450478103694,5.0387430357072235e-05,0.00041813157742205713,0.00014885107445484705,0.000510983238312503,-0.0013039175088894153,-0.000804846932739739,0.00038622567164851965,0.00044885885842045435,0.0008097936351463258,0.00033932463457220734,0.0007048509855670604,0.00027007611186824986,0.0005932054732152448,-3.2436527967555553e-07,0.000629472989430342,-0.0017488174425339524,-0.00024590284115486277,0.0004156394846117819,0.0007507372268714693,-7.779912480495762e-05,0.0004280468102995375,0.00025297904249009664,0.0013855633598395672,0.0007627280639721942,0.00016686249466457687,-0.000365138566760788,-2.809447057907547e-05,2.5089921876774306e-05,0.0013782491428249452,3.2962326254333866e-05,4.5685717717873896e-05,0.0004314868537118416,0.0012834203255917816,0.0009925634630248176,0.0004038078928517762,0.000820878116825874,0.00011297570492531501,-0.00010552368965873295,0.0001171297713094843,0.000994430000917156,0.00014951983181034147,6.493573300291212e-06,0.00019387764777804267,0.0010819505636161194,0.001136107824982539,-0.0005228642289693491,4.5717326933723234e-05,0.00048659947490474714,0.0007550757917124818,0.00023500864294177652,0.00018740254094698125,-0.0009789586772957879,0.001030162259571459,0.00049150948271707,0.00014922357697794543
BHE,0.00043425956523814377,9.461090032152472e-05,0.0013666306547445233,0.0017441597140389446,0.0009139694287992471,0.0002792586606529361,0.0003840511420593448,0.001429993796627336,6.989520954645933e-05,0.0005771335810101516,3.024999775257128e-05,0.00043201361965059003,0.0002198349627607346,0.0004171164027251905,-0.0012189118186611103,0.00011635816706725378,0.00046701405056050383,0.0005938439343940987,0.0007460695086513032,0.0001487449229018149,0.0008618805243248026,0.002466431625769259,-1.8363094874732077e-05,0.001429176662368791,0.00017866059506950818,0.0007631851230670732,0.0005705300796635833,0.0006427507970528131,-4.839878783130149e-05,0.0003790795020280485,0.0002768211462576034,0.0004394136257687605,0.001314645243617886,-0.000324757339359072,0.0007925030348734376,0.000478109064844183,0.00032548043503174864,0.0003015655769046995,-0.00010840936163373127,0.0004497700747578087,-8.03234047239516e-05,0.0012718519695205028,0.0006808075401685801,-0.00017748467928312066,0.000529912241682491,0.00014107652289556397,0.0003581419831277803,0.001303952961343822,0.00040213061757971756,-0.002234168672955319,-3.80721820791135e-05,0.0008646037143268271,0.0005283247612806574,0.002002706156584639,0.0010917119711643705,0.0009343568896079708,0.0004484234664365429,0.0005997648727834425,1.3515553922958672e-06,0.0007246876711227812,-0.0020543921281654795,-0.0004748880699981977,0.00028296321722421226,0.000762049163641229,9.424271176884438e-06,0.0004004876738782165,0.0006226271702542059,0.0013309540893902216,0.0007844394743300458,0.00016815755335049568,-0.0001322449512215927,0.00015237484647779824,4.2195652060541424e-05,0.0017920048236360427,1.1467688172236743e-05,0.00028625376680536377,0.0004288670763207561,0.001202565652047694,0.0011817481643538858,0.0004980985827461287,0.0012124931986326377,0.0005413897155067667,1.4882803657067216e-05,0.0001049727496657434,0.0005505285244671133,0.0007023983358015557,-3.8051789760489725e-06,-0.00018703164435596807,0.0010180654754209646,0.0015236037948219944,-0.001962236418295158,1.2595911959542408e-05,0.0006334608999456145,0.0007434759333844841,0.00044813215596071793,0.00032190362845106594,0.0002511595832621188,0.0014197913918253097,0.0006278386554666013,3.5444697881325254e-05
BHF,0.00020101649393228623,6.86285738739281e-05,0.0004498667610512661,0.0009139694287992471,0.0007604897715352819,0.0003224858540308416,0.0002553414364135841,0.0006865185085199728,3.672497084420142e-05,0.00047318908612821225,7.796515248806493e-05,0.00039003163149235905,0.00016014577815093647,0.0003129378329078317,-0.0005868730809894292,0.0002016281674114845,0.0003088741135279875,0.0002947397313445122,0.00020778979920313748,0.00020238573961425284,0.0005163269103563314,0.0013926278087925293,-1.974318143680135e-05,0.0007353787136507775,0.00022059898548645857,0.0005409622098459965,0.0003472650657115828,0.000313351899864594,1.4128962688284542e-05,0.0003368124883770586,0.00025546519471253914,0.000318840988421542,0.0006819994772825605,-0.0004793346823740235,0.00016685676098764733,0.0002761811007603584,0.00021710355057941286,0.00025658557039603643,-4.1041096544467423e-05,0.000329464239398579,1.9467092697079323e-05,0.0007201922354566598,0.0005313707252306109,-0.00020193208941722375,0.0004016896150319475,0.00012277305468233875,0.0002962740035202151,0.001023364317988601,0.00017199454388962504,-0.001499800332144691,0.00031331817578110797,0.00037440886821868814,0.00036509863107393097,0.0014222461630558935,0.0004989132808889139,0.000624662424321298,7.6849190182569e-06,0.0003301740452512792,3.1099463751998247e-06,0.0002460583129346584,-0.0014659657320374678,-0.00025108624887936517,0.0001732131340802318,0.0006047826626224207,-1.5020454767321764e-05,0.0002635535994846047,0.0005700791029771528,0.00070606064817549,0.0005089691756534793,0.00018028978068483,6.550723972813968e-05,-0.00012765224471323385,2.9193637543354013e-05,0.0006291011882932648,2.605703684000198e-05,0.0003581086557620755,0.0007282372643539458,0.0007990684418778258,0.001017773049539362,0.0003565396269304014,0.0009928390657316711,0.0005225263281960495,0.00029316312914136024,0.0001977739382008906,0.0005146513305113796,0.0006669354638599924,-4.500360164034626e-06,5.747709517190268e-06,0.0006273665478824865,0.001706565545620608,-0.0008086093418708412,-8.725162866559071e-06,0.0002674526766253015,0.0006577490785603507,0.0004908076365065359,0.00031209730979234564,0.0007171519031362183,0.000859208281035016,0.00034831788575071074,3.102188730853004e-05
BICK,7.516031136254762e-05,2.2565144346765618e-05,2.965480531394099e-05,0.0002792586606529361,0.0003224858540308416,0.00025714366948957883,0.0001482814002841916,0.00033960739901757274,1.1781511713997779e-05,0.0003115972437328223,0.0002620751251392126,-0.00018876494481122414,0.00018640942986098742,3.5863197650486966e-05,-0.00019069305714536705,0.0002153305034673238,0.00015765160736905606,5.076552942181513e-05,7.760442208233075e-05,0.00023131095690761644,0.00022678048699113345,0.000794508076661965,-8.941259498477702e-06,0.0002586881606652236,0.00011128237506390293,0.0003092343539456855,0.00012949044470541147,0.00018647512008576703,1.4057112416372561e-05,0.0001799570315611773,0.00016301779656025542,0.00012409461453203967,0.00022685954949438133,-0.0002709129235063673,3.650099476888412e-05,0.00016565020573202773,0.00012693140171803177,0.00022503775097300175,0.0003387842536094593,9.880259755623124e-05,4.9425647094747315e-05,0.00043113464027260036,0.00028171099194065365,-3.770068324644478e-05,0.0002996276863862705,9.925315541872838e-05,0.00010084533748965623,0.0009251070525124984,-4.407568910384473e-06,-0.00035986810295400573,0.0005180250395285157,0.00012971007723577743,0.00020394196351984704,0.0006639581310257652,0.000124065222429578,0.0003059248998794065,-0.0001072713706479762,1.6114453830204437e-05,1.7338622896534969e-06,0.00032854276925018647,-0.0006084419176302738,7.560774213735813e-05,0.00015746936276310355,0.0003695707337242317,1.6572453554735097e-05,0.00015005360635061428,0.0002644455457233264,9.840437236039977e-05,0.00018734722254845436,0.0001994612139867106,2.4613036013307465e-05,-0.00019922337766600925,7.265525975208584e-06,-4.141379845193661e-05,2.7246876698943005e-05,0.0003732894274384443,0.0004496678485826274,0.0005506480344459998,0.0005253934700187022,0.00018768563169477563,0.0002875564081497481,0.0003718270069600904,0.00023530203132166516,0.00021639105472173327,0.0004104599472326283,0.0002519381477278853,-3.7627507000125485e-06,0.00014647543662222435,0.0002439774806551282,0.0009763022531311962,0.00022163038138261516,1.0892593040471997e-05,3.920705727060253e-05,0.00042449097034335755,0.00036942345879926303,0.0001700012362693736,0.0009285446051852004,0.00043584067604101706,0.0001527569611940627,3.668779766350901e-05
BLCN,8.293886260579018e-05,1.3765808806168634e-05,0.0006183162557030188,0.0003840511420593448,0.0002553414364135841,0.0001482814002841916,0.00033347044157674104,0.0007742143873477292,2.8879000079503948e-05,0.0003138641397205097,0.00021708760525675775,-0.00013250945707198072,0.00019609151756813534,7.160726390038046e-05,-0.0004383318472790257,0.00024642560339710587,0.0002748161572836838,0.00017131637992594373,0.0002819559339853261,0.00025126272339998594,0.00029925638982648237,0.0011374397617170747,-1.983429442954348e-06,0.0003415871397693025,6.873783006016159e-05,0.00036153916207619954,0.000185854632010501,0.00032984629912481906,-0.0003789897698299613,5.524805059179169e-05,0.0001883683636927807,0.00018888073284682093,0.0003281402207617793,-7.186705576952582e-05,-0.0002941059972494263,0.00020567947246240457,0.00016576946677072818,0.0002906468044010702,-2.03041389994846e-05,0.0001239988533747816,-3.76244593749839e-05,0.00042688074651208336,0.00010833256127531504,4.407165797716188e-05,0.00037322881412213047,6.223139398585775e-05,0.00021742415409159083,0.0003689826459190394,0.00014097898021374615,-0.0003494809008886823,2.528145796870711e-06,-1.7700270134580852e-06,0.00024007162344714283,0.0003572384624711846,-0.00010175470359378352,0.0003334611320469632,-0.00013299857987323748,0.00015433146244262319,1.2614957435356543e-06,0.0002876129854596258,-0.0008318331005810803,6.191150157542132e-05,0.00024969532110305514,0.0004766599768817295,-4.188032725269407e-05,0.00022363592946389888,0.00018937814392190995,0.00041257483073703615,0.000325465704441274,0.00019619138939749997,-0.00010231987219352329,-0.0002572105977220987,7.43260962245535e-06,7.185592588532922e-05,3.84549094812747e-05,0.00023946607117292137,0.0005507685811471322,0.0007369996917166012,0.0006386117230309571,0.0002165447827186149,0.00036821876523622683,0.00020463987014705606,0.00017770087790342252,0.00021548559023266836,0.0007118115952430732,0.00011603665860289772,1.6092724827083035e-06,0.0002936316178181241,0.00046353937529007534,0.0010598842999362888,0.0005438876743943659,2.3510398012967325e-05,7.381637738663362e-05,0.0005399780171939562,0.0003058668694835814,0.00015614698175395484,0.00015685034550555048,0.00043694619911979646,0.000177575187194261,9.903028811676564e-05
BVN,0.0003589525801298966,5.105538924167866e-05,0.0018560309872992177,0.001429993796627336,0.0006865185085199728,0.00033960739901757274,0.0007742143873477292,0.002140838313952257,8.26729062575298e-05,0.0007785500618243783,0.0004905373489077296,-0.0003459953717660139,0.0004912128382646702,0.00020431707457754512,-0.0013604998358021263,0.00047990632794260845,0.000687791980059696,0.0005550510464592436,0.0009741184811826998,0.0005220929789721501,0.0008974186387833887,0.003241266486550473,-5.1624030694085315e-06,0.001248972973794542,0.0001290995906773075,0.0009540949675330073,0.0005559909445463954,0.0009410774686011819,-0.0007511441339573149,0.00019424593608276293,0.000425271674720108,0.00047975507495769294,0.0011643356123725989,-9.992540563869416e-05,-4.7313836937046684e-05,0.0006009419904630777,0.0004381958462642291,0.0006658464404201607,8.199741786781925e-05,0.0003448243839466031,-0.0001269357598581533,0.001382487838265729,0.00041086617942988866,0.0001024038570031669,0.0009095884916809119,0.00016848453753664732,0.0004767044929103611,0.0012761865383557223,0.0004277051587110598,-0.001272647122808038,-4.6610828595378064e-05,0.0004164661192798574,0.0006447717988368095,0.0013241075231193327,0.00029693531157434533,0.000961741584497066,4.91029662774329e-05,0.0004790366557093942,1.5169350425810736e-06,0.0010590245297013349,-0.0021836840176931386,-8.83752011556479e-07,0.000615382764752279,0.0011410308353338775,-4.886151119456803e-05,0.0005759944921187825,0.00047233998226512124,0.0012489909116762397,0.0008713578155959919,0.00043867962006646934,-0.00034265700121259384,-0.000343740187061684,2.5046484081276756e-05,0.0009801493036291488,7.120772466265676e-05,0.0005415590969239396,0.000943079974358533,0.00189493890590923,0.0014864720259831065,0.0005762895276794084,0.0009098561484802449,0.0005323109614655511,0.00019885066240824247,0.00041709004733040387,0.0015120162186976224,0.0003062555754106588,2.108404023343815e-06,0.0004666880566521344,0.0012377231491117427,0.0021544974069249976,0.0002834313092771876,6.716472226724159e-05,0.00042342142953303235,0.001224426888714569,0.0006739003069461582,0.00035396293569176803,0.00031623560074627065,0.0013972661022805682,0.0005969795459426033,0.00020361354494149048
BYLD,1.631416756623729e-05,3.250013408836318e-06,7.832604514162299e-05,6.989520954645933e-05,3.672497084420142e-05,1.1781511713997779e-05,2.8879000079503948e-05,8.26729062575298e-05,3.628645928372483e-06,2.975654432404679e-05,7.701362946523516e-06,1.0977140923356706e-05,1.4168998445394012e-05,1.679748000837864e-05,-5.9313247947739996e-05,1.3868731491828215e-05,2.7555401523906835e-05,2.7450397422143825e-05,3.741072444139529e-05,1.4642552430091524e-05,3.93139365238815e-05,0.00012565934483617266,-4.980989235628016e-07,5.806879216295877e-05,7.428865619291296e-06,3.834704912051242e-05,2.5849623986781864e-05,3.513053994223971e-05,-2.534664744990658e-05,1.0923036741839524e-05,1.642104218179165e-05,2.238089871678381e-05,5.4617606744410325e-05,-8.73836458558901e-06,3.591577117750432e-06,2.3149612778909366e-05,1.713983239753406e-05,2.1822716706130833e-05,-1.3726160323957601e-05,1.9358478983167165e-05,-5.829767163915637e-06,5.424536666433071e-05,2.0921064360962447e-05,-2.2458459707383847e-06,3.2094532228750446e-05,5.777970249701393e-06,2.2412912831297138e-05,3.970652830447656e-05,2.1056606446469983e-05,-8.233144669186101e-05,-1.3316092333654648e-05,2.245172703970693e-05,2.613331710858935e-05,6.767994769787628e-05,2.3348692327015362e-05,4.189866871488952e-05,7.136511340100898e-06,2.768626266539695e-05,8.601056001639358e-08,3.054685138186098e-05,-0.0001005328225209614,-1.2761149834704564e-05,2.0135808482866463e-05,4.421261293933151e-05,-2.8869587853516474e-06,2.246657429696591e-05,2.5044103669589395e-05,6.397395268693405e-05,3.982859413863694e-05,1.2488664207563504e-05,-1.0398455110543306e-05,-7.098859818435106e-06,1.5988687789852294e-06,5.8908617657586467e-05,2.1217925073354756e-06,1.4707696836128049e-05,3.804723890168205e-05,6.887323804513492e-05,6.400253598298243e-05,2.4217005812676074e-05,5.4292841430726555e-05,2.0558850092917435e-05,6.6933386681501375e-06,1.1567914174817256e-05,5.142496975764952e-05,2.3540952272485006e-05,7.284681354197476e-08,9.191732636040775e-06,5.406184217692479e-05,9.128560235640774e-05,-3.102397327774598e-05,1.4774412811393994e-06,2.262708115614785e-05,4.6443264695095265e-05,2.4184459140297255e-05,1.5776224582646584e-05,-4.6157731568994825e-06,5.9612819211839435e-05,2.6301051460711575e-05,6.346198212664163e-06
CDK,0.00014337021010724614,3.410318811559952e-05,0.00043844520527686065,0.0005771335810101516,0.00047318908612821225,0.0003115972437328223,0.0003138641397205097,0.0007785500618243783,2.975654432404679e-05,0.0004614903648219336,0.00032643931496660063,-0.0001866991989488906,0.0002694576857685305,0.00010011130856051571,-0.00047768275076579903,0.00030566484369441515,0.0003028177507774333,0.00017695983698745623,0.0002680024440580071,0.0003250133469119141,0.00041020734842046733,0.001428976979063235,-1.0111678408094331e-05,0.0005112010319609263,0.00014119515049299339,0.000498948056278233,0.0002480444482782,0.00037083711175991404,-0.00016514231855500202,0.00021274258525924968,0.00024962668291293787,0.00023175202052483845,0.00046684610125119887,-0.0002902065557009538,-2.3210299328465622e-05,0.0002802059861637037,0.00021405713399579273,0.0003521701784248046,0.00027314907151190803,0.00018130632119416765,1.688557099213492e-05,0.0006829070856456236,0.00035192843493899665,-2.670232661390546e-05,0.0004747048130752526,0.00012602973919233884,0.00021665950683655454,0.0010803521095010748,9.823505016491376e-05,-0.0006694896926118062,0.00043814797745921606,0.00019304304622870866,0.00033221816864743305,0.0009133987057945179,0.0001637185665301019,0.0004993319273738133,-0.00010666354789191125,0.0001391717928920006,2.1446989703707974e-06,0.00048436895292957986,-0.0010852070822521664,4.9481072036750726e-05,0.0002750470846803643,0.0006018436469413731,-3.3852085822796854e-06,0.0002670895931962291,0.00036692166315087816,0.00039534179973372467,0.0003801452199608352,0.0002749888813887988,-4.0278505172679367e-05,-0.0002703243219691714,1.3408586373332386e-05,0.00016941444688829018,4.162815712998322e-05,0.00045330014973657336,0.0006674746430461093,0.0009180231755571233,0.0008447429874697062,0.00030454115072534553,0.0005202622330856188,0.00045921453460721413,0.00027925885505956276,0.00029144272749748206,0.0007238401528584307,0.0003290535756127686,-2.8202995259308958e-06,0.0002402686939829395,0.0005134564830109865,0.0014463405306617168,0.0002518527461028712,2.1572875898713886e-05,0.00012742437514172143,0.0006749751517741393,0.0004940652906997324,0.00024451436189547315,0.0008843205761896118,0.0007039361647120494,0.0002703173983088301,7.965460191375013e-05
CORT,4.145112197558893e-05,-7.168939972469267e-06,7.055805593005351e-05,3.024999775257128e-05,7.796515248806493e-05,0.0002620751251392126,0.00021708760525675775,0.0004905373489077296,7.701362946523516e-06,0.00032643931496660063,0.0005152421200663019,-0.0007554071868065801,0.0003071257387846217,-0.00016078376096343686,-0.0001363700748084952,0.00032086375731736855,0.00016918485993616298,-4.120278177232807e-05,0.0001745180458116653,0.000358521992412359,0.00016155918232167504,0.0009466573872515742,-2.943505600024838e-07,0.00010757776557859465,3.936847651771451e-05,0.00030201252394453863,5.6429630969482234e-05,0.0002732465441856913,-0.0001497775486130391,7.813375952086652e-05,0.00016772134240675227,5.430879940952331e-05,7.730936444752973e-05,-9.907883695888424e-05,-8.600627563306297e-05,0.0001933232300529502,0.0001384035809605449,0.0003317619531939813,0.0006689663428725358,-3.0123363905952846e-05,4.5141457055774515e-05,0.0004626806623167777,0.0001422079149817321,0.0001284035460980042,0.00039502086351619024,0.00011086234753057433,3.068999038755391e-05,0.001074522008963189,-6.320713788531355e-05,0.00036434527604261354,0.0006594557236861505,4.037084106628267e-06,0.00019540277078937808,0.0002661978430860846,-0.00013946896211828265,0.00022557027980525034,-0.00018946682445384174,-0.00015143594842244833,7.851982793369556e-07,0.0006158393517572112,-0.00031388951573668765,0.0003536418598630778,0.0002703135606905181,0.0003968180508058505,3.2610904200742235e-05,0.0001702498973623746,9.032875384157771e-05,-0.00015870774396500073,9.033244099561547e-05,0.00030178601548109266,-8.691638286251783e-05,-0.0003253457248051101,-6.563103147779019e-06,-0.00040274315520551543,4.238991405302062e-05,0.0004861175045068803,0.00039112263751447376,0.0007223485398302037,0.0003978507712404558,0.00015832314951755484,-0.00013783108099979508,0.00033956819371587976,0.00021637306194761095,0.00031247649575597534,0.0006291347680975992,-5.22589624526383e-05,-2.488802128634305e-06,0.00036185348385945,0.00017074348060266474,0.000765529104231675,0.0011596952631160655,4.199026529441631e-05,-6.692502135912962e-05,0.0004686875720455779,0.0003931198447931081,0.00011593152443449773,0.0011348051080090696,0.0003542374560507453,0.00010690603099259747,8.404048236037651e-05
CULP,2.031148080702221e-05,5.3256511574348265e-05,0.00013278850024749507,0.00043201361965059003,0.00039003163149235905,-0.00018876494481122414,-0.00013250945707198072,-0.0003459953717660139,1.0977140923356706e-05,-0.0001866991989488906,-0.0007554071868065801,0.0014970117126640496,-0.0003791226543751888,0.0004724135217282847,-0.00011639657373340833,-0.0003197535392501684,-4.4891332809554534e-05,0.00023641521324709597,-0.00021759966784730119,-0.0003915183117643623,5.60666328028064e-05,-0.0006559357598249748,-1.2911818336960436e-05,0.00020772053878257134,0.00010551071975931717,-0.00011677702861049646,0.00012537413408875007,-0.00024941962516541593,0.0001496897998876165,8.315347016447464e-05,-6.979363161959024e-05,0.000140168679083161,0.0002386586876170994,-0.00019505498400567014,-2.1329248329098928e-05,-0.00014395494974218755,-7.450144724207645e-05,-0.0003236865181463662,-0.0011768456508988656,0.00027022895608718665,-5.278340347712676e-05,-0.0003495342697280691,8.350501667455501e-05,-0.0003400120478898926,-0.0003357426554244391,-9.845342074590112e-05,0.00019324211423433192,-0.001170460825538097,0.00020569542731744783,-0.0014970629406271005,-0.000853848349819742,9.368146425381039e-05,-6.917154443969777e-05,0.00039765227558788386,0.00035707332469933086,3.455965510323466e-05,0.0001668880414931931,0.0004519323184428464,1.5084835501028013e-06,-0.0009421780308559051,-0.000510585302271341,-0.0006884329860075634,-0.0003012803796400874,-0.00018263366765517444,-8.770706526305382e-05,-8.772285563016599e-05,0.00025316638616431627,0.0006961544041325879,0.0002035875472398986,-0.0003377921299579726,0.00020864113739533068,0.0003171954366223455,2.879773155199889e-05,0.0008039545000855267,-3.958579730012353e-05,-0.0005151852321877075,5.458774553070936e-05,-0.0005997674806629193,0.00013004113422939578,-1.2701031283124595e-05,0.0009327750477666386,-0.00019492590504309785,-5.35238888928907e-05,-0.00031667711065625013,-0.0005251532377064201,0.0005396470026025231,1.9019112376004036e-06,-0.00046730125104285604,0.00015634259038573616,0.00016702340101608858,-0.0020122447104872166,-7.571374019646347e-05,0.00021089655590222364,-0.0002322704719481208,-0.00025473447702178156,4.7103712527405174e-05,-0.0013407999629528587,-7.307687504762745e-05,2.014794527244022e-05,-9.220531067811579e-05
CWB,7.045914942711942e-05,6.550951562866338e-06,0.00023819726942646323,0.0002198349627607346,0.00016014577815093647,0.00018640942986098742,0.00019609151756813534,0.0004912128382646702,1.4168998445394012e-05,0.0002694576857685305,0.0003071257387846217,-0.0003791226543751888,0.0002099535063368202,-3.774483980234134e-05,-0.0002380403089868064,0.00021704662508532742,0.00016962330304463684,5.3131395270560596e-05,0.00019347165731322516,0.00024017674646067863,0.00020282436328510121,0.0008754503331438583,-2.1648006902473075e-06,0.00022756418065542262,4.787237875858727e-05,0.00027877289022800795,0.00010587305189378035,0.0002461888913787857,-0.00013684192449622313,8.375623257383584e-05,0.00014098056272891625,9.460413332959253e-05,0.00019994782214460634,-9.52198254052408e-05,-2.3604455482623908e-05,0.0001728804841567661,0.00012541189935515442,0.0002442946069160151,0.00034201918006020323,4.1641039644629895e-05,1.2606506670346948e-05,0.00041521130013853606,0.00015157775812186633,5.73683816156501e-05,0.0003094527050671256,8.034635056583398e-05,7.954675672124388e-05,0.0007378465642817959,2.043378416956943e-05,-5.310530177274213e-05,0.00035118043366545634,7.454092996453852e-05,0.0001841497885641664,0.0003687188865361599,3.840067681232069e-06,0.00024885588075624097,-8.44286534294354e-05,-6.606440528887106e-06,7.481663978719914e-07,0.00042671232201305846,-0.00046634214657791237,0.00015532510617938887,0.00020320899500279952,0.0003462602182572139,1.1773771197090555e-05,0.00015703755211888848,0.0001317955061951799,8.875807433250344e-05,0.0001627777849700407,0.00020345951482093083,-6.979345531409826e-05,-0.00019903127707018663,1.3034677493253895e-06,-5.451630665529543e-05,2.9205241840985052e-05,0.0003190490369542055,0.0003299749683012369,0.0005927106111004905,0.000408771099482781,0.0001587051395439661,8.876410496275613e-05,0.00025882121235721987,0.0001455312329985496,0.00020725443809372745,0.0004849731249612478,5.356130463117238e-05,-1.4511752228369934e-06,0.00021897268898819267,0.00024492225861351077,0.0007005259931627035,0.0005269115076801007,2.6409153047361243e-05,2.8250643958147662e-05,0.0003927047019640481,0.0002938949311056914,0.00011334652888398698,0.0006533233507650257,0.00037286751355941833,0.0001358449602371014,6.181551442070843e-05
DOOO,7.464518699979579e-05,3.264546570122481e-05,0.00027227030158829955,0.0004171164027251905,0.0003129378329078317,3.5863197650486966e-05,7.160726390038046e-05,0.00020431707457754512,1.679748000837864e-05,0.00010011130856051571,-0.00016078376096343686,0.0004724135217282847,-3.774483980234134e-05,0.00021085997359111035,-0.00025595143673260063,-1.5331225446213197e-05,0.00010093303557944872,0.00016884033118438123,5.7512387622233316e-05,-3.183628267116723e-05,0.0001880900993223543,0.00034253856713165255,-7.925002489032732e-06,0.0003038989342825899,8.256538057404391e-05,0.0001473324847085372,0.00014748016640753932,6.493243425785616e-05,-1.0379118112203257e-05,0.00010528590080502804,6.26749058212244e-05,0.00013921211269588655,0.00029502419367073045,-0.00015602545012286195,3.1319947935548846e-05,6.0892464568358506e-05,5.562184846709278e-05,9.55128401652782e-06,-0.00033232856193456383,0.0001679601077470767,-2.1216683060059637e-05,0.00015295579381599978,0.00016128392162299281,-0.00012788401962607104,5.38552769732589e-05,9.45565346136465e-06,0.00014863580874920927,-2.6840119085354134e-05,0.00012563751188739085,-0.0008199468155931549,-0.00018358977917789317,0.00013706185028237007,0.00010234879585976965,0.0004987506755656441,0.00022823877998056922,0.0002080124839194112,5.6917812760933266e-05,0.0002303908214587226,1.1343392942098786e-06,-0.0001320933484740328,-0.0006014065087160407,-0.0002455778222805076,-3.7791455204176837e-06,0.00015446417668393367,-3.079902709446719e-05,7.153303656889562e-05,0.00021982635067185067,0.0004338782545505056,0.00022518718137795238,-2.6784468171764136e-05,4.439439836942542e-05,4.155728882143627e-05,1.5869224670552304e-05,0.0004354310581914623,-8.71969188051876e-07,-3.404418936638718e-05,0.00022592048126636623,0.00013410774020514274,0.00034975359755823066,0.00011122500421572231,0.0005282648628665526,8.888148865128967e-05,5.4902576424482714e-05,-1.987640512901076e-05,6.601401511499164e-05,0.00030716142947388877,-2.087252916003289e-07,-9.80599971228477e-05,0.00026354305530589255,0.00054238670048258,-0.000717889831507375,-1.7821856007778326e-05,0.00014748748653621314,0.00015638954002616858,7.532464965177367e-05,0.00010142981657090544,-0.00021400654214298189,0.0002593243099019064,0.00012187255105722642,-4.795424757989416e-06
DZZ,-0.00029949100408765684,-5.4799886609305465e-05,-0.0012958975985120497,-0.0012189118186611103,-0.0005868730809894292,-0.00019069305714536705,-0.0004383318472790257,-0.0013604998358021263,-5.9313247947739996e-05,-0.00047768275076579903,-0.0001363700748084952,-0.00011639657373340833,-0.0002380403089868064,-0.00025595143673260063,0.0009986627837111279,-0.00019288803449007578,-0.00043401676886642535,-0.0004567928824386258,-0.0006652979154211932,-0.00021638281832901037,-0.0006600743309854856,-0.0021113317208132833,7.8749569810846e-06,-0.0010193212026146372,-0.00010496314582861027,-0.000624702603703831,-0.0004286973148607439,-0.0005916192311742626,0.0003352853192364274,-0.00019221794176668363,-0.00024978319679553197,-0.00034984663251201847,-0.0009486160542248167,0.00012038386876653761,-0.00026119758209285776,-0.00039456227595256467,-0.0002795790699883732,-0.00033826186857188625,0.00012402492574210898,-0.0003067091535678216,9.55058178164843e-05,-0.0009602781595166585,-0.00037636652437021575,3.0198557713150315e-05,-0.0005117138212175914,-0.00010056891679964455,-0.00032574708512361474,-0.0007950126101304582,-0.00034097188253344885,0.0013665064088654944,0.00017133761381588888,-0.0004746386896483598,-0.0004281644894104848,-0.0011946400562118783,-0.0005199883311453677,-0.0006983620577495828,-0.00021274799640492865,-0.0004431580214260904,-8.939613796040245e-07,-0.0006123812135734041,0.00159797773599034,0.00022090855280414802,-0.0003234753031230168,-0.0006900790324854322,2.4818958712535746e-05,-0.0003611306031543669,-0.0003928657293270258,-0.0010367804393629886,-0.0006350554484976141,-0.00019619966461268434,0.0001898064595360713,3.9497437085176434e-05,-2.6179954251843767e-05,-0.0011209735970249498,-2.7757105658956243e-05,-0.00024256636465051103,-0.00048003894203470866,-0.0011205270079195574,-0.0009775053982559996,-0.0003934951468234208,-0.0008242444421922146,-0.00034740851151327337,-4.43701547968211e-05,-0.00016173765365988085,-0.0007479168473645495,-0.0003668468960335474,-3.068867267957916e-07,-8.218191549093776e-05,-0.0008646832027139622,-0.0013067200077173848,0.0007327409696958767,-2.774102566558396e-05,-0.00041571774672662353,-0.0007064648241339577,-0.0003716695609414053,-0.00023997425057949664,9.91203447188964e-06,-0.0010330395062831607,-0.000457811584207595,-8.901804958018473e-05
EBIZ,2.691662130190216e-05,5.574214656066859e-06,0.00018179884462325946,0.00011635816706725378,0.0002016281674114845,0.0002153305034673238,0.00024642560339710587,0.00047990632794260845,1.3868731491828215e-05,0.00030566484369441515,0.00032086375731736855,-0.0003197535392501684,0.00021704662508532742,-1.5331225446213197e-05,-0.00019288803449007578,0.00028315508861877394,0.00019821857665362216,3.5169550677913515e-05,0.00011064301369926975,0.0002929522269048625,0.00018809707607124522,0.0008337613887712057,-3.4329109947531136e-06,0.00013561926190868237,8.096003151788619e-05,0.0003014742034722245,0.00010112639071760221,0.0002280681658868695,-0.0002304380924943803,8.247167134356897e-05,0.00017881741339260694,0.00012126349528183495,0.00012532151645198915,-0.00015617033551235972,-0.00029813247956268394,0.00015992905457053663,0.00013360625535676433,0.00028662800195195925,0.00025239492162275025,5.8231839153750195e-05,2.1965703856128845e-05,0.0003413561516902425,0.00012979695208408155,4.4265433710505746e-05,0.0003484789399304535,8.14734842166002e-05,0.0001370574614098387,0.0006332389531685701,1.4121436044574687e-05,-3.157435017936156e-05,0.0003584961932080008,-6.752156936814976e-05,0.00019544565627100004,0.00029856751739596257,-0.00018099465286437798,0.0002482375927496119,-0.00023288523231609692,-4.771140704227016e-06,1.628032440445976e-06,0.00029668946698132903,-0.000556060474064108,0.00018701619857028952,0.00022036409353844787,0.00041533604850019744,-1.5470438889280092e-05,0.0001730391737265884,0.0001757510817083337,8.266880293918542e-05,0.00018882889318881524,0.00023279058355770636,-3.4009549705519086e-05,-0.0003250013917576258,1.409477426336081e-06,-0.0003042871647972282,4.101480062021685e-05,0.00035514174683793173,0.0005622596590337542,0.0006342795774043669,0.000537564665225167,0.00017357167687261682,0.00018613186291893376,0.00027972200629483514,0.0002609291586833511,0.00026580241411348774,0.0006373314173224055,9.912134502338932e-05,-7.495822480026601e-07,0.0003253892720626834,0.00027511461271499253,0.001032683240463613,0.0008762000730239873,2.20125294325784e-05,-4.053313824582104e-05,0.0004950284822496191,0.00036052960575759746,0.00015157073733272625,0.0006811164116674606,0.0003178795674877075,0.0001038805417836816,8.330115937569024e-05
EWC,0.00010708335836504533,2.2321992239467502e-05,0.0005435409695254347,0.00046701405056050383,0.0003088741135279875,0.00015765160736905606,0.0002748161572836838,0.000687791980059696,2.7555401523906835e-05,0.0003028177507774333,0.00016918485993616298,-4.4891332809554534e-05,0.00016962330304463684,0.00010093303557944872,-0.00043401676886642535,0.00019821857665362216,0.0002471263980268091,0.00018099467088234823,0.0002634920305773014,0.00020542026159237205,0.00031263815585318725,0.0010850858892604467,-4.587375619566895e-06,0.00040189746662701005,8.028971765040006e-05,0.0003528590550553534,0.00019760065963710303,0.0003003043073909169,-0.00024909966566640977,9.995093186843172e-05,0.00017246960747397728,0.00018663478850715755,0.00037815799675063576,-0.0001209920421271034,-0.00011335224039637766,0.0002019560805985281,0.00015692163419342057,0.00024624360104494227,2.852882762151632e-06,0.00014374984654723166,-2.6257383525477825e-05,0.0004573643491632807,0.00017825622583449548,2.1337685302231354e-07,0.0003328260617550354,6.681490671828794e-05,0.00019534689461157056,0.00047802387046246676,0.0001342607758919958,-0.0005227569295241797,5.6599466169413867e-05,0.00010151346015780795,0.00023631313710787837,0.0005288456183804933,6.150446199412754e-05,0.0003530534918210033,-5.721726341795072e-05,0.0001694811463823344,1.237663263166846e-06,0.00028762434809029584,-0.0008401813665907902,-6.580317978957897e-06,0.00020819726620680746,0.000435962355762952,-2.5939364977692895e-05,0.0002052140576667872,0.00022679464721529944,0.0004254283268207808,0.0003196398335403924,0.00016745046174488856,-7.236653638773365e-05,-0.0001775008941101194,1.0498299628230303e-05,0.0002269015676734747,2.9574913883638485e-05,0.00022887485350504534,0.00046915195539420115,0.0006673386628221927,0.0006108718538001412,0.00021668747997437954,0.0004168093010293446,0.0002360917421398664,0.00015130861116831085,0.0001769893714910434,0.0005699778492131819,0.00018976496444036186,1.9012109884768746e-07,0.0001876961961892581,0.0004399743885413548,0.0009863887560458012,0.00016510657633930374,1.6798328535280894e-05,0.00011844734399083689,0.000482848242325263,0.0002923526121207718,0.00015878642219443998,0.00023564591675593238,0.00048399080103087125,0.00019895465950751898,7.207432050127273e-05
