,AAU,ABC,BBIN,BME,BOCH,BXMT,CEA,CFB,CLVS,CTLP,CYRN,EQL,EVC,FLMX,FWONA,GBAB,GLAD,IMKTA,ISUN,JPME,KOR,LEDS,MCI,MSEX,NICE,OVB,POCT,PRI,RILYN,RNEM,SCWX,STIP,TBPH,UBT,USLM,VEDL,VFMV,VIVE,WASH,WEAT,BBUS,CWEB,DTH,FPL,HIMX,HSDT,INSI,MLPA,SPI,BG
AAU,0.0010789873401897932,-3.2974602594673744e-05,-2.8323132687099318e-05,-3.268759395620178e-05,0.0003297796103213673,-6.88507370010069e-05,-0.00014723780933246925,-8.185694537450719e-05,0.00016514964111237395,-0.0003309475501292809,3.60622115751952e-05,-4.1604139506270695e-06,0.00045026298051611637,-4.107163838021387e-06,-0.00014588902804666654,-4.484810900878483e-05,7.085980802906658e-05,0.0006609298187265898,-0.00029460359727679004,6.092134065157031e-05,0.00024002281251141714,-0.0001035028032266652,6.162562069317774e-05,1.3489656945922899e-05,-0.00014314752518767687,-2.5336953021942026e-05,-1.85967570135615e-05,0.0002488861731728599,2.0284479834036715e-05,-3.6911677686993896e-05,-0.00010253760683209923,1.383865671666734e-06,0.00019768228358074945,-4.058355534333468e-05,-6.136841180783215e-06,0.00012133696074428157,5.2020667649888656e-05,0.0008879167481956155,-8.095591703442302e-06,-6.137658920236008e-05,-4.8372042300658314e-05,-0.0007212925636375759,-1.0404554800612377e-05,6.803271630438672e-05,0.000611615886517573,9.515927102502066e-05,2.719391368069011e-05,8.615452199916628e-05,0.0013804429630211944,0.00010824082181927666
ABC,-3.2974602594673744e-05,0.00023815807742693837,0.0001107051438416288,7.003003861518044e-05,0.00014252752641799306,3.9237794623778294e-05,0.00015338471330862498,4.4509485831062795e-05,0.0007785843867135849,0.00013899877832037342,-6.484847727478534e-05,7.458268135666213e-05,3.659058969528797e-05,4.815599368727216e-05,8.587915114131059e-05,2.684134603516402e-05,5.74550243437034e-06,0.00016582563595099876,9.740874276093015e-05,8.286920840100607e-05,-0.00014870742955957274,0.00015604865894864933,3.0782897689369522e-06,-6.093201155040749e-07,-2.6830590400620204e-05,3.5250159930799404e-06,2.5296333787897668e-05,9.869410152861032e-06,-3.0249941733020776e-05,9.435920688361078e-05,0.00016211523726342007,-7.78470423936798e-06,0.00013879538328576387,-0.0002067262942122731,1.4202281821069916e-05,0.0001871235091000306,3.24566391972399e-05,-0.00031702020249626585,5.7644167055549955e-05,2.5893863384183254e-05,8.331770614494544e-05,0.00023176226697883704,0.0001166994993366825,4.4982980344610176e-05,0.0004148534995704864,0.0006022276151340876,-2.3747660555262877e-05,9.824406815642976e-05,-0.00012836935342703195,9.443443249215969e-05
BBIN,-2.8323132687099318e-05,0.0001107051438416288,6.449551055830409e-05,3.233058425639049e-05,6.773747289535614e-05,2.4613438848717053e-05,0.00011295176880351955,-5.856040037378149e-05,0.000385276564743028,7.689255562662148e-05,-5.828789253398226e-05,4.093542193430117e-05,-2.253853207106078e-05,4.378482437026625e-05,5.21539228168484e-05,7.554958356760118e-06,-4.099874440951952e-06,0.00013506551962898084,0.00010943731675245702,4.6410319236858354e-05,-9.612724753054605e-05,4.648994894415258e-05,5.3493705699243444e-06,-2.1827845704538266e-05,6.855299207850341e-06,-3.069745664072656e-06,1.4612354579090165e-05,1.4755667732012403e-05,-7.548861541291646e-06,6.366621457627451e-05,0.00010648199782642264,-5.989657773583571e-06,3.5201551065419225e-08,-0.0001208621070517675,1.5679915703621226e-05,0.00010363789440909694,1.5225967413367609e-05,-0.00013783568999205508,2.5756564315923108e-05,7.845545168293122e-06,4.588366753797143e-05,0.00019662260344573024,6.555789832460166e-05,2.363578752810441e-05,0.00022460231196842518,0.00026139550999797624,-1.0008148309044715e-05,6.916787896312624e-05,-3.2466739157018196e-05,6.71969907130269e-05
BME,-3.268759395620178e-05,7.003003861518044e-05,3.233058425639049e-05,7.83786778734489e-05,5.5827377004038345e-05,6.217999210528213e-05,5.4395489827003855e-06,0.0001010084958574285,0.0002605312670691764,0.00010957554503189324,2.9206359416526222e-06,3.440754842872967e-05,3.421629856805454e-05,1.399008411344416e-05,2.3403770838468298e-05,6.232949971018895e-06,3.1336178880967155e-06,0.0001801004255202858,0.00019364673919544258,3.5167490676651204e-05,6.402920568676326e-05,4.061321512210874e-05,-1.5637130009103394e-05,4.7623510059755474e-05,4.383974662636969e-06,-1.487838573522695e-06,8.106159000549096e-06,0.00013016348218399952,6.593934168469267e-07,3.3840001207107115e-05,9.508036592187588e-05,-3.3265920544962696e-06,-5.296341919296087e-05,-9.763213040724422e-05,7.545690981048932e-05,8.831276177995615e-05,1.7016943196317474e-05,0.00020823316787249574,2.5455304098232394e-05,3.001090847913405e-05,3.348938908152735e-05,0.00012331454507924204,3.9060932433831944e-05,3.0793024595162856e-05,0.0001987494354604401,9.256690993285143e-05,-1.970803114396419e-05,6.240533564370721e-05,4.703890405003753e-05,5.8153223644510826e-05
BOCH,0.0003297796103213673,0.00014252752641799306,6.773747289535614e-05,5.5827377004038345e-05,0.0002814817721480194,1.122115848594537e-05,7.345170311762018e-05,1.6003607057153476e-05,0.0005851336300558735,-4.4992265288884914e-05,-4.1904089876436463e-05,5.350423523068239e-05,0.000153805098868404,7.163377170566222e-05,2.122679320914358e-05,1.802254922476114e-06,5.556903220914941e-05,0.0004085525438300511,0.00016542705411011515,9.24024567057137e-05,8.473649567069826e-06,-2.280814719252582e-05,7.707606333144686e-06,-1.6482398801038626e-05,-8.303897864030954e-05,-1.7596752464661068e-05,8.934713189102992e-06,0.00018523533059081675,-7.251285806306713e-07,7.563095477528614e-05,0.00017572025084897853,-6.021145737373097e-06,-0.00010318770932830021,-0.0001848718717133356,6.836412011364304e-05,0.00022443197199699679,3.698540735606625e-05,0.0005210767023869647,4.6562976966577976e-05,-1.5942695157502218e-05,3.4190349555927325e-05,-1.356798135397859e-06,8.187493983373705e-05,5.098686206298865e-05,0.0005825760170382425,0.0003625827352486223,-1.4125137171056095e-06,0.00012658558293746438,0.0003688905469065488,0.00012963035312736507
BXMT,-6.88507370010069e-05,3.9237794623778294e-05,2.4613438848717053e-05,6.217999210528213e-05,1.122115848594537e-05,7.846116064420232e-05,4.18645686235197e-05,2.3280228790291624e-05,0.00015937611054447993,0.00012098409382417605,-2.303095472109314e-05,1.9934536300625944e-05,4.984921543983937e-05,2.0689410961362296e-05,-7.947559952622026e-06,2.0251756943166173e-06,-2.7694314846554497e-05,0.0001053556388422241,0.00019776108189356896,2.072022536357099e-05,0.00011522945215027401,8.077201824274455e-05,-1.0806216160739828e-05,1.7908444740259833e-05,3.47599565682294e-05,6.638131100150581e-07,3.963615882458835e-06,8.254311187630523e-05,1.5865116594911394e-05,3.6386885481730366e-05,4.578791164776021e-05,-2.7237546975028326e-06,-0.0002264705563837034,-6.761222521706711e-05,2.2819727385629728e-05,5.668208771585332e-05,4.6348877586933305e-06,-0.0002015086598398228,1.1121789270674188e-05,4.461874729273726e-05,2.5035424034735625e-05,0.0001703854793344269,3.06480297292344e-05,4.639901182711689e-05,3.6856222544573346e-05,-2.573642795750693e-05,-1.1854963080629096e-05,7.0381100413542e-05,0.00017349545402917186,7.05346280466151e-05
CEA,-0.00014723780933246925,0.00015338471330862498,0.00011295176880351955,5.4395489827003855e-06,7.345170311762018e-05,4.18645686235197e-05,0.0003826412643262805,-0.00021511016329903772,0.000646697941013438,0.0001446036928704692,-0.00012084723031259849,5.03703223663487e-05,-2.663299338611278e-05,9.299893779771221e-05,8.306759066601539e-05,1.715937636183319e-05,-7.133786858257019e-05,0.00015281457298749808,0.00020818066398629967,5.767537679972713e-05,-0.00019618932898506214,3.6140013536605555e-05,3.3969663085743024e-05,-0.0001229315748487127,7.421950632875619e-05,-7.208460817140208e-07,2.1302643469498754e-05,-0.0001362368159483339,-1.7402561411140216e-05,0.0001269680977299307,0.00012659455995876187,-1.19119071532836e-05,-0.00042277848194153487,-0.00014376350305356168,-4.48043462458963e-05,0.00013981528954035624,1.468377811052558e-06,-0.0008408793333643263,1.6594843002242384e-05,-2.3604752164982045e-05,6.339553024022221e-05,0.000543871904549845,0.00011454909282467586,1.8052414764384312e-05,0.0002495475016269197,0.00036375405494552045,1.0953221252153905e-05,8.792681377384799e-05,8.261642877990062e-05,8.494820465560442e-05
CFB,-8.185694537450719e-05,4.4509485831062795e-05,-5.856040037378149e-05,0.0001010084958574285,1.6003607057153476e-05,2.3280228790291624e-05,-0.00021511016329903772,0.0007795054299367652,0.00015613353758591632,0.00011288999616518026,0.0003105654621137379,-1.1131459316181598e-06,0.00020315423373915546,-0.00016944145049607902,-1.7252376639201005e-06,5.0747679806666546e-05,2.88213633645699e-05,-9.178037311357445e-05,-0.00019354359166983383,-3.416574790768584e-05,0.00015695487075605515,-4.5968210439029447e-07,-4.295996706167006e-05,0.00023628723018417327,-8.275887687171364e-05,3.0380075143823405e-05,-6.7491723872569945e-06,6.162839769780514e-05,-6.68669913062081e-05,-0.00011403259547933364,-8.428687667902127e-05,9.664156979969431e-06,0.0003524333230461572,9.685352472355843e-05,0.00011467950091911523,-1.87788529173683e-05,1.2745944985274164e-05,0.0006915635420546706,2.5886404605360974e-05,7.860310307229962e-06,-1.5670412833981644e-05,-0.0003003945104059167,-4.141152694640684e-05,-6.550366648558092e-05,0.00010712573243915605,0.000191116632465406,-2.867897470591924e-05,-0.0001666147225055552,-0.00034323399828312497,-0.0001826621928679889
CLVS,0.00016514964111237395,0.0007785843867135849,0.000385276564743028,0.0002605312670691764,0.0005851336300558735,0.00015937611054447993,0.000646697941013438,0.00015613353758591632,0.002917788712435982,0.0004799772415184725,-0.00018901044838435372,0.0002716280653677871,0.0003384938397785794,0.00017327085943545366,0.00030271761923900516,7.829839790741767e-05,-2.3153106329403243e-05,0.00113009833199056,0.0005394953813030783,0.00031125426863190216,-0.00039620847211330385,0.000380754250957798,5.671018139201627e-05,2.2420448227600766e-06,-3.659234285237775e-05,7.71236577809494e-06,8.512333821832394e-05,0.0001357951230310914,-0.0001389952139387126,0.0003366372608024815,0.0005598523058266264,-3.320140730509083e-05,0.00012111627737814951,-0.000720160957217751,0.00015712845239856385,0.0006713739911132892,0.00013338882040903866,-0.0005428964236153268,0.0001744472788320938,-6.8041246005227075e-06,0.0002793652209079526,0.0008712450416064364,0.0004194212815184272,0.00013818899166643725,0.001893821965138178,0.0020194089957163066,-6.189694336175866e-05,0.00033991861122317524,0.0003052694049678818,0.0003168872351548526
CTLP,-0.0003309475501292809,0.00013899877832037342,7.689255562662148e-05,0.00010957554503189324,-4.4992265288884914e-05,0.00012098409382417605,0.0001446036928704692,0.00011288999616518026,0.0004799772415184725,0.0003260908116807057,2.540383194933324e-05,5.474476819297298e-05,-8.103766020605563e-05,-5.836360620791082e-06,6.0698772787324476e-05,2.591812004356467e-05,-6.699598907225614e-05,8.312474066327035e-05,0.00017321401081460636,2.8073372337437053e-05,-4.039912801171654e-05,9.141040832544683e-05,-1.808088525124037e-05,5.940573191580897e-05,8.239989079644714e-05,9.410694929311078e-06,2.182381039945884e-05,1.5348156364429406e-05,8.949812356811067e-07,6.454211813837402e-05,9.050022700273955e-05,-7.453518164535562e-06,-4.684968796840059e-05,-0.0001335782905082115,3.959869958760789e-05,0.00011384454522885636,7.627866756649619e-06,-0.0004849758997036418,3.062558011241494e-05,7.233256705493473e-05,7.491767919342725e-05,0.00045241554626406345,7.79760605892449e-05,2.5328761251535765e-05,7.419391407434379e-05,0.00021455712672449777,-3.637574979881223e-05,6.674687018799562e-05,-0.00020956735170751892,5.97834766619959e-05
CYRN,3.60622115751952e-05,-6.484847727478534e-05,-5.828789253398226e-05,2.9206359416526222e-06,-4.1904089876436463e-05,-2.303095472109314e-05,-0.00012084723031259849,0.0003105654621137379,-0.00018901044838435372,2.540383194933324e-05,0.000269194109998338,-3.04484497697396e-05,-6.259915273323338e-05,-0.00013576624823001188,-5.019994653040188e-05,1.498698456271515e-05,3.0776258016714353e-06,-0.00011783190586387235,-0.0004211134338469615,-5.867227201482431e-05,-1.6160857955194778e-05,-0.00023669001480089815,-1.6682592279798435e-05,0.00011787908764585366,-3.4860274734640096e-05,2.0349540992501716e-06,-9.291542329849951e-06,-1.8926275108387935e-05,1.709227124275881e-05,-9.801907632838374e-05,-0.00013586500765497552,5.917441734165438e-06,0.00034673456312396235,0.00011453962209957844,6.2672935344742535e-06,-4.174814339269131e-06,-1.3500070568746298e-05,0.00046489177618183055,-9.740228158172244e-06,7.465967218082106e-06,-4.026791207134291e-05,-0.00021952580905716603,-6.195429598731972e-05,-7.816737127043711e-05,-0.0001571609099632145,-7.895004766649702e-05,-7.764594378518935e-06,-0.00011584936362398546,-0.00022115766396653825,-0.00011201583036000437
EQL,-4.1604139506270695e-06,7.458268135666213e-05,4.093542193430117e-05,3.440754842872967e-05,5.350423523068239e-05,1.9934536300625944e-05,5.03703223663487e-05,-1.1131459316181598e-06,0.0002716280653677871,5.474476819297298e-05,-3.04484497697396e-05,3.175749364596489e-05,1.4512128839058873e-07,2.533401826519145e-05,4.168576750120752e-05,4.554828936857558e-06,4.445587738615367e-06,0.00014249046445876547,0.00010670305651264545,3.502630668156706e-05,-4.571398181648216e-05,2.7623730954514987e-05,1.3345493819290287e-06,4.216947952400304e-06,1.1948254645762768e-06,-1.868883158105313e-06,1.0196617934456139e-05,4.560223794199281e-05,-1.1449717939255353e-05,3.866266900684721e-05,8.392701358015963e-05,-4.09178722738695e-06,3.0787191006476276e-05,-8.712762189704015e-05,3.9902774756498186e-05,6.977322560682979e-05,1.5687659871334024e-05,8.057561343215964e-05,1.975346439019548e-05,1.1830899528100088e-06,3.2439638997030276e-05,0.00011163723635458279,4.317259784216221e-05,1.4533313104665706e-05,0.00020952862805401806,0.00017706303417821636,-1.0259102936410888e-05,4.436171553732371e-05,-1.1892936944255044e-05,4.050386343601311e-05
EVC,0.00045026298051611637,3.659058969528797e-05,-2.253853207106078e-05,3.421629856805454e-05,0.000153805098868404,4.984921543983937e-05,-2.663299338611278e-05,0.00020315423373915546,0.0003384938397785794,-8.103766020605563e-05,-6.259915273323338e-05,1.4512128839058873e-07,0.0006891169137306593,2.3243260118204983e-06,-9.333239167346065e-05,7.590454774553729e-08,-2.9025872634293365e-05,0.00032396519220717374,0.00017822176428655353,3.960098911691628e-05,0.00046898555323439655,0.0003695758615873169,4.262898894708477e-05,2.900894611453914e-05,-3.5732744178792275e-05,2.7499782741754597e-05,-1.6716936038039556e-05,7.422830077353205e-05,-7.155918049854925e-05,-1.4017888899652396e-05,-0.00013143700584488502,4.3942113278954946e-06,-0.00043884383328900395,2.7809488074260953e-05,-2.2517001654187578e-05,-5.209983886576169e-05,3.5183254347663596e-05,-0.0004718672798891682,-9.622841508054408e-06,-3.230940238681486e-05,-1.5163960598458208e-05,-0.00034691377007837814,1.2910841963143945e-05,0.0001021984572823164,0.00035620954853321903,0.00011867851600220162,2.272047960104885e-05,1.5616545779327e-05,0.001196891880706247,1.3271692151757255e-05
FLMX,-4.107163838021387e-06,4.815599368727216e-05,4.378482437026625e-05,1.399008411344416e-05,7.163377170566222e-05,2.0689410961362296e-05,9.299893779771221e-05,-0.00016944145049607902,0.00017327085943545366,-5.836360620791082e-06,-0.00013576624823001188,2.533401826519145e-05,2.3243260118204983e-06,8.97684863169835e-05,3.452623253037359e-05,-8.033383383784964e-06,8.614546282895099e-06,0.000138364184191267,0.0002874435146949964,4.512227468640312e-05,-5.994804395640919e-06,5.656419334143875e-05,3.444979593626099e-06,-6.931482250630732e-05,1.1483576499957737e-05,-9.228105135371697e-06,6.800785299813124e-06,6.174694807076606e-05,3.6791315007267636e-06,7.137659283827584e-05,0.0001292019073933212,-5.041364860298937e-06,-0.00026784424049503447,-9.926588078212686e-05,2.4857720016216316e-05,6.226874896747537e-05,8.49636177436728e-06,-3.4805261041662634e-05,1.40779217402611e-05,-4.616918387988962e-06,2.5908365270979374e-05,0.00018415364539068138,4.669265932502263e-05,4.139069181345278e-05,0.00016730377196179057,5.0551825351799544e-05,3.637627554699813e-06,9.079408515870791e-05,0.00012148838957970287,8.95017084225972e-05
FWONA,-0.00014588902804666654,8.587915114131059e-05,5.21539228168484e-05,2.3403770838468298e-05,2.122679320914358e-05,-7.947559952622026e-06,8.306759066601539e-05,-1.7252376639201005e-06,0.00030271761923900516,6.0698772787324476e-05,-5.019994653040188e-05,4.168576750120752e-05,-9.333239167346065e-05,3.452623253037359e-05,0.00011485983490294592,1.0712182377014654e-05,1.2414236558275394e-05,0.00012697777014552565,0.0001787282199992891,3.529450071831692e-05,-0.00017912816030969848,-7.669972604922907e-06,3.1843060659698168e-06,-5.95625452418752e-06,1.6872133380774555e-05,1.2915768069049763e-06,1.7300060848341472e-05,-1.991182714654008e-06,-4.6719387708592876e-05,4.558716403377359e-05,0.00013977353543664185,-5.9997742097996724e-06,0.00011496621598607935,-8.550132231717641e-05,8.780052181177893e-05,3.5951277260463735e-05,1.7393840070259972e-05,0.0002891494463853539,2.166484652287842e-05,-3.985488248370938e-05,4.369193059137702e-05,0.0002142798028415937,5.027921886483392e-05,-2.7331778534554038e-05,0.0002858865401165521,0.0002575033738884548,-1.1324808036393129e-05,1.11903264755334e-06,-0.00032520822299185,-1.4140160965657985e-05
GBAB,-4.484810900878483e-05,2.684134603516402e-05,7.554958356760118e-06,6.232949971018895e-06,1.802254922476114e-06,2.0251756943166173e-06,1.715937636183319e-05,5.0747679806666546e-05,7.829839790741767e-05,2.591812004356467e-05,1.498698456271515e-05,4.554828936857558e-06,7.590454774553729e-08,-8.033383383784964e-06,1.0712182377014654e-05,8.571114427357007e-06,-2.725525478911301e-06,-3.7294247638036154e-05,-2.3324873553823992e-05,8.707104627841207e-07,-2.5483916395266216e-05,1.5502848673635296e-05,-2.3094999782224014e-06,7.766721478322223e-06,-4.110576140886252e-06,3.727153999483798e-06,2.21177277134473e-06,-2.6165644557674765e-05,-8.066851149861548e-06,1.7347357677015414e-06,2.938356206521354e-06,4.6459795160366397e-08,2.7626691954135584e-05,-4.536256557509038e-06,-4.793232697682022e-06,1.0269547357664435e-05,-1.0018921491336086e-07,-8.313657573737075e-05,5.914647765705375e-06,2.876914052529115e-06,6.5005668688024466e-06,2.478070247738079e-05,8.127294320814221e-06,-5.401857968030713e-06,6.546845466183559e-06,7.738612655400575e-05,-2.656202799599507e-06,-1.0130730503960258e-05,-8.88712992575197e-05,-1.1455255400961752e-05
GLAD,7.085980802906658e-05,5.74550243437034e-06,-4.099874440951952e-06,3.1336178880967155e-06,5.556903220914941e-05,-2.7694314846554497e-05,-7.133786858257019e-05,2.88213633645699e-05,-2.3153106329403243e-05,-6.699598907225614e-05,3.0776258016714353e-06,4.445587738615367e-06,-2.9025872634293365e-05,8.614546282895099e-06,1.2414236558275394e-05,-2.725525478911301e-06,4.915554122144995e-05,2.8152400357646514e-05,4.441634533711585e-06,1.2079325725211664e-05,-2.7297832068535688e-05,-4.6455812487155044e-05,-1.0658558233819996e-05,1.0911129810089094e-05,-4.827775193512607e-05,-7.508586810410583e-06,-1.3981326653810327e-07,7.027247813939482e-05,1.160456269796481e-06,-4.5689735454860655e-06,5.4868302693237185e-05,8.218102097987972e-07,0.0001332940145344478,-2.1949253207386112e-05,4.088533640947653e-05,2.7010639009988367e-05,7.879225502457675e-06,0.0004718091737620204,1.3079700761562418e-05,-8.202704209154427e-06,-3.597749357295694e-06,-0.00010447741432443032,-4.336682465773059e-06,-6.162685146106097e-06,9.788988734254169e-05,3.601712000865315e-05,-3.5050171801762455e-06,5.741482901310309e-06,-0.0001139002619919618,5.286040625312256e-06
IMKTA,0.0006609298187265898,0.00016582563595099876,0.00013506551962898084,0.0001801004255202858,0.0004085525438300511,0.0001053556388422241,0.00015281457298749808,-9.178037311357445e-05,0.00113009833199056,8.312474066327035e-05,-0.00011783190586387235,0.00014249046445876547,0.00032396519220717374,0.000138364184191267,0.00012697777014552565,-3.7294247638036154e-05,2.8152400357646514e-05,0.0015530613669317436,0.0008086324110221296,0.00019423577736144923,0.0001362837449248891,-0.0001362464105517412,5.638285258856088e-05,5.031561773162363e-05,3.1840869500761966e-05,-3.3631010159521414e-05,2.939444272490839e-05,0.0005700162576052932,-5.4718891194371765e-05,0.00015345105687779873,0.0003794890100675146,-2.3419165214795133e-05,-0.000245901506257357,-0.00039309875884817216,0.0003814445984416318,0.0003238959605445097,0.00011118857470125595,0.0019133959120251655,4.7056701315730314e-05,-0.0001115502489732728,9.928668333279918e-05,0.0002655003525070322,0.00016379614667364772,8.066482822892283e-05,0.0015798391297648497,0.0003898377339693233,-2.026373338096536e-05,0.0002522989353204437,0.0012923598208717363,0.00022976772443623742
ISUN,-0.00029460359727679004,9.740874276093015e-05,0.00010943731675245702,0.00019364673919544258,0.00016542705411011515,0.00019776108189356896,0.00020818066398629967,-0.00019354359166983383,0.0005394953813030783,0.00017321401081460636,-0.0004211134338469615,0.00010670305651264545,0.00017822176428655353,0.0002874435146949964,0.0001787282199992891,-2.3324873553823992e-05,4.441634533711585e-06,0.0008086324110221296,0.0016709401992688676,0.0001520081808597754,0.00033401219309172833,0.00025035233015902937,-2.1975900695396456e-05,-8.848449917990371e-05,0.00013445182357990933,-1.3264877158388845e-05,2.1031856074478605e-05,0.0004762067841219906,-5.1939789860935526e-05,0.00022346057870006812,0.0005341391143719095,-1.8075650448142636e-05,-0.0013581528831357287,-0.00031704404597563427,0.00036131780570379773,0.00010809918112948626,4.7269859827880205e-05,0.0008254156584800253,4.3129670102734023e-05,-3.9612285447235306e-05,9.789301138823314e-05,0.0008293229341982404,0.00013924984185921166,0.00013346768733341497,0.0008043410078656657,-0.00016784156927612272,-1.0412877576456155e-05,0.00026748827909405014,0.0005529201625357816,0.00022937162962909167
JPME,6.092134065157031e-05,8.286920840100607e-05,4.6410319236858354e-05,3.5167490676651204e-05,9.24024567057137e-05,2.072022536357099e-05,5.767537679972713e-05,-3.416574790768584e-05,0.00031125426863190216,2.8073372337437053e-05,-5.867227201482431e-05,3.502630668156706e-05,3.960098911691628e-05,4.512227468640312e-05,3.529450071831692e-05,8.707104627841207e-07,1.2079325725211664e-05,0.00019423577736144923,0.0001520081808597754,4.773965337300653e-05,-1.9533329149022346e-05,4.385095724473779e-05,4.296554199184211e-06,-1.1201028916076514e-05,-9.449439743660367e-06,-4.882225414152916e-06,9.490259224627192e-06,7.318406041653924e-05,-8.546201873505186e-06,5.087093907964671e-05,0.00010268275456550165,-4.577291587351156e-06,-3.604896786622489e-05,-0.00010739604591310806,3.9679669537357553e-05,8.951674107489743e-05,1.958337855843518e-05,9.945412375092719e-05,2.276671013117641e-05,-1.0083427762640717e-06,3.303594097258246e-05,9.658221310374628e-05,5.1096570696371176e-05,3.0483108728528333e-05,0.0002681613453382477,0.00018904147642782404,-6.914831441631669e-06,6.928836039846607e-05,0.00010427989894935149,6.706024019334201e-05
KOR,0.00024002281251141714,-0.00014870742955957274,-9.612724753054605e-05,6.402920568676326e-05,8.473649567069826e-06,0.00011522945215027401,-0.00019618932898506214,0.00015695487075605515,-0.00039620847211330385,-4.039912801171654e-05,-1.6160857955194778e-05,-4.571398181648216e-05,0.00046898555323439655,-5.994804395640919e-06,-0.00017912816030969848,-2.5483916395266216e-05,-2.7297832068535688e-05,0.0001362837449248891,0.00033401219309172833,-1.9533329149022346e-05,0.00067626759838497,0.00023077583674529714,-1.5093014849690738e-05,6.125686213593123e-05,1.160769991060951e-05,9.433255027148607e-06,-3.291800965452019e-05,0.0002423368819103589,3.176069837301122e-05,-5.032957475102142e-05,-0.00014179528388236982,8.884760882793639e-06,-0.0007195024408787765,9.922131853179875e-05,1.1734222831810905e-05,-0.00010436001624927526,-2.083126512937179e-06,-0.00011677546534688061,-3.1812960784145487e-05,5.652966333460638e-05,-5.860966166934863e-05,-0.0002901366778833075,-6.936885635339891e-05,0.00011489872112797438,-0.00017826101614757005,-0.000599559081542343,1.2751974151878896e-05,5.103774588949192e-05,0.0010808485035880388,5.841624291148273e-05
LEDS,-0.0001035028032266652,0.00015604865894864933,4.648994894415258e-05,4.061321512210874e-05,-2.280814719252582e-05,8.077201824274455e-05,3.6140013536605555e-05,-4.5968210439029447e-07,0.000380754250957798,9.141040832544683e-05,-0.00023669001480089815,2.7623730954514987e-05,0.0003695758615873169,5.656419334143875e-05,-7.669972604922907e-06,1.5502848673635296e-05,-4.6455812487155044e-05,-0.0001362464105517412,0.00025035233015902937,4.385095724473779e-05,0.00023077583674529714,0.0006525790406696778,1.076391513000436e-05,-2.3398362075939626e-05,1.671388824009225e-05,3.7843166078401665e-05,5.920527974647443e-06,-8.84851582719055e-05,-5.9680848439387294e-05,5.5431924244802015e-05,-3.5458480054636835e-05,1.7407074298844124e-06,-0.00018964166362959534,-6.63332295033304e-05,-0.00011334797783834388,-7.448401989412092e-05,2.0705307274825175e-05,-0.0015777972751475516,1.926284211256532e-05,6.94278164758888e-05,5.596732375740438e-05,1.6469132402222996e-05,6.312875860103705e-05,0.00014007611812644853,-2.6703225786840144e-05,0.0003021843971387568,-9.950577749323861e-06,7.297812465153381e-05,0.00033269443802801904,6.995278802897784e-05
MCI,6.162562069317774e-05,3.0782897689369522e-06,5.3493705699243444e-06,-1.5637130009103394e-05,7.707606333144686e-06,-1.0806216160739828e-05,3.3969663085743024e-05,-4.295996706167006e-05,5.671018139201627e-05,-1.808088525124037e-05,-1.6682592279798435e-05,1.3345493819290287e-06,4.262898894708477e-05,3.444979593626099e-06,3.1843060659698168e-06,-2.3094999782224014e-06,-1.0658558233819996e-05,5.638285258856088e-05,-2.1975900695396456e-05,4.296554199184211e-06,-1.5093014849690738e-05,1.076391513000436e-05,1.6247920083778754e-05,-1.5860289096917413e-05,7.608318574659501e-06,1.84606249295694e-06,6.250818817085035e-07,-3.156337733652887e-05,-1.2774254711448483e-05,3.0176677275596498e-06,-1.9730854392669392e-05,-9.51332499685843e-07,-6.199004845566093e-07,3.5426523865061427e-06,-1.260407573272428e-05,-1.0814634920752035e-05,3.98067471805791e-06,-9.252775519217074e-05,-6.239573942110142e-06,-2.0603117845535545e-05,7.100756067566194e-07,-1.104565413280003e-05,6.072142467397835e-06,-9.566600636800194e-07,6.221972610621287e-05,4.724132591254248e-05,6.136673070646407e-06,-5.523496334489246e-06,0.00012106485928351268,-6.165911408985993e-06
MSEX,1.3489656945922899e-05,-6.093201155040749e-07,-2.1827845704538266e-05,4.7623510059755474e-05,-1.6482398801038626e-05,1.7908444740259833e-05,-0.0001229315748487127,0.00023628723018417327,2.2420448227600766e-06,5.940573191580897e-05,0.00011787908764585366,4.216947952400304e-06,2.900894611453914e-05,-6.931482250630732e-05,-5.95625452418752e-06,7.766721478322223e-06,1.0911129810089094e-05,5.031561773162363e-05,-8.848449917990371e-05,-1.1201028916076514e-05,6.125686213593123e-05,-2.3398362075939626e-05,-1.5860289096917413e-05,0.00010890786946520282,-1.6992843715836436e-05,6.121846669096005e-06,-4.428486009197494e-07,7.665107519103258e-05,-9.818772457157426e-06,-4.606342113760175e-05,-3.2388128523759996e-05,2.393869426489043e-06,0.0002684391055031819,1.5966110134127495e-05,6.163767887943996e-05,-3.331267836119649e-06,1.093965039301882e-05,0.0004089333977839161,7.1346596429550055e-06,1.712745128720837e-05,-2.4111866543496916e-07,-0.00013017337059024355,-1.915217845741213e-05,-1.6522639097449613e-05,4.99974969400013e-05,1.2501325899087452e-05,-1.988138830515813e-05,-3.957623422249148e-05,-7.921441022027495e-05,-4.3884191464559236e-05
NICE,-0.00014314752518767687,-2.6830590400620204e-05,6.855299207850341e-06,4.383974662636969e-06,-8.303897864030954e-05,3.47599565682294e-05,7.421950632875619e-05,-8.275887687171364e-05,-3.659234285237775e-05,8.239989079644714e-05,-3.4860274734640096e-05,1.1948254645762768e-06,-3.5732744178792275e-05,1.1483576499957737e-05,1.6872133380774555e-05,-4.110576140886252e-06,-4.827775193512607e-05,3.1840869500761966e-05,0.00013445182357990933,-9.449439743660367e-06,1.160769991060951e-05,1.671388824009225e-05,7.608318574659501e-06,-1.6992843715836436e-05,7.62313904455566e-05,3.96568120345969e-06,2.9206333079037433e-06,-3.301113611601765e-05,-3.401792796330424e-06,1.6113496445852512e-05,-6.220720247819854e-06,-2.829858058324987e-06,-0.00017999496048817434,8.933749031044868e-06,7.276184267436111e-06,-4.342106914550084e-05,-6.810960324994767e-06,-0.0002596275700549293,-1.589447921878972e-05,-2.6358049342273146e-06,9.464583417051325e-06,0.00019864862294501702,4.782444342820623e-06,-8.783502815706371e-07,-6.935896657358592e-05,-0.00011800520236322381,7.867766086949451e-07,2.102336620793506e-06,5.0217403283855634e-05,-2.7395472205391674e-06
OVB,-2.5336953021942026e-05,3.5250159930799404e-06,-3.069745664072656e-06,-1.487838573522695e-06,-1.7596752464661068e-05,6.638131100150581e-07,-7.208460817140208e-07,3.0380075143823405e-05,7.71236577809494e-06,9.410694929311078e-06,2.0349540992501716e-06,-1.868883158105313e-06,2.7499782741754597e-05,-9.228105135371697e-06,1.2915768069049763e-06,3.727153999483798e-06,-7.508586810410583e-06,-3.3631010159521414e-05,-1.3264877158388845e-05,-4.882225414152916e-06,9.433255027148607e-06,3.7843166078401665e-05,1.84606249295694e-06,6.121846669096005e-06,3.96568120345969e-06,5.530941044485192e-06,-3.039859166396544e-07,-2.8064828704447757e-05,-1.1079394144153713e-05,-6.609517893781459e-06,-2.142682836942264e-05,7.496845177351231e-07,1.0398298981113241e-05,1.5804077960819637e-05,-8.75242778603109e-06,-2.2987449290236002e-05,-3.551845444542686e-07,-0.00011550090498313204,-2.062634802512942e-06,-1.456248368243802e-06,1.8644873100906625e-07,-1.0757598700959576e-05,-2.140766500160751e-06,-1.5718458038189173e-06,-2.1008962882443066e-05,1.9987063841643245e-05,8.109910029534135e-08,-1.7038743879598695e-05,-1.118551799029092e-05,-1.8682434906560514e-05
POCT,-1.85967570135615e-05,2.5296333787897668e-05,1.4612354579090165e-05,8.106159000549096e-06,8.934713189102992e-06,3.963615882458835e-06,2.1302643469498754e-05,-6.7491723872569945e-06,8.512333821832394e-05,2.182381039945884e-05,-9.291542329849951e-06,1.0196617934456139e-05,-1.6716936038039556e-05,6.800785299813124e-06,1.7300060848341472e-05,2.21177277134473e-06,-1.3981326653810327e-07,2.939444272490839e-05,2.1031856074478605e-05,9.490259224627192e-06,-3.291800965452019e-05,5.920527974647443e-06,6.250818817085035e-07,-4.428486009197494e-07,2.9206333079037433e-06,-3.039859166396544e-07,4.027956711462536e-06,2.01710350112504e-06,-4.071448292869098e-06,1.2538104176498104e-05,2.590753366457433e-05,-1.4288878701079984e-06,2.9626503172168574e-05,-2.6679730628744375e-05,9.088943451276948e-06,1.9985497487789414e-05,3.978008635139041e-06,-3.4591489154051487e-07,6.088683545318537e-06,3.970449807671678e-07,1.1595969655278251e-05,4.6921394956399725e-05,1.4216180079439613e-05,1.1476883319830442e-06,5.3908574257969505e-05,6.461195614018566e-05,-3.709876998597686e-06,1.0698106226899816e-05,-4.175335520256519e-05,9.321689544691751e-06
PRI,0.0002488861731728599,9.869410152861032e-06,1.4755667732012403e-05,0.00013016348218399952,0.00018523533059081675,8.254311187630523e-05,-0.0001362368159483339,6.162839769780514e-05,0.0001357951230310914,1.5348156364429406e-05,-1.8926275108387935e-05,4.560223794199281e-05,7.422830077353205e-05,6.174694807076606e-05,-1.991182714654008e-06,-2.6165644557674765e-05,7.027247813939482e-05,0.0005700162576052932,0.0004762067841219906,7.318406041653924e-05,0.0002423368819103589,-8.84851582719055e-05,-3.156337733652887e-05,7.665107519103258e-05,-3.301113611601765e-05,-2.8064828704447757e-05,2.01710350112504e-06,0.00045521613373276037,3.869946869972152e-05,4.4034217393119225e-05,0.00021863428152887063,-5.051356400178392e-06,-0.00017231174505927764,-0.00017405623079777742,0.00021990867921666742,0.00016535308645848653,3.941500379428083e-05,0.0013886101252190927,3.4764418248973725e-05,2.6122909296039446e-05,2.0787511848125678e-05,-3.988029175050447e-06,2.83050788946209e-05,6.762682103086358e-05,0.0004846100718182344,-0.00015247770086880327,-2.478930805452998e-05,0.00015895829750085832,0.0004389912032442369,0.0001562771051726498
RILYN,2.0284479834036715e-05,-3.0249941733020776e-05,-7.548861541291646e-06,6.593934168469267e-07,-7.251285806306713e-07,1.5865116594911394e-05,-1.7402561411140216e-05,-6.68669913062081e-05,-0.0001389952139387126,8.949812356811067e-07,1.709227124275881e-05,-1.1449717939255353e-05,-7.155918049854925e-05,3.6791315007267636e-06,-4.6719387708592876e-05,-8.066851149861548e-06,1.160456269796481e-06,-5.4718891194371765e-05,-5.1939789860935526e-05,-8.546201873505186e-06,3.176069837301122e-05,-5.9680848439387294e-05,-1.2774254711448483e-05,-9.818772457157426e-06,-3.401792796330424e-06,-1.1079394144153713e-05,-4.071448292869098e-06,3.869946869972152e-05,5.173899407988113e-05,2.0031362196290297e-06,-7.813016577683351e-06,6.382114508274239e-07,-6.471391048424777e-05,-6.452448463049807e-06,-3.2839086726942964e-05,4.0693230077491033e-05,-1.1865073949316291e-05,-4.9227127641638254e-05,-1.2116014091778442e-06,4.12794194556203e-05,-1.044434998718697e-05,5.3810139199440995e-06,-1.121959718084855e-05,1.7299190908742907e-05,-0.0001572203824968837,-0.00014688241280347262,-8.600683917488636e-07,4.2509004856336676e-05,3.8925209533381e-05,5.3291423921691935e-05
RNEM,-3.6911677686993896e-05,9.435920688361078e-05,6.366621457627451e-05,3.3840001207107115e-05,7.563095477528614e-05,3.6386885481730366e-05,0.0001269680977299307,-0.00011403259547933364,0.0003366372608024815,6.454211813837402e-05,-9.801907632838374e-05,3.866266900684721e-05,-1.4017888899652396e-05,7.137659283827584e-05,4.558716403377359e-05,1.7347357677015414e-06,-4.5689735454860655e-06,0.00015345105687779873,0.00022346057870006812,5.087093907964671e-05,-5.032957475102142e-05,5.5431924244802015e-05,3.0176677275596498e-06,-4.606342113760175e-05,1.6113496445852512e-05,-6.609517893781459e-06,1.2538104176498104e-05,4.4034217393119225e-05,2.0031362196290297e-06,7.824134470121458e-05,0.00013115355213583958,-6.473707195804494e-06,-0.00017400893775608995,-0.00012819902451699887,2.0881784346155152e-05,0.00010410305108368762,1.203709850726183e-05,-0.00014637009620596263,2.341186678335141e-05,9.595946019374581e-06,4.282550430451435e-05,0.00024339182803291993,6.620687972197247e-05,3.838213599442187e-05,0.00020807305939753488,0.00017385486914341163,-5.306832902662169e-06,9.441819636703823e-05,5.383976376267515e-05,9.312417375789593e-05
SCWX,-0.00010253760683209923,0.00016211523726342007,0.00010648199782642264,9.508036592187588e-05,0.00017572025084897853,4.578791164776021e-05,0.00012659455995876187,-8.428687667902127e-05,0.0005598523058266264,9.050022700273955e-05,-0.00013586500765497552,8.392701358015963e-05,-0.00013143700584488502,0.0001292019073933212,0.00013977353543664185,2.938356206521354e-06,5.4868302693237185e-05,0.0003794890100675146,0.0005341391143719095,0.00010268275456550165,-0.00014179528388236982,-3.5458480054636835e-05,-1.9730854392669392e-05,-3.2388128523759996e-05,-6.220720247819854e-06,-2.142682836942264e-05,2.590753366457433e-05,0.00021863428152887063,-7.813016577683351e-06,0.00013115355213583958,0.0003565001431926023,-1.2132899373116767e-05,-0.00014895541643757001,-0.000260010637991985,0.0001748962764508529,0.0002127826299873345,3.3394350318026404e-05,0.000749159265982371,6.0326759151798036e-05,-7.768118442053468e-06,7.857729796874034e-05,0.0004120549715794409,0.00011023645486315695,3.06875671943201e-05,0.0005620989477772894,0.0003010812571178491,-2.2814757577986978e-05,0.00015327231417004838,-0.0002234117440047595,0.00014050783257905304
STIP,1.383865671666734e-06,-7.78470423936798e-06,-5.989657773583571e-06,-3.3265920544962696e-06,-6.021145737373097e-06,-2.7237546975028326e-06,-1.19119071532836e-05,9.664156979969431e-06,-3.320140730509083e-05,-7.453518164535562e-06,5.917441734165438e-06,-4.09178722738695e-06,4.3942113278954946e-06,-5.041364860298937e-06,-5.9997742097996724e-06,4.6459795160366397e-08,8.218102097987972e-07,-2.3419165214795133e-05,-1.8075650448142636e-05,-4.577291587351156e-06,8.884760882793639e-06,1.7407074298844124e-06,-9.51332499685843e-07,2.393869426489043e-06,-2.829858058324987e-06,7.496845177351231e-07,-1.4288878701079984e-06,-5.051356400178392e-06,6.382114508274239e-07,-6.473707195804494e-06,-1.2132899373116767e-05,7.515055062794875e-07,5.9704158169356074e-06,1.1837590311866407e-05,-5.2247883213517235e-06,-9.533004290423118e-06,-1.630555149289722e-06,-9.047671491516774e-06,-1.7728835078451057e-06,1.017040065144365e-06,-4.206170663861412e-06,-2.3599199729775276e-05,-6.033157566060862e-06,-1.3715791144885112e-06,-2.7280956932861076e-05,-1.7168141398898767e-05,7.690664358641213e-07,-7.0324077469225524e-06,-3.9212256371451225e-06,-6.570443356634561e-06
TBPH,0.00019768228358074945,0.00013879538328576387,3.5201551065419225e-08,-5.296341919296087e-05,-0.00010318770932830021,-0.0002264705563837034,-0.00042277848194153487,0.0003524333230461572,0.00012111627737814951,-4.684968796840059e-05,0.00034673456312396235,3.0787191006476276e-05,-0.00043884383328900395,-0.00026784424049503447,0.00011496621598607935,2.7626691954135584e-05,0.0001332940145344478,-0.000245901506257357,-0.0013581528831357287,-3.604896786622489e-05,-0.0007195024408787765,-0.00018964166362959534,-6.199004845566093e-07,0.0002684391055031819,-0.00017999496048817434,1.0398298981113241e-05,2.9626503172168574e-05,-0.00017231174505927764,-6.471391048424777e-05,-0.00017400893775608995,-0.00014895541643757001,5.9704158169356074e-06,0.0026991154740191483,1.298540994529537e-05,4.826756538752188e-06,-1.4612243253368669e-05,5.182266882605853e-05,0.001138239398704364,4.4414766042742123e-05,-1.514766782685061e-07,3.771303801105964e-05,-0.0007861052167406608,-3.875050414825073e-05,-0.00016706367354933968,0.00016875921147703696,0.0009003306121995961,-7.67792125231183e-05,-0.00023090741706027114,-0.0015095720357013514,-0.00023338090100994492
UBT,-4.058355534333468e-05,-0.0002067262942122731,-0.0001208621070517675,-9.763213040724422e-05,-0.0001848718717133356,-6.761222521706711e-05,-0.00014376350305356168,9.685352472355843e-05,-0.000720160957217751,-0.0001335782905082115,0.00011453962209957844,-8.712762189704015e-05,2.7809488074260953e-05,-9.926588078212686e-05,-8.550132231717641e-05,-4.536256557509038e-06,-2.1949253207386112e-05,-0.00039309875884817216,-0.00031704404597563427,-0.00010739604591310806,9.922131853179875e-05,-6.63332295033304e-05,3.5426523865061427e-06,1.5966110134127495e-05,8.933749031044868e-06,1.5804077960819637e-05,-2.6679730628744375e-05,-0.00017405623079777742,-6.452448463049807e-06,-0.00012819902451699887,-0.000260010637991985,1.1837590311866407e-05,1.298540994529537e-05,0.00027822302177439335,-8.523550047109174e-05,-0.00024652360427067496,-3.9479519175718956e-05,-0.00016231824901874692,-6.0282261741972067e-05,-3.342362594080385e-05,-8.910063991993132e-05,-0.0003243803401811174,-0.00012610290638939389,-7.067115099001381e-05,-0.0005295980231521638,-0.00042850844815645896,2.7481046877774957e-05,-0.00018369595343495604,-5.863652973256651e-05,-0.0001818175116460777
