,AGYS,AMRN,ANF,AZUL,BCI,BDL,BE,BGX,BILL,BSBE,CACI,CGA,CMPI,CPSI,CWH,EAOM,FCTR,FELE,FT,GMF,GOGL,HII,HSC,INDF,LEGH,MEIP,MERC,OPRA,QTEC,RLI,ROBT,STRS,TD,TIGR,TLK,VHC,WIMI,WUGI,ACB,CERE,CRSR,DFEN,HEES,ISD,MARA,RYAM,SRLP,XTN,PCH,EIG
AGYS,0.0003849489900450513,-0.0008428560164396927,-6.806050049037482e-05,-0.00013718256229441835,8.60990091818803e-05,2.7711914456870693e-05,-0.0003798518750964059,0.00011070470044608982,0.0002529964584730044,0.00012161220535843455,1.7155092001678625e-05,-8.997559760589593e-05,0.0001208929510885651,0.00017087313525953015,8.773137780017257e-05,8.98652101146525e-05,8.925031460165622e-05,-0.00017282505163694457,5.603977733749039e-05,2.2699067389653788e-05,0.00024562795048450837,0.00019645355961664631,-0.00016551360964993242,0.00011431410792737848,3.9103001390987336e-05,4.1883274664586734e-05,-0.00043849620259942375,0.00019088554572238434,1.3834407075803716e-05,-0.0003183553165754433,-1.2475488908192948e-07,-0.0005070969418032427,9.681510169276634e-05,-0.00038490265631634297,4.541546635176129e-05,0.00014523562550848904,0.0003189724234497418,9.346984958631205e-07,0.0005742277455598768,8.76155458551494e-05,0.0004267146225109996,-0.0002543881191251461,-0.0004764668963663738,0.00011727282974186027,0.000698792806637,0.000679715168989377,0.0002495641032634392,-3.964783261241791e-05,4.533876249143459e-05,4.783866762321023e-05
AMRN,-0.0008428560164396927,0.00229420757436349,4.765355397719376e-05,0.0005044063326356493,-0.0003506483708503651,-0.0002633160401174361,0.0010670273798343028,-0.00038932164749902714,-0.000635362881965506,-0.0003972144305809533,-0.00012336345356041864,-0.0003013922109182348,-0.00012956434760594623,-0.00043117410050571425,-8.931386866200312e-05,-0.0002874080862953335,-0.00020424103605850674,0.0003165519185537575,-0.00019922699680419517,-0.00017265187619604563,-0.0003374875425514244,-0.0005153708520190971,0.0002864189111348549,-0.0006121555416396868,-0.00014091221483218008,0.00015066109668917003,0.0006538978091641776,-0.0003025210707272488,4.914526229487886e-05,0.0007685612303657461,-4.055205809160043e-06,0.0013745098681859156,-0.00037323675666418594,0.003463915397977534,-0.0002876937157487233,0.0001266979607475167,0.0005157240317212712,6.568947038369708e-05,-0.0013001762532967504,-0.00038917032768335483,-0.00108918738196992,0.0009009733080353407,0.0010183646624623848,-0.00039716040367616484,-0.0012556882212975487,-0.0010478275889601175,-0.0005976745356428994,6.740078642699686e-05,-0.0001893759981155008,-0.0002726687004752065
ANF,-6.806050049037482e-05,4.765355397719376e-05,0.00010616993874974547,0.00025614176104586737,1.9307946279860947e-05,-2.3243502747308923e-05,-3.386175550630873e-05,1.6452764676071874e-05,-2.0117609876783228e-05,8.359878737014048e-07,2.291238938701483e-05,0.0002758444217027362,-3.159179380648748e-05,-1.4451156799529742e-05,-1.644119909506056e-05,-3.872107293197184e-06,-2.091126739002149e-05,3.0341199925128378e-06,2.0266968220931018e-06,1.298538416199258e-05,-0.00015156615679827934,3.3263677987146076e-05,0.00028873777217842023,2.385807391060916e-05,4.9144681810165674e-05,-0.00019360212330989433,9.150061275883605e-05,0.0001211082733152409,-1.6085447806819433e-05,4.6516762225368495e-05,-1.770003989760041e-05,0.000262745242557058,5.818844770472523e-05,-0.0006443723902827481,-1.0196936594146439e-05,-7.858807858732274e-06,-0.00025213347446926616,-3.2163604573145185e-05,-0.00032791594077273507,-0.00011365264638758921,1.551855700478375e-05,0.00014111865237392997,0.00015468253980375693,1.5960837449968302e-05,-0.0009945808029631178,-0.00021504593922796214,-5.747773046235859e-05,6.68011593625897e-05,-8.479959386956805e-06,-2.1927322496237216e-05
AZUL,-0.00013718256229441835,0.0005044063326356493,0.00025614176104586737,0.0020999962460996812,-0.00023335143454109969,-9.707666282245623e-05,0.0004973738283393867,-0.0001121290833825281,-0.00042033937227319923,-0.0002292193908819974,3.13636938401653e-06,0.00040665035137997204,0.00020894060763528092,-6.72382301843105e-05,0.0002669522760523399,-0.00017433222432386788,-9.302143008053967e-05,0.00011799887412297235,-1.2358972333943886e-05,-0.00023693103546357144,-0.0011041700442681493,0.00011126821545540945,0.0008982977640575703,-0.0002968933127616008,0.0004236893951035909,-0.00044191347408285045,-0.00040799934185974866,0.0009028353765104664,-3.762424518372504e-06,0.0004270113043929352,-0.00017814211508134067,0.0011538575865948542,0.00014208286343941027,0.0005186554159470685,0.00011286214477181986,0.0006593501649112057,0.0006286097026613907,-0.00021960807650440328,-0.000994435270944627,-0.0011025369473780526,-0.0004883802685966164,0.001923223980408471,0.0005919234085390863,-6.341827705170391e-05,-0.001732757413696355,0.00169029548864377,-0.00011449293815373975,0.00045152186501171436,-0.0003453823994193042,-0.0002607086064800687
BCI,8.60990091818803e-05,-0.0003506483708503651,1.9307946279860947e-05,-0.00023335143454109969,9.459468193261168e-05,4.602387528396539e-05,-0.0002296516164436223,8.010435027714087e-05,0.00012970555564673037,8.828266218510877e-05,3.1512701037270605e-05,0.00015199130046795185,-3.7773207993857366e-05,5.758520480441241e-05,-4.091075267609037e-05,6.251063189805687e-05,2.7424551595847666e-05,-4.9159146335017964e-05,3.1590285683465044e-05,6.791169417014645e-05,0.0001036267788694497,6.917748875763913e-05,-6.7821423579224986e-06,0.00014975913293998477,-1.3030538439602799e-05,-7.098149355432175e-05,4.316215675313651e-05,-3.368610966194871e-05,-1.85783632369393e-05,-0.00013263991564511058,1.635974020698561e-05,-0.00020807495796418903,6.51980162893107e-05,-0.000982460969668146,2.570311966532368e-05,-0.00013821274176097878,-0.00035356639448464746,1.7917896677943503e-06,0.00013000505463567292,0.00015378996408171782,0.00021671147812546754,-0.00032423329590966564,-0.0001244396767381231,7.365830117743696e-05,-0.0001331362541603964,-0.00024422762804327837,6.192948110752544e-05,-3.528297491569035e-05,7.192814440122101e-05,6.828199537650319e-05
BDL,2.7711914456870693e-05,-0.0002633160401174361,-2.3243502747308923e-05,-9.707666282245623e-05,4.602387528396539e-05,0.0002257084472886796,3.8470307273775966e-05,6.681938962051354e-05,-4.331713682808736e-05,4.575480041536416e-05,4.068632196256668e-05,9.361089520709787e-05,-3.80828939754609e-05,3.791754306238063e-05,-1.210760460673645e-05,3.513338607315461e-05,8.23699556375041e-06,0.00012480082852796338,6.188875713695175e-05,2.862792939756343e-05,-0.0002679895732318877,1.7467238843856043e-05,-0.00021661677637480336,0.00022170566390165963,7.406418115392635e-05,4.794185553720492e-06,9.51508289010744e-05,-0.00013920622111520038,-5.3858795619550126e-05,1.3838414319914882e-05,-1.1375363063789943e-05,-0.00038144717301320796,7.346939182834326e-05,-0.0012025210848984709,0.00024210659444706461,-0.00028295206819906217,-0.0006298701954250499,-6.949100121725852e-05,0.00031724358859750395,9.988472809705732e-05,-9.11510883228355e-05,-3.8724248152208015e-05,-2.870355248568491e-05,7.399810223608947e-05,0.0011067989494222474,0.00034648907291077763,9.129280202059803e-05,2.32119143648906e-05,2.233456828222698e-06,0.00013524773240706286
BE,-0.0003798518750964059,0.0010670273798343028,-3.386175550630873e-05,0.0004973738283393867,-0.0002296516164436223,3.8470307273775966e-05,0.0007537719369433048,-0.00019676127172764667,-0.0004570366144144542,-0.00023340534453736812,-5.4880839008847806e-05,-0.0002583289263714531,-5.770994603938882e-06,-0.0001962214893554972,3.554765547341885e-05,-0.0001649546212196466,-0.00010277647886304292,0.0002905929797454431,-5.983162195003249e-05,-0.00014582481565806737,-0.0005311104303295706,-0.00025621664812656476,-7.555067269879724e-05,-0.0002492595438441236,5.11822513339521e-05,0.00016181690569005893,0.00020317577995297145,-0.00014199681023942032,-1.050669913993056e-06,0.0004768675738129566,-4.179238719407513e-05,0.00045460651987045504,-0.00015656795945222232,0.0016629347947985911,8.32034621838208e-05,3.4407974939017624e-05,0.00021047909968764617,-4.768665365279849e-05,-0.0003542088898040096,-0.0003087538816101296,-0.0007847918317119833,0.0008191637426662174,0.000504830280630452,-0.00018118051117854862,0.0007809147625416937,0.00042396540552717466,-0.00020833710365752037,0.0001080279036822687,-0.00018268738508092552,-8.391437749362575e-05
BGX,0.00011070470044608982,-0.00038932164749902714,1.6452764676071874e-05,-0.0001121290833825281,8.010435027714087e-05,6.681938962051354e-05,-0.00019676127172764667,8.038624114465799e-05,0.00010581785895173265,7.945990308399262e-05,3.284907958287172e-05,0.00014266827404655003,-1.0828950537718145e-05,6.776928630963061e-05,-1.0723424173816143e-05,5.650615760708982e-05,2.884270945617884e-05,-3.5879177856323e-05,3.97324121036195e-05,4.889346773363189e-05,1.9262825482113078e-05,8.576536492574573e-05,-1.168618881214449e-05,0.00014878272912744044,2.5408998612109347e-05,-7.207356594774356e-05,-2.3979865050132287e-05,2.01879056900126e-05,-2.085597256998215e-05,-0.00011967999163955657,2.6385242899566256e-06,-0.00022200107714126345,8.028566897561162e-05,-0.0009670994589084252,6.537816788154586e-05,-0.00010004590426691423,-0.00030042081074210174,-1.8989220236087858e-05,0.0001668568891285431,9.235726763199448e-05,0.00018504596364325056,-0.0001982084144111861,-0.00012979840132402434,7.944889054846252e-05,4.890586720620579e-05,1.8219734175667522e-05,8.571511758183587e-05,-7.300438343439305e-06,4.572581196207404e-05,6.604840329543905e-05
BILL,0.0002529964584730044,-0.000635362881965506,-2.0117609876783228e-05,-0.00042033937227319923,0.00012970555564673037,-4.331713682808736e-05,-0.0004570366144144542,0.00010581785895173265,0.0002969276953562943,0.00013869219393407062,1.918603530391148e-05,3.4638015249896875e-05,1.6254493837040157e-05,0.00011985935292557323,-1.8821295130085235e-05,9.95067133287957e-05,7.031884109937541e-05,-0.00019552829788463687,2.7252532063210712e-05,8.384501438184162e-05,0.0004329122996100026,0.00013799728990299668,-4.7799909438344233e-05,0.00011737767329137942,-6.683598053742413e-05,-1.9110304175437664e-05,-0.000161270576544069,4.314611129527054e-05,1.3856564915986674e-05,-0.0003147107318861457,3.6585636280257794e-05,-0.00034080639850702727,6.0604118430381595e-05,-0.0006152474824686789,-8.124913551616098e-05,7.867090496786549e-06,3.8400591073202805e-05,5.405459468449269e-05,0.0003097366192204978,0.00023520488830310626,0.0004894070470612497,-0.0005769685964603101,-0.0003685511694633724,9.471101263687505e-05,-0.00022380796792497728,-0.00025564080600679637,0.00013661458716900926,-0.00010127195304978576,0.00011954866390055609,4.533448116939916e-05
BSBE,0.00012161220535843455,-0.0003972144305809533,8.359878737014048e-07,-0.0002292193908819974,8.828266218510877e-05,4.575480041536416e-05,-0.00023340534453736812,7.945990308399262e-05,0.00013869219393407062,8.837613933399638e-05,2.7245550862595e-05,9.908256000730549e-05,-1.5803246563059267e-05,6.939394626835113e-05,-2.301069175893232e-05,6.334355513406967e-05,3.479606733212116e-05,-6.000322441416635e-05,3.347158844032144e-05,5.883870639374084e-05,0.000122357794663534,7.862965620350741e-05,-4.670178971437675e-05,0.00013931343036701325,-8.810703484694324e-06,-4.1403876434028125e-05,-2.0031478551055484e-05,-1.5610506522903137e-05,-1.3435730333741213e-05,-0.00015084779318937745,1.471685763910353e-05,-0.000254746956100937,6.266230739405126e-05,-0.0008359375809361948,3.0141357184699063e-05,-0.00010121921374451465,-0.0002484403029205033,2.989795059339748e-06,0.00020097591478591926,0.0001474419431657108,0.0002286887359591398,-0.00031043786522721994,-0.00017012051187439403,7.49504491160003e-05,4.90770901312184e-05,-0.00010671867717098098,8.566012257060483e-05,-3.831904974355565e-05,6.597516490243168e-05,6.56014290914084e-05
CACI,1.7155092001678625e-05,-0.00012336345356041864,2.291238938701483e-05,3.13636938401653e-06,3.1512701037270605e-05,4.068632196256668e-05,-5.4880839008847806e-05,3.284907958287172e-05,1.918603530391148e-05,2.7245550862595e-05,1.8361957311094416e-05,0.00010554130473215232,-1.5692608626484668e-05,1.9003539150834123e-05,-9.42244439155682e-06,1.879187225721623e-05,4.2460415611676515e-06,6.690343249105899e-06,1.8277019403923775e-05,2.013383151111399e-05,-5.550598667312184e-05,3.0315717576344302e-05,2.7620286709512e-05,7.224723854387933e-05,2.3919434204002813e-05,-5.721511588665674e-05,2.848328721318879e-05,8.613878027141682e-06,-1.551667652067404e-05,-2.0632366765102333e-05,-3.57779885264728e-06,-5.310042465300522e-05,4.127532439293535e-05,-0.0005382443055562985,4.398637525111131e-05,-6.642709977134386e-05,-0.0002137031656788085,-1.924214824799292e-05,1.5950005268590134e-05,1.7474615869989537e-05,4.12322789822819e-05,-3.522000512762012e-05,-5.825738471693995e-06,3.311791441344975e-05,-5.571428546474347e-05,-9.051205800784738e-06,2.1086665989776454e-05,1.3012684085934021e-05,1.1963494181754146e-05,3.036547177353888e-05
CGA,-8.997559760589593e-05,-0.0003013922109182348,0.0002758444217027362,0.00040665035137997204,0.00015199130046795185,9.361089520709787e-05,-0.0002583289263714531,0.00014266827404655003,3.4638015249896875e-05,9.908256000730549e-05,0.00010554130473215232,0.0008801490732019629,-0.00013299437961447597,2.961202526019606e-05,-8.361804622349646e-05,6.012879114089936e-05,-2.6679249670407128e-05,3.06570863909593e-05,6.272358399278633e-05,0.00010503399944576326,-0.00043585054567196155,0.00015046382780647537,0.0006221324359237584,0.00029891641717248767,0.0001511755055041063,-0.0005515949845751356,0.00032210936571575884,0.0002078079238154707,-8.410736126692004e-05,1.5876083844680746e-05,-3.6941582995240826e-05,0.000304905946675395,0.00023983612104067306,-0.003080313857225979,0.00011769661547835443,-0.0002817777000656269,-0.0012640710918730466,-0.00011553510129969953,-0.0005703741216272333,-0.00010930111055359907,0.00017353596565324015,6.694877271081909e-05,0.0002784899902233647,0.0001394994731163764,-0.0020950699254024853,-0.0005870367373170362,-5.0130234971697545e-05,0.00015233246786103697,4.020453696540851e-05,6.999702694823024e-05
CMPI,0.0001208929510885651,-0.00012956434760594623,-3.159179380648748e-05,0.00020894060763528092,-3.7773207993857366e-05,-3.80828939754609e-05,-5.770994603938882e-06,-1.0828950537718145e-05,1.6254493837040157e-05,-1.5803246563059267e-05,-1.5692608626484668e-05,-0.00013299437961447597,9.863748253299389e-05,3.8371814822738906e-05,8.58212567891313e-05,-1.0162317406882392e-05,1.959352966682421e-05,-5.332302413627395e-05,1.0946660068665945e-06,-4.964881446140484e-05,9.640689025793001e-06,5.372664975735218e-05,-1.4916224412384459e-05,-7.675035042411243e-05,4.5358252001632874e-05,4.557407890778762e-05,-0.0002723706523164324,0.00017334825561775568,2.2897989938487562e-05,-4.3982686343039904e-05,-1.9831493729215583e-05,-2.0380812354592955e-05,5.4418869498431446e-06,0.0005907107719405114,-5.588788599934612e-06,0.000219280393258655,0.0004733667794345908,-7.634779962658253e-06,0.00011935282256733954,-0.00012671085821440006,4.160444384326971e-05,0.00020041264117068964,-0.00011564326119017077,-1.1248837872669977e-06,0.0002687790551938453,0.0005658712591121042,6.794622390249246e-05,2.681167441718982e-05,-4.5212628571565545e-05,-4.595753272606326e-05
CPSI,0.00017087313525953015,-0.00043117410050571425,-1.4451156799529742e-05,-6.72382301843105e-05,5.758520480441241e-05,3.791754306238063e-05,-0.0001962214893554972,6.776928630963061e-05,0.00011985935292557323,6.939394626835113e-05,1.9003539150834123e-05,2.961202526019606e-05,3.8371814822738906e-05,8.32952888774013e-05,2.835466732763892e-05,5.0418249283214206e-05,4.0169347223271844e-05,-6.816416461021337e-05,3.4993541025767056e-05,2.4015229582224752e-05,7.276328672176541e-05,0.00010028975792799439,-5.4719951595959667e-05,9.575080226469017e-05,2.8950429053725137e-05,-1.7753812465062134e-05,-0.00015995639454955728,7.939558142879839e-05,-4.278903865018766e-06,-0.00014769084932056596,-1.2494893537778476e-06,-0.0002498141301079591,6.598311449907805e-05,-0.0005121621866040943,4.601483865166412e-05,1.3167838684541206e-05,-1.0690224001842344e-05,-1.0641665811102078e-05,0.00025226285555827153,5.414509216167664e-05,0.00020671677051253885,-0.00014006467070162653,-0.00020398901639289568,7.032033001908976e-05,0.0002575067092586263,0.00026234912722006515,0.00011719690245115042,-1.06912167600014e-05,2.8754433203398578e-05,4.082515220794111e-05
CWH,8.773137780017257e-05,-8.931386866200312e-05,-1.644119909506056e-05,0.0002669522760523399,-4.091075267609037e-05,-1.210760460673645e-05,3.554765547341885e-05,-1.0723424173816143e-05,-1.8821295130085235e-05,-2.301069175893232e-05,-9.42244439155682e-06,-8.361804622349646e-05,8.58212567891313e-05,2.835466732763892e-05,8.148780770502224e-05,-1.5747451608610442e-05,1.0553595988698447e-05,-2.0124185831472517e-05,5.4894153655855785e-06,-5.1006620401547416e-05,-8.020700136311215e-05,4.611816772828851e-05,7.1878115614143684e-06,-5.818102235275999e-05,6.500970410046923e-05,1.936226329469972e-05,-0.00022681454092298285,0.00016653519896301703,1.2947770488496372e-05,-5.944173902928998e-06,-2.6313734892822794e-05,7.352468676924019e-06,1.5787042573858924e-05,0.0004107814504239627,2.651570176763477e-05,0.00018087506576671395,0.00035345380454330144,-2.4320730043141456e-05,7.560790422825822e-05,-0.00014984407809933993,-1.1916748864363738e-05,0.0002630974731322595,-6.001597934203114e-05,4.1949557186272264e-07,0.00026060286067328,0.0005800487897181064,5.5235107799890077e-05,4.7168511554777074e-05,-5.580269263634065e-05,-3.737283031049862e-05
EAOM,8.98652101146525e-05,-0.0002874080862953335,-3.872107293197184e-06,-0.00017433222432386788,6.251063189805687e-05,3.513338607315461e-05,-0.0001649546212196466,5.650615760708982e-05,9.95067133287957e-05,6.334355513406967e-05,1.879187225721623e-05,6.012879114089936e-05,-1.0162317406882392e-05,5.0418249283214206e-05,-1.5747451608610442e-05,4.559903670711101e-05,2.5755131837266988e-05,-4.212959724487904e-05,2.424368254073033e-05,4.161472483789566e-05,9.154561444428235e-05,5.4965188010485435e-05,-4.648105392085094e-05,9.99389763166963e-05,-7.690494916952638e-06,-2.1679289576590768e-05,-1.762091699906861e-05,-1.6789230049664002e-05,-9.294705668049127e-06,-0.00010948297851715522,1.1112006311801489e-05,-0.00019508263043814596,4.290539924251484e-05,-0.0005784731649703629,2.3618577982321932e-05,-7.366061328736902e-05,-0.0001710569393878868,2.9292268895160856e-06,0.00015898960244971108,0.00011035411689861523,0.00016199673191778175,-0.00022727209216721444,-0.00012796893362386166,5.3369298625148816e-05,8.311203325199266e-05,-6.442591613558976e-05,6.41669924583042e-05,-2.983955945336638e-05,4.739044181566282e-05,4.859934001012243e-05
FCTR,8.925031460165622e-05,-0.00020424103605850674,-2.091126739002149e-05,-9.302143008053967e-05,2.7424551595847666e-05,8.23699556375041e-06,-0.00010277647886304292,2.884270945617884e-05,7.031884109937541e-05,3.479606733212116e-05,4.2460415611676515e-06,-2.6679249670407128e-05,1.959352966682421e-05,4.0169347223271844e-05,1.0553595988698447e-05,2.5755131837266988e-05,2.256825606071336e-05,-4.299668544628324e-05,1.290312115541551e-05,1.3163362502172976e-05,8.831905474637866e-05,4.1344900567902893e-05,-5.870356185621597e-05,3.5524266648463916e-05,-4.056362812178357e-06,1.8907790111022643e-05,-8.306725103743983e-05,1.6743889960603952e-05,2.956249914390591e-06,-8.447515698959536e-05,5.401175351732445e-06,-0.00014418676347445857,1.8424697303384384e-05,-0.00011728416631051607,5.6094207843311755e-06,1.1503090508800776e-05,4.6132485926901444e-05,6.777724613422572e-06,0.00015251140248374835,5.276007836379387e-05,0.00011267980956832709,-0.00011671123883368399,-0.00012253701931807715,2.868614248761764e-05,0.0001854250711384608,9.077865602371256e-05,5.816475265494623e-05,-2.2092959819279673e-05,2.1332874472807766e-05,1.8415266855567587e-05
FELE,-0.00017282505163694457,0.0003165519185537575,3.0341199925128378e-06,0.00011799887412297235,-4.9159146335017964e-05,0.00012480082852796338,0.0002905929797454431,-3.5879177856323e-05,-0.00019552829788463687,-6.000322441416635e-05,6.690343249105899e-06,3.06570863909593e-05,-5.332302413627395e-05,-6.816416461021337e-05,-2.0124185831472517e-05,-4.212959724487904e-05,-4.299668544628324e-05,0.00017980180912558828,6.358175476232324e-06,-2.389166703426197e-05,-0.0003445044727061496,-9.642974751838821e-05,-7.656613282615689e-05,3.611430037487322e-05,4.7272917619984776e-05,1.7508834301461706e-05,0.00021207371020401215,-0.0001470851855142436,-3.4263277406939895e-05,0.0002016022554763398,-1.7580921286381444e-05,4.008225399507763e-05,-1.6185683511548906e-05,-0.00021450301778718265,0.00014132793421398206,-0.00018200938176745566,-0.0003890421182188512,-5.219243813640903e-05,-7.182410866007376e-05,-4.8777718963938505e-05,-0.0003394483225481708,0.00024700886921196467,0.000230498557316611,-2.9782144168207544e-05,0.0005565115164600109,0.0001150030828483768,-6.365522546891954e-05,5.308720326421799e-05,-5.4208317182614077e-05,4.098936314676157e-05
FT,5.603977733749039e-05,-0.00019922699680419517,2.0266968220931018e-06,-1.2358972333943886e-05,3.1590285683465044e-05,6.188875713695175e-05,-5.983162195003249e-05,3.97324121036195e-05,2.7252532063210712e-05,3.347158844032144e-05,1.8277019403923775e-05,6.272358399278633e-05,1.0946660068665945e-06,3.4993541025767056e-05,5.4894153655855785e-06,2.424368254073033e-05,1.290312115541551e-05,6.358175476232324e-06,2.619500192648842e-05,1.5598770973647393e-05,-5.614712263205297e-05,4.163258332503361e-05,-3.453108966788047e-05,8.519110514446771e-05,3.305736973304645e-05,-2.7117169709608523e-05,-2.266068585912586e-05,9.897921132024601e-06,-1.5604183746989414e-05,-4.046569367335466e-05,-5.354954532998038e-06,-0.00014036600819402375,4.578631275372901e-05,-0.0005186675408698303,7.025401646250801e-05,-6.0140974791849836e-05,-0.00017492209057876515,-2.3556439250573234e-05,0.00011957283953271589,2.636845146854401e-05,4.924333152612442e-05,-3.646876975711413e-05,-5.6915432193626834e-05,4.228741061044578e-05,0.00022789775862358788,0.00014767980601069846,5.382630843856462e-05,1.0038673859657139e-05,8.532816661406032e-06,4.187137462102296e-05
GMF,2.2699067389653788e-05,-0.00017265187619604563,1.298538416199258e-05,-0.00023693103546357144,6.791169417014645e-05,2.862792939756343e-05,-0.00014582481565806737,4.889346773363189e-05,8.384501438184162e-05,5.883870639374084e-05,2.013383151111399e-05,0.00010503399944576326,-4.964881446140484e-05,2.4015229582224752e-05,-5.1006620401547416e-05,4.161472483789566e-05,1.3163362502172976e-05,-2.389166703426197e-05,1.5598770973647393e-05,5.626638422363735e-05,9.830779575943302e-05,2.3095131146177897e-05,-1.4856213786192784e-05,0.0001032875131033525,-3.299656758981401e-05,-4.0418509163778554e-05,9.779973204630774e-05,-7.955373978220905e-05,-1.3846839268138923e-05,-7.770654098140039e-05,1.9476334350812127e-05,-0.0001292164075090139,2.929873879710872e-05,-0.0006716050822386544,2.7301125683327584e-06,-0.0001382679661735648,-0.00030831890807294174,1.1727145715600257e-05,5.871001571766958e-05,0.00014444022944033735,0.00013169401351718806,-0.0002850379282748838,-5.812744556204501e-05,4.121571781424196e-05,-0.00014360012027300718,-0.0003381254940433738,1.8290836473973403e-05,-3.986228660234624e-05,6.152702445301346e-05,5.162057200674017e-05
GOGL,0.00024562795048450837,-0.0003374875425514244,-0.00015156615679827934,-0.0011041700442681493,0.0001036267788694497,-0.0002679895732318877,-0.0005311104303295706,1.9262825482113078e-05,0.0004329122996100026,0.000122357794663534,-5.550598667312184e-05,-0.00043585054567196155,9.640689025793001e-06,7.276328672176541e-05,-8.020700136311215e-05,9.154561444428235e-05,8.831905474637866e-05,-0.0003445044727061496,-5.614712263205297e-05,9.830779575943302e-05,0.0011528129428366653,1.4835875910015373e-05,-0.0002827163361124982,-0.00010998789365223422,-0.00032715979553792583,0.0002749091766534517,-0.0001608069054798019,-0.00019601974409427832,9.156200565033663e-05,-0.0004296587918836508,0.00011640822266051527,-0.0003565691942692083,-0.0001414533636328795,0.0013670354953410403,-0.0003995907607145472,0.00013997282251199136,0.0007908251983975018,0.00022809417382825266,0.0004067341785650558,0.0005129402228524739,0.0006317553673243798,-0.0011471140811946808,-0.0005505047918904647,-1.4704748368400219e-05,-0.00024585894839660057,-0.0010657769851616554,6.458347431571714e-05,-0.00030990968854232854,0.00021142415321043838,-3.188982832916663e-05
HII,0.00019645355961664631,-0.0005153708520190971,3.3263677987146076e-05,0.00011126821545540945,6.917748875763913e-05,1.7467238843856043e-05,-0.00025621664812656476,8.576536492574573e-05,0.00013799728990299668,7.862965620350741e-05,3.0315717576344302e-05,0.00015046382780647537,5.372664975735218e-05,0.00010028975792799439,4.611816772828851e-05,5.4965188010485435e-05,4.1344900567902893e-05,-9.642974751838821e-05,4.163258332503361e-05,2.3095131146177897e-05,1.4835875910015373e-05,0.00015081689810469187,9.33172537723602e-05,0.00010318098376142852,7.026362489241941e-05,-0.00011542984468927504,-0.00021054854289056303,0.00020654447528721173,-6.848485856654746e-06,-0.0001629382466671581,-1.5561773212052557e-05,-0.00015158598555321492,0.0001099913345905417,-0.0007882375643281654,4.163352814552182e-05,7.220323415836932e-05,-1.805373422338356e-05,-3.0126306182930835e-05,0.00014481120383203427,-2.9970689719750916e-05,0.00026895283621190434,-4.2139556902688337e-05,-0.00018791778048272186,9.069921670162574e-05,-0.00019621586542262066,0.0003249165943483422,0.00012328086661688958,2.9217229521911407e-05,1.8939654119376343e-05,2.2272044131374258e-05
HSC,-0.00016551360964993242,0.0002864189111348549,0.00028873777217842023,0.0008982977640575703,-6.7821423579224986e-06,-0.00021661677637480336,-7.555067269879724e-05,-1.168618881214449e-05,-4.7799909438344233e-05,-4.670178971437675e-05,2.7620286709512e-05,0.0006221324359237584,-1.4916224412384459e-05,-5.4719951595959667e-05,7.1878115614143684e-06,-4.648105392085094e-05,-5.870356185621597e-05,-7.656613282615689e-05,-3.453108966788047e-05,-1.4856213786192784e-05,-0.0002827163361124982,9.33172537723602e-05,0.0009141002104954592,-0.00012055589481733816,0.00011673102598916719,-0.0005041646736253159,6.983900642976734e-05,0.0004963826798510266,-5.143430058989361e-07,0.00012548317438420937,-5.4351279857787865e-05,0.0009695691601476427,0.00010986816743400683,-0.0006596754067693215,-0.00017157054364841032,0.00026065557161377264,-6.612324426504132e-05,-5.3500697747046115e-05,-0.0010550014847483535,-0.0004549406754724032,7.286974037706191e-05,0.0005606142605535857,0.00041475981083452897,-1.1570186617249016e-05,-0.0032258255285536087,-0.000491700456107746,-0.00019121514436982616,0.00018993024663813731,-5.8068681521497576e-05,-0.00016970013560051975
INDF,0.00011431410792737848,-0.0006121555416396868,2.385807391060916e-05,-0.0002968933127616008,0.00014975913293998477,0.00022170566390165963,-0.0002492595438441236,0.00014878272912744044,0.00011737767329137942,0.00013931343036701325,7.224723854387933e-05,0.00029891641717248767,-7.675035042411243e-05,9.575080226469017e-05,-5.818102235275999e-05,9.99389763166963e-05,3.5524266648463916e-05,3.611430037487322e-05,8.519110514446771e-05,0.0001032875131033525,-0.00010998789365223422,0.00010318098376142852,-0.00012055589481733816,0.00034917073892024166,5.171639061289412e-05,-0.00011502886392004752,0.00013259488521932385,-0.0001186068066685977,-6.550212761494746e-05,-0.0001393489104723345,6.797853722711531e-06,-0.0004902237680282848,0.00014444796844819785,-0.002185895027623843,0.00021357762847356744,-0.00037499547728102756,-0.0009331921895355402,-5.723265621794274e-05,0.000339503745012379,0.00023370930104897,0.00019131831505609834,-0.0003816107186541344,-0.00014427341439575723,0.00014683812215048416,0.0005122507738517869,-4.710168283041062e-05,0.00013463929694234675,-1.0843695722684837e-05,8.401027935000805e-05,0.00017890410979280768
LEGH,3.9103001390987336e-05,-0.00014091221483218008,4.9144681810165674e-05,0.0004236893951035909,-1.3030538439602799e-05,7.406418115392635e-05,5.11822513339521e-05,2.5408998612109347e-05,-6.683598053742413e-05,-8.810703484694324e-06,2.3919434204002813e-05,0.0001511755055041063,4.5358252001632874e-05,2.8950429053725137e-05,6.500970410046923e-05,-7.690494916952638e-06,-4.056362812178357e-06,4.7272917619984776e-05,3.305736973304645e-05,-3.299656758981401e-05,-0.00032715979553792583,7.026362489241941e-05,0.00011673102598916719,5.171639061289412e-05,0.00013553546768570158,-0.00011413256673505821,-0.00011082801478294347,0.00018698757076769705,-2.309042305233041e-05,4.8584148880712244e-05,-4.551515788512586e-05,3.977168472469891e-05,8.638775983512072e-05,-0.0005498572158264424,0.00013084253332886582,4.817802788228033e-05,-0.00010810148620028941,-8.042960784483165e-05,-3.0202466085167653e-05,-0.00019637061867515816,-6.562950202885975e-05,0.0003724622399702578,5.479318104092152e-05,3.9886147733222523e-05,6.128761992608135e-05,0.0005920457457697203,4.8260691254811565e-05,0.00010932868413203348,-6.639724754517316e-05,5.261395928676349e-06
MEIP,4.1883274664586734e-05,0.00015066109668917003,-0.00019360212330989433,-0.00044191347408285045,-7.098149355432175e-05,4.794185553720492e-06,0.00016181690569005893,-7.207356594774356e-05,-1.9110304175437664e-05,-4.1403876434028125e-05,-5.721511588665674e-05,-0.0005515949845751356,4.557407890778762e-05,-1.7753812465062134e-05,1.936226329469972e-05,-2.1679289576590768e-05,1.8907790111022643e-05,1.7508834301461706e-05,-2.7117169709608523e-05,-4.0418509163778554e-05,0.0002749091766534517,-0.00011542984468927504,-0.0005041646736253159,-0.00011502886392004752,-0.00011413256673505821,0.0003786802032181054,-0.00010541813875563227,-0.0002566414522442029,3.7903244333592156e-05,-1.4908461069056973e-05,3.502136042130772e-05,-0.0003404466438838958,-0.00015102798858172977,0.001605297338178695,-2.507454922947393e-05,3.642919321546351e-05,0.0005487883252323609,7.263193298736367e-05,0.0004707316848139806,0.00017812611022175696,-0.00012706003977749545,-0.00019038526764062695,-0.00018989809177460257,-7.289009443841475e-05,0.0016740596118243912,0.0002556902406730742,4.2836056577863835e-05,-0.0001234219212780328,4.305155205723477e-07,8.431727979901324e-06
MERC,-0.00043849620259942375,0.0006538978091641776,9.150061275883605e-05,-0.00040799934185974866,4.316215675313651e-05,9.51508289010744e-05,0.00020317577995297145,-2.3979865050132287e-05,-0.000161270576544069,-2.0031478551055484e-05,2.848328721318879e-05,0.00032210936571575884,-0.0002723706523164324,-0.00015995639454955728,-0.00022681454092298285,-1.762091699906861e-05,-8.306725103743983e-05,0.00021207371020401215,-2.266068585912586e-05,9.779973204630774e-05,-0.0001608069054798019,-0.00021054854289056303,6.983900642976734e-05,0.00013259488521932385,-0.00011082801478294347,-0.00010541813875563227,0.0008015068554468455,-0.00048734772896610456,-6.087734552865206e-05,0.00024742643221427264,4.236300585242148e-05,0.0002302754589130803,-5.393889324154537e-05,-0.0011750666537421954,1.798231583809184e-05,-0.0005718828476362087,-0.0012247460138313934,1.0032148975408237e-05,-0.00047814449655119123,0.0002473401098021036,-0.0003075254070695821,-0.000319097215777656,0.00046617571586297685,-4.711659257065158e-05,-0.0007279840162886923,-0.001489769227762784,-0.00025280051225425975,-3.972342917118027e-05,7.565016890097954e-05,9.193000639387569e-05
OPRA,0.00019088554572238434,-0.0003025210707272488,0.0001211082733152409,0.0009028353765104664,-3.368610966194871e-05,-0.00013920622111520038,-0.00014199681023942032,2.01879056900126e-05,4.314611129527054e-05,-1.5610506522903137e-05,8.613878027141682e-06,0.0002078079238154707,0.00017334825561775568,7.939558142879839e-05,0.00016653519896301703,-1.6789230049664002e-05,1.6743889960603952e-05,-0.0001470851855142436,9.897921132024601e-06,-7.955373978220905e-05,-0.00019601974409427832,0.00020654447528721173,0.0004963826798510266,-0.0001186068066685977,0.00018698757076769705,-0.0002566414522442029,-0.00048734772896610456,0.0006354955597862824,2.5644996898990655e-05,-6.099067378402527e-05,-7.376789394098615e-05,0.000394251099553574,0.00012914579160584977,9.48810031180232e-05,-4.483857202507921e-05,0.0004983074069731987,0.0006416453038045543,-6.947397126043502e-05,-0.0002891934469603203,-0.00047305315441411314,0.00019619292372036773,0.0006464184618267506,-3.4152216134593724e-05,4.023133269220035e-05,-0.0012613227856716255,0.0008787835789088626,7.035300858955249e-05,0.0001719836610931059,-0.00010389224856333142,-0.00014193296694309238
QTEC,1.3834407075803716e-05,4.914526229487886e-05,-1.6085447806819433e-05,-3.762424518372504e-06,-1.85783632369393e-05,-5.3858795619550126e-05,-1.050669913993056e-06,-2.085597256998215e-05,1.3856564915986674e-05,-1.3435730333741213e-05,-1.551667652067404e-05,-8.410736126692004e-05,2.2897989938487562e-05,-4.278903865018766e-06,1.2947770488496372e-05,-9.294705668049127e-06,2.956249914390591e-06,-3.4263277406939895e-05,-1.5604183746989414e-05,-1.3846839268138923e-05,9.156200565033663e-05,-6.848485856654746e-06,-5.143430058989361e-07,-6.550212761494746e-05,-2.309042305233041e-05,3.7903244333592156e-05,-6.087734552865206e-05,2.5644996898990655e-05,1.788340194758496e-05,-1.3566622311576685e-05,4.214940780536504e-06,4.588051252090467e-05,-2.8532667162756312e-05,0.00046306424804571446,-5.7433642080827516e-05,8.82743758816753e-05,0.0002380037912893819,2.1967482557690006e-05,-1.0154898660826457e-05,-1.5256198827378326e-05,1.998540975903074e-05,3.1518658141770986e-06,-2.8300186668004726e-05,-2.168337074994007e-05,-6.692072208614136e-05,1.137158598558053e-06,-7.236776192848281e-06,-1.5136667874270539e-05,-3.3166914522632107e-06,-3.3081464435384564e-05
RLI,-0.0003183553165754433,0.0007685612303657461,4.6516762225368495e-05,0.0004270113043929352,-0.00013263991564511058,1.3838414319914882e-05,0.0004768675738129566,-0.00011967999163955657,-0.0003147107318861457,-0.00015084779318937745,-2.0632366765102333e-05,1.5876083844680746e-05,-4.3982686343039904e-05,-0.00014769084932056596,-5.944173902928998e-06,-0.00010948297851715522,-8.447515698959536e-05,0.0002016022554763398,-4.046569367335466e-05,-7.770654098140039e-05,-0.0004296587918836508,-0.0001629382466671581,0.00012548317438420937,-0.0001393489104723345,4.8584148880712244e-05,-1.4908461069056973e-05,0.00024742643221427264,-6.099067378402527e-05,-1.3566622311576685e-05,0.0003503415448143487,-3.253285244655023e-05,0.00046613712460633066,-7.349248144435103e-05,0.0006253488779949935,4.248845340689318e-05,-2.474268489771294e-05,-9.731843046689685e-05,-4.5687876516144515e-05,-0.00045864649254509905,-0.00024118628382539207,-0.0005145493885328883,0.0005733121037772247,0.00044880289071656826,-0.00011223837602386304,-0.0001527120827172334,1.1043061281689625e-05,-0.00018893446968729004,0.0001020963055558716,-0.00011441443260415835,-6.117890710132662e-05
ROBT,-1.2475488908192948e-07,-4.055205809160043e-06,-1.770003989760041e-05,-0.00017814211508134067,1.635974020698561e-05,-1.1375363063789943e-05,-4.179238719407513e-05,2.6385242899566256e-06,3.6585636280257794e-05,1.471685763910353e-05,-3.57779885264728e-06,-3.6941582995240826e-05,-1.9831493729215583e-05,-1.2494893537778476e-06,-2.6313734892822794e-05,1.1112006311801489e-05,5.401175351732445e-06,-1.7580921286381444e-05,-5.354954532998038e-06,1.9476334350812127e-05,0.00011640822266051527,-1.5561773212052557e-05,-5.4351279857787865e-05,6.797853722711531e-06,-4.551515788512586e-05,3.502136042130772e-05,4.236300585242148e-05,-7.376789394098615e-05,4.214940780536504e-06,-3.253285244655023e-05,1.715288413172546e-05,-5.6953860470789356e-05,-2.02867181147408e-05,4.670131617213201e-05,-3.2444473189918506e-05,-4.098534743189376e-05,-1.8698771382372707e-05,2.5583579407267064e-05,4.436457002473036e-05,8.952583290680293e-05,4.38995703403437e-05,-0.00016679352846028116,-3.795265965995208e-05,-2.6819927713278183e-06,2.6493302129332273e-05,-0.00020827509747704793,-4.272562997791523e-06,-4.1528074397997446e-05,3.078563139081192e-05,1.116575966746953e-05
STRS,-0.0005070969418032427,0.0013745098681859156,0.000262745242557058,0.0011538575865948542,-0.00020807495796418903,-0.00038144717301320796,0.00045460651987045504,-0.00022200107714126345,-0.00034080639850702727,-0.000254746956100937,-5.310042465300522e-05,0.000304905946675395,-2.0380812354592955e-05,-0.0002498141301079591,7.352468676924019e-06,-0.00019508263043814596,-0.00014418676347445857,4.008225399507763e-05,-0.00014036600819402375,-0.0001292164075090139,-0.0003565691942692083,-0.00015158598555321492,0.0009695691601476427,-0.0004902237680282848,3.977168472469891e-05,-0.0003404466438838958,0.0002302754589130803,0.000394251099553574,4.588051252090467e-05,0.00046613712460633066,-5.6953860470789356e-05,0.0015876108527409021,-0.00010165081318159918,0.0016786168465392239,-0.0003412956026054932,0.00045393790577578696,0.0005585307626546369,-4.2138413325034025e-06,-0.0015625996227098,-0.0006711246082064569,-0.0004397714841645636,0.0010425406739283476,0.0008133991819848452,-0.00022229661533291396,-0.003500503137314653,-0.0007294285030961351,-0.0004463920666734688,0.00020729127127380224,-0.00016770140344605773,-0.00033193884762164935
TD,9.681510169276634e-05,-0.00037323675666418594,5.818844770472523e-05,0.00014208286343941027,6.51980162893107e-05,7.346939182834326e-05,-0.00015656795945222232,8.028566897561162e-05,6.0604118430381595e-05,6.266230739405126e-05,4.127532439293535e-05,0.00023983612104067306,5.4418869498431446e-06,6.598311449907805e-05,1.5787042573858924e-05,4.290539924251484e-05,1.8424697303384384e-05,-1.6185683511548906e-05,4.578631275372901e-05,2.929873879710872e-05,-0.0001414533636328795,0.0001099913345905417,0.00010986816743400683,0.00014444796844819785,8.638775983512072e-05,-0.00015102798858172977,-5.393889324154537e-05,0.00012914579160584977,-2.8532667162756312e-05,-7.349248144435103e-05,-2.02867181147408e-05,-0.00010165081318159918,0.00011455255070930009,-0.0011426849702174584,9.840529566591736e-05,-5.339558549132732e-05,-0.0003262709146197624,-5.4002738730155256e-05,4.7946390513751535e-05,-3.268034985208474e-05,0.0001390919904941591,1.944033256329681e-05,-5.522916371423883e-05,8.522037713916536e-05,-0.00019034738712622149,0.00020787732973347796,7.82553472321206e-05,5.3095456948099014e-05,9.151699658304423e-06,4.8060076195380135e-05
TIGR,-0.00038490265631634297,0.003463915397977534,-0.0006443723902827481,0.0005186554159470685,-0.000982460969668146,-0.0012025210848984709,0.0016629347947985911,-0.0009670994589084252,-0.0006152474824686789,-0.0008359375809361948,-0.0005382443055562985,-0.003080313857225979,0.0005907107719405114,-0.0005121621866040943,0.0004107814504239627,-0.0005784731649703629,-0.00011728416631051607,-0.00021450301778718265,-0.0005186675408698303,-0.0006716050822386544,0.0013670354953410403,-0.0007882375643281654,-0.0006596754067693215,-0.002185895027623843,-0.0005498572158264424,0.001605297338178695,-0.0011750666537421954,9.48810031180232e-05,0.00046306424804571446,0.0006253488779949935,4.670131617213201e-05,0.0016786168465392239,-0.0011426849702174584,0.016031242201845205,-0.0012212425487071494,0.0022339647205913554,0.006685418578232906,0.0004950396112624895,-0.00048472542357316534,-0.0008335012419426703,-0.001237012842702652,0.0015807337412990612,0.0001512319393031518,-0.0009545631540587394,0.00166646638594997,0.0012165154398374627,-0.0005438166145625045,-0.000257033697425012,-0.0004557308376514187,-0.0009548235885050106
