,AGZ,APPN,AUMN,BCBP,CCOI,CVS,CYCCP,DBP,DWSN,FANG,FAX,FTF,GIM,GLAD,GROM,GSLD,IBTK,JHX,JPSE,MD,NDAQ,NSTG,OIS,PCRX,RFG,SOXX,TADS,TECL,TEN,TER,TLK,UEPS,WFC,WHLM,WWR,XLC,YPF,ZIONL,AWK,BNED,CHEF,DXR,ESXB,JPS,ONEY,VBR,BPMC,IDT,OMF,IDNA
AGZ,1.7865701869193548e-06,1.1732588365220626e-05,-1.225812460198814e-05,-2.9447958370788037e-05,-1.161120517974401e-05,-1.237957107628437e-05,-2.111711106423119e-06,4.258194002025068e-06,9.60719761868248e-06,-3.863395316389941e-06,-3.1812985389518964e-06,-3.1599006657984364e-07,-3.1304691407247013e-06,4.9209402460234995e-06,5.1971013033602024e-05,-5.1348371359015235e-06,2.1677961151549145e-06,-9.66350596205913e-07,-6.202892831517694e-06,-1.9905591705784172e-05,-7.64078995694923e-06,5.335169480845122e-06,-2.2958980027397952e-05,-7.95997245957454e-07,-8.306602366372805e-06,-4.086874941900353e-06,-3.24181493062012e-06,-2.412721533433698e-05,-2.7684772235728046e-05,-1.8847930256667203e-06,1.0274898781240796e-05,7.288352131226598e-06,-1.2261501199848681e-05,2.8482876134334993e-05,-0.000226194737867744,-2.2265140265995596e-06,-6.439208347579986e-06,2.098771261425474e-06,-3.363577566265354e-06,-1.377518405868349e-06,2.4130963778266434e-05,-1.4105799576025554e-05,-3.6263742888252536e-06,-4.0684397295506175e-06,-9.15978381686138e-06,-7.4547772946858944e-06,-4.4914390080674636e-06,-9.846671898750642e-07,-1.001823617612472e-05,-2.563392136669885e-06
APPN,1.1732588365220626e-05,0.0009850925021772782,0.000961642682081995,-0.00013140678036959374,0.00015924131063295354,-0.00019904396251343266,0.0008961031372273483,0.0002390020731988287,0.0005259373599014075,-0.00041479876303443877,-1.557131426329701e-05,-7.160293510023944e-05,-3.7966832032571047e-06,-8.050927991005401e-05,-0.0012063898914927448,5.434406369145682e-05,-6.874688426325244e-06,-0.00012325398116619563,-5.344361216913262e-05,-0.00037043685319935527,-0.00024677406490463343,0.0005172754860209118,-0.0006536716691035101,-0.0002597284693170957,5.284600727117212e-05,0.00025676526127736525,-4.5134117814789254e-05,0.0004827651370377727,1.6873670536186782e-05,0.0004704997830870931,0.00016850046352647475,0.0002628652671189818,-0.00024507186826702466,0.0002754222690713886,0.0006344778559472016,8.039378001910812e-05,-8.717105919207119e-05,6.8018790942475e-05,-3.927993265946267e-05,-0.0007684574233564761,-0.0005033511497093087,-0.000453728187722647,-5.8402320576237405e-05,-9.183113094238491e-05,-0.00021808974974930998,-0.00014069997907517452,0.0002800958973470523,-0.001665872580787933,-0.00021636585514062259,-2.299674949215665e-05
AUMN,-1.225812460198814e-05,0.000961642682081995,0.0020367664666891263,0.0005494563468091057,0.0004958364342949746,3.882073133811454e-05,0.00023090822407500594,0.0004111280686323823,-0.0005080302274530602,-0.00024091527054707034,-3.7430393576649894e-06,-1.663992414372237e-05,0.0001239229460034554,-5.0757547654082445e-05,-0.0018027291274653496,0.00015046585526562524,-1.614962186300957e-05,0.00034492194248677947,0.0001816028518250131,0.0002126400623102434,1.1460155002507939e-05,0.0003764750253530101,-0.0007298653308990277,-0.0003445914120127738,0.0003586682459947076,0.0005633612342868424,4.599817131125374e-05,0.001649449435722418,0.000547872501255172,0.0007660688440197566,0.000478283332894548,0.00018054317419675,0.00011569120363107271,0.00015228918229230273,-0.0006449856533344907,0.0003580259456024832,0.0005593595397167379,4.27190844914651e-05,0.0001345189570198339,-0.0001677328201845611,-0.0005378641472267335,-0.00020687417763612926,0.00014135657812166838,5.23375722178498e-05,-6.041858263465484e-08,8.263307355101038e-05,0.00035598781092308914,-0.002963811030247579,0.00012714230995102688,5.109380032213563e-05
BCBP,-2.9447958370788037e-05,-0.00013140678036959374,0.0005494563468091057,0.0009343663237162404,0.000488987058726636,0.0003385942033088659,-0.0006642319479462635,8.604884188067783e-05,-0.00035055713208210555,0.000612976338405847,8.538706466757312e-06,4.875165857774224e-07,0.0001835739086138774,-1.91814809996433e-05,-0.0007336407342089438,0.00011433826693326053,-5.2936471872051445e-05,0.0002270293268790709,0.00027648990426590856,0.0007060082135204517,0.0001984708522042598,-0.00019723596831822755,0.0007833490045709559,-9.285969241967054e-06,0.00027383912351387356,0.00021979511172855602,9.567197729006735e-05,0.0007467718771665506,0.0010177929824193475,0.00013475009536797583,0.00012960250986819688,-6.780222608654426e-05,0.0003913913872247192,-0.00015705339643760712,0.003952588074022178,0.00020541743600766758,0.0005769539310762991,-6.435891767337305e-05,0.00015908227303008487,4.983254333670838e-06,-0.0004783709551570095,0.00014570032743482507,0.00016969774982220456,0.00010538849272551476,0.00031801262308594493,0.0002969546950595545,0.00012766798199668488,3.3817067856728684e-05,0.00034287252378537226,0.00010259653832668108
CCOI,-1.161120517974401e-05,0.00015924131063295354,0.0004958364342949746,0.000488987058726636,0.00036398475649802295,0.00010579764625744799,-0.0001529877903123453,0.00016604484262862425,-0.00021309009926838985,0.0002539809331777528,1.0251850061961259e-05,-1.6271007667606476e-05,0.00012027876612020564,-8.915725746666304e-06,-0.0003436376867738998,7.35563636944559e-05,-3.768278025403016e-05,9.453065526806066e-05,0.00014031241307536612,0.0003426333458780861,7.79536205976906e-05,0.00012736354851331652,0.00025649559576306375,1.575529087441512e-05,0.00015666316842014244,0.00022205255540935157,3.474238065018786e-05,0.0005874102846020204,0.0005441633878391919,0.0002526549865752277,0.0001925316016467988,0.00010096309839960607,0.0001256041234399453,6.462921824088945e-05,0.002841019969971438,0.00017540916515227344,0.0003470455363466027,-2.406776567347917e-05,9.0570373549518e-05,-0.00023661642064643352,-0.0003700006934748894,-0.00010648997215616514,4.842042895021362e-05,5.5893920044150486e-05,0.00010132611991560251,0.00013004819603429845,0.0001318223636997365,-0.0003975969384536999,0.00012697316671799459,5.6284115479561106e-05
CVS,-1.237957107628437e-05,-0.00019904396251343266,3.882073133811454e-05,0.0003385942033088659,0.00010579764625744799,0.00023200696026212908,-0.0003323724305456999,-7.26952648837876e-05,-0.00013610752965630086,0.0002813269217606808,2.7102943963258348e-05,-1.614057970660976e-05,7.064998332630156e-05,-3.8664716370012485e-05,-0.00023016855460981513,2.9508170624551017e-05,-1.420848812771669e-05,0.0001227544302503398,0.00010561980632831077,0.0002906095737808365,8.745840056291639e-05,-0.00027906955117107873,0.0003586836615072801,2.549320522592171e-05,8.812839557666089e-05,7.09252416364706e-05,5.228607659300732e-05,0.00028107467774442875,0.0003528832399033297,-4.664849463253016e-05,-4.4884369971558475e-05,-4.556700398754627e-05,0.0001887896512953322,-0.00031305052967610977,-0.00023437016738740496,8.314520709205138e-05,0.00021495909156425967,-4.4316108376105345e-05,5.879185351114402e-05,0.00010736980817713105,-8.239649841522419e-05,0.00012053161012450012,8.380068699423142e-05,4.342642095919824e-05,0.00016265369821564927,0.00012276394940104757,8.948986283470452e-05,-0.00045018443554924,0.00013333450531519277,4.0339173172102635e-05
CYCCP,-2.111711106423119e-06,0.0008961031372273483,0.00023090822407500594,-0.0006642319479462635,-0.0001529877903123453,-0.0003323724305456999,0.0035171524653004743,-0.00018695185123140294,0.001323525213161423,-0.0018782270338400023,0.00016674853781532248,6.664767567715706e-05,-0.0001930163887123257,-0.00018483689191728318,-0.0010850574768967963,7.04423844674735e-05,-4.922008914597982e-05,-0.0007151295197882193,-0.0002867503719293865,-0.001137790471857883,-0.0002087486684021101,0.0007500307327924874,-0.0011474308350171755,-0.00015159328639370684,-0.00012827707983489612,0.00027539461303394006,-0.00012402501581266267,0.0002747865698779161,-0.0003000154361243359,0.0004991627856476835,-2.037693786095304e-05,0.0003031248990324907,-0.0005583859708285169,-0.0007453160555076584,0.00770481598347189,-0.00012681982857779515,-0.0009012081490965978,0.00014232247388157703,1.559702708033027e-05,-0.001235873886606417,-0.000633608848194871,-0.0005077578821638609,-0.00034848171418891156,-5.5654850951151116e-05,-0.00048083552180169933,-0.0003316855321557516,0.0004975340025023216,-0.0024058240377911903,-0.000485235231487127,-8.624551568621939e-05
DBP,4.258194002025068e-06,0.0002390020731988287,0.0004111280686323823,8.604884188067783e-05,0.00016604484262862425,-7.26952648837876e-05,-0.00018695185123140294,0.00021717995708981307,-0.0003084367413427382,9.454491939351551e-05,-2.4329301193392588e-05,-1.130886233293558e-05,4.991718355226298e-05,3.153081686914815e-05,9.736066317091128e-05,1.6769514650723376e-05,-2.5161854227524355e-06,9.717227606809747e-05,3.61586994483331e-05,9.813499521099661e-05,1.079655977695423e-05,0.00022988925117856882,-0.00014763363857472884,1.2289139823408952e-05,5.496496203792436e-05,0.00013148655610729533,-1.6917305612241313e-06,0.00033727442656133664,1.5977173440571936e-06,0.00023460956374237498,0.00020138283997138,0.00010536547461967745,-1.9639956007810895e-05,0.0003215962626774149,-0.00046773435470879405,0.00011702103493418832,0.00021153701973381252,5.313952689323834e-07,9.472470168729796e-06,-8.685743071901742e-05,-5.8846941639502624e-05,-0.0001464945638302667,3.2013434163873263e-06,1.3241927927813334e-05,-3.185493257049856e-05,6.533259745312142e-06,4.464337934575346e-06,-0.00039475645373445367,7.110843147761832e-07,1.4625184887378925e-05
DWSN,9.60719761868248e-06,0.0005259373599014075,-0.0005080302274530602,-0.00035055713208210555,-0.00021309009926838985,-0.00013610752965630086,0.001323525213161423,-0.0003084367413427382,0.0023272135036637442,-0.00024397042242279256,-6.389685162340552e-05,-5.934091313402087e-05,-0.0001472635071343512,-0.00014341990479984338,-0.0016969735666385669,2.1713595578411137e-06,-1.9206571486851483e-05,-0.000682411111432653,-0.00016119823797456061,-0.0007696734410674689,-0.00044778407177414854,-5.3003763668737765e-06,0.0004821177033835101,-0.00039427376901722197,-0.00017663311951377107,-0.0003067868716979504,-7.385648220630953e-05,-0.0012315260735996799,0.00026218615055476443,-0.0003145093766897108,-0.0004768661915526088,-0.00011517667014539281,-0.00025362225793279806,-2.1671471177744028e-05,0.006632995144070311,-0.000427501311527275,-0.000823153558182087,7.374210024882903e-05,-0.00015330904296486774,-0.0011790853662521816,-0.0007274410886904142,-0.00020864027003619025,-0.00010086527883912677,-0.0002479285929463797,-0.00012446604067179162,-0.0001590572821325434,0.00014227180732642047,0.0018397341119460616,-0.0002941173770154639,-6.329380094105712e-05
FANG,-3.863395316389941e-06,-0.00041479876303443877,-0.00024091527054707034,0.000612976338405847,0.0002539809331777528,0.0002813269217606808,-0.0018782270338400023,9.454491939351551e-05,-0.00024397042242279256,0.0013908356212106818,-0.00011456234875708588,-5.8801110100630105e-05,0.00016728209700962084,4.224337423574358e-05,0.0003188979405640131,-5.121411684618237e-06,-7.571857091647817e-06,0.00026316970369203216,0.0002212048453093718,0.0006994703768617269,9.658398804349012e-05,-0.00048787192229205205,0.0013107162304515463,9.751324927205714e-05,8.320813825711605e-05,-9.866223400089379e-05,8.687298226483908e-05,-0.00014727765650861225,0.0004966839827200207,-0.00023736094358203905,-6.495113641177042e-05,-0.00019985233096161557,0.0003698299388216621,0.0003639654722419748,-0.0017107062417110314,7.951060806176552e-05,0.0005869208162129595,-0.0001192960577501848,-1.8713410143819676e-05,0.0001389723993150063,-4.6151182989642765e-05,0.00017193169521507057,0.0001872097434168644,-1.9186662491149464e-06,0.0003526847978847998,0.000250999553914149,-0.0001867234370816223,0.0015092520149153294,0.00024041742841967722,8.54119938128921e-05
FAX,-3.1812985389518964e-06,-1.557131426329701e-05,-3.7430393576649894e-06,8.538706466757312e-06,1.0251850061961259e-05,2.7102943963258348e-05,0.00016674853781532248,-2.4329301193392588e-05,-6.389685162340552e-05,-0.00011456234875708588,4.485708992744581e-05,-2.5077126490093845e-05,5.470693716632862e-06,-2.9114431934395853e-05,-6.810880963928798e-05,7.846822108249199e-06,-5.9048937087596645e-06,-1.439341657012402e-05,-1.3192804567939524e-05,2.091390859463769e-05,-1.67104173382849e-06,5.303629790777241e-05,-0.0001273494120096721,4.346399914756528e-05,5.977802452629962e-06,3.5652548115081334e-05,-1.0779021415289673e-06,0.00010515452582045668,2.411079984670864e-05,2.1325883033719852e-05,-3.244576829063859e-05,8.334491915767075e-05,-2.9183110790687132e-05,-0.00017184017727501778,0.0004721375518364344,2.7195866859318955e-05,-4.604570295824846e-05,-2.766876639696467e-08,1.1540434181372961e-05,-2.83596696678207e-05,-4.773789628638568e-05,-2.460727558688932e-05,-2.003849649309574e-05,1.7604700497222202e-05,-1.9968982060299966e-05,-1.3543733336798627e-05,7.167833371930938e-05,-0.00040340980064075603,-7.384783197893662e-06,-3.1144839563971973e-06
FTF,-3.1599006657984364e-07,-7.160293510023944e-05,-1.663992414372237e-05,4.875165857774224e-07,-1.6271007667606476e-05,-1.614057970660976e-05,6.664767567715706e-05,-1.130886233293558e-05,-5.934091313402087e-05,-5.8801110100630105e-05,-2.5077126490093845e-05,8.969391753426174e-05,-1.1734097066757352e-05,5.61527608325225e-05,0.0003663482581263582,-2.14357464177848e-06,-3.3409140244283375e-07,2.8357080579315318e-05,2.6534486742170732e-05,-4.3195766425567985e-05,9.616301560495134e-05,-8.673475074051607e-05,7.890547281465293e-05,-1.1646337283423757e-05,5.692942694437964e-06,2.174917692362855e-05,3.812011993384225e-06,3.267194098465453e-05,-1.537399393344094e-05,2.399338183286114e-05,0.00014109678261159815,-0.00011149315790325141,5.841371237045347e-05,5.814589634955317e-05,-6.259743755321473e-06,-3.3460700161960704e-06,8.402716984526365e-05,5.387284160385567e-06,4.915377174075199e-05,0.00014039794795440768,0.00015406456775961036,6.130496687301374e-05,7.243136059951926e-06,2.6971648061297497e-05,2.7878831262232723e-05,3.96043159131286e-05,-6.367904638334866e-05,0.0001734730365601065,3.80081455904877e-05,1.0368309056576615e-05
GIM,-3.1304691407247013e-06,-3.7966832032571047e-06,0.0001239229460034554,0.0001835739086138774,0.00012027876612020564,7.064998332630156e-05,-0.0001930163887123257,4.991718355226298e-05,-0.0001472635071343512,0.00016728209700962084,5.470693716632862e-06,-1.1734097066757352e-05,5.393494806047359e-05,3.695917920005242e-07,1.73864255338714e-05,1.7710096360487042e-05,-1.041198656884847e-05,7.38178903739399e-05,6.0105781294439946e-05,0.00016588166261825575,4.1827613291704033e-05,-2.0543479708171843e-05,0.00012787335564431578,3.126833390092854e-05,5.370131259839318e-05,8.091844665353359e-05,1.922649209223059e-05,0.0002208019014505932,0.00018444216427400653,6.406277659054413e-05,7.243776528911856e-05,4.022346816552808e-05,6.633549802234811e-05,8.011227028123472e-07,0.00014948902987408285,8.14068186102401e-05,0.00016948712589456093,-1.901009511403568e-05,3.577071803190945e-05,-2.321805565286865e-05,-6.520243337046324e-05,-2.753338258129198e-05,2.9081030816193793e-05,2.5731186173299326e-05,5.7658209415320055e-05,5.926300846571875e-05,4.59994740002403e-05,-0.0002615721152626209,5.7156020894232396e-05,2.4176846913838915e-05
GLAD,4.9209402460234995e-06,-8.050927991005401e-05,-5.0757547654082445e-05,-1.91814809996433e-05,-8.915725746666304e-06,-3.8664716370012485e-05,-0.00018483689191728318,3.153081686914815e-05,-0.00014341990479984338,4.224337423574358e-05,-2.9114431934395853e-05,5.61527608325225e-05,3.695917920005242e-07,8.156027798250997e-05,0.0005250121044756405,-1.883652499451518e-05,6.497926905436854e-06,6.532720530770067e-05,2.2745222889544434e-05,1.6133279126982585e-05,6.124809927934238e-05,-3.8542310020295295e-05,1.023850966252046e-05,7.79731851747782e-06,-1.7170833804706125e-06,-1.4627575322137531e-05,-3.130785326684995e-06,-7.44364192726202e-05,-5.024868722006483e-06,-2.1033096786936853e-05,0.00017096384957532662,-3.639746522811428e-05,3.258663632139548e-05,0.00021549188509995484,-0.00036351628041444495,5.743058241387813e-06,9.460858362241321e-05,8.513455044945145e-06,4.250626683828283e-05,0.00019452764084509376,0.00021643288923001134,1.9342111033118754e-05,1.4031477774310678e-05,2.241509969167069e-05,1.8792770318527514e-05,3.411899640374973e-05,-8.83124533532171e-05,0.0004485243500852503,5.30751021018869e-05,4.576803954694081e-06
GROM,5.1971013033602024e-05,-0.0012063898914927448,-0.0018027291274653496,-0.0007336407342089438,-0.0003436376867738998,-0.00023016855460981513,-0.0010850574768967963,9.736066317091128e-05,-0.0016969735666385669,0.0003188979405640131,-6.810880963928798e-05,0.0003663482581263582,1.73864255338714e-05,0.0005250121044756405,0.006640262524377482,-0.0002635961542232317,4.677414923822505e-05,0.0003823095956927373,-8.305196984974355e-06,-1.3326853791458739e-06,0.0006122753276846895,-0.00036809051104155045,0.00012796549440269382,0.0008049217887375328,-0.00033142252356353264,-6.48368678399384e-06,-4.29844557753832e-05,-0.0004887171096152566,-0.0011836070875239572,-0.00013573800072724354,0.0010829078612632074,1.4382197477024691e-05,-5.168169764824021e-06,0.0008870962608578479,-0.00954123838023547,0.00019925917659294854,0.0006536586360743248,-6.335530945688242e-05,0.00020798990175183242,0.0012433799479926598,0.0022032556480547074,-0.00012040976160867397,-0.00016316303081439517,0.00022384268688147957,-4.951555678506111e-06,9.35580107388359e-05,-0.0006078684403122805,0.0007216798032714272,1.593935020091447e-05,2.754464152858749e-05
GSLD,-5.1348371359015235e-06,5.434406369145682e-05,0.00015046585526562524,0.00011433826693326053,7.35563636944559e-05,2.9508170624551017e-05,7.04423844674735e-05,1.6769514650723376e-05,2.1713595578411137e-06,-5.121411684618237e-06,7.846822108249199e-06,-2.14357464177848e-06,1.7710096360487042e-05,-1.883652499451518e-05,-0.0002635961542232317,2.4893848703090574e-05,-9.79467669245412e-06,1.8195614233892045e-06,2.6556799859725645e-05,5.2289473689287556e-05,1.1832566327634481e-05,2.778830150471812e-05,3.841214132887735e-05,-2.0387500522566288e-05,4.14322222844968e-05,5.057079589221203e-05,8.82180433413342e-06,0.00015390631453940606,0.00013029632738248084,6.135933332858722e-05,5.978482595636184e-06,3.1284798335117356e-06,2.9384108049321147e-05,-5.5067026257366615e-05,0.0009362189670496921,2.6036159100895882e-05,4.192587361260449e-05,-1.8685689698473806e-06,1.7222000425785362e-05,-6.915597358022097e-05,-0.0001320209578839239,-9.428694244261737e-07,1.1038203891460922e-05,9.818529648315247e-06,1.9468801740453392e-05,2.32614143935496e-05,4.518201119177459e-05,-0.00015416969596268235,2.4711221210634284e-05,1.0465639949233929e-05
IBTK,2.1677961151549145e-06,-6.874688426325244e-06,-1.614962186300957e-05,-5.2936471872051445e-05,-3.768278025403016e-05,-1.420848812771669e-05,-4.922008914597982e-05,-2.5161854227524355e-06,-1.9206571486851483e-05,-7.571857091647817e-06,-5.9048937087596645e-06,-3.3409140244283375e-07,-1.041198656884847e-05,6.497926905436854e-06,4.677414923822505e-05,-9.79467669245412e-06,6.999264850357013e-06,1.3266052564840579e-05,-1.1683955770452904e-05,-2.5096156009419465e-05,-9.396199147995498e-06,-1.45590731573621e-05,-5.276123449206265e-05,-7.759540721524618e-06,-1.2183046039065272e-05,-2.142711612127287e-05,-2.6849568860122746e-06,-4.687449592256055e-05,-6.989281004975162e-05,-2.1967138210242728e-05,-5.961663452072495e-06,-8.813468853160548e-06,-9.627774983209414e-06,2.7007845134933208e-05,-0.0006924628825019986,-1.094262615188803e-05,-1.5571787935144286e-05,2.849177099935246e-06,-1.0627803639572132e-05,5.707971657785414e-05,6.230393502397462e-05,1.2058473356675858e-05,2.5210323595481703e-06,-6.217506576825433e-06,-9.904917582172118e-06,-1.3119317170376281e-05,-2.1182441464074645e-05,1.3979137982747586e-05,-8.285063848218057e-06,-5.998930395239994e-06
JHX,-9.66350596205913e-07,-0.00012325398116619563,0.00034492194248677947,0.0002270293268790709,9.453065526806066e-05,0.0001227544302503398,-0.0007151295197882193,9.717227606809747e-05,-0.000682411111432653,0.00026316970369203216,-1.439341657012402e-05,2.8357080579315318e-05,7.38178903739399e-05,6.532720530770067e-05,0.0003823095956927373,1.8195614233892045e-06,1.3266052564840579e-05,0.00033288418949305626,0.00011734366907412986,0.0003097198962370881,0.00014539971500763887,-0.00019723035866976382,-3.771245435745209e-05,1.8611891126036764e-05,0.00010895081009082997,0.0001289189650151722,4.582678240408735e-05,0.000474325006600196,0.00010447960063733413,7.6319926994531e-05,0.000242334414650484,-1.9257752228396257e-05,0.00018383698500166147,7.937665935927995e-05,-0.0036137124726769053,0.00016850478247782799,0.0004211352881421849,-2.6248202222641878e-05,8.492727309533016e-05,0.0004805734036992916,0.0002882668331647295,9.727354649929955e-05,0.00011233509491169615,7.218118513720225e-05,0.00012148497615552501,0.00011522485012030604,-1.9737420883857183e-05,-0.0007448234036904195,0.00016609836477208314,3.6308882166100774e-05
JPSE,-6.202892831517694e-06,-5.344361216913262e-05,0.0001816028518250131,0.00027648990426590856,0.00014031241307536612,0.00010561980632831077,-0.0002867503719293865,3.61586994483331e-05,-0.00016119823797456061,0.0002212048453093718,-1.3192804567939524e-05,2.6534486742170732e-05,6.0105781294439946e-05,2.2745222889544434e-05,-8.305196984974355e-06,2.6556799859725645e-05,-1.1683955770452904e-05,0.00011734366907412986,0.00010113794884448046,0.0002118210406524024,9.049526777593263e-05,-0.00012270162292242636,0.00025284314773082247,-1.0224625392823258e-05,8.642409214920679e-05,8.543864223601679e-05,3.2792365767840055e-05,0.00025707580498530666,0.00029410211959978697,4.9687588283883386e-05,0.00012294740199533414,-4.6080780334738184e-05,0.00014601341095550914,1.5832772416480007e-05,0.00031701245471702297,8.048595820647508e-05,0.00025007395820593974,-2.024619915053739e-05,6.809341179622962e-05,8.15287651968319e-05,-3.6489913085388104e-05,4.7801198973072887e-05,6.600717329660281e-05,3.9304255670898185e-05,0.00011321865949147365,0.00010902203465570964,1.9668237732273055e-05,-6.317947951982226e-05,0.00012000267444757356,3.652924640462258e-05
MD,-1.9905591705784172e-05,-0.00037043685319935527,0.0002126400623102434,0.0007060082135204517,0.0003426333458780861,0.0002906095737808365,-0.001137790471857883,9.813499521099661e-05,-0.0007696734410674689,0.0006994703768617269,2.091390859463769e-05,-4.3195766425567985e-05,0.00016588166261825575,1.6133279126982585e-05,-1.3326853791458739e-06,5.2289473689287556e-05,-2.5096156009419465e-05,0.0003097198962370881,0.0002118210406524024,0.0007565395473680566,0.00019191242363481142,-0.0001887384135902007,0.0005610902279922476,0.0001408992852301481,0.00019004840903173031,0.00010097074393981577,8.267276006829637e-05,0.0005022041620930445,0.0006280879062526305,-6.3344789940504416e-06,6.493612667385507e-05,4.093980998102031e-06,0.0003216713933822139,-6.67976165249473e-05,0.0008546112813022247,0.00019898651422786486,0.0005288198437238786,-7.758605458620564e-05,0.00010117382426660041,0.00032819345078446,-0.00012332256146538402,0.00017928580129275784,0.0001483748002870237,0.00011078228237893447,0.00027060523568531105,0.00023591063117199245,7.819214737785117e-07,0.00020749154269780344,0.0003134789531512802,7.784885751479637e-05
NDAQ,-7.64078995694923e-06,-0.00024677406490463343,1.1460155002507939e-05,0.0001984708522042598,7.79536205976906e-05,8.745840056291639e-05,-0.0002087486684021101,1.079655977695423e-05,-0.00044778407177414854,9.658398804349012e-05,-1.67104173382849e-06,9.616301560495134e-05,4.1827613291704033e-05,6.124809927934238e-05,0.0006122753276846895,1.1832566327634481e-05,-9.396199147995498e-06,0.00014539971500763887,9.049526777593263e-05,0.00019191242363481142,0.00020919042780421628,-0.00016189793777472242,0.00021538534706834302,9.113524524113235e-05,5.8410865213854194e-05,9.783869194998695e-05,3.3095992629413406e-05,0.00031365653058834084,8.910442284594135e-05,6.508157882890035e-05,0.0001900306990740775,-0.00010745904285559878,0.00016241118883499934,-6.32559924652255e-05,-0.0003789902818472054,9.17507595820687e-05,0.0002857507496537115,-2.7645811339078316e-05,9.413847844984167e-05,0.00029271172796292293,0.00019239395627518896,0.00012323169508017046,3.738259355757741e-05,8.500817875909097e-05,0.0001075883896997899,0.00011314857586004306,-5.536760816341291e-05,-0.00016704526673890814,0.0001247610874112735,3.877615732723122e-05
NSTG,5.335169480845122e-06,0.0005172754860209118,0.0003764750253530101,-0.00019723596831822755,0.00012736354851331652,-0.00027906955117107873,0.0007500307327924874,0.00022988925117856882,-5.3003763668737765e-06,-0.00048787192229205205,5.303629790777241e-05,-8.673475074051607e-05,-2.0543479708171843e-05,-3.8542310020295295e-05,-0.00036809051104155045,2.778830150471812e-05,-1.45590731573621e-05,-0.00019723035866976382,-0.00012270162292242636,-0.0001887384135902007,-0.00016189793777472242,0.0007677479520725415,-0.0007194835992846734,3.84779222967632e-05,-2.1626191280979824e-05,9.284453896416737e-05,-6.891328565208191e-05,0.00014959560950436314,-0.00017557424841947294,0.00031937230726394677,4.403029165601146e-05,0.0003537569041737531,-0.00032514888466112846,0.00024764643285256935,0.003613795235856718,2.992384200174224e-05,-0.00026176294972840537,5.6450096956000374e-05,-5.8777154464582147e-05,-0.0005256803619186728,-0.0003741789181351969,-0.00035613353193646825,-0.00015085631407801842,-2.349179561885925e-05,-0.000268148147663789,-0.00017375012508521947,0.00010277320161445835,-0.0003294545115185661,-0.00018082657717763504,-4.104929584105798e-05
OIS,-2.2958980027397952e-05,-0.0006536716691035101,-0.0007298653308990277,0.0007833490045709559,0.00025649559576306375,0.0003586836615072801,-0.0011474308350171755,-0.00014763363857472884,0.0004821177033835101,0.0013107162304515463,-0.0001273494120096721,7.890547281465293e-05,0.00012787335564431578,1.023850966252046e-05,0.00012796549440269382,3.841214132887735e-05,-5.276123449206265e-05,-3.771245435745209e-05,0.00025284314773082247,0.0005610902279922476,0.00021538534706834302,-0.0007194835992846734,0.0021566553510135892,8.047322814707618e-05,5.644453762965109e-05,-0.00016787060791906476,9.925829173215322e-05,-0.00043172519070096564,0.000792550661623712,-0.00034750447580013074,-0.00022088877132532832,-0.0005278474056125525,0.0004927142505720104,1.3196981520310924e-06,0.004267451649040051,-8.773033307575116e-05,0.00043613588835909254,-0.00013426539906703555,2.1872557956997706e-05,-0.00018896307276718418,-0.00034765184920118055,0.0003499033659978153,0.00014581662294364556,2.222915239399988e-06,0.0004613824048942709,0.0003377281589201518,-0.00021854911139084892,0.0027481495278102565,0.0002572521989018734,0.00011332376443823111
PCRX,-7.95997245957454e-07,-0.0002597284693170957,-0.0003445914120127738,-9.285969241967054e-06,1.575529087441512e-05,2.549320522592171e-05,-0.00015159328639370684,1.2289139823408952e-05,-0.00039427376901722197,9.751324927205714e-05,4.346399914756528e-05,-1.1646337283423757e-05,3.126833390092854e-05,7.79731851747782e-06,0.0008049217887375328,-2.0387500522566288e-05,-7.759540721524618e-06,1.8611891126036764e-05,-1.0224625392823258e-05,0.0001408992852301481,9.113524524113235e-05,3.84779222967632e-05,8.047322814707618e-05,0.00024117370480200567,-4.415925854275893e-05,1.913801522843383e-05,2.443977226460195e-06,5.262746103112386e-05,-0.0001596820613886882,1.5784863772334593e-06,-7.154496977992477e-06,8.676178835239983e-05,-1.705173891605514e-05,-0.00010519012082826805,-0.00040173147334924425,6.502261989176895e-05,6.58689440818494e-05,-3.840625524434642e-05,-3.990976890558769e-07,5.24251318173706e-05,0.00013066452898573584,-2.474248951258187e-05,-5.3103357340612304e-05,4.9142069465317855e-05,-4.7888074374312425e-08,3.732239546853253e-06,-3.314281237450743e-05,-0.00018356252148368158,-1.4590255096948137e-05,1.0053731698596442e-05
RFG,-8.306602366372805e-06,5.284600727117212e-05,0.0003586682459947076,0.00027383912351387356,0.00015666316842014244,8.812839557666089e-05,-0.00012827707983489612,5.496496203792436e-05,-0.00017663311951377107,8.320813825711605e-05,5.977802452629962e-06,5.692942694437964e-06,5.370131259839318e-05,-1.7170833804706125e-06,-0.00033142252356353264,4.14322222844968e-05,-1.2183046039065272e-05,0.00010895081009082997,8.642409214920679e-05,0.00019004840903173031,5.8410865213854194e-05,-2.1626191280979824e-05,5.644453762965109e-05,-4.415925854275893e-05,0.00010794026239231424,0.00011462569330982067,2.803723032849875e-05,0.0003668389631931857,0.00030352766080372185,0.00010648321576827253,0.0001036001940083581,4.099741882421288e-06,0.00011092836317440164,-3.5022746863855176e-05,0.0007098528311370602,9.022906599791565e-05,0.00019919826773161342,-6.564161790382941e-06,6.462492046683719e-05,4.643054700001517e-05,-0.0001267268055781527,2.7305165007906587e-05,6.0508141391382615e-05,3.830775114477615e-05,7.678911612390522e-05,8.267246638668394e-05,6.930769737852e-05,-0.0003489166744389112,0.00010878960407962823,2.8501299445615318e-05
SOXX,-4.086874941900353e-06,0.00025676526127736525,0.0005633612342868424,0.00021979511172855602,0.00022205255540935157,7.09252416364706e-05,0.00027539461303394006,0.00013148655610729533,-0.0003067868716979504,-9.866223400089379e-05,3.5652548115081334e-05,2.174917692362855e-05,8.091844665353359e-05,-1.4627575322137531e-05,-6.48368678399384e-06,5.057079589221203e-05,-2.142711612127287e-05,0.0001289189650151722,8.543864223601679e-05,0.00010097074393981577,9.783869194998695e-05,9.284453896416737e-05,-0.00016787060791906476,1.913801522843383e-05,0.00011462569330982067,0.00032907513410241186,2.270184332422817e-05,0.0008195046977994338,0.00019346523398860565,0.00036741396226731545,0.0002926402968362613,0.00014138234400989496,4.632040723810615e-05,-0.00011167841460749242,-0.0005097238589674273,0.00022245417817329176,0.00031864788852037763,-9.383391836463927e-06,0.00010217871210866192,-0.00015544075868008316,-0.00011198117854963535,-0.00017260216229699293,8.502225758125552e-06,6.34124414871778e-05,1.2228756595691789e-05,5.913163517427965e-05,0.00020685846072412143,-0.001857334388964314,2.1262612266975452e-05,3.903625374320371e-05
TADS,-3.24181493062012e-06,-4.5134117814789254e-05,4.599817131125374e-05,9.567197729006735e-05,3.474238065018786e-05,5.228607659300732e-05,-0.00012402501581266267,-1.6917305612241313e-06,-7.385648220630953e-05,8.687298226483908e-05,-1.0779021415289673e-06,3.812011993384225e-06,1.922649209223059e-05,-3.130785326684995e-06,-4.29844557753832e-05,8.82180433413342e-06,-2.6849568860122746e-06,4.582678240408735e-05,3.2792365767840055e-05,8.267276006829637e-05,3.3095992629413406e-05,-6.891328565208191e-05,9.925829173215322e-05,2.443977226460195e-06,2.803723032849875e-05,2.270184332422817e-05,1.5006729217564049e-05,9.52134392007423e-05,7.674438329880438e-05,3.579147512891419e-06,4.79201296494559e-06,-2.9076806114895065e-05,5.83902126449454e-05,-4.553271400835152e-05,-0.00020418787441857923,2.5436083800864514e-05,8.122145975762123e-05,-1.2062408090256595e-05,1.4967414302763126e-05,4.889063056329662e-05,-1.1039680250986205e-05,4.042285756637908e-05,2.631848906684475e-05,1.2947826102403418e-05,4.512691487379385e-05,3.581885230657049e-05,6.185780234665805e-06,-9.115862822384985e-05,3.980308865547202e-05,1.2412584897330655e-05
TECL,-2.412721533433698e-05,0.0004827651370377727,0.001649449435722418,0.0007467718771665506,0.0005874102846020204,0.00028107467774442875,0.0002747865698779161,0.00033727442656133664,-0.0012315260735996799,-0.00014727765650861225,0.00010515452582045668,3.267194098465453e-05,0.0002208019014505932,-7.44364192726202e-05,-0.0004887171096152566,0.00015390631453940606,-4.687449592256055e-05,0.000474325006600196,0.00025707580498530666,0.0005022041620930445,0.00031365653058834084,0.00014959560950436314,-0.00043172519070096564,5.262746103112386e-05,0.0003668389631931857,0.0008195046977994338,9.52134392007423e-05,0.002322492554500038,0.0004896163230707334,0.0009089602588884316,0.0005886019305706446,0.0002570123429714711,0.0002445765654899588,-0.00048061298983427243,-0.0024416077182135448,0.0005930646912235841,0.0009079718229160936,-4.893169080962851e-05,0.0002418708379437023,-5.4953431331235364e-05,-0.0003122114073032714,-0.00020112436722882076,9.52883905116701e-05,0.00019500695737405938,0.00010800075242360547,0.00018931453838282427,0.0004761132706094418,-0.004863731110523782,0.00016059768922810613,0.00010991298233444433
TEN,-2.7684772235728046e-05,1.6873670536186782e-05,0.000547872501255172,0.0010177929824193475,0.0005441633878391919,0.0003528832399033297,-0.0003000154361243359,1.5977173440571936e-06,0.00026218615055476443,0.0004966839827200207,2.411079984670864e-05,-1.537399393344094e-05,0.00018444216427400653,-5.024868722006483e-06,-0.0011836070875239572,0.00013029632738248084,-6.989281004975162e-05,0.00010447960063733413,0.00029410211959978697,0.0006280879062526305,8.910442284594135e-05,-0.00017557424841947294,0.000792550661623712,-0.0001596820613886882,0.00030352766080372185,0.00019346523398860565,7.674438329880438e-05,0.0004896163230707334,0.001548731502395762,3.217657901026603e-05,0.00021490038367248166,4.304133972710657e-05,0.0003600328592183718,-0.00010597267721207599,0.008039487556853603,0.0001467757480122578,0.00042321576543343273,-1.5955905367647503e-05,0.00023772761667704477,-0.00022786860301431404,-0.0006761052806928217,2.949473051506274e-05,0.00017951731745987937,8.3882484565711e-05,0.00032683217651268087,0.0003294005972415537,0.0002665305734756066,0.0007287200154230473,0.00039844022753200535,9.552096697728879e-05
TER,-1.8847930256667203e-06,0.0004704997830870931,0.0007660688440197566,0.00013475009536797583,0.0002526549865752277,-4.664849463253016e-05,0.0004991627856476835,0.00023460956374237498,-0.0003145093766897108,-0.00023736094358203905,2.1325883033719852e-05,2.399338183286114e-05,6.406277659054413e-05,-2.1033096786936853e-05,-0.00013573800072724354,6.135933332858722e-05,-2.1967138210242728e-05,7.6319926994531e-05,4.9687588283883386e-05,-6.3344789940504416e-06,6.508157882890035e-05,0.00031937230726394677,-0.00034750447580013074,1.5784863772334593e-06,0.00010648321576827253,0.00036741396226731545,3.579147512891419e-06,0.0009089602588884316,3.217657901026603e-05,0.0005179331336136007,0.00031999222143003274,0.00016897401596826985,-3.908543875619104e-05,3.676367758422233e-05,-0.0001048203730061965,0.0002239581768387316,0.0002786857618445169,5.948347917075603e-06,6.565253447172046e-05,-0.0003184186705363082,-0.00021460725940497397,-0.0002591520206818895,-3.386174006394478e-05,4.580221464867432e-05,-7.35779414262392e-05,4.89582285495579e-07,0.0001925469180509362,-0.0019900331147273626,-5.5668579081669494e-05,2.908533287185101e-05
TLK,1.0274898781240796e-05,0.00016850046352647475,0.000478283332894548,0.00012960250986819688,0.0001925316016467988,-4.4884369971558475e-05,-2.037693786095304e-05,0.00020138283997138,-0.0004768661915526088,-6.495113641177042e-05,-3.244576829063859e-05,0.00014109678261159815,7.243776528911856e-05,0.00017096384957532662,0.0010829078612632074,5.978482595636184e-06,-5.961663452072495e-06,0.000242334414650484,0.00012294740199533414,6.493612667385507e-05,0.0001900306990740775,4.403029165601146e-05,-0.00022088877132532832,-7.154496977992477e-06,0.0001036001940083581,0.0002926402968362613,4.79201296494559e-06,0.0005886019305706446,0.00021490038367248166,0.00031999222143003274,0.0007009070479329178,9.542137342863393e-05,8.061572672131004e-05,0.0004261739013132487,-0.0009730586184857287,0.00021952732240873585,0.0004770181396452742,2.5357832076449305e-05,0.00019938248972273346,0.00020514121892896553,0.00034954995006300385,-0.00018459813867242224,3.227444383667221e-05,9.731302235820709e-05,2.769799810607315e-05,0.00011805212814161815,3.661942779093658e-05,-0.0008159078832276514,0.00011981800340446148,4.132451649382828e-05
UEPS,7.288352131226598e-06,0.0002628652671189818,0.00018054317419675,-6.780222608654426e-05,0.00010096309839960607,-4.556700398754627e-05,0.0003031248990324907,0.00010536547461967745,-0.00011517667014539281,-0.00019985233096161557,8.334491915767075e-05,-0.00011149315790325141,4.022346816552808e-05,-3.639746522811428e-05,1.4382197477024691e-05,3.1284798335117356e-06,-8.813468853160548e-06,-1.9257752228396257e-05,-4.6080780334738184e-05,4.093980998102031e-06,-0.00010745904285559878,0.0003537569041737531,-0.0005278474056125525,8.676178835239983e-05,4.099741882421288e-06,0.00014138234400989496,-2.9076806114895065e-05,0.0002570123429714711,4.304133972710657e-05,0.00016897401596826985,9.542137342863393e-05,0.0003954636718464426,-0.00018761923150551567,-1.4831721079081435e-05,0.0005029503356585511,0.00012507310355562684,-5.951145180940065e-05,1.884274816210642e-05,1.4113432777263828e-05,-0.00028455723909512917,-0.00012744487610664973,-0.00031647217162494775,-7.063232278542218e-05,9.560278264075685e-06,-0.0001291703440182249,-7.584164072967093e-05,0.00021075596584167977,-0.0011339827575999244,-8.276882246223668e-05,-1.5797411900675533e-05
WFC,-1.2261501199848681e-05,-0.00024507186826702466,0.00011569120363107271,0.0003913913872247192,0.0001256041234399453,0.0001887896512953322,-0.0005583859708285169,-1.9639956007810895e-05,-0.00025362225793279806,0.0003698299388216621,-2.9183110790687132e-05,5.841371237045347e-05,6.633549802234811e-05,3.258663632139548e-05,-5.168169764824021e-06,2.9384108049321147e-05,-9.627774983209414e-06,0.00018383698500166147,0.00014601341095550914,0.0003216713933822139,0.00016241118883499934,-0.00032514888466112846,0.0004927142505720104,-1.705173891605514e-05,0.00011092836317440164,4.632040723810615e-05,5.83902126449454e-05,0.0002445765654899588,0.0003600328592183718,-3.908543875619104e-05,8.061572672131004e-05,-0.00018761923150551567,0.00026792530864518674,-6.682488429539317e-05,-0.00017452166461526966,6.556103638144258e-05,0.00033733711568599545,-3.9541397302949376e-05,8.292193603041511e-05,0.0002898934767797197,3.321739663494843e-05,0.00021171074042450848,0.00011826618551522855,5.697171727344963e-05,0.00020538163599136805,0.0001710348286078876,-4.278948463992346e-05,0.00023250000700081826,0.00020157907059157993,5.1754618535298785e-05
WHLM,2.8482876134334993e-05,0.0002754222690713886,0.00015228918229230273,-0.00015705339643760712,6.462921824088945e-05,-0.00031305052967610977,-0.0007453160555076584,0.0003215962626774149,-2.1671471177744028e-05,0.0003639654722419748,-0.00017184017727501778,5.814589634955317e-05,8.011227028123472e-07,0.00021549188509995484,0.0008870962608578479,-5.5067026257366615e-05,2.7007845134933208e-05,7.937665935927995e-05,1.5832772416480007e-05,-6.67976165249473e-05,-6.32559924652255e-05,0.00024764643285256935,1.3196981520310924e-06,-0.00010519012082826805,-3.5022746863855176e-05,-0.00011167841460749242,-4.553271400835152e-05,-0.00048061298983427243,-0.00010597267721207599,3.676367758422233e-05,0.0004261739013132487,-1.4831721079081435e-05,-6.682488429539317e-05,0.0012406296485757457,-0.0005895786748445254,-3.844161591978985e-05,0.00018624130263770734,4.4600102148367666e-05,-1.8558247875947996e-05,6.076942505391384e-05,0.0002848030088299116,-0.0001861129557743462,1.909052832842998e-05,-5.5688349005292805e-05,-5.811405909499206e-05,-1.9147615108176767e-06,-0.0003047402238655352,0.0020326797946151327,1.330337045380273e-05,-8.499386645560457e-06
