,AY,BPOPM,CMS,EASG,EDAP,ERTH,ETW,FDHY,FINS,FLC,GNOG,H,HFFG,HROW,IIIV,IMAC,ISDX,IVES,KNDI,LBRDA,LITE,MKTY,MOGO,NWL,PPLT,PRFZ,RIBT,ROK,RPAY,SBLK,SPE,UFCS,VALQ,VNLA,WOW,WRE,XTNT,ANAT,DAR,FPX,PQIN,RZA,TPZ,WK,XLB,AMRX,IRL,PGAL,VEL,JOET
AY,1.8244369557294495e-05,3.356849259772522e-05,3.0803347099965736e-05,1.3347441358301268e-05,0.00014056962154610004,-3.187565799711904e-05,4.947516007738295e-06,2.5490124492871542e-05,1.4816193103191366e-05,8.588105294232287e-06,2.915381203327072e-05,-3.110470812839009e-05,3.299256331444802e-05,2.3410348935705418e-05,-9.238727195935695e-05,0.0002108177959302827,1.3568969585021242e-05,7.5351476903515204e-06,4.958369268581972e-05,-2.6809321868065877e-06,-8.924747230310901e-05,0.00015638775565950637,0.00011034339954446633,-2.6953781826672265e-05,1.4343033790189049e-05,-4.4828482399470445e-06,-3.259080670198056e-05,3.75411232058625e-05,5.125947856314664e-06,-7.719859738428748e-05,1.649318585196918e-06,7.119505606065466e-06,7.647617545591934e-06,2.578977767961067e-05,-1.0518214622166003e-05,3.25046434783829e-05,-8.949138109765064e-06,1.2653188136746136e-05,-1.1796142021920213e-06,-5.7073403490271755e-06,1.288827262015689e-05,2.303049327374682e-05,1.3112769091809472e-05,-4.935315218223405e-05,1.1916056185768355e-05,2.8471326651851664e-05,2.5086784277683297e-05,-2.2195285833420485e-06,-1.825545238073806e-05,-0.00013358257477147183
BPOPM,3.356849259772522e-05,7.499782223721262e-05,7.154242772208586e-05,1.267484484595666e-05,0.00029229943738576876,-6.893908241551965e-05,9.93769661763711e-06,5.186421961952744e-05,3.8767803003490216e-05,2.1544170991938933e-05,6.837139963051981e-05,-4.454694513159007e-05,0.00012120081853100179,9.865950007723439e-05,-0.0001542191976904707,0.0003469364891534639,1.656517399628798e-05,1.4373688014665544e-06,0.00018041267551919692,8.65926114456079e-06,-0.00020314578141600087,0.0002825330401308349,0.0002216542676495244,-2.245647087762925e-05,6.757532577926674e-05,-7.771267428289095e-06,-9.254306814729794e-05,2.7797795614435928e-05,2.7525889863908615e-05,-0.00019339768398609025,4.727277365738347e-06,-2.0818696967440676e-05,1.2142207942955459e-05,4.7114986871832283e-05,-3.786729017102661e-05,5.279914322867084e-05,-0.0001166350416400016,6.733657361880806e-05,-1.6942966416425667e-05,-2.287792824609889e-07,1.3644349246744704e-05,6.512209827412272e-05,2.8074085373468524e-05,-8.035521817579046e-05,1.9185525336359463e-05,-7.839568265648829e-06,2.2013153421964187e-05,1.8301793718249884e-05,-2.7727262293493546e-05,-0.00032051623639846755
CMS,3.0803347099965736e-05,7.154242772208586e-05,7.86965702369648e-05,1.8232611103754674e-06,0.00031998705897964776,-4.241603056727928e-05,9.396617547009724e-06,5.5615526633779475e-05,4.2987411025115473e-05,2.839772428234337e-05,6.606756384865378e-05,5.298573969536542e-06,9.24098848147717e-05,0.00011740146191596503,-0.00013456483191957218,0.0004059229257764098,4.891174731723531e-06,-8.354535312734671e-06,0.00022557632619577052,-2.5625153836877866e-06,-0.0002054111359944946,-2.327666663616766e-05,7.060528284725512e-05,4.885805499722894e-06,3.756121586285067e-06,6.1617035894429584e-06,-0.00012855771568467286,5.419713853674815e-05,-1.8094223929845363e-05,-8.301342923429996e-05,6.383135423888042e-06,-2.425624173057239e-05,1.9209341815306015e-05,4.847796290377059e-05,-2.4293986764286393e-05,8.09092481719593e-05,-0.0001695945619372944,0.00011041684840850822,8.602477380797437e-06,-3.3538609726287827e-06,8.524431638919408e-06,0.00010725406146282218,3.8980024999174676e-05,-9.377799061912241e-05,2.5355289025289403e-05,-0.00010478393703537482,2.8722739975799738e-05,2.049682891072199e-05,7.258595712889243e-06,-0.0003056123076772436
EASG,1.3347441358301268e-05,1.267484484595666e-05,1.8232611103754674e-06,2.586306857191409e-05,3.9562214302005e-05,-3.100441295415708e-05,2.7921310817964184e-06,9.029511657643188e-06,-3.212702585492915e-06,-4.362683938579253e-06,7.88187771913212e-06,-6.625819825721203e-05,-7.1510499698038285e-06,-4.416370933899629e-05,-8.448111429949944e-05,0.00012025582683943156,2.3795836342754872e-05,2.1917485395693244e-05,-7.452821406730523e-05,-4.359858107211905e-06,-2.2229334682108545e-05,0.00032655570795922897,0.00016470121426807898,-5.876257710301318e-05,2.2692913595901414e-05,-1.343354375426993e-05,3.263588541130813e-05,3.712373034532856e-05,2.2200391312809685e-05,-8.776890747675694e-05,-1.5641848603517663e-06,3.4320719989186005e-05,1.0882232113813137e-06,1.525351671333885e-05,-1.582628921443072e-06,5.084546060635012e-06,0.00011433033140698043,-5.946569497506625e-05,-7.63827641848715e-06,-9.5247283124331e-06,1.9889415812143424e-05,-3.5137317207648304e-05,-3.0961106189899834e-06,-2.9134031562121903e-05,5.049564100980183e-06,0.00013771018595745585,3.0091418204032938e-05,-2.106011677613497e-05,-4.1834501780202193e-05,-3.347720798588676e-05
EDAP,0.00014056962154610004,0.00029229943738576876,0.00031998705897964776,3.9562214302005e-05,0.0013699672152056746,-0.000168696631242358,4.0717556385874774e-05,0.00024045608834342874,0.000166074620986856,0.00011420481461929474,0.0002634282323683199,-1.1825243459372845e-05,0.00026778292092139203,0.0003910369559180308,-0.0006550814887016593,0.0019510408529241198,4.46579067576874e-05,-5.498931027778457e-06,0.0007959603635625587,-4.580894886086578e-05,-0.0008359999721428582,-7.179995984863026e-05,0.00028426312095034884,-4.9276760460907286e-05,-8.426369027380879e-05,2.5904148381958292e-05,-0.0004997722032045061,0.00035116487174303193,-0.00012580102971480647,-0.0002540025919228148,2.4630933994095626e-05,-2.3223037547220437e-05,9.201261428334049e-05,0.000221700497898012,-6.410695521292118e-05,0.0003847994309748957,-0.0005120905504711686,0.0003871469978835065,7.538707061760373e-05,-4.144550667379605e-05,6.505147418823932e-05,0.000427506813896255,0.00016676391688915643,-0.00045329304115009604,0.00012216354453529094,-0.0003162791163141578,0.00019243265896464476,3.578515106202138e-05,1.563876102051095e-05,-0.0012019134487414923
ERTH,-3.187565799711904e-05,-6.893908241551965e-05,-4.241603056727928e-05,-3.100441295415708e-05,-0.000168696631242358,0.00011647101708387063,-9.049696848137817e-06,-3.229906836859816e-05,-2.323468374617081e-05,-2.3523258371113416e-06,-6.170464551770791e-05,0.0001446256555634498,-0.00017651834668070128,-4.864488583010803e-05,0.00015767597096335873,-0.00011584299448054768,-3.6900062399315847e-05,-1.9862176093573494e-05,-6.0169191715540476e-05,-3.646637034379798e-05,0.00016094271214497685,-0.0009161595413219648,-0.0005213147321621462,7.175778470408497e-05,-0.00021045777666661486,3.779095809921611e-05,-2.629615456523053e-06,5.1966059970204967e-05,-0.00013123218538654645,0.000416206316311169,-2.9681873508243467e-07,1.8128874933172655e-05,7.5940457734521745e-06,-3.258385968495572e-05,6.555714417767143e-05,2.658292493438933e-05,-2.9306264840623275e-06,3.458065409129315e-05,7.604355923752318e-05,-1.0099643649827414e-05,-1.9112384967174003e-05,4.0494421274111646e-05,2.5383652908624394e-06,2.70903283691744e-05,4.2059597551969384e-07,-0.00019876027533043532,5.951232524607978e-06,-1.560218964065001e-05,9.973457936005752e-05,0.00030040501699046454
ETW,4.947516007738295e-06,9.93769661763711e-06,9.396617547009724e-06,2.7921310817964184e-06,4.0717556385874774e-05,-9.049696848137817e-06,1.3954224064466205e-06,7.299661069331279e-06,4.796992658825089e-06,2.7699754674052784e-06,8.838040836951373e-06,-7.173510033776374e-06,1.2430950820896927e-05,1.0017403838472102e-05,-2.401998171416216e-05,5.560390995572395e-05,3.058929756937434e-06,1.1842971329039487e-06,1.9511845840423927e-05,-1.0817979278833854e-08,-2.677405016446961e-05,3.9098557684592744e-05,2.965027340677594e-05,-5.387045090303184e-06,5.779869546768863e-06,-1.0457869842193064e-06,-1.1283817534119083e-05,7.971361060963526e-06,2.0323957277943992e-06,-2.3060836543408498e-05,5.719871160972678e-07,-1.8899423009276206e-07,2.041917313136373e-06,7.028751078711354e-06,-3.868806554740172e-06,8.731896426781494e-06,-9.188442705222777e-06,6.628782462955389e-06,-9.634320163265262e-07,-9.55605679116253e-07,2.839651899838105e-06,8.13360286290693e-06,3.936312121438692e-06,-1.2959626221583341e-05,3.146736827199517e-06,3.0201467394663322e-06,5.423302837346034e-06,8.00262295730317e-07,-4.247162897926292e-06,-4.089683342263479e-05
FDHY,2.5490124492871542e-05,5.186421961952744e-05,5.5615526633779475e-05,9.029511657643188e-06,0.00024045608834342874,-3.229906836859816e-05,7.299661069331279e-06,4.238415773276575e-05,2.8553819786005273e-05,1.937315438835925e-05,4.6466340019659576e-05,-8.160029775486233e-06,4.687978761307958e-05,6.437707278762719e-05,-0.00012056579016143297,0.0003464707989562695,9.791277581896023e-06,8.773824251301743e-07,0.00013194442287691835,-7.973840560830012e-06,-0.00014700045014828106,1.923625915176501e-05,6.538155125832679e-05,-1.3522666990583497e-05,-1.1286562201438027e-05,3.165156022742745e-06,-8.364620312621915e-05,6.303153166748592e-05,-1.9050657516972044e-05,-5.3504108967151296e-05,4.128883478329916e-06,-1.4962112847466954e-06,1.5894688223689512e-05,3.963051147957136e-05,-1.1642048527692887e-05,6.65499058963e-05,-7.949087812668771e-05,6.193787677937661e-05,1.1870048029296103e-05,-7.806111611109153e-06,1.2880773942456204e-05,7.072406863896465e-05,2.8498078603275026e-05,-8.05899688341364e-05,2.1448888782998796e-05,-4.2537246265635166e-05,3.544970261956609e-05,4.663127853317737e-06,-1.2282351490886414e-06,-0.00021195008371102344
FINS,1.4816193103191366e-05,3.8767803003490216e-05,4.2987411025115473e-05,-3.212702585492915e-06,0.000166074620986856,-2.323468374617081e-05,4.796992658825089e-06,2.8553819786005273e-05,2.4586383042339425e-05,1.5729285699471884e-05,3.6634187872583717e-05,7.775800005858872e-06,6.360845855658641e-05,7.513996585515692e-05,-5.944478357111593e-05,0.00018408199469807922,-6.200146876469905e-07,-8.281037174432304e-06,0.0001388642402047934,2.9204884362933858e-06,-0.00011188379794223846,-1.9707146358258205e-05,3.679436880491512e-05,1.1763782027454902e-05,1.375306723447478e-05,3.439308977457032e-06,-7.345136500250545e-05,1.3378895654388925e-05,-3.883403537843591e-06,-5.42991723575302e-05,3.668408211459877e-06,-2.2788346442944556e-05,8.808952159545818e-06,2.3335049564606525e-05,-1.7435529434707987e-05,3.742860359383328e-05,-0.00011556109554852958,6.856740025799313e-05,-6.869146099126167e-08,1.641388893020393e-06,7.390759951502037e-07,6.011037058498593e-05,2.0348100637984378e-05,-4.2201912954284015e-05,1.149472402018145e-05,-7.228267012354727e-05,6.1930023645496206e-06,1.7206032072219847e-05,6.181363882876222e-06,-0.0001715046478932581
FLC,8.588105294232287e-06,2.1544170991938933e-05,2.839772428234337e-05,-4.362683938579253e-06,0.00011420481461929474,-2.3523258371113416e-06,2.7699754674052784e-06,1.937315438835925e-05,1.5729285699471884e-05,1.2086174093925026e-05,2.0337447527812912e-05,2.3341069185186736e-05,1.8483220524045645e-05,4.6646320694560114e-05,-3.3883378014744304e-05,0.00015302615490585576,-3.6554630906749494e-06,-7.151189180175109e-06,9.311053044334233e-05,-5.282541094046338e-06,-6.709925283013282e-05,-0.00013847680184244726,-4.182687694695209e-05,1.3930519291393542e-05,-2.5120475830055604e-05,7.93339505971111e-06,-5.701364357969857e-05,2.7478649485025315e-05,-2.4829722731778798e-05,1.9666278975838796e-05,2.776018824110784e-06,-1.000621707277327e-05,9.072919756812684e-06,1.5954882021179648e-05,-2.3523104919674416e-06,3.753314346732879e-05,-7.896078865009831e-05,5.456822260802302e-05,1.330363907428881e-05,-2.148271853426439e-06,2.627118352236939e-07,5.263173637210234e-05,1.7134424652208304e-05,-3.524066768030281e-05,1.061836453618275e-05,-7.624847539972057e-05,1.138846112927506e-05,7.996226922412582e-06,1.7430485606886663e-05,-9.242035800772065e-05
GNOG,2.915381203327072e-05,6.837139963051981e-05,6.606756384865378e-05,7.88187771913212e-06,0.0002634282323683199,-6.170464551770791e-05,8.838040836951373e-06,4.6466340019659576e-05,3.6634187872583717e-05,2.0337447527812912e-05,6.299128635008743e-05,-3.428698773317978e-05,0.00011912554833682162,9.973997629452531e-05,-0.00012997044727306015,0.0002941559156725853,1.2076046469407502e-05,-2.0032596351457767e-06,0.00017974112153350437,1.0447999992608044e-05,-0.00018628022694961173,0.00023570788525960042,0.0001929857926318675,-1.2272293544516064e-05,6.677138239550961e-05,-6.23910513929656e-06,-8.944193026120928e-05,1.515572461906309e-05,2.692750405369837e-05,-0.00017739237510218928,4.570175113378739e-06,-2.6322017631905186e-05,1.0326003934222911e-05,4.099490621911496e-05,-3.699015210725004e-05,4.515255780029315e-05,-0.0001270467492770066,7.04359382245134e-05,-1.7516963528591528e-05,2.156932922069071e-06,9.329816767129789e-06,6.339819005781708e-05,2.5717440346737885e-05,-6.789310619136464e-05,1.6240355552193624e-05,-2.4079288564256394e-05,1.3615100802444428e-05,2.1343011152863865e-05,-2.170784339669739e-05,-0.00029652678300851125
H,-3.110470812839009e-05,-4.454694513159007e-05,5.298573969536542e-06,-6.625819825721203e-05,-1.1825243459372845e-05,0.0001446256555634498,-7.173510033776374e-06,-8.160029775486233e-06,7.775800005858872e-06,2.3341069185186736e-05,-3.428698773317978e-05,0.00025520009888232986,-0.0001345717902168045,8.067719411839687e-05,0.00018879123591879993,1.997809849712791e-05,-6.861192715472269e-05,-5.579762531177963e-05,0.00018271834592174726,-4.0429232779372806e-05,6.691060428254438e-05,-0.001499205903343997,-0.0007661398312150481,0.00015879805722356235,-0.00027599749871148546,6.564766224852197e-05,-0.0001367531687018702,5.8595221353214774e-05,-0.000196711221271813,0.0005404233552424382,6.211952418396505e-06,-3.668636632695938e-05,2.2028599928097668e-05,-2.1118151030187705e-05,6.239363451488907e-05,8.572311970594337e-05,-0.0002637565952278828,0.00019320770207571645,0.00010643436690360117,-3.352763735731095e-06,-4.001774597995526e-05,0.0001692795269405995,3.553725972611419e-05,-2.6295735426938387e-06,1.331836239036742e-05,-0.00047785957842851946,-7.07643735173199e-06,2.1303098088438236e-05,0.00017410925682904881,0.00017302139057813248
HFFG,3.299256331444802e-05,0.00012120081853100179,9.24098848147717e-05,-7.1510499698038285e-06,0.00026778292092139203,-0.00017651834668070128,1.2430950820896927e-05,4.687978761307958e-05,6.360845855658641e-05,1.8483220524045645e-05,0.00011912554833682162,-0.0001345717902168045,0.00043398977189206933,0.00024814897262233365,-0.00010659000486881293,-0.00010629953125608661,1.298222961565662e-05,-2.0913967266530172e-05,0.0003669475583699344,9.891062174291921e-05,-0.0003050002008937479,0.0011395880020179596,0.0007121461112866642,1.301770816146838e-05,0.0004229669048933685,-4.720810544523333e-05,-9.23021735603096e-05,-0.00023711897475668718,0.00023926606419130456,-0.0007029384388493353,5.410695529464461e-06,-0.0001478862418252262,-2.146925369271873e-05,2.84756564124337e-05,-0.0001482794299912707,-7.931601042882235e-05,-0.0003428099246815676,0.00010049224774792873,-0.0001547270786188573,5.3085010125554506e-05,-1.6701845735227176e-05,1.1675593973628155e-05,2.9424098603449975e-06,2.7958885287665867e-05,-1.6983850413314163e-05,4.274084829500227e-05,-0.00010721330268335745,0.00010114164234263875,-0.000104756863505708,-0.000595320082136204
HROW,2.3410348935705418e-05,9.865950007723439e-05,0.00011740146191596503,-4.416370933899629e-05,0.0003910369559180308,-4.864488583010803e-05,1.0017403838472102e-05,6.437707278762719e-05,7.513996585515692e-05,4.6646320694560114e-05,9.973997629452531e-05,8.067719411839687e-05,0.00024814897262233365,0.00028736152528247835,-4.6591249014038707e-05,0.00024680184899975786,-3.113359455368272e-05,-5.352373429036759e-05,0.0005026078297813016,3.3093375472975346e-05,-0.00029503953972045597,-0.0002561015058439888,8.74254309103813e-06,0.00011015842336144066,8.829672041242329e-05,1.6637780872616104e-05,-0.0002357243881503023,-6.77507639415901e-05,9.844293865623871e-06,-0.00015250949338843113,1.1847937784425505e-05,-0.00013050995549279207,1.4788834609434726e-05,3.98879046933495e-05,-6.922495982025442e-05,6.465525974114901e-05,-0.0004970531232097949,0.0002624105342862389,-2.155350199823368e-05,2.7700621412141226e-05,-2.872956905121726e-05,0.00019125232242010103,5.25748564890626e-05,-5.3717030792750674e-05,1.6629734486531013e-05,-0.0003480702004774772,-4.838207082911681e-05,8.978306785872777e-05,4.985970526313902e-05,-0.000479316163514222
IIIV,-9.238727195935695e-05,-0.0001542191976904707,-0.00013456483191957218,-8.448111429949944e-05,-0.0006550814887016593,0.00015767597096335873,-2.401998171416216e-05,-0.00012056579016143297,-5.944478357111593e-05,-3.3883378014744304e-05,-0.00012997044727306015,0.00018879123591879993,-0.00010659000486881293,-4.6591249014038707e-05,0.0004880000698957387,-0.0010807275674941067,-8.190557748221859e-05,-5.560437945906617e-05,-0.00012936194169557204,2.4832506057622675e-05,0.00040146948994970353,-0.0009025949794759983,-0.0005872736004778488,0.0001762119545404876,-4.832465773009502e-05,2.8165666803497243e-05,0.00011251291257049473,-0.00022548306813286156,-2.1869135386838293e-05,0.0003687095718812623,-5.705436379456464e-06,-7.578685190741632e-05,-3.7883590258821526e-05,-0.00012902545842746873,3.649713563126093e-05,-0.0001603670869298913,-8.960212906362242e-05,3.0990125778852084e-06,-1.5369850598643107e-06,3.918927901348721e-05,-7.79759547026925e-05,-7.363080434021207e-05,-5.709398562133134e-05,0.0002541348615901404,-6.0519778634858407e-05,-0.00024755067530311727,-0.0001507975835301607,3.757586831603293e-05,0.00011111616807029544,0.0005888438112852386
IMAC,0.0002108177959302827,0.0003469364891534639,0.0004059229257764098,0.00012025582683943156,0.0019510408529241198,-0.00011584299448054768,5.560390995572395e-05,0.0003464707989562695,0.00018408199469807922,0.00015302615490585576,0.0002941559156725853,1.997809849712791e-05,-0.00010629953125608661,0.00024680184899975786,-0.0010807275674941067,0.0034851986196458755,0.00010032940278210782,5.7136201485940904e-05,0.0006974690662343509,-0.0002008914457462161,-0.0010163809925004506,-0.0008814962707940418,-9.547932571165558e-05,-0.00020411331163180393,-0.0006029102224443878,7.351771959915752e-05,-0.0006307082121018557,0.0009188118698295131,-0.0004491301009427912,0.00027605580825382426,3.0127822256103217e-05,0.00020477160089295976,0.0001756750020496393,0.0003501054664318469,7.281341944026298e-05,0.0007230524101232151,-0.0001966350286118995,0.0003900606623293675,0.0002933544460583036,-0.0001482574115757785,0.00016159406659577936,0.0006071712250488233,0.0002585239328877232,-0.0008158829059618366,0.00022605941523616018,-0.00030336196784077447,0.0004942349525224183,-0.00010359588622526024,7.357349977158865e-05,-0.0012750585733616437
ISDX,1.3568969585021242e-05,1.656517399628798e-05,4.891174731723531e-06,2.3795836342754872e-05,4.46579067576874e-05,-3.6900062399315847e-05,3.058929756937434e-06,9.791277581896023e-06,-6.200146876469905e-07,-3.6554630906749494e-06,1.2076046469407502e-05,-6.861192715472269e-05,1.298222961565662e-05,-3.113359455368272e-05,-8.190557748221859e-05,0.00010032940278210782,2.2796448397647148e-05,1.960674424363335e-05,-5.5540130884370453e-05,8.073668395420836e-07,-3.221928053561835e-05,0.0003614146010167911,0.00018760805914492395,-5.4376836460899916e-05,4.1844338162745975e-05,-1.4971880951627027e-05,2.8171892085409248e-05,2.2182206615172825e-05,3.276641302863499e-05,-0.00011503125807103285,-1.3057085023360385e-06,2.5258416621011776e-05,-3.5894883689977576e-07,1.4830012325116265e-05,-8.32241721886463e-06,-4.998896191742218e-07,9.297852202212829e-05,-5.2543865596835354e-05,-1.485655886080076e-05,-6.249448716262242e-06,1.7630757268545202e-05,-3.409380884542382e-05,-3.411320158874706e-06,-2.427597638449283e-05,3.4593210825123004e-06,0.0001325988997457568,2.2396460196041973e-05,-1.5085838436156805e-05,-4.435526284424716e-05,-5.523913081182772e-05
IVES,7.5351476903515204e-06,1.4373688014665544e-06,-8.354535312734671e-06,2.1917485395693244e-05,-5.498931027778457e-06,-1.9862176093573494e-05,1.1842971329039487e-06,8.773824251301743e-07,-8.281037174432304e-06,-7.151189180175109e-06,-2.0032596351457767e-06,-5.579762531177963e-05,-2.0913967266530172e-05,-5.352373429036759e-05,-5.560437945906617e-05,5.7136201485940904e-05,1.960674424363335e-05,1.9851927921875944e-05,-9.295988116550455e-05,-4.391017968210788e-06,7.5310004917982995e-06,0.00027002270984131206,0.00012542198566114671,-5.0799696119475335e-05,1.479132308421705e-05,-1.1700344095055178e-05,4.344719077780462e-05,2.7772878227865005e-05,1.866644750331032e-05,-5.8483118794066126e-05,-2.117351170196257e-06,3.348974923986804e-05,-1.0607354023849203e-06,7.1819427668171294e-06,2.879145363205847e-06,-4.149091953218241e-06,0.0001202607050935039,-6.433173351778163e-05,-5.987173722877054e-06,-8.257480227420866e-06,1.614943768614324e-05,-4.235468709727009e-05,-7.130375838988379e-06,-1.4386092629866214e-05,1.570325890553231e-06,0.0001290156939173865,2.3422251572409287e-05,-2.1294098394149975e-05,-3.548438896026476e-05,1.2242502586990579e-05
KNDI,4.958369268581972e-05,0.00018041267551919692,0.00022557632619577052,-7.452821406730523e-05,0.0007959603635625587,-6.0169191715540476e-05,1.9511845840423927e-05,0.00013194442287691835,0.0001388642402047934,9.311053044334233e-05,0.00017974112153350437,0.00018271834592174726,0.0003669475583699344,0.0005026078297813016,-0.00012936194169557204,0.0006974690662343509,-5.5540130884370453e-05,-9.295988116550455e-05,0.000909643401856499,2.8796673510447242e-05,-0.0005507904865234793,-0.000784478078459422,-0.00014462066518771332,0.00019269088859665142,3.811681771334231e-05,4.60843231441735e-05,-0.00046222547161637575,-2.099241143847083e-05,-6.0549004253963656e-05,-0.00011771595774696888,2.296974889607777e-05,-0.00020160662485923272,4.31014202781098e-05,8.999107121542315e-05,-9.384243365842849e-05,0.0001825663416853273,-0.0008744282148072714,0.0004963512337178221,1.0686303151495388e-05,3.177832086832396e-05,-4.08586441851857e-05,0.0003945330643109809,0.00011400332505031606,-0.00015629230680591877,4.861327957979636e-05,-0.0006839652906547727,-3.824504532132213e-05,0.0001410564130753104,0.00012130162716340756,-0.0008504888773612981
LBRDA,-2.6809321868065877e-06,8.65926114456079e-06,-2.5625153836877866e-06,-4.359858107211905e-06,-4.580894886086578e-05,-3.646637034379798e-05,-1.0817979278833854e-08,-7.973840560830012e-06,2.9204884362933858e-06,-5.282541094046338e-06,1.0447999992608044e-05,-4.0429232779372806e-05,9.891062174291921e-05,3.3093375472975346e-05,2.4832506057622675e-05,-0.0002008914457462161,8.073668395420836e-07,-4.391017968210788e-06,2.8796673510447242e-05,3.2074198528038855e-05,-1.2238257739690563e-05,0.0003465525664520949,0.00018488799248167368,5.313566436985825e-06,0.00012906359232029894,-1.642560935883419e-05,2.0524702248880278e-05,-9.742939645277595e-05,8.053040637007097e-05,-0.00018127754298816342,-7.642469931226323e-07,-3.831290206001525e-05,-1.4378349151311314e-05,-1.121211498738376e-05,-3.646648214642255e-05,-5.7126178794572485e-05,-4.56768217119673e-05,-9.307420991080971e-06,-5.121181199141978e-05,1.8390983627995744e-05,-9.672237347975344e-06,-3.70492250027431e-05,-1.4396869333416603e-05,4.754409526380507e-05,-1.5637408431038715e-05,4.7441278982441595e-05,-4.645194477613152e-05,2.4519452451675084e-05,-3.324700473552503e-05,-6.228751788561607e-05
LITE,-8.924747230310901e-05,-0.00020314578141600087,-0.0002054111359944946,-2.2229334682108545e-05,-0.0008359999721428582,0.00016094271214497685,-2.677405016446961e-05,-0.00014700045014828106,-0.00011188379794223846,-6.709925283013282e-05,-0.00018628022694961173,6.691060428254438e-05,-0.0003050002008937479,-0.00029503953972045597,0.00040146948994970353,-0.0010163809925004506,-3.221928053561835e-05,7.5310004917982995e-06,-0.0005507904865234793,-1.2238257739690563e-05,0.000563224372325796,-0.0004400350805659394,-0.00044428222166759514,3.0107981555151386e-05,-0.00011792848441237154,6.0100441849465325e-06,0.00029591086540400684,-0.00010310774440996229,-2.6522599642435662e-05,0.00041320414027225434,-1.4915074586800134e-05,6.295715704087665e-05,-4.10469962144312e-05,-0.0001310129639455614,9.023395590841606e-05,-0.00017568453059358316,0.00038465185602646224,-0.0002350401148847335,1.9322062049788267e-05,3.4798257506926368e-06,-3.130410284321702e-05,-0.00022669063871563356,-8.9407441532541e-05,0.00023508923341402486,-5.9377567271920854e-05,0.0001316476896841179,-6.6521863927919e-05,-5.401133015583847e-05,3.7406025430708084e-05,0.0008690673399270006
MKTY,0.00015638775565950637,0.0002825330401308349,-2.327666663616766e-05,0.00032655570795922897,-7.179995984863026e-05,-0.0009161595413219648,3.9098557684592744e-05,1.923625915176501e-05,-1.9707146358258205e-05,-0.00013847680184244726,0.00023570788525960042,-0.001499205903343997,0.0011395880020179596,-0.0002561015058439888,-0.0009025949794759983,-0.0008814962707940418,0.0003614146010167911,0.00027002270984131206,-0.000784478078459422,0.0003465525664520949,-0.0004400350805659394,0.00927344861067387,0.004788153688909319,-0.0008027349094800508,0.0019868553262146855,-0.0004104034639313528,0.0007742120948786462,-0.0007095821506561705,0.0013632537861390224,-0.0036006307094504364,-3.4346983667491204e-05,2.2957541438642897e-05,-0.00017218150914819107,7.148668729764676e-05,-0.00048475433619743046,-0.000673845619116085,0.0011450635211390746,-0.001023688102667032,-0.0007703957581955449,9.516340206268941e-05,0.00016867005067465156,-0.001017996895260805,-0.00023873186115101893,0.00019814252895346951,-0.00013103372885499927,0.0026684817321533513,-0.00015555946237555388,-2.4109381490778443e-06,-0.0010462589731319606,-0.0012248278400336147
MOGO,0.00011034339954446633,0.0002216542676495244,7.060528284725512e-05,0.00016470121426807898,0.00028426312095034884,-0.0005213147321621462,2.965027340677594e-05,6.538155125832679e-05,3.679436880491512e-05,-4.182687694695209e-05,0.0001929857926318675,-0.0007661398312150481,0.0007121461112866642,8.74254309103813e-06,-0.0005872736004778488,-9.547932571165558e-05,0.00018760805914492395,0.00012542198566114671,-0.00014462066518771332,0.00018488799248167368,-0.00044428222166759514,0.004788153688909319,0.0025622070651271185,-0.00039713096958268106,0.0010573366911923968,-0.00020690791991663746,0.00026220737154027595,-0.00033957140040097794,0.0007003274099747869,-0.001975554515378671,-1.0853041384374988e-05,-2.9648541857401245e-05,-7.222748727439207e-05,8.283480711871371e-05,-0.000284752071186678,-0.00027694183023564716,0.0003787720342339574,-0.000402581141763154,-0.00039979501175071855,5.1844420906244876e-05,9.009772060180325e-05,-0.00041430110262060944,-8.482141014650196e-05,1.974369078672522e-05,-4.54940733109002e-05,0.0012527266627950918,-6.676535910793144e-05,3.0431214655951936e-05,-0.0005329361895220326,-0.0009661269750695723
NWL,-2.6953781826672265e-05,-2.245647087762925e-05,4.885805499722894e-06,-5.876257710301318e-05,-4.9276760460907286e-05,7.175778470408497e-05,-5.387045090303184e-06,-1.3522666990583497e-05,1.1763782027454902e-05,1.3930519291393542e-05,-1.2272293544516064e-05,0.00015879805722356235,1.301770816146838e-05,0.00011015842336144066,0.0001762119545404876,-0.00020411331163180393,-5.4376836460899916e-05,-5.0799696119475335e-05,0.00019269088859665142,5.313566436985825e-06,3.0107981555151386e-05,-0.0008027349094800508,-0.00039713096958268106,0.00013515024172638493,-6.973271812420678e-05,3.39000655545072e-05,-9.227360418044165e-05,-6.59934844005952e-05,-6.429786934268765e-05,0.0002180605043005345,4.41669580368852e-06,-7.64314258371795e-05,1.616700297405868e-06,-2.820118877809079e-05,6.0026680010265515e-06,5.179689053144208e-06,-0.0002758156965511722,0.00015050251718306566,2.5642654520999448e-05,1.9017573919950282e-05,-4.35243711203849e-05,9.796121417209482e-05,1.3450053620329724e-05,5.011213629699578e-05,-6.650982637397516e-06,-0.00033537719866445726,-5.968542925728588e-05,4.738311761219557e-05,0.0001017666854209331,5.183324623321764e-05
PPLT,1.4343033790189049e-05,6.757532577926674e-05,3.756121586285067e-06,2.2692913595901414e-05,-8.426369027380879e-05,-0.00021045777666661486,5.779869546768863e-06,-1.1286562201438027e-05,1.375306723447478e-05,-2.5120475830055604e-05,6.677138239550961e-05,-0.00027599749871148546,0.0004229669048933685,8.829672041242329e-05,-4.832465773009502e-05,-0.0006029102224443878,4.1844338162745975e-05,1.479132308421705e-05,3.811681771334231e-05,0.00012906359232029894,-0.00011792848441237154,0.0019868553262146855,0.0010573366911923968,-6.973271812420678e-05,0.0005851577489673339,-9.017810838463711e-05,0.00011971691815394704,-0.00034729510464621245,0.0003747927049302719,-0.0009220194045986454,-4.771737293038425e-06,-0.00011214991829941425,-5.652938477166843e-05,-1.626379169362421e-05,-0.00016115976699123365,-0.00022270424697487808,-3.8481307279147514e-05,-0.00011722804218267173,-0.0002285158943685171,6.259799672082158e-05,-8.34829772257318e-06,-0.00019710948235285265,-6.0279029890357506e-05,0.00014196371141722493,-5.469031163349395e-05,0.00040408204916633956,-0.00014552838342745306,7.394910533268443e-05,-0.00020649689327863218,-0.0003634805542961429
PRFZ,-4.4828482399470445e-06,-7.771267428289095e-06,6.1617035894429584e-06,-1.343354375426993e-05,2.5904148381958292e-05,3.779095809921611e-05,-1.0457869842193064e-06,3.165156022742745e-06,3.439308977457032e-06,7.93339505971111e-06,-6.23910513929656e-06,6.564766224852197e-05,-4.720810544523333e-05,1.6637780872616104e-05,2.8165666803497243e-05,7.351771959915752e-05,-1.4971880951627027e-05,-1.1700344095055178e-05,4.60843231441735e-05,-1.642560935883419e-05,6.0100441849465325e-06,-0.0004104034639313528,-0.00020690791991663746,3.39000655545072e-05,-9.017810838463711e-05,1.8547712224085224e-05,-4.195505614745474e-05,3.839996148261829e-05,-6.278933342441352e-05,0.00015583775585581967,1.8973997207034914e-06,-5.608932028485736e-07,9.231746712273947e-06,6.693294427566122e-07,2.075708487885006e-05,3.654071451012027e-05,-5.6837157632476054e-05,5.073915941593674e-05,3.5671383003898105e-05,-5.171642496281885e-06,-6.071850528915782e-06,5.17179777046655e-05,1.3308093286659337e-05,-1.6810278235467296e-05,7.954958678201425e-06,-0.00012170871828288455,1.0784720735220854e-05,1.5998850366592e-07,4.630024116115077e-05,3.524908572680119e-05
RIBT,-3.259080670198056e-05,-9.254306814729794e-05,-0.00012855771568467286,3.263588541130813e-05,-0.0004997722032045061,-2.629615456523053e-06,-1.1283817534119083e-05,-8.364620312621915e-05,-7.345136500250545e-05,-5.701364357969857e-05,-8.944193026120928e-05,-0.0001367531687018702,-9.23021735603096e-05,-0.0002357243881503023,0.00011251291257049473,-0.0006307082121018557,2.8171892085409248e-05,4.344719077780462e-05,-0.00046222547161637575,2.0524702248880278e-05,0.00029591086540400684,0.0007742120948786462,0.00026220737154027595,-9.227360418044165e-05,0.00011971691815394704,-4.195505614745474e-05,0.0002749910321299205,-0.00010293113722310296,0.00012036532945490807,-0.00012398785162532824,-1.3388102634372602e-05,6.403039759744704e-05,-4.020998249110825e-05,-6.48872553822476e-05,1.1628160841980982e-05,-0.00016616692921240446,0.00041772856351772914,-0.00027734773922356154,-6.206058785505192e-05,4.3464961353022195e-06,8.881025866177449e-06,-0.00025545809840467695,-7.90156514979618e-05,0.00014449064938546515,-4.528362504946739e-05,0.0004124370785279833,-3.5256253606878854e-05,-4.780505225717487e-05,-9.827929665520685e-05,0.0004082646323635032
ROK,3.75411232058625e-05,2.7797795614435928e-05,5.419713853674815e-05,3.712373034532856e-05,0.00035116487174303193,5.1966059970204967e-05,7.971361060963526e-06,6.303153166748592e-05,1.3378895654388925e-05,2.7478649485025315e-05,1.515572461906309e-05,5.8595221353214774e-05,-0.00023711897475668718,-6.77507639415901e-05,-0.00022548306813286156,0.0009188118698295131,2.2182206615172825e-05,2.7772878227865005e-05,-2.099241143847083e-05,-9.742939645277595e-05,-0.00010310774440996229,-0.0007095821506561705,-0.00033957140040097794,-6.59934844005952e-05,-0.00034729510464621245,3.839996148261829e-05,-0.00010293113722310296,0.00034436973289655597,-0.00022110400193856247,0.0003922140401510493,4.431141780471235e-06,0.0001272305882633353,5.325661820029978e-05,7.389314528381581e-05,8.91888413510467e-05,0.0002149208795602803,0.00013782452593774508,3.5890834206391746e-05,0.0001448454230114366,-6.334991603121078e-05,5.0761772658432485e-05,0.0001358088663392529,6.0847862739663735e-05,-0.00021675025906056741,6.40069686291826e-05,-7.070142010113017e-05,0.00017713702734878834,-7.774493162752033e-05,6.138450038151147e-05,-2.735978231395839e-05
RPAY,5.125947856314664e-06,2.7525889863908615e-05,-1.8094223929845363e-05,2.2200391312809685e-05,-0.00012580102971480647,-0.00013123218538654645,2.0323957277943992e-06,-1.9050657516972044e-05,-3.883403537843591e-06,-2.4829722731778798e-05,2.692750405369837e-05,-0.000196711221271813,0.00023926606419130456,9.844293865623871e-06,-2.1869135386838293e-05,-0.0004491301009427912,3.276641302863499e-05,1.866644750331032e-05,-6.0549004253963656e-05,8.053040637007097e-05,-2.6522599642435662e-05,0.0013632537861390224,0.0007003274099747869,-6.429786934268765e-05,0.0003747927049302719,-6.278933342441352e-05,0.00012036532945490807,-0.00022110400193856247,0.00024802770511183416,-0.0005868225252561989,-5.2199096802903885e-06,-5.297605203705658e-05,-4.037707149421005e-05,-1.8253592692400563e-05,-9.548476975523278e-05,-0.00016021080052324788,5.827193232647431e-05,-0.00012265979904377738,-0.000148660175691589,3.721650926857492e-05,-1.0765490662745148e-06,-0.0001642069456278743,-4.938563420823316e-05,0.0001050061868499043,-3.9576570707735073e-05,0.00032717541253816674,-8.953733503831054e-05,3.423668943957717e-05,-0.00014554386459238763,-0.00015797648396522786
SBLK,-7.719859738428748e-05,-0.00019339768398609025,-8.301342923429996e-05,-8.776890747675694e-05,-0.0002540025919228148,0.000416206316311169,-2.3060836543408498e-05,-5.3504108967151296e-05,-5.42991723575302e-05,1.9666278975838796e-05,-0.00017739237510218928,0.0005404233552424382,-0.0007029384388493353,-0.00015250949338843113,0.0003687095718812623,0.00027605580825382426,-0.00011503125807103285,-5.8483118794066126e-05,-0.00011771595774696888,-0.00018127754298816342,0.00041320414027225434,-0.0036006307094504364,-0.001975554515378671,0.0002180605043005345,-0.0009220194045986454,0.00015583775585581967,-0.00012398785162532824,0.0003922140401510493,-0.0005868225252561989,0.0016300466501028123,4.294137710122002e-06,0.00012068878675075324,6.41116446992739e-05,-5.196029535976968e-05,0.000266304226980031,0.00024606398423972713,-1.4549673097491971e-05,0.0001914412785890393,0.00034816248402529365,-7.098387591418668e-05,-3.569269875665186e-05,0.0002644180638194448,5.962878097056143e-05,-6.503804598255894e-05,4.761289000364798e-05,-0.0007824975279829903,0.00012937134870266581,-8.696830167933991e-05,0.0003856250633949307,0.0008959992650975196
SPE,1.649318585196918e-06,4.727277365738347e-06,6.383135423888042e-06,-1.5641848603517663e-06,2.4630933994095626e-05,-2.9681873508243467e-07,5.719871160972678e-07,4.128883478329916e-06,3.668408211459877e-06,2.776018824110784e-06,4.570175113378739e-06,6.211952418396505e-06,5.410695529464461e-06,1.1847937784425505e-05,-5.705436379456464e-06,3.0127822256103217e-05,-1.3057085023360385e-06,-2.117351170196257e-06,2.296974889607777e-05,-7.642469931226323e-07,-1.4915074586800134e-05,-3.4346983667491204e-05,-1.0853041384374988e-05,4.41669580368852e-06,-4.771737293038425e-06,1.8973997207034914e-06,-1.3388102634372602e-05,4.431141780471235e-06,-5.2199096802903885e-06,4.294137710122002e-06,6.539056379552484e-07,-3.384505761274634e-06,1.8826220494672672e-06,3.191054081906197e-06,-8.957742578821031e-07,7.801660343770931e-06,-2.0749539285087114e-05,1.3500201673154965e-05,2.6230459277540236e-06,-9.523670084610763e-08,-4.4972234339823747e-07,1.226559397351373e-05,3.798034441460276e-06,-6.895042835907485e-06,2.1392848077804986e-06,-1.9603857739509988e-05,1.4715145435333535e-06,2.5091810781941093e-06,4.450275156973206e-06,-2.0976046679077057e-05
UFCS,7.119505606065466e-06,-2.0818696967440676e-05,-2.425624173057239e-05,3.4320719989186005e-05,-2.3223037547220437e-05,1.8128874933172655e-05,-1.8899423009276206e-07,-1.4962112847466954e-06,-2.2788346442944556e-05,-1.000621707277327e-05,-2.6322017631905186e-05,-3.668636632695938e-05,-0.0001478862418252262,-0.00013050995549279207,-7.578685190741632e-05,0.00020477160089295976,2.5258416621011776e-05,3.348974923986804e-05,-0.00020160662485923272,-3.831290206001525e-05,6.295715704087665e-05,2.2957541438642897e-05,-2.9648541857401245e-05,-7.64314258371795e-05,-0.00011214991829941425,-5.608932028485736e-07,6.403039759744704e-05,0.0001272305882633353,-5.297605203705658e-05,0.00012068878675075324,-3.384505761274634e-06,9.004294423210829e-05,9.47453927854325e-06,1.1897343911161896e-05,4.595330841578283e-05,3.683773274604896e-05,0.0002455723134490779,-0.00010074692178548614,4.236877126682783e-05,-2.951546148844257e-05,3.0485008717309193e-05,-4.1491129061807045e-05,-2.73342626650862e-06,-5.0100466438333925e-05,1.3189600854287158e-05,0.0001498990141757457,7.413710457776492e-05,-5.840464976656585e-05,-1.6392598110769627e-05,0.0001401179761473966
VALQ,7.647617545591934e-06,1.2142207942955459e-05,1.9209341815306015e-05,1.0882232113813137e-06,9.201261428334049e-05,7.5940457734521745e-06,2.041917313136373e-06,1.5894688223689512e-05,8.808952159545818e-06,9.072919756812684e-06,1.0326003934222911e-05,2.2028599928097668e-05,-2.146925369271873e-05,1.4788834609434726e-05,-3.7883590258821526e-05,0.0001756750020496393,-3.5894883689977576e-07,-1.0607354023849203e-06,4.31014202781098e-05,-1.4378349151311314e-05,-4.10469962144312e-05,-0.00017218150914819107,-7.222748727439207e-05,1.616700297405868e-06,-5.652938477166843e-05,9.231746712273947e-06,-4.020998249110825e-05,5.325661820029978e-05,-4.037707149421005e-05,6.41116446992739e-05,1.8826220494672672e-06,9.47453927854325e-06,1.065882562300437e-05,1.536162815213475e-05,1.0374953984714744e-05,4.3371982119242894e-05,-2.4705840509856432e-05,3.240664194565363e-05,2.4696723567150405e-05,-8.344188817408484e-06,5.239354940087289e-06,4.261846272247953e-05,1.5433638361541842e-05,-4.101508382371056e-05,1.243865355591606e-05,-5.148109911540293e-05,2.546553483111858e-05,-4.957895246534156e-06,1.8181101114183142e-05,-4.181798277895963e-05
VNLA,2.578977767961067e-05,4.7114986871832283e-05,4.847796290377059e-05,1.525351671333885e-05,0.000221700497898012,-3.258385968495572e-05,7.028751078711354e-06,3.963051147957136e-05,2.3335049564606525e-05,1.5954882021179648e-05,4.099490621911496e-05,-2.1118151030187705e-05,2.84756564124337e-05,3.98879046933495e-05,-0.00012902545842746873,0.0003501054664318469,1.4830012325116265e-05,7.1819427668171294e-06,8.999107121542315e-05,-1.121211498738376e-05,-0.0001310129639455614,7.148668729764676e-05,8.283480711871371e-05,-2.820118877809079e-05,-1.626379169362421e-05,6.693294427566122e-07,-6.48872553822476e-05,7.389314528381581e-05,-1.8253592692400563e-05,-5.196029535976968e-05,3.191054081906197e-06,1.1897343911161896e-05,1.536162815213475e-05,3.9290453086524155e-05,-6.8110088732878396e-06,6.415789473487646e-05,-3.2421659270269826e-05,3.780997521044696e-05,1.3169985663373588e-05,-1.1125279887330871e-05,1.7450938848653518e-05,5.4751108131129245e-05,2.503449612247429e-05,-8.183410603447725e-05,2.1335948616463838e-05,-3.5404714234371897e-06,4.3251416446240864e-05,-4.186822699063636e-06,-9.201715156045891e-06,-0.00018486677657067542
