,AGO,AKR,ALYA,ASMB,ATO,AZRX,BCML,BFI,BHAT,BHE,BPTH,BSA,BUYZ,BYD,C,CCLP,CEN,CIL,DFVS,EDAP,EDRY,EFZ,ELSE,ELVT,ERES,ESSC,ETN,EVSTC,EXPD,FAX,FFIU,FITB,FIW,FLRG,FLRT,FLT,FTDR,GBGR,GEL,GGN,HMOP,IIGV,INOV,IYLD,JDST,KDFI,KOIN,MEOH,MKD,MODV,MSN,NHI,NSIT,NUAG,OIA,OPOF,OSIS,OSK,OUT,PBW,PCK,PFFL,PIE,PLSE,PNFP,RJN,ROKU,SAL,SF,SHE,SJW,SPGM,SVBI,TLTE,TTOO,UNF,USSG,VRT,XLB,DNP,EAOK,EDUT,FUNL,GEO,GOEV,JNUG,KEN,LIVN,MSBI,NEWP,PRDO,REPX,SJM,SMAR,TCFC,VETS,CARG,HE,SPDV,OCAXW
AGO,0.003781936377805779,0.006623748651969209,0.0005123466217508357,0.002910722578887795,0.0013333625771001021,-0.00019293902639485835,0.0025848674379854064,0.0003358604677038534,0.0007801949307674444,0.0015920060282260254,0.00045389935383478006,7.472461558449395e-05,-0.0020605265813133326,0.0007846936101020062,0.00220400144386532,1.2758600384316375e-05,0.0014448611917465973,0.000633319063090539,0.0006847112581069293,9.922883314776751e-05,-0.0036483587946363177,-0.0005557323009735141,0.0009024767408086256,0.002091665338212493,-8.116428424938291e-05,-5.377735937032444e-06,0.0011678037740903509,-4.94724779682365e-05,-0.00022239655890563976,-0.00015353056943005538,-0.00017869171993662299,0.0033156119250366133,0.0006447548563685557,-1.215873101114566e-05,-4.807269799798019e-05,0.0027879737981220945,0.0008494811201967851,-0.0006524503859439342,0.003446524889073545,0.0002612659445894493,-0.0001493128332394341,-0.00019138614181280438,0.0005662461971179079,-3.5375521039877875e-05,0.0010158630618372644,9.498788426471392e-05,-0.00022367473718285766,0.003719560880393404,-0.0004224120355490011,-0.0006108347062747654,0.0022208054870313057,0.002633981778584376,0.0006812493602687699,-0.0002649442405287822,-0.00023752585219176668,0.0002996600204467954,0.0012778640840278676,0.002100029385058454,0.002980884539950105,0.00013906022869022703,-0.00017803692374517742,0.00023276365069588967,-7.373967826535924e-05,-0.0007623838286504403,0.003850989348658473,0.0006580986006506096,-0.0034195163828408984,0.0010367732533678436,0.0028169420924756407,0.0002201221878068535,0.0016070783869379013,0.00024237492286166202,0.001022188349679546,2.0964146933923763e-05,-0.0018277567559675544,0.0011668782414926467,9.02701846791691e-05,0.00020130296286828772,0.0007408126094684444,0.00012511037721917652,-0.00011280993163565988,-0.0010445493133247623,0.0007390620515065296,0.0015242627337400572,9.176819464026765e-06,-0.001093036921173701,0.00017852663492686052,0.0019271888643445038,0.0035011365606101266,-0.0011862710975827336,-0.00012338119103150321,0.0014122809365102913,-0.00029524203641252065,-0.002683530295614257,0.0029505166901504817,-4.94724779682365e-05,-0.0001894073024075063,0.0017154132571595287,0.0015617007309245952,0.001819242726132516
AKR,0.006623748651969209,0.013953080855412994,0.0021643444206648943,0.010994332535427233,0.0025651399271259855,-0.0003657354618436844,0.004921612661003597,0.00013643311499677739,0.0014010985151855383,0.0025120354965258523,0.0014199764985660542,0.00010298811018996743,-0.004334421866540277,0.0011546764442130584,0.004242835320216269,0.0005929587262216036,0.0031151335224345127,0.0010002675755546525,0.0012532497340928645,0.0004483715121561572,-0.00434405039687623,-0.0010729477695374694,0.0012756899556533976,0.004037940164751428,-0.0001383186879749371,-2.9286155800171708e-05,0.0016582408094454684,-0.00011684619559584781,-0.0005377036672215594,-0.00040697894652688774,-0.0002934036281809997,0.006345789641912554,0.0010076050316972056,-8.379950631231576e-05,-5.708996345157542e-05,0.006561091032859711,0.0017237139198320252,-0.001346881196529613,0.008194297952562823,0.00019517731162031797,-0.00025861857528548674,-0.0003368939764968223,0.0008400862629391615,6.646850427944759e-05,0.004341976354814822,0.0003217311432245141,-0.0006208314293781345,0.007707510081390162,-0.0009853384602283395,-0.0016033803936770607,0.003504211083382044,0.005203225717004189,0.0007775986957565165,-0.00048782526955770824,-0.0005799215527194455,0.0007837612919209282,0.002436581319681686,0.003688378795708406,0.005838723631518915,-0.0005558289006834904,-0.0002632380689372189,0.0006715032380515455,-0.0002592036473309213,-0.00042337671513432426,0.007098436310185979,0.0020490189432022777,-0.00745135666188994,0.001844992975504149,0.005677033465079177,0.0004367940249703441,0.002962852462416834,0.00036328039262095734,0.0024695922695280536,3.1818088124051716e-05,-0.0022993881318020292,0.0024828705534706065,0.0001377057664133839,-0.00011084619195213312,0.0011323030066312289,0.00013282873102750652,-0.0002184991424684851,-0.001886119203271429,0.0014186514332313117,0.0013179271210293424,-9.295419478869562e-05,-0.004472926888618519,-0.0006685155322841888,0.00449307134059557,0.006668746092115583,-0.0017384141923458183,0.0009837370268227141,0.0028207757026900903,-0.0008519578780389455,-0.005031357557299331,0.00596838992278114,-0.00011684619559584781,-0.0008272210651546115,0.0034498278295637666,0.002879960401969039,0.004510881364685663
ALYA,0.0005123466217508357,0.0021643444206648943,0.0013705420707692483,0.006883873091663477,0.0005310022941206696,-0.00012394783241073418,0.0009327468502869055,-4.5836634710980496e-05,-6.951927986893092e-05,0.00012436215193046372,0.0002291444281384024,-0.00013420985424747648,-0.0007216089273541577,0.00022977201904897246,0.0003205680011096966,0.0004482815418681694,0.0005849932692478494,2.6914281719286073e-06,-0.0002850948140106864,0.00022790106935195395,4.478993626771461e-05,-0.0002752522277456446,0.00021288249190877436,0.0005613241911282514,-3.726021250702581e-05,-6.182795776592897e-05,0.00012885873851258494,-8.736835103084787e-05,-0.00014086931749522267,-0.0001518767894573445,-7.167749445285537e-05,0.0007302939411324092,0.00017086248515978892,-4.663618376749999e-06,-3.583179705667218e-05,0.0012236244730559588,0.0002840367329515825,-0.0002235430723945939,0.0021946643184424896,-6.006208723394557e-05,-7.205077433447451e-05,-6.800651493196778e-05,-8.15068412674826e-05,5.7392785355092186e-05,0.0005140185297432998,4.974244282282418e-05,-0.00019909862309227397,0.0010425889105059906,-0.0003282888823038808,-0.0007295631639096467,-0.00012395262744686593,0.0006223733533536948,0.00010246444544853932,-9.248818287554708e-05,-0.00013640730387397444,-9.103905197521057e-05,0.0004400518159151285,0.00037409368701798713,0.0005689835240430126,-0.0001964143384125211,-8.64749422038176e-05,8.709497975052567e-05,-0.00012711869128810793,0.0008580050546731657,0.0009561947072399842,0.0005731267678617896,-0.0018126974531626143,0.0004282734525159435,0.0008743981566267672,3.477899832171574e-05,0.00042382742243926683,-1.1509907421383029e-05,6.096444081257799e-05,-8.753971602893244e-05,-0.00011028683800455924,0.0005690610820426647,2.0114027144548112e-05,-0.0001179911304648521,0.0001631293087330053,-3.201928430117154e-05,-6.231877918009971e-05,-0.00021116752373367978,0.00024735764978765274,-0.0005611863629530679,-0.0001705501238522312,-0.0006940443676102012,-0.00041350162190868865,0.000922527384809541,0.000859165438043933,-0.0002903068204677902,0.0010697473706253518,-6.577347617538671e-05,-3.2272974193866715e-05,-0.0005596136135302758,0.0007331507318054351,-8.736835103084787e-05,-0.0005111655643095514,0.0004815738602613613,0.0003809256908835331,0.0010340212843107913
ASMB,0.002910722578887795,0.010994332535427233,0.006883873091663477,0.059049321152963484,0.0014345050435173399,-0.00036240370780396525,0.002641317605005295,-6.499874499264248e-05,0.0016003841135866725,2.7031527538799136e-05,0.001036054263696584,-0.0004642794872418177,-0.0021660993571625685,0.0012949712283283573,0.002399752487229975,-0.0022054592939162224,0.003457677959431278,0.00031844516952154203,-5.1392475718527666e-05,0.0008853168528179327,0.007536873882184535,-0.001694507452081141,0.0022857570467184527,0.010059296383669567,-0.0006220620602950677,-0.0007142912777770287,-0.00037602212962256285,-0.000789024147246053,-0.0019061236814234652,-0.001427105223261228,-0.0005643733184964047,0.004252980796433997,-0.00040206333753340094,4.96273266629186e-05,-0.0009123318672873376,0.005613377574038946,0.0004040707118854147,-0.0007930143108209344,0.00932051721790657,5.066031908713079e-05,-0.0007350195925491682,-0.00046044685485314854,0.0014367432396995038,-2.2678455120546653e-05,0.0020672137876595457,9.781726237995529e-05,-0.0007229833311218561,0.004818485272060331,-0.0020701842777558813,-0.006056662826746416,0.0001740814949795341,0.0038281327577809857,0.00022368920543693266,-0.0005699712868907524,-0.0013162127924488903,2.8784240909742527e-05,0.0014046651134008714,0.0025155953714119162,0.0045485831103587535,-0.0011044290125628844,-0.0011022615867012644,0.0007250890756910601,-0.0001736602131709631,-0.0006718257405992578,0.0031588126846718322,0.0023670041872688088,-0.012765436195222893,0.0009228905027874918,0.003994333782216343,0.0001571769864459274,0.0013863379822825711,-0.00013043625448140356,-0.001234087461423748,-0.0007829826257675568,0.0046869790003460626,0.0018068155522699876,0.0001575304362379333,0.0007998887886128972,-0.000572985789530914,-0.0009353409350941088,-0.000453153784225823,-0.00021020311628734478,0.0011531832351521156,-0.005290491969582659,-0.0010580821516349098,-0.003706877022157466,-0.000494955503268333,0.0025768478587901923,0.003054176173714479,-0.0019075744325657978,0.0066691758263129446,-0.0014220005145471237,-0.002010769830683868,-0.0032335319973332086,0.001985858974455413,-0.000789024147246053,-0.004129734118633998,0.0006276381095347889,0.0015096722673662904,0.006088393241748089
ATO,0.0013333625771001021,0.0025651399271259855,0.0005310022941206696,0.0014345050435173399,0.0008973002832516142,-0.00014825708624194753,0.0011323698220958055,0.0002805936736136087,0.00010979000216614277,0.0004751323004495283,0.0003691898429201892,5.223278400763443e-05,-0.0010235604046228814,0.00034641603881893054,0.0006570553171248744,0.0005818622662075758,0.0006024176580927705,9.0840277696535e-05,-9.389280791706927e-05,0.0002100739246130798,-0.0012524940805231249,-1.1547970496799982e-05,0.000458024478083791,0.00046865946853212376,0.000129933316850807,9.617432669383162e-05,0.0004849778414889082,9.003602212355124e-05,0.0001082917916037517,3.553438379396863e-05,3.253777317843037e-05,0.0010343944130626317,0.0004129925216807043,2.0621103874536988e-05,0.0001313888008069883,0.0011207350289738098,0.00034870735940598877,-0.00031120286415283014,0.0014017393598956803,7.766926549451348e-05,6.458385802158025e-05,3.57262587337408e-05,-7.124495660882712e-05,0.0001062219555191493,0.0010921978145748154,0.0001010190462656848,-0.00019623672962698526,0.0012398126236696733,0.00011464075368132666,-0.0001551528929891049,0.00042064686701748265,0.0011157929002399197,0.00022946484400536833,-6.543401812905404e-06,-2.359655528078447e-05,1.7557687455719705e-05,0.0006432239955429975,0.0008676329154711782,0.0005741976026463797,-0.00020618479795046063,-4.0458656242430146e-05,0.00011989287105455167,-0.00014160680313952045,0.0010265457041048031,0.0015945151183030925,0.00047639525119977735,-0.0014278608297902972,0.0008626002669682468,0.0010950627803757045,6.792677849666454e-05,0.0006820759982939332,6.654166495056732e-05,0.0004172718130404893,1.338560482586629e-06,-0.0005105526269770233,0.0006171395978987389,2.9591950203664018e-05,0.0001851309923649324,0.0003420811075740948,0.0002195782683030717,2.8869218523085516e-05,-0.000443904424600176,0.00035240647568587306,0.0010936987042646001,6.014407697028392e-05,-0.0009008367580364081,-3.28589155172147e-05,0.0008851133373386666,0.0013708200315449707,-0.0003878159796674034,0.00041724773364084906,0.0004687368338777559,0.0002563677614249802,-0.001061373812831433,0.0012257972171467123,9.003602212355124e-05,-0.00021499746993710304,0.0010268834751011962,0.0006618020572062218,0.000703115632747025
AZRX,-0.00019293902639485835,-0.0003657354618436844,-0.00012394783241073418,-0.00036240370780396525,-0.00014825708624194753,0.0002698892114753472,-0.00023593094397503025,4.5337939656371535e-05,0.00017575730105101877,4.7117455532839595e-05,-0.00021656668877412618,5.460231052723346e-05,0.0001753738190014972,-9.468854871849089e-05,-1.0606300601146974e-05,9.964702492714347e-05,-7.925639035882033e-05,1.439136571696163e-05,0.00012297462844580443,0.0001839657305386627,-0.00023174038127293038,8.894739882836857e-05,-2.1631766614719327e-05,-0.0003577132878981211,5.788055087892949e-06,2.332069026527605e-05,-8.441577961012731e-05,2.3543951978028872e-05,0.0001407643794829462,2.2137711719937063e-05,2.406427831915206e-05,-3.38162499286934e-05,-6.333411362321816e-05,-2.016441158939026e-05,1.4236171476006287e-05,-0.00022874629113667184,-0.00023231598826098433,2.6520076682326e-05,0.0002605772940966406,1.1886291558942697e-05,2.0110145548610286e-05,2.011938620635317e-05,-7.818428407989422e-05,-1.4491183060126203e-06,-0.00015744178514877404,-3.364320271638468e-08,1.9775093301786452e-05,-6.821653132715759e-05,-0.00019276873026377722,-3.7157806630026455e-05,0.00020052769548279217,-6.374761824786418e-05,-0.0003053316432273343,3.1688005819569394e-05,1.4682042996039467e-05,-1.1224702057865937e-05,-7.193988165715836e-05,-0.00015913358707097324,-0.0001324967877629389,0.0001735105306362392,3.932954869555657e-06,2.1535723481483808e-06,5.1544505155484235e-05,-0.0002667574771208528,-0.00014423454295426347,-0.00010670509375060785,0.0003890768633801561,-2.4277273055514016e-05,-0.00018807506093989132,-6.139189127307556e-06,-5.0024787747415646e-05,-2.7037988457530215e-05,0.00010253266256572994,2.8068773450047427e-05,-0.00020421628383065417,-0.00013200457945939512,-6.231299926340508e-06,8.900505881778931e-05,-1.5661661606775602e-05,3.338507683174351e-05,2.0185654127855547e-05,4.102677954764915e-05,-5.996122392853443e-05,-0.0001075765479684692,4.0547372371819e-05,0.0001961872092815179,-0.0005994753627691168,0.00010797481827603748,-5.725445467831371e-05,-0.0002044923833110286,-8.600281761151723e-05,3.627985945572526e-05,5.574441946185919e-05,9.946389201473956e-06,-0.0003948126513274709,2.3543951978028872e-05,8.976936821571752e-06,-0.0001741145566896097,-7.22562905989639e-05,0.00010913977829021435
BCML,0.0025848674379854064,0.004921612661003597,0.0009327468502869055,0.002641317605005295,0.0011323698220958055,-0.00023593094397503025,0.0028533281829233536,3.1936895017763286e-05,0.00026667842085491034,0.001279363274609603,0.00056220658907854,-7.931217203016563e-05,-0.0016044008926074306,0.0005264571520089841,0.001725879425133418,0.0005893387407771955,0.00106325899513921,0.00048360669685786745,0.00021522631102445196,-2.8710729280472838e-05,-0.0033759702292185394,-0.0005672893114294142,0.000521137151073138,0.0008337152702732704,-0.00014627659026069168,6.677573628998589e-05,0.0011457312758786787,-6.412170320755191e-05,-0.00018281659620875002,-0.00013905764767048554,-0.00018193933056045492,0.002404149613465651,0.0007090648728455087,-2.450368192548878e-05,1.0119851940181656e-06,0.002066908092381789,0.000594279652982617,-0.00048816337922646355,0.002950367386612619,0.00011153343855401139,-0.0001376685594954835,-0.00021576606860523962,0.00024896253845670146,-1.1253886269651686e-05,0.0005224508141819167,1.3906192201557098e-05,-0.0001627232942985639,0.0027988448554243277,-0.0005209229472434216,-0.0004426446040110895,0.0014113270411761493,0.0017234718981879833,0.0008426354144109034,-0.00024215495236697533,-0.00017671392291641902,0.0003552158171115707,0.0010247137035602893,0.0014795674371759326,0.0019704151084267174,0.0004891108549564988,-3.4879093689841505e-05,8.434265038087822e-05,-0.0002821689108435082,0.000788272075230404,0.0030009384150836474,0.0007759372198318644,-0.0024309518511602896,0.0008686077249202226,0.002005127206303639,0.00014497719858668298,0.0016242282959372336,0.00018932628523535082,0.0007183002850462051,-4.257085159477755e-05,-0.0019686664483009163,0.0014337932678871281,6.733076893214999e-05,6.335525356497375e-05,0.000715945068867051,0.0002376430990692191,-0.00011155168350047902,-0.000908982035549595,0.000584001933081228,0.0013974626666337522,-8.68626146968969e-05,-0.0006957807879064538,0.00015341760613207442,0.0014392376207908492,0.0029690701651676607,-0.0007262756057782639,-0.00011004500170363648,0.0010939208968814321,0.0001756327196986796,-0.001753689519389036,0.002520813976634706,-6.412170320755191e-05,1.2820405347437588e-05,0.0014216626415631112,0.0012068675869221115,0.0014806772328717218
BFI,0.0003358604677038534,0.00013643311499677739,-4.5836634710980496e-05,-6.499874499264248e-05,0.0002805936736136087,4.5337939656371535e-05,3.1936895017763286e-05,0.00032588871170347955,6.941009307919468e-05,0.00015002887911784167,-0.00016331908861926626,4.805495908489681e-05,-0.0001393247711909382,0.00019441699379811475,-1.913095963625774e-05,0.00011865272979789975,6.0351136437123344e-05,-2.388213283243031e-06,-0.00010998622452344984,0.00016280731297318323,-0.000848136226819217,0.00010499613909849978,0.00031917163028255785,5.678279621082519e-05,9.704134312962359e-05,3.232401644118149e-05,0.0001536013082678789,5.865814174376785e-05,0.0001601317442041503,6.049821178623716e-05,3.820815549565128e-05,0.00011691324962742314,0.0001356075773280373,3.07396116698227e-05,5.421692686030285e-05,-9.899611575471598e-05,-1.1059435642722441e-05,-5.952337316529512e-05,0.00010731724834384647,0.00010200801536585808,5.018659995598207e-05,5.5273514685580245e-05,-7.338481231067073e-05,3.004966045370264e-05,-0.00022919392387806602,1.717330119209974e-05,-4.587851866721531e-05,-1.1535829819851225e-06,0.00010177673517946897,-2.6270574707855284e-05,0.00015785655110862735,0.0002588556098048742,-4.939094617416561e-06,3.9500398102534944e-05,4.24778006659475e-05,-0.00018505242824383536,0.00017922253572656463,0.0002405009895815525,-0.00014326143060733288,3.0925167964659453e-05,-6.432934221766247e-05,-6.809817689892862e-06,2.186129937707045e-05,0.00011981156927647974,0.0003727873605324006,-9.654737198481025e-05,-0.00018227284905938902,0.00041048731550350924,0.00013973712971549965,1.6185031320393677e-06,7.66953172897636e-05,7.575731267297146e-06,-7.677084668278969e-05,2.734738307146426e-06,-0.0002432891824933635,-2.0281027681629413e-05,1.3613710599973408e-05,0.00025911171693367347,0.00012768153023610802,9.825652416064967e-05,3.6332559857135095e-05,-8.524174513259119e-05,8.300156033335034e-05,0.0006017249852572606,6.378073531439058e-05,0.00034244918516759685,-4.6652213312006486e-05,0.0001169129468122518,0.00018371663637054318,-0.00035522755543066593,0.00010860013792690519,-7.351251619270946e-05,0.00019802186626949255,-0.00031141999555438975,-4.6649013764205575e-05,5.865814174376785e-05,-9.549227589535281e-05,0.0002016139279008204,0.00015869690847013479,-3.526503972482399e-05
BHAT,0.0007801949307674444,0.0014010985151855383,-6.951927986893092e-05,0.0016003841135866725,0.00010979000216614277,0.00017575730105101877,0.00026667842085491034,6.941009307919468e-05,0.0005941191915330182,0.0004186827425848511,0.00041927973945492714,0.00018544838172790236,-0.0002942502085417053,7.426758457132109e-05,0.000721721872890524,-0.00015205670028060048,0.00036755050512296967,0.0002213863723040869,0.000378658703811822,0.0001720086240234654,0.0017219655644120807,9.298276626025327e-05,0.00023881842767779985,0.0008397493937795422,2.5835485024800575e-05,7.609468494922757e-05,0.00023623716742970712,7.592138947701948e-05,1.4444363201079422e-06,1.664733929141051e-05,5.3022984897322215e-05,0.000890054754497579,3.159053542313329e-05,-3.350854819421966e-05,4.342723112060794e-05,0.0005678466091608887,1.776260922442895e-05,-0.00013058685640113154,0.0009754454465644739,0.00015239585827824556,3.916554995566494e-05,4.4832837789706215e-05,0.0002745649852269712,2.5835679144292987e-05,0.0003682423911824083,8.56438602642123e-05,-3.0119951438190603e-05,0.000894741885340526,-2.37082993911286e-05,-0.0002410862154135646,0.0007275120861177623,0.0006712153418353801,-0.0001735583251848876,3.808618008062077e-05,-3.454357138824134e-05,0.0002940222946814713,0.00015052272074615955,0.0005664964729327635,0.0007562169351088348,0.00016334934368120242,4.502187630638474e-06,0.0001400603319815617,5.497113655385677e-05,-0.00043846433322187626,0.000829546297289304,0.00013250239061785038,-0.0007243469301820355,-6.449108694976139e-05,0.0005963632721520266,5.1354953485003886e-05,0.00031599664583667394,4.415522963096694e-05,0.0004252213708908065,2.6005314455039328e-05,-0.00021347399572713496,4.7694110578436484e-05,1.1123778100852181e-05,0.0001984873729726882,6.977845336698456e-05,4.2474655669823536e-05,4.093181246441392e-05,-0.00013475806658638242,0.0001263888534273433,9.426917634431894e-05,0.00010624770066108002,-0.00024306654423155008,-0.0002153937768727279,0.00043689041671684446,0.0008535500057827549,-0.0002763107125823117,-0.00023047596589703093,0.0005428678703007332,-0.00012221167212322936,-0.0006613322522209985,0.0004329087895308358,7.592138947701948e-05,-0.00018351701065282304,0.0002626940763496101,0.00030064400003497563,0.0005786527130433036
BHE,0.0015920060282260254,0.0025120354965258523,0.00012436215193046372,2.7031527538799136e-05,0.0004751323004495283,4.7117455532839595e-05,0.001279363274609603,0.00015002887911784167,0.0004186827425848511,0.0009663132845562643,0.00027259618250362636,6.193796621991656e-05,-0.0007627002078550928,0.0003691095227449349,0.0010234560339165007,0.00017236498709619256,0.0005504846661450267,0.0003905879480092113,0.00024732015396694665,9.757336590884727e-05,-0.0008265417082449211,-0.00020156368124947264,0.0003728425897899372,0.0004656021542709514,-5.071909388517794e-05,4.521061856806941e-05,0.0007735435401008161,7.3829650522567324e-06,-1.587488162348751e-05,-4.367790010752385e-06,-6.147194837227788e-05,0.0015529875539125808,0.0003707446551346098,-3.189514705532916e-05,1.5904619753983405e-05,0.0009843908000915238,0.00034521353025019074,-0.0002695467811838796,0.001925188323074873,0.00021584995246597688,-5.0473821610415834e-05,-7.711940920349622e-05,0.00026986102915914915,-2.7272068819580852e-05,-0.0006296580079140922,3.5540683681518085e-05,-5.332264543299699e-05,0.0016306816688927638,-0.0002598419672762786,-0.00022781109730018865,0.0011878740424587353,0.0009492875546734825,0.0002887196950003652,-9.150752941669476e-05,-3.112645444421351e-05,0.00015940822962994162,0.0005262821068585918,0.0009352114688122486,0.0012893896925717937,0.0005729914640303927,-1.1621390370764696e-05,3.99208738293565e-05,1.227045030276217e-06,-0.0003581989207511695,0.0019045163284003334,0.0001427225925365482,-0.001072459967718443,0.00023374267540553022,0.0012048295871185954,8.850470894807575e-05,0.0008080877192619086,0.00012380738008843366,0.0004647894733540226,2.0396557252828092e-05,-0.0017302221743025988,0.0004556409235345014,3.966824117466273e-05,8.471910650250823e-05,0.0005010498701236185,9.050172495041123e-05,-3.087430398333516e-05,-0.0004760757088768522,0.0002960002562570989,0.0006376364066402642,3.261765662163374e-05,0.000590970564350614,-7.630724168648674e-05,0.0009145043026529773,0.0017521758042137027,-0.0006818281183863746,-0.0005546101213553722,0.0007104669632874376,2.9918792742010335e-05,-0.0010922140918261513,0.0011500486792319746,7.3829650522567324e-06,1.604719877761428e-05,0.0006397779987519067,0.0006921652784436432,0.0007083628460676417
BPTH,0.00045389935383478006,0.0014199764985660542,0.0002291444281384024,0.001036054263696584,0.0003691898429201892,-0.00021656668877412618,0.00056220658907854,-0.00016331908861926626,0.00041927973945492714,0.00027259618250362636,0.0020530606098681466,0.0003492471627743974,-0.0005523656420353182,1.4760400554328476e-05,0.0007578111257772874,0.00044999352657255464,0.00046929771043003314,0.00015662833618432817,-0.00012475543867608804,8.771766905031671e-05,0.008352040215036738,0.0005418004638121219,5.530725728984979e-05,0.0008971104046618639,0.00026653192152292847,0.0003272499883689143,0.0005711392164837445,0.0003306493638904794,1.7073214641974974e-05,0.00025679715279800105,0.00031100581390878704,0.0006689697443534831,0.000236872627916265,-5.458696769889752e-05,0.0003586716870546649,0.0009389584180408969,0.00043919915531981444,-0.00018239336114431,0.0008873038242518809,0.00022395956025976553,0.00029765069002719586,0.0002865470732357458,0.00027821823424312733,0.0002457794517687214,0.001255900070195954,0.00028777430904212606,-0.00012987689637991427,0.0007566119087971591,0.0009730278066129131,0.00011458646088050516,-0.00013209266193748176,0.0005223376569506934,-8.330081824838197e-06,0.00027517500782086636,0.00015518072275385794,0.0007178307922398584,0.00010828856856906764,0.0008986032281451307,0.0003320918514610068,-5.2009262386563936e-05,0.000294163167850493,0.0002558635674797216,-0.00010872600692122838,0.0018100873581210215,0.0011052070635065143,0.0006299240266279113,-0.0008039248103946114,-0.0004503141852036914,0.0008162176221140574,3.251401954006454e-05,0.000399328759265999,6.777135125756112e-05,0.000704150443043663,2.5022391551098733e-05,3.865534155825053e-05,0.00017131015060648728,-1.7957496321620983e-05,-5.78423695090849e-06,0.00012994713291186066,0.00019389824901730915,0.00021121797416034856,-6.613766017574917e-05,0.00017566927635525686,0.0001676202947585406,0.00025997048120971513,-0.0006944816514744713,0.0006320648463073256,0.00037297943817990583,0.0010665082442786087,0.0006489554023900723,-0.00041131933886547485,0.0009200050773874103,0.000219859280075179,-0.00031097185190660743,0.0011172015435684478,0.0003306493638904794,-0.0003396717222523721,0.0007966325866903588,0.00030082016552688873,0.00031240851611132
BSA,7.472461558449395e-05,0.00010298811018996743,-0.00013420985424747648,-0.0004642794872418177,5.223278400763443e-05,5.460231052723346e-05,-7.931217203016563e-05,4.805495908489681e-05,0.00018544838172790236,6.193796621991656e-05,0.0003492471627743974,0.00012832977083380886,-5.3572332628996254e-05,-2.120111874911963e-05,0.00013929453886741755,9.853163525580378e-05,5.456097844563628e-05,2.5977059638288074e-05,4.126811625763652e-05,9.808722268803099e-05,0.001664842111807705,0.0002115252819724181,4.854949479359374e-05,0.00011025043734558458,9.542944765477681e-05,9.270868019281869e-05,7.822876879156353e-05,0.00010684510679354968,9.363147987709695e-05,9.013668027167754e-05,9.883074190180171e-05,9.633334819841068e-05,2.5670725190326887e-05,-1.1043111557034565e-05,0.00010227329950107318,5.3696628583819824e-05,-1.080194393300046e-06,-2.9290781221740583e-05,6.870457516898809e-05,7.001805838347571e-05,9.639411077324655e-05,9.60476331391621e-05,2.935496108265932e-05,6.201645179853329e-05,0.0003385053442194315,7.27834598370103e-05,-2.214215689327025e-05,7.077850332384578e-05,0.00023138208667417514,7.903817177772953e-05,6.551455678298278e-05,0.00013573489681505815,-0.00014084828818440554,9.326093309166047e-05,5.4709387306909655e-05,0.00013727201443545963,-2.2668523129499924e-06,0.00016923308348311481,-3.664112742167051e-05,-1.3324398087765056e-05,5.862434920394019e-05,6.665879064315287e-05,1.0597590018515277e-05,0.0002501633697580737,0.00016846925193313514,5.709263250534487e-05,2.986483244153797e-05,-4.8681429514886606e-05,8.539539435108115e-05,5.1875927122930445e-06,2.751120146138134e-05,6.308089391773791e-06,0.0002018486137734449,2.7809515164839943e-05,3.787756214627516e-05,-7.198962386330313e-05,-6.332264965816486e-06,9.008068500555307e-05,6.884669397796997e-06,7.393651612990931e-05,7.04994456420436e-05,6.08043671740196e-06,1.6327325526675156e-05,0.00016883961457359712,0.00010713936227496803,-0.00014053244973369144,-3.3114262609231644e-05,6.978045265167923e-05,0.00015807518822059255,6.0669947861192135e-05,-0.00014369341686468757,0.00022589024103684846,8.13894989666693e-05,-0.00010293203565194321,6.60189820362826e-05,0.00010684510679354968,-6.36462819726289e-05,0.00014111738161192585,4.065522530967123e-05,2.6461347878005187e-05
BUYZ,-0.0020605265813133326,-0.004334421866540277,-0.0007216089273541577,-0.0021660993571625685,-0.0010235604046228814,0.0001753738190014972,-0.0016044008926074306,-0.0001393247711909382,-0.0002942502085417053,-0.0007627002078550928,-0.0005523656420353182,-5.3572332628996254e-05,0.0015157299687517942,-0.00040255498155610545,-0.001198834091467726,-0.0005586758879820737,-0.0009659569462453927,-0.00023965872108634053,-0.000186078168941975,-0.00021585098053718702,0.0013929127182949084,0.00020483991035565442,-0.0004251207859490476,-0.0008948347165305197,-6.385564807457178e-05,-5.068429913385267e-05,-0.0005931092574168603,-3.81485309939378e-05,3.028053962532388e-05,4.048816674003582e-05,2.7292016498183383e-05,-0.0018611614664308413,-0.00043771908751526423,1.406078267942888e-05,-8.433139908897953e-05,-0.0020729748725894655,-0.0006274302481746309,0.0004617327206286624,-0.0025558104742723405,-6.269634156161166e-05,1.5552372760706062e-06,3.779076285587934e-05,-9.151380698580965e-05,-8.646753074596803e-05,-0.001624130041776299,-0.00014371397227028423,0.0002512183324013208,-0.002321215420188184,9.143813692532092e-05,0.0003285495236810099,-0.0008960513532268848,-0.001658408221987593,-0.00024738912690152405,9.552963380356212e-05,0.00011105679420863117,-0.00016850537404875925,-0.0008593824224837253,-0.0011979212597566387,-0.0015240651278447409,0.0003028935650143971,4.4958051856246834e-05,-0.00021416859725884027,0.00012488338562578925,-0.0005406587858879327,-0.002365790301755011,-0.000711773363311827,0.00221313649359412,-0.0008107741082924218,-0.0018212399666023473,-0.00013159974050912566,-0.0009463821912114466,-0.00011141685071357946,-0.0008388628411881818,-2.8619911687696912e-05,0.0008504962952205657,-0.0008259552426413598,-3.924731624794279e-05,3.422453292966217e-05,-0.0004416628741714164,-0.00013961348302192486,2.2563500475646258e-05,0.000635898241581339,-0.00047836033907810483,-0.0007812652643624731,-2.35499070196294e-05,0.001510969058073578,0.00022178922174974402,-0.0015231663936243992,-0.0021260585119425783,0.0004969906980560048,-0.0003918279504333637,-0.0008998128046214568,5.0248857112228737e-05,0.0015906746337955708,-0.001975206178056326,-3.81485309939378e-05,0.0002547967617635703,-0.001321284780673708,-0.0009504394076595509,-0.0012957325325520658
BYD,0.0007846936101020062,0.0011546764442130584,0.00022977201904897246,0.0012949712283283573,0.00034641603881893054,-9.468854871849089e-05,0.0005264571520089841,0.00019441699379811475,7.426758457132109e-05,0.0003691095227449349,1.4760400554328476e-05,-2.120111874911963e-05,-0.00040255498155610545,0.00031681751747347656,0.00028426004966817294,-8.774596004294855e-06,0.0002841952578173994,0.00012411032207900716,-7.168151522535643e-05,4.370400918212978e-05,-0.0005975883530991556,-0.00013315286984025843,0.0003221560296360591,0.00047583148147766917,-1.2482160024729048e-06,-3.0664525886188034e-05,0.0003480539496050254,-2.357557027066661e-05,-4.412879700749778e-05,-2.2507377068119024e-05,-4.479473184165106e-05,0.0006343562986855164,0.00019427736636963864,1.5857044965703928e-05,-2.1104055990614136e-05,0.0004556827627373166,0.0002579595065532612,-0.00013558310735984434,0.0008295922939810119,0.00011988828030928299,-3.978346282870173e-05,-3.441623485127432e-05,0.00011463265786502605,-1.295864020470332e-05,-0.0005454247485515551,9.136252498275677e-06,-5.846193340649272e-05,0.0006184045388062841,-3.600595942505659e-05,-0.00022214754353691444,0.0003588514466062513,0.0004595531400767802,0.00024230707451453737,-5.532403288004166e-05,-2.008302078305849e-05,-0.00011888186637882625,0.00031262811349570775,0.000490535618663694,0.0005185644637518712,0.00013497135829627617,-7.578540081380349e-05,-2.7000589650265595e-06,1.6632208938998762e-05,-0.0001427323163261544,0.0009101647048599758,2.1511130615439774e-05,-0.0008404494703995809,0.00026226783451485723,0.0006236238306368662,3.275056817923403e-05,0.0002877100707914582,5.0968583236279385e-05,-3.496568062696703e-05,-2.2699163091447215e-05,-0.0006390389350182056,0.0001696800961729081,2.7022782961280123e-05,7.525203313957571e-05,0.00024470274892025694,-2.8785563261730497e-06,-2.6983681742231172e-05,-0.00020178967444470239,0.00017406891644808977,0.0002761934041945594,-2.4745863605947518e-05,0.0004815554960832625,0.0001954598464877309,0.00038003156899767127,0.0006720272754743207,-0.000401066439916708,4.2291818020119936e-05,5.101520888328598e-05,-2.8067865842056948e-06,-0.000532871228394347,0.0004820650604242897,-2.357557027066661e-05,-0.00012938633332738463,0.0003182414233105132,0.000344725224522658,0.0002349405673485985
C,0.00220400144386532,0.004242835320216269,0.0003205680011096966,0.002399752487229975,0.0006570553171248744,-1.0606300601146974e-05,0.001725879425133418,-1.913095963625774e-05,0.000721721872890524,0.0010234560339165007,0.0007578111257772874,0.00013929453886741755,-0.001198834091467726,0.00028426004966817294,0.0016974582400924782,4.2150870796507955e-05,0.0009481873271159199,0.0004706618477164317,0.0006248657948417669,6.336349840952044e-05,-0.00020459520652692882,-0.0002506774336709787,0.00040141703389345396,0.0013989911347152353,-7.325268692443884e-05,8.924551260638493e-05,0.0007395264435837423,2.2459932297953793e-05,-0.0001679668244353013,-8.208299731363102e-05,-5.94970805667714e-05,0.0021920027108071286,0.0003421478702410707,-5.165755781268504e-05,2.043197691359147e-05,0.0018377525337713765,0.00039410917547028003,-0.00039006172464322973,0.0023317739094549966,0.00015553708445228368,-5.174995896628589e-05,-9.036158564719786e-05,0.0004539741186713654,8.07883193942197e-06,0.0011400765319049637,9.713823174834147e-05,-0.0001099248486864847,0.002493967064995701,-0.0002791998362457679,-0.0003929444087699586,0.001478265611080558,0.001634657624356257,0.0002833636544503102,-0.00011478094886934957,-0.00015799745279553682,0.0005610386463026988,0.0006635718651948282,0.0013204119640460072,0.0019750093904734364,0.00023297153547394717,-3.932630659120916e-06,0.00021610670372712102,-9.486466581879076e-05,-0.00021837020548465616,0.0023313991357170553,0.0006000222635666292,-0.0020299574819933443,0.00031507109723831765,0.0017006325344921009,0.00014138010295099477,0.0011329493053859813,0.00015128748941097266,0.0009216012445372953,2.0543643935969088e-05,-0.0009820315557281395,0.0008125003796100907,4.272548653853013e-05,0.00012082171484348939,0.0003731462628441264,0.00012483548746020044,-3.478753300931508e-05,-0.00061552231813457,0.0004250561358542205,0.000743228364442717,5.319110327060196e-05,-0.0011153201660826593,-3.736336041966707e-05,0.0011830958625043421,0.002381275860407335,-0.000491423540864019,-0.0003109576903667233,0.0012313375513595681,-0.00018407765659279028,-0.0015920782622142946,0.0019399053064104153,2.2459932297953793e-05,-0.00011197286500366619,0.0010377302357571633,0.0009231599819007756,0.0013786534850538292
CCLP,1.2758600384316375e-05,0.0005929587262216036,0.0004482815418681694,-0.0022054592939162224,0.0005818622662075758,9.964702492714347e-05,0.0005893387407771955,0.00011865272979789975,-0.00015205670028060048,0.00017236498709619256,0.00044999352657255464,9.853163525580378e-05,-0.0005586758879820737,-8.774596004294855e-06,4.2150870796507955e-05,0.0014069452063704103,0.0001441114499238864,-9.431797236394897e-05,-0.00040894219493896723,0.00042288770941750016,0.0003289308892459357,0.0003451683329432189,-1.8699795521866743e-05,-0.001326705392144656,0.00024745352326557856,0.0002268594279304919,0.0002907069248794588,0.00021925262903460505,0.0004502803512936584,0.00021856944409652073,0.0001826991884382292,9.280352630146275e-05,0.00036890868402576527,-2.250327721924223e-05,0.00031440753015029514,0.00040684455130535636,9.742640742615778e-05,-0.0001760946553644801,0.0012557815539074454,-1.3198637367580067e-05,0.00022020854724039837,0.00016705228346339715,-0.0005214074375927483,0.0002032765575335075,0.0009372987182516114,0.00014627905513244646,-0.00018087134027448316,0.0003355233721202924,0.00022186251521323546,0.000259804782466946,-0.00021427421485751397,0.00025890308203181705,-0.0002397430013184617,0.0001562389089998969,0.00016002753272473735,-2.537736069212993e-06,0.00032657257804205613,0.00014387079215446693,-0.0005643025915908666,-5.692329038628496e-05,0.00016522213543653216,6.428393108754125e-05,-0.00016576246417092095,0.0020740404864146252,0.0007505759042562499,0.00041927826738380025,0.0002155609769590769,0.0005794678865950001,0.0003122362638629322,5.118841988161599e-06,0.0003552141664743924,-1.4951317207276936e-05,0.0005589183747810309,6.385482033811288e-05,-0.0008910181664424296,0.0003639867177055747,-1.5018434814899756e-05,-2.4188960894131725e-05,0.0003203987313691094,0.00033997009366956943,0.00012981417163441874,-0.00022031950451550285,0.0001220620697028642,0.0007282440559776012,0.00014522701748618042,-0.0005205349471925418,-0.000846862850605317,0.0008362216665572015,0.0006834917892851239,-4.4877868948380966e-05,0.00019426122256057402,0.00039224803435911727,0.0006732926561160317,-0.000236153677540837,0.00042664719291908863,0.00021925262903460505,-3.632757612105609e-05,0.0007248397280234524,0.00023691457833509557,0.00030860168469480767
CEN,0.0014448611917465973,0.0031151335224345127,0.0005849932692478494,0.003457677959431278,0.0006024176580927705,-7.925639035882033e-05,0.00106325899513921,6.0351136437123344e-05,0.00036755050512296967,0.0005504846661450267,0.00046929771043003314,5.456097844563628e-05,-0.0009659569462453927,0.0002841952578173994,0.0009481873271159199,0.0001441114499238864,0.0007367861591627002,0.00022017819933792303,0.00021536695686994,0.0001544609404477373,4.8668305267867004e-05,-0.00017238782068306326,0.0003477065856045407,0.0010710946017158907,2.074120932480507e-06,1.5456762705648895e-05,0.0003961783636988224,2.7893004644450554e-06,-0.00011182826671704198,-7.26460141048302e-05,-3.1172639740375e-05,0.0014227364229487183,0.00023019402478931185,-1.8199677986835564e-05,1.4230416329566895e-05,0.001482217329021615,0.0003880274968226715,-0.0003083965879497359,0.001960839465746244,8.005968933351402e-05,-2.824087271538968e-05,-3.74345184895163e-05,0.00020718067430043895,4.150768550053119e-05,0.0009400116685284494,9.830520138011561e-05,-0.00015749928045972336,0.0016933085407530568,-0.00013514661273654767,-0.0004400025452122694,0.0007111588044001748,0.001183657706528306,0.00013488035827396286,-7.269567362051776e-05,-0.00011642988547368737,0.00018945762116898482,0.0005432208958352314,0.0008929873421387066,0.001254100028061837,-0.00012006832053871492,-5.422982450322252e-05,0.00017080409019400042,-5.4220586051700894e-05,7.223318236026954e-05,0.0016303858684695227,0.0004897343882274709,-0.001818502756001632,0.00038660001597295307,0.0013021298906799456,9.242521778922136e-05,0.0006526110651711264,7.495378908587177e-05,0.0005234809189880502,-4.805887954310724e-06,-0.0004275763225586639,0.0005223368890196171,3.0175135415400896e-05,2.6449300119076672e-05,0.0002482351670863979,3.681497116293317e-05,-2.5094033246892114e-05,-0.00039058714898765405,0.00032921525424818305,0.0002185776419398971,-3.994366750186869e-06,-0.0009271320514796409,-0.00012770673562172244,0.001014299997700172,0.0015059418956923165,-0.0003872526943095772,0.00030023955958790384,0.0006025706107834415,-0.00015997262485304838,-0.001131853413768369,0.0012936208837578853,2.7893004644450554e-06,-0.0003007413180756534,0.0007875835403143075,0.0006476153323015539,0.001044709973184988
