,AAL,AAU,AEF,ASM,ASND,ASPU,AUD,AXDX,BAUG,BDSI,BSJO,BUFF,CARZ,COO,CRON,CTRE,DCTH,DEO,EEX,ESE,FCG,FIW,FTEK,GHY,GYLD,IPHA,KRUS,KRYS,LIN,LKQ,LPCN,LYG,MRNS,NPV,NRBO,NWN,NXN,OTIS,PACB,PBJ,PCYO,PLAT,PRS,PZA,RBCAA,RELX,SCHA,SDOG,SIJ,SKM,SRL,TCDA,TTAC,TYME,UPLD,VAW,VIOG,VWO,WAFD,WALA,WDIV,WLFC,XNTK,XSW,ZGYHU,ZSL,ABEV,AIR,ALT,AMSWA,ATTO,CLDB,COG,FORR,GSIT,HWBK,IBDM,ITT,LBJ,NAT,SGDM,STAR,SYKE,UI,VBF,VMI,WES,WFHY,ATR,CSCW,DMRI,EDC,NIE,SPSK,UIHC,ZI,CLVT,PVL,UBSI,ACIW
AAL,0.0020102731680420884,0.000690787639480009,-0.0005307465141802146,0.0013652271888536646,-0.0008333660199631888,-0.0009925019671439682,-0.0004970002247117881,-0.0004437872131853272,-0.00010753481218402739,0.00010348014619136222,-0.0004002104621365593,0.00035118575931590763,-8.907287200580898e-05,-0.0008513724748167788,0.0002026030557171127,0.00010624125542678644,0.001206281235011052,-0.00018563281882575625,0.0015698774929861269,0.0010920173527325275,0.00012387075996356868,0.0003708405308204626,0.010299176051034337,-0.0002779044657018506,-0.00019374920172883321,-0.0005032223615997905,-0.00028026415784953196,-0.0012934707558975855,2.1121392296115995e-05,0.0007106563034611856,5.4167674067422774e-05,-8.770721955059188e-05,-0.0011071825324467485,-0.00018651931571477004,-0.0022066194360307895,0.000610788355958267,4.8397878671530735e-05,0.00015896392006049839,-0.0002083480347302898,0.00017004429641901997,0.0011601369378833187,-0.00028103928016557907,4.135290652910029e-05,-0.00012462529639572833,0.0007350386592656595,0.00011225026291510141,0.0003782676199394571,0.00039642794313730743,-0.0007150189599866958,-0.00024233587723457168,-0.00027913050406792005,-0.0007314633468833619,-0.00019804383040712497,0.002688927914245051,-0.00041548703986975125,6.853319736929994e-05,0.0006481808154969947,-0.0001870511689118471,0.0009340224663948425,-0.00012870108196228803,-4.134011030788819e-05,0.0029795434363504695,-0.00033244070906936554,-0.00027523806901409134,-0.00020427737387935176,0.00025812049725421667,0.0011130000816264932,0.002230839445380591,-0.0006636761277339015,0.00016466430268500417,0.0012895777120781327,-8.327667799070853e-05,0.00021133525343146694,0.0008838955424322213,0.00040541945637944765,0.00011483912333381849,-0.00015987195469439175,0.0004885056740436323,0.0008290895523104239,0.0008201177432169339,-0.00010192339820627562,0.00028762784812787716,0.0009081867319715917,-0.0004050077906456037,-0.00048268350263742986,0.0005337714489001895,7.273238762783312e-06,-0.00038851902413062045,-0.00022019539507293776,2.9978648493804033e-05,-0.00010428829286478585,-0.0004769921029207007,-0.00015315489007691394,-0.00015011696674925156,-0.00011733391605382745,0.00027266349596457093,-0.0005546882112083682,-0.0009501220587198536,0.0013487694522452151,-0.0031789966992388148
AAU,0.000690787639480009,0.00036875599045097527,-0.00012765863794162363,0.0002830740104520274,-0.00011926118201249554,-0.0005051836189935846,-0.00013574586529551584,0.0004387162864836756,-3.9142333594705623e-05,-0.00011083210813861467,-0.00011895364744842533,-5.252548320477455e-05,-5.501226478625996e-05,-0.0003624080399954747,0.00024025132243694363,0.0001191721432784311,-0.0002600033553554498,1.932752831765472e-05,0.0006470783457183673,0.00015849599321677354,-0.0001460880385133092,4.940314392464348e-05,0.004224363985020304,-1.3416971404998219e-05,-9.859665589735419e-05,-0.0009541722883716246,-0.00012289042084388606,0.00012838759259664573,6.408688852928831e-05,-3.9491429556722046e-05,-0.0005540203965437482,-8.394862340944168e-05,-5.231208320316547e-05,-3.952746734787212e-06,-0.0006640666517451514,0.00017869276386352158,0.00011840877578368738,-3.8872878935460326e-05,0.00017228842844107785,1.6290882481984282e-05,0.000524133729807726,-3.860675674994449e-05,0.00013573239902322801,-4.052166829216736e-06,-6.531841065354519e-05,0.00011949198417518347,8.096712207032118e-05,7.534428630323218e-05,-6.80838826361378e-05,0.0001184969468842871,5.033140395724557e-05,-0.0006150455953239765,-9.316626630394376e-05,0.0009957850127967763,-0.00015215608504219626,-2.7988167471313595e-05,0.00014474932824040115,4.3826349875887224e-05,9.096704375809266e-05,2.5752936106607757e-05,1.2150444589647582e-05,0.0009520879634009468,-0.00010696297691418382,-4.7472787990304425e-05,-5.070374298303586e-05,0.0004581726471406772,0.0006622831246619034,0.0009205430090109296,-0.0007038479367997336,6.098991152771112e-05,0.0005281606017902031,2.8901619994584633e-05,-1.8482865255898147e-05,0.0001558130615296677,-1.3423659776178515e-05,6.922702652654995e-05,-1.619483897922924e-05,1.6884458102060676e-05,0.0006857879785639486,0.0006756540127020156,-0.00014882240391038003,3.346944929679255e-05,0.0001746857216212617,-0.0002934259148210627,-0.00013376166643679188,1.4651712092082585e-05,3.687781165084579e-07,-0.00011454490527499252,-0.00013114077196984907,-0.0007255843832731503,-1.920139084239875e-08,3.0298208036667608e-05,-7.00402829669171e-05,-1.3015119003231651e-05,-0.000308488649281921,-8.533126506638017e-05,1.6804596697654243e-05,-0.00019815309277737016,0.00020075338845811568,-0.0011901540266099167
AEF,-0.0005307465141802146,-0.00012765863794162363,0.0002469802095452849,-0.0009733482474861335,0.00017544322003989706,-8.786434310394918e-05,0.000517786009781418,-0.00022952905302798876,2.802523997422664e-05,-2.7595646060194813e-05,0.00014615050042149862,-0.00012998218070540396,0.00014092953438059417,0.00011742623994968993,0.0001079533044471611,-2.7215317457404768e-05,-0.0007164353572538366,0.00013216640871347037,-0.0006131378651074278,-0.0002755885406100546,8.220797504566986e-06,-0.00010873861011297117,-0.0018530069378136413,0.000117987208446652,4.992212781819211e-05,-7.306416906945144e-05,-0.00018207418367190167,0.00040686546792632504,0.00014834545960798912,-0.00012171817111439317,-0.00021138616465351032,0.0001640694576457281,0.00015595358739064515,5.824311850952062e-05,0.0010728584121728626,-0.00019067770673611325,4.9922556181215166e-05,1.554302029773655e-05,0.00027700269337385013,-3.710381353126803e-05,-0.000265469485409808,0.00011198919349346214,0.00010712223193270069,8.496278858634811e-05,-0.00027765479555795774,-1.3341380809778474e-05,-0.00010310755464948101,-8.167965409515905e-05,0.0003005106670543357,0.0001044179309768355,0.00014473440174643336,-0.00014946576468769662,3.349187690172492e-05,-0.0006029070669682571,2.375860742033926e-06,2.36362530204033e-05,-0.00017734973912842452,0.00022204053690066456,-0.0003096617968714427,0.00010758016997151456,7.901462574902345e-05,-0.0009554009268527442,8.885576467052738e-05,6.367385098112545e-05,0.0001005254058224559,0.0002713763131716298,-0.00026411509574851403,-0.0005243606518699626,0.00023509247988758586,0.0002411630116152348,6.797242940902654e-05,4.6703225412903976e-05,0.0001146031400777006,-0.0002147795188722151,-6.368614912603961e-05,-0.0001886307271797196,8.701509238658225e-05,-9.602194018265824e-05,3.772687388342939e-05,-0.00012570240081136467,-0.0001354308507834583,-0.0002529363533515617,-0.0003118643035407041,0.0001451405692147679,0.00011420280460253624,-0.00014657762163517688,-2.762023153817844e-05,0.00012143772106019038,8.40481460690672e-05,-0.0006537086615006519,8.137971545037651e-05,0.0005356892942546092,3.725404600475794e-05,7.606273147080278e-05,-5.1926928010462824e-05,-0.0003552131012708785,0.00017327862719247107,0.0002224279759266627,-0.00048218379772640724,0.0023291789871051037
ASM,0.0013652271888536646,0.0002830740104520274,-0.0009733482474861335,0.0046007920374514,-7.536930722092748e-05,0.0013515918116648452,-0.0027563377066087387,0.002637920632663133,-7.34084179134641e-05,-0.0001090060402716062,-0.0005067053297891177,0.0002616442464591569,-0.0008384976901559352,1.9167837960185403e-05,-0.0006796666598916655,0.00016906516285147637,0.0025197433452662154,-0.0005529211715615064,0.002464564202052373,0.00039253570998535605,-0.0004098333545881218,0.0002243342696578787,0.0023251688722482544,-0.0003713954916125548,-0.00016333575208739165,3.6849965671118556e-06,0.0014077461736998905,-0.0005863359667440993,-0.0008957389612965508,-0.00028798193823830745,0.000583914130388329,-0.0010236141959517708,0.0005224035326668993,-0.00010961243532731954,-0.00450474143125353,0.0005636051768481139,-0.00024062027207790376,-0.00037397457357052236,-0.001253830863706946,1.3746238287902837e-05,0.0006830171845462319,-0.00035986918787467173,-0.0005734576956944533,-0.0003682662986505066,0.0006384686509957023,7.251740944720373e-05,0.00021690104652719784,4.754667204936973e-05,-0.0009775906481832531,-0.00017260927574646605,-0.0004611694678103454,0.0012354758548806931,-4.584238469165875e-05,0.001233293707119013,0.00038977147726064823,-0.0002829803475338819,0.000383366273368703,-0.0010930272702544212,0.0007515681853316753,-0.0004696448551569283,-0.00042922581475567865,0.0030095372615827156,-0.00022368969075406723,-7.138350979298631e-05,-0.00041138388642482295,-0.0015302953383240837,0.0009125165933764842,0.001293844233169611,-0.0014204332374407017,-0.0016956369162288668,-0.001620528542935559,-0.00014285199206321962,-0.0010544489203677672,0.00029898629535672654,-0.00018966714668069512,0.0011231164184366165,-0.0003460428830188115,-6.483075035838352e-05,-0.0005756558863797242,0.00046553358592906765,0.0008240319925994473,0.0012418335467994923,0.0009060051542936585,-0.0007091863140597477,-0.00020381379594566176,0.00018979530928643092,0.0001659932371694835,-0.0003605407948940405,-0.00038318780158113865,0.0032235215334524697,-0.00036948670011324524,-0.0026935886936051614,-0.00010528030856080066,-0.0002862771076624345,0.00011672376142010852,0.0017677007955777856,-0.0002911024880099182,-0.00030552876189962434,0.0013941528868843824,-0.011769121367614136
ASND,-0.0008333660199631888,-0.00011926118201249554,0.00017544322003989706,-7.536930722092748e-05,0.0007131129800556162,0.0005850946941477632,-0.00025465137125300517,0.0017413363524267666,4.1050805712642365e-05,-0.0003115407199981052,0.00014503990628540083,-0.0004132592218066347,-0.00016740135306288,0.0003703883913259629,1.0284642213852214e-05,0.00010673348593091143,-0.0011990597062498322,0.00011674422245585465,-0.00018318187965055496,-0.0008682979206635417,-0.0004536194421712159,-0.0002824119203313133,-0.004186748769883481,0.0002054385654420479,2.3151734213842745e-05,-0.0009473558019783691,0.00041514754104705854,0.0015001490169886571,-0.0001133936749775561,-0.0009054574296136779,-0.0008070630184803304,-0.00025392536653642475,0.0012472276967887557,0.0001756172242204571,0.00042192212145724707,-0.0002705645517516968,8.180429253009993e-05,-0.000315833452633089,0.0002330115512187831,-0.00015851576133044598,-0.0003058086326766953,0.00017169864991721704,4.5841286401746405e-05,5.2202967366847406e-05,-0.0007753603812335527,8.003599706014905e-05,-0.00024248906803926297,-0.00030743579043338167,0.0004710473740545201,0.0004163212578853558,0.00028797807483543444,0.0001002139324601498,6.14803073735787e-05,-0.0011281337102026748,0.0003007703187685311,-0.00017980170624182695,-0.00040356698575109794,4.1682162639851346e-05,-0.0007241864182947096,8.197867538625222e-05,-2.6928280118933573e-05,-0.0011378555952040255,0.00014970543349140963,0.0002128833832344293,5.7217053723219515e-05,0.00011079247918387801,1.2433210558858207e-05,-0.0007296434986141157,-0.0006805309354495953,-0.0004467832662223862,-0.0009331353852669909,0.00010664841273203724,-0.0004864782545173818,-0.0006634887887673436,-0.0005076310539775278,0.00022212287513206176,7.661001596652935e-05,-0.000524719776711402,4.443042807436635e-05,0.000260393512433485,5.363448976889883e-05,1.0527652645545005e-06,-0.0005310586688574352,-0.00016747017571443236,0.0002770665876381702,-0.0005237356794338202,2.7977608781968006e-05,0.00017028647144774628,-4.585883002902718e-05,-0.0004875616519380156,3.591491946711217e-05,-1.9410706529651997e-06,3.581520928745998e-05,8.362748155903882e-05,-0.00033155350977596504,-5.732175583276675e-05,0.0005746544598743857,0.0006683176807389196,-0.0008706711806019958,-0.0008854527652273679
ASPU,-0.0009925019671439682,-0.0005051836189935846,-8.786434310394918e-05,0.0013515918116648452,0.0005850946941477632,0.0016379872438734614,-0.0010442103840982968,0.001466381164177436,5.399756773213553e-05,-7.149435154723462e-05,6.469323339946741e-05,-7.381672826020061e-05,-0.00035281521756617246,0.0007696961830945395,-0.0006158759249040945,-4.320426548823906e-05,0.0006390063561507056,-0.00017474706939429126,-9.403404865056151e-05,-0.0006133323231220472,-0.0002257042701269177,-0.00015818375647066812,-0.007885927019944356,-2.631950198422061e-07,9.511517142612094e-05,0.0008243116730723926,0.0009921184537966645,0.000503133619856774,-0.0005176613787819296,-0.0006129251437757196,0.0005499091495680745,-0.0004364806037200602,0.0010511363259829596,7.07099037820132e-05,-0.0005388507536040897,-0.0002075693349517586,-0.00021906293925693117,-0.00028472230590343453,-0.0006051091516595512,-0.00011618527385936855,-0.0006912329719320905,2.063218536755818e-05,-0.00039805099609715674,-0.00010717921832098135,-0.00012924597639506896,-9.820495447646055e-05,-0.00018305097230658006,-0.0002815692458178689,4.675171779388882e-06,1.360735818027468e-05,-7.880679043030026e-05,0.0014555297657283946,0.0001570669479169049,-0.0016755210544713895,0.0005631988370839319,-0.000181105853591389,-0.00031054897209426837,-0.0004701574140894648,-0.00028343320469913973,-0.00017276666317549518,-0.00020382990730116445,-0.0009163245069392662,0.00016155420618402862,0.00017287320437505934,-5.235298806311123e-05,-0.0012107423986458966,-0.0006083314414796249,-0.0012953909318376502,5.783671247701892e-05,-0.0010339568491439309,-0.001992247151397266,-3.328680909219543e-05,-0.0006883092732547734,-0.0005201824097897845,-0.0003676043970104612,0.000477851335639885,-6.548891020337184e-05,-0.0003735391339459548,-0.0012104020466173083,-0.0006517122269603912,0.000577450355501982,0.0004412684067764221,-0.00022696672885818707,4.950939558691272e-05,0.0002873074231681395,-0.0002691844957673704,8.217258308982822e-05,0.00013140751297670587,1.384553806001823e-05,0.0020408763479989713,-0.0001236328970714365,-0.0011085545066334599,8.373362537621035e-05,-4.2274526193517526e-05,0.0002965270388627435,0.0007878743228492083,0.00021420997707184897,0.0005829707867981465,-0.00028189737217612046,-0.0034345658950240146
AUD,-0.0004970002247117881,-0.00013574586529551584,0.000517786009781418,-0.0027563377066087387,-0.00025465137125300517,-0.0010442103840982968,0.0017782112651946536,-0.0023563745869285718,2.841987956794421e-05,0.00020396239786192184,0.0002488307913351243,2.1315476568213923e-05,0.0005800425794962248,-0.00015443043473551392,0.0003953255855510245,-0.00015288306591507814,-0.0009959126060795466,0.00028283964632841874,-0.0014368582451999344,0.00012799624160388036,0.00044785165775466365,-1.660740041233334e-05,0.0002062266134941006,0.0001367454939262198,9.292650828677702e-05,0.0004447247977382305,-0.0010219090376175199,-0.0002939956464251944,0.0005862999531701827,0.0005631438203348017,1.7178730454791197e-05,0.0007300481169603293,-0.0008469462729494741,-8.869693094893213e-06,0.002566522809451877,-0.00023201596279777992,0.00010504637470578473,0.000362575511897421,0.0006493940950540189,5.886346884057924e-05,-0.0003039597471204212,0.0001453268267567183,0.00032054194814335114,0.00020005543739491478,-5.0498586098954366e-05,-8.320556734427216e-05,-3.0582071444457216e-05,9.966347422908325e-05,0.0003912077810767749,-7.921398584001969e-05,0.0001528187054584921,-0.0007617881563714694,5.380610201209775e-06,-0.00030440830522455596,-0.00035737863321485316,0.000248954722176672,-6.483812602033632e-05,0.0006398392187474695,-0.00014743161675317157,0.00024719231120064194,0.0002700171123392812,-0.0013702210831529537,7.55286147060278e-05,-4.60069828187501e-05,0.00022595017152398337,0.0008561587360892666,-0.0005846865770112565,-0.0005082899479429265,0.001179019321964228,0.0012118631783905672,0.001354508861497239,3.929184029958439e-05,0.0008453794903475998,9.68804994308535e-05,0.0003323661596478861,-0.0007758388294423623,0.0001767218318126857,0.0002630363537560338,0.00029862914997528996,-0.0004216938599828536,-0.0005137710717834385,-0.0007512824360939854,-0.0003269381884855586,0.0005123740036851711,1.016955381397157e-05,0.00010905844864535665,-0.00011216208049394932,0.0001496283954884958,0.0002565515289870043,-0.0017050349597815576,0.00020759040881154314,0.0016249561072557025,5.123371406345741e-05,0.0001375141520067425,8.488223124809136e-05,-0.0010384741972244108,-7.108812702624095e-05,-9.316452441097274e-05,-0.0004772424710626595,0.007532718068103528
AXDX,-0.0004437872131853272,0.0004387162864836756,-0.00022952905302798876,0.002637920632663133,0.0017413363524267666,0.001466381164177436,-0.0023563745869285718,0.006940774353736636,1.0028528514226422e-05,-0.0011097346732075488,-5.911362688603443e-05,-0.0011029446112935939,-0.0009900310447937823,0.0004256071667631388,8.56419305886827e-05,0.0005855077509427391,-0.002476222500031822,7.26372105271934e-05,0.0018552057090357257,-0.001942983714611078,-0.0017191860053200293,-0.0005858355706354409,-0.003286176620016553,0.0003571400123235206,-0.0001866961974722263,-0.0042472247715262135,0.0016703466227829804,0.004085322376843432,-0.0006676777916942403,-0.0027318302855537146,-0.0028809609622872665,-0.001374809181200747,0.003646965653289075,0.0004250182374280192,-0.0022704673228613123,-0.00015932585755303128,0.0003040605014778296,-0.0011361781346107191,0.0002940945127617795,-0.00040593130538067414,0.0003891952827845828,0.00022663203166810008,6.212927852985008e-05,-5.1309246261107636e-05,-0.0019371231164083587,0.00046215076250980246,-0.00042524036097135086,-0.0007024489203310103,0.0006908143836881665,0.0012690074820516139,0.0006483139711884928,-0.0001271700604759382,-1.0491584918049009e-05,-0.0008144738889624182,0.0007789235935518743,-0.0006928085921454124,-0.0006792603960091763,-0.00037249900520296017,-0.0014719955778279622,2.9749840576207227e-05,-0.00027519090484187057,-1.2732036991615462e-06,0.00011982812448408471,0.0004745727641765427,-0.00013857177462007402,0.0002962495045466245,0.0016258364487603903,0.0001968719847324464,-0.0038146344254751264,-0.0020112862507022608,-0.0025332711865423776,0.0002718510870537294,-0.0019261928466258208,-0.0014264082587051074,-0.0015313192880477956,0.0013126955582932684,7.404435570478366e-06,-0.0014632364064560695,0.0009886228442478296,0.002107627938388045,0.0003211655322864029,0.000698775395833901,-0.0007139255431905346,-0.001327431623655645,0.0004386746350306711,-0.0013332272921826797,0.0001638246317694207,9.375616819115552e-05,-0.0005467837278657897,-0.0009248604340336264,-9.038011792815036e-05,-0.0013404636589746648,-7.325540959725611e-05,6.30557721890632e-05,-0.001383919282727211,0.0006059899140010237,0.0014758868596415986,0.0013647578737655153,-0.0013624866218931208,-0.010534230678731086
BAUG,-0.00010753481218402739,-3.9142333594705623e-05,2.802523997422664e-05,-7.34084179134641e-05,4.1050805712642365e-05,5.399756773213553e-05,2.841987956794421e-05,1.0028528514226422e-05,5.7923876801871214e-06,-2.7003383031509522e-06,2.1311651051747574e-05,-1.5671630172807826e-05,6.0009458696825974e-06,4.619793830090764e-05,-1.3094876934108466e-05,-7.2796408047116575e-06,-5.404290252050754e-05,8.859879096004263e-06,-8.735396761564557e-05,-5.413177971141242e-05,-2.7042530391808357e-06,-1.8395550388498072e-05,-0.0005585791099220686,1.3565290110058955e-05,1.0976639726422946e-05,4.07197039636161e-05,1.3842572164322263e-05,5.851474748299072e-05,-1.2304980341069008e-06,-3.208879808050707e-05,6.918162869954104e-06,6.650510992831446e-06,5.1980551581254684e-05,8.870457316762451e-06,0.0001193997540785602,-3.225947133795233e-05,-4.153657391648893e-06,-6.317656805691832e-06,7.862084093736781e-06,-8.228825848666887e-06,-6.422497567050564e-05,1.4155879486509914e-05,-3.7996743095425374e-06,6.253598252628318e-06,-3.370208102247335e-05,-7.466756721050262e-06,-1.9305704809105507e-05,-1.9876785435886995e-05,3.553260329791643e-05,9.31599287961758e-06,1.2559118344853014e-05,4.394876619189878e-05,1.095835710266972e-05,-0.00014453339686321416,2.1709658488982886e-05,-2.395995085676543e-06,-3.320208972897875e-05,9.0333685704761e-06,-4.5916367110180836e-05,6.006931146204253e-06,2.1433486474683765e-06,-0.00015908985777626338,1.7649242342921463e-05,1.3751868995128452e-05,1.0852497637300898e-05,-1.876033575919086e-05,-6.476665428400135e-05,-0.0001218970114830959,4.511121758499921e-05,-7.0433481222210365e-06,-6.797537477694469e-05,3.500741795749461e-06,-8.43166749520312e-06,-4.429460520633591e-05,-1.844527066541419e-05,-7.749008294438182e-06,8.092480791502756e-06,-2.2991431836445547e-05,-5.045068219305463e-05,-5.09119381690662e-05,6.602084992191321e-06,-1.526985335957338e-05,-4.638741473772267e-05,2.490258713948836e-05,2.5111879607434972e-05,-2.5319082167167187e-05,-5.148485847774058e-07,2.0538076889845757e-05,1.3022330087435021e-05,8.458749676681418e-06,5.234602648057862e-06,2.4415823584256636e-05,8.50939737366258e-06,7.519544673485329e-06,1.0934344497433519e-05,-1.2957372685562337e-05,2.5826781396033056e-05,4.815277984710776e-05,-6.787765050858965e-05,0.00018163273264888878
BDSI,0.00010348014619136222,-0.00011083210813861467,-2.7595646060194813e-05,-0.0001090060402716062,-0.0003115407199981052,-7.149435154723462e-05,0.00020396239786192184,-0.0011097346732075488,-2.7003383031509522e-06,0.00021226841442839356,-1.7643011483717948e-05,0.00023625061608432572,0.00011472470556320501,-2.249852875128581e-05,-0.00011443964418751242,-0.0001108976989697765,0.0007291765924910318,-6.712046247801386e-05,-0.00021491991448536682,0.00037209964521508023,0.0003028675249930148,0.00012167779674188129,0.00018591826399609037,-9.823069964152013e-05,3.444389661437709e-05,0.0009308638383414228,-0.00016170658511501998,-0.0008299719580520161,3.181499519161271e-05,0.00048559086086093353,0.0006707490315145025,0.0001733720171662672,-0.0006197760285145647,-8.820148439511803e-05,0.00010713700894849124,5.433421022680086e-05,-9.624948200275771e-05,0.00018200678228695255,-0.00019552223288394575,7.40075565507666e-05,-8.83503852910896e-05,-6.920170832470582e-05,-8.459203095885135e-05,-2.3688017058129158e-05,0.0004272997041691852,-9.695596487661967e-05,8.649070440080889e-05,0.0001231458434536929,-0.00020745367648396544,-0.000268778219224996,-0.00017001355699333877,0.00022960324257066428,1.176854701933811e-05,0.00011410099066353342,-8.560155756751571e-05,0.00010658470550545296,0.0001392213948594798,-3.792502408366407e-05,0.0003279754554192923,-5.249929473859179e-05,9.750485974699484e-06,0.0001330787625499206,-2.662010386324941e-05,-8.731741729383438e-05,-4.453524964877487e-06,-0.0002643587821989151,-0.00031718285171327657,-5.636166226231002e-05,0.0006823002446760971,0.00020776411149766064,0.00024099095852652867,-6.782665534106219e-05,0.00026282596021375243,0.0002682201907704282,0.0002682919629786318,-0.0001505145583318722,-3.069597820697372e-05,0.00026257326180076677,-0.00033927887195486827,-0.00044947855583485114,3.8558026525622125e-05,-2.050166581709821e-05,0.0001891075993118033,0.00022500871132156956,-7.982612667464635e-05,0.0002621974848105767,-1.516769864671117e-05,-3.320990733407735e-05,8.587222702565634e-05,0.0005765109550280919,-1.716953886832923e-05,-3.487093359908714e-06,1.4456524795846882e-05,-3.599847398398383e-05,0.00031355296613106966,6.285083284542961e-05,-0.0003026625235184515,-0.00025102254594572737,0.0003501359236339334,0.0010504510014662336
BSJO,-0.0004002104621365593,-0.00011895364744842533,0.00014615050042149862,-0.0005067053297891177,0.00014503990628540083,6.469323339946741e-05,0.0002488307913351243,-5.911362688603443e-05,2.1311651051747574e-05,-1.7643011483717948e-05,9.506161766615194e-05,-8.080723807142327e-05,6.39917910689892e-05,0.00012912870665077856,1.8996355249247082e-05,-2.2556675559611353e-05,-0.00038108302161645347,6.761630834988008e-05,-0.00039219472076034253,-0.00020790589664850011,-4.764628413426115e-06,-7.641394046041583e-05,-0.0017272543402415113,7.099104983625452e-05,3.876291428764996e-05,3.630680854335186e-05,-4.342054480047332e-05,0.0002709815783877781,5.457824288718738e-05,-0.00010985939806493046,-7.558431539036325e-05,7.349220845752677e-05,0.0001604187112588885,3.937971149374621e-05,0.0006283540650453246,-0.0001324068999121717,1.266386780398068e-05,-7.280533538939571e-06,0.0001228685499882982,-2.993491729521223e-05,-0.00021768311067443054,6.946052638644363e-05,3.521515338096953e-05,4.42830154697645e-05,-0.00017224716740885148,-1.7692531614639096e-05,-7.554195366852437e-05,-6.86917796889202e-05,0.00018216378718876816,5.977563063570282e-05,8.018695735197633e-05,1.9754661923286135e-05,3.2629731150636714e-05,-0.000495125122940425,4.109733726222543e-05,3.6948621399573115e-06,-0.0001298317207371513,0.00010224753971973738,-0.00020570367045590478,5.283422722932862e-05,3.421230613245846e-05,-0.0006574233723056941,6.64539118537736e-05,5.0304495804835e-05,5.841399806305687e-05,7.316631923736324e-05,-0.0002158521039136998,-0.00042216743274298775,0.00016541655262997253,7.803006890462168e-05,-9.936984481716008e-05,2.5005043477990016e-05,2.622767694697816e-05,-0.00016563001216061371,-6.062259814279106e-05,-8.516905603378209e-05,4.8474486963851394e-05,-8.125245059521651e-05,-7.346357549193789e-05,-0.0001361302227926893,-4.057920812587813e-05,-0.00012485716386030746,-0.00020601499549943058,9.874844093390019e-05,9.026534120607239e-05,-0.0001049333236541525,-1.1416929968393976e-05,8.429963791732202e-05,5.5095164557539606e-05,-0.00024218226802436542,4.099213497695006e-05,0.00025054863262390363,2.9615460218488637e-05,4.3272137228800767e-05,-3.3282354075443842e-06,-0.0001608879316809184,0.00011654021863802468,0.00017539198464731909,-0.0003121425541174098,0.001215432783518241
BUFF,0.00035118575931590763,-5.252548320477455e-05,-0.00012998218070540396,0.0002616442464591569,-0.0004132592218066347,-7.381672826020061e-05,2.1315476568213923e-05,-0.0011029446112935939,-1.5671630172807826e-05,0.00023625061608432572,-8.080723807142327e-05,0.0003041579145196535,6.954290248892144e-05,-8.911185146017009e-05,-0.0001520567069925405,-0.00010435736433790216,0.0010514115646370454,-0.00012186523065626004,3.134669169293674e-05,0.0005192545315201573,0.0003199253711963216,0.00017664081834198008,0.0011367545258516348,-0.0001524280841832485,1.3386316671841903e-05,0.000991596384495082,-0.000115562427225231,-0.0010530517566796,-1.7188298282063646e-05,0.0005745155113675276,0.0007815632227950134,0.0001233791648443207,-0.0007393048083253093,-0.0001185278425820102,-0.0003225268312727875,0.00014100693693208167,-0.00011729480918150149,0.0001910481774921844,-0.00030795329641907204,9.57762048254512e-05,3.250683990145614e-05,-0.00011985275029645637,-0.0001250070139949,-5.798728443974974e-05,0.0005677535073241679,-9.429114875273468e-05,0.00013782785672803214,0.00016956951663790954,-0.00034340287136350596,-0.0003264232332887328,-0.00023736443598074407,0.0002723940608065743,-4.94909163035335e-06,0.00040709276155156265,-0.00010311900893293985,0.00010613586728308437,0.00022693844138039858,-0.00012223784558046156,0.0004799488030518762,-9.629355256727935e-05,-1.8267951160926957e-05,0.0005575159521273267,-6.847071576617952e-05,-0.00012205665237304572,-4.542016728720337e-05,-0.00036497513140171234,-0.00021047995305666146,0.00018695026319977953,0.0006183611505641824,0.00014028932263297116,0.0002679610269891977,-9.005967800998233e-05,0.00024346388746761418,0.00038268865462212165,0.0003165619873107624,-9.00036601545311e-05,-6.710802130620704e-05,0.00032414169402090044,-0.00034646774469849177,-0.0004063095248198201,8.452866843974693e-05,7.428382025289265e-05,0.0003336184175224342,0.00017511222195534253,-0.0001376818201473083,0.00034255580728875,-6.215259586484894e-06,-8.832065144395837e-05,5.500455265517704e-05,0.0008346007548779687,-4.928650682504136e-05,-0.00020291020928239257,-2.112162275541432e-06,-6.862234148963904e-05,0.00034497989461726593,0.00019707577632560713,-0.00039504596132428364,-0.00036913894240869175,0.0005750645073430527,0.00020855093685230187
CARZ,-8.907287200580898e-05,-5.501226478625996e-05,0.00014092953438059417,-0.0008384976901559352,-0.00016740135306288,-0.00035281521756617246,0.0005800425794962248,-0.0009900310447937823,6.0009458696825974e-06,0.00011472470556320501,6.39917910689892e-05,6.954290248892144e-05,0.00020209746966594013,-6.806818821245746e-05,9.648585799110145e-05,-7.104953306649291e-05,-0.0001057471720962408,6.644956394258377e-05,-0.0004590817036270749,0.00014819600235457852,0.00021091328579394102,3.094807814927685e-05,0.00029771424869070673,1.2895416955997879e-05,3.290357717647722e-05,0.00034873160051393374,-0.00035446276742540333,-0.000312004236719314,0.00018618544489277234,0.00030055740216919184,0.00016682870984458106,0.0002617521675039995,-0.00042627014526504687,-2.726514776149101e-05,0.0007648003559406287,-4.62008192191484e-05,9.772714186336964e-06,0.00015670777715910531,0.00014668055193733064,3.875487467045637e-05,-9.206693879470058e-05,2.239608044275272e-05,7.792289350580225e-05,5.281957044701212e-05,0.00010056482220764727,-4.642509762535344e-05,1.8413266530654482e-05,6.710771105573288e-05,5.598776806163412e-05,-9.291316836129299e-05,5.69504175576596e-07,-0.00019006233835334207,7.894391917143051e-07,-1.5446531542603675e-05,-0.0001367903419350229,0.00010244620512703062,2.562195999121427e-05,0.00018190631108418406,5.100536224204244e-05,6.017043827513834e-05,8.36282651477303e-05,-0.00032942735894972387,1.0429350047332747e-05,-3.9980718680928395e-05,6.382106523775431e-05,0.00020166324201554333,-0.0002330442386126406,-0.00012669652750992166,0.0005093990614982235,0.0004210795800198776,0.0004931954454978815,-5.840335620690523e-06,0.00032375253777771804,0.00011001666612979106,0.00017274670228163886,-0.0002696930188231237,4.3398440112468923e-05,0.0001518450549491315,2.4853038258661017e-05,-0.00022060597454824987,-0.0001487883288602258,-0.0002279032369814279,-3.7275620835589756e-05,0.0002020951689274904,-2.4952451339634572e-05,0.00010579849031692654,-3.758336031106671e-05,3.033303299782329e-05,9.445421654960344e-05,-0.0003795649905428255,5.7046470219494603e-05,0.0004841661028689331,1.6198240441171194e-05,3.0394020359412107e-05,9.870318878350709e-05,-0.0002954996257042295,-0.00010433529381614895,-0.00010599465541233653,-3.624572561827993e-05,0.0024819112507316115
COO,-0.0008513724748167788,-0.0003624080399954747,0.00011742623994968993,1.9167837960185403e-05,0.0003703883913259629,0.0007696961830945395,-0.00015443043473551392,0.0004256071667631388,4.619793830090764e-05,-2.249852875128581e-05,0.00012912870665077856,-8.911185146017009e-05,-6.806818821245746e-05,0.0004705562630694535,-0.00026065826233117315,-5.7668978398003095e-05,-4.331576321988908e-05,-1.0758855082399124e-05,-0.0004954072115862824,-0.00044312764797817305,-6.340580442238064e-05,-0.00013574181480831244,-0.005266779080431537,6.434731833773298e-05,8.780938669437921e-05,0.0005172691224485453,0.0003609053599243314,0.00040449314576086124,-0.00016041643229190635,-0.00032149371438080295,0.00024295369470549622,-8.629164726097811e-05,0.0005486170904773344,6.195943736396248e-05,0.0004645560081915105,-0.00022679861183809658,-9.351634893536276e-05,-0.00010740600964276455,-0.00015352878787526668,-7.320288156827097e-05,-0.0005473977370314339,7.549978440771625e-05,-0.00014489242764832187,-1.2647251142572757e-06,-0.00018772202969994303,-7.435539068868117e-05,-0.00015013061768719312,-0.0001805257802116762,0.0001732365498723418,3.594618753133451e-05,3.103184258858874e-05,0.0006810549895250093,0.00010498529594124773,-0.0012487485211406552,0.00027722190553435184,-6.04548073403451e-05,-0.00025749775528909914,-9.707315846611334e-05,-0.0003037571503416702,-2.4083705452883778e-05,-4.9682529548687455e-05,-0.0010944428050502382,0.00013873464996697296,0.0001181587050185829,4.033326248572984e-05,-0.00047857253965744007,-0.0005393256070810792,-0.001027101234384508,0.00029381949580384466,-0.0003353510840965924,-0.0009386232142337363,3.9801360124057694e-06,-0.0002350212664671316,-0.00037034968511131616,-0.00019007334339159155,9.445827203125117e-05,2.041955034331461e-05,-0.00021583279424588578,-0.0006477272196033113,-0.0004885649727757553,0.00021067381370956667,5.2368945656351366e-05,-0.00029774264000625615,0.00015815457315879712,0.00021212110128567455,-0.00019650453030588142,2.1151446757439916e-05,0.00014425345828624197,7.711658657774602e-05,0.0006944154767776489,-1.1115171262144333e-05,-0.0002073980755893472,7.033062725330356e-05,2.411137470627158e-05,0.00016546985233498215,0.00017395695618899562,0.00018008491909578836,0.00041037306218449124,-0.00041602639663037514,-2.656656189685064e-05
CRON,0.0002026030557171127,0.00024025132243694363,0.0001079533044471611,-0.0006796666598916655,1.0284642213852214e-05,-0.0006158759249040945,0.0003953255855510245,8.56419305886827e-05,-1.3094876934108466e-05,-0.00011443964418751242,1.8996355249247082e-05,-0.0001520567069925405,9.648585799110145e-05,-0.00026065826233117315,0.0003391874612551846,8.194863024722165e-05,-0.0008802553383104985,0.00014142088951919215,3.621933285661716e-05,-6.0712227795415815e-05,-0.00010405467672056372,-4.066805393143537e-05,0.002552326588797165,8.98039387781981e-05,-4.80970278963716e-05,-0.0009369185337925882,-0.0003261662938659547,0.00042739789559628283,0.00021596882146053978,-9.893281443995269e-05,-0.0006937156189185515,9.686570979559126e-05,2.1053112647014156e-05,4.205385606369415e-05,0.00038485241252087166,3.3862833982181663e-06,0.00015889578607351844,-1.710561677471912e-06,0.00042520307725979695,-1.0346993472271614e-05,0.00026759189012707206,6.163088506693622e-05,0.0002344830556272738,7.640290072270201e-05,-0.00028630912948732055,9.769073057202786e-05,-7.0695211564447075e-06,1.2857337272595817e-05,0.00019920724734360392,0.00019074921036967685,0.00017269411169590782,-0.0007515205959924506,-6.153609982507914e-05,0.0004471452328189149,-0.00016523794650261694,7.914039718874417e-06,-7.721358789516661e-06,0.0002587610122178412,-0.00016937796495935134,0.00012570592432996304,9.147581633817263e-05,5.779430889150745e-05,-2.614817040391111e-05,2.6775256377936215e-06,4.609057210137619e-05,0.0007054450510566636,0.00038226118883038205,0.00042532050651144203,-0.0004073999113063443,0.0003263577373809402,0.0006414369314432767,6.712545944821923e-05,0.00012696905107589807,-1.6811242237919182e-05,-4.250688513427273e-05,-0.0001332970463902724,6.502618302447196e-05,-4.381831914523092e-05,0.000700591949089162,0.000515438781935361,-0.0002816420207808759,-0.00021692677896478232,-0.00010288688299130589,-0.00013100098499964325,-3.5556629280052806e-05,-9.589644811792808e-05,-2.8709911180684702e-05,-2.742495504611704e-06,-4.1540736884313454e-05,-0.0013174798677214657,7.785798321952473e-05,0.0005577154718492013,-3.3672744932912256e-05,5.685669328025361e-05,-0.0003291581323552466,-0.00042935889516154387,0.00014944191972702576,-1.7102603703408583e-05,-0.00022318679489356276,0.0011981724066519228
CTRE,0.00010624125542678644,0.0001191721432784311,-2.7215317457404768e-05,0.00016906516285147637,0.00010673348593091143,-4.320426548823906e-05,-0.00015288306591507814,0.0005855077509427391,-7.2796408047116575e-06,-0.0001108976989697765,-2.2556675559611353e-05,-0.00010435736433790216,-7.104953306649291e-05,-5.7668978398003095e-05,8.194863024722165e-05,7.105379593971668e-05,-0.0003138848780111761,2.3087402072121844e-05,0.00024799470144959846,-0.00011983257616616019,-0.00015991239269138943,-3.8156519538443515e-05,0.0007433785954267378,3.278853336161238e-05,-3.522345450713492e-05,-0.0005659015375412798,6.637639334230758e-05,0.00036131626426498645,-1.5183389057354347e-05,-0.00021450444588715924,-0.0003739896072735636,-0.00010376618873375285,0.0002570761108992959,3.439732855790262e-05,-0.00023761510194657452,1.9219412759137047e-05,5.8479152778177906e-05,-8.897563908596463e-05,9.431353985100349e-05,-2.7656778579293865e-05,0.00014483224915298886,1.6165510899098572e-05,5.169975542905319e-05,3.4573519984258474e-06,-0.00018068325283222085,6.380407628409494e-05,-1.771479682515524e-05,-3.667407989337662e-05,5.88787223467696e-05,0.00013157134916841898,7.322028897595927e-05,-0.0001911155777344574,-2.293591199503361e-05,0.00015645968648889336,1.3467440018226696e-05,-5.4062346424634284e-05,-2.530723174685636e-05,7.123721102315881e-06,-0.00010842624344619394,1.946174432287905e-05,-8.431099499418061e-06,0.0001678054262337011,-1.2216175836182204e-05,2.652910782629248e-05,-1.3908189150968749e-05,0.00017192266058858505,0.00026958031671524366,0.00021457341833139374,-0.0004375664666232567,-0.00010154860686710068,-2.7433510840015823e-05,3.14850277045757e-05,-0.0001294193038467646,-7.840632637362056e-05,-0.000117425800215603,9.302187754805415e-05,4.468877765349754e-06,-0.00010748028719375828,0.0002602255787036258,0.0003204034797856174,-3.105053707853155e-05,3.392900945354104e-05,-3.251046018601267e-05,-0.00015940833096909275,5.321885434824929e-06,-0.00010381199303423371,8.960386198359493e-06,-1.298452805508631e-05,-6.613250822751348e-05,-0.0003258307607992688,1.4667751725362454e-06,-3.44487555644468e-05,-2.0676433764449387e-05,8.195142009879044e-06,-0.00018643750053076296,-1.4840198452847665e-05,0.0001249895757148124,6.325646674373103e-05,-8.736405381153243e-05,-0.0008412256659535336
DCTH,0.001206281235011052,-0.0002600033553554498,-0.0007164353572538366,0.0025197433452662154,-0.0011990597062498322,0.0006390063561507056,-0.0009959126060795466,-0.002476222500031822,-5.404290252050754e-05,0.0007291765924910318,-0.00038108302161645347,0.0010514115646370454,-0.0001057471720962408,-4.331576321988908e-05,-0.0008802553383104985,-0.0003138848780111761,0.004349714122541341,-0.000605677564128306,0.0007284192308982796,0.0016247075583940684,0.0008765356831476131,0.0005929619778237466,0.001853513441413128,-0.000602672550254146,3.1274380869962914e-05,0.0035426921684653338,0.00030934668072742457,-0.0034760997922172335,-0.00046040152806567066,0.0016266992900246576,0.002914764456466325,-3.720490733136281e-06,-0.0019690198753410447,-0.0003983441609398395,-0.002435541196627272,0.0005495151829282066,-0.0005217599667425427,0.00044113941899659215,-0.001544744765491709,0.00028311291250879565,6.786423425854594e-05,-0.00048523764390971777,-0.0006929425775616711,-0.00032383067779786703,0.0020052163992045047,-0.0003238530933522245,0.00045472367046418464,0.0004831466634540014,-0.00139350027658875,-0.0011206169326759053,-0.0009324346232273603,0.0016943143567532137,2.1694709818279867e-05,0.0011375865299351963,-5.71933508793518e-05,0.00021775177476183669,0.0007527622904188961,-0.0008449074299179314,0.0016956842298552896,-0.0004983805097382335,-0.00023963542762484675,0.0023496569195857425,-0.000234119131467553,-0.00036717582102669744,-0.0002762069434830079,-0.002000417277320545,-0.0006479159065725244,0.0005475002159269981,0.0016852762692603914,-0.00031748152671014625,-0.00018196270237434527,-0.00034632752589164003,0.0003045224133509414,0.0011781778717498029,0.0008785323952314444,0.00015372589963246334,-0.00033474305227951316,0.0009348622661877632,-0.001685465290906961,-0.0014279424665420543,0.0006830878411885118,0.0007166787910849565,0.0012710350241569026,0.0004062886182168197,-0.00041741786430410073,0.0010967710216538563,4.9842187815987224e-05,-0.000345745294243876,8.444672364881776e-05,0.004268351259139606,-0.0003006541097454433,-0.0017410745872643307,-8.175363743139156e-06,-0.00031644365606830273,0.0012663067880617673,0.0013731990193814182,-0.0013147971542627837,-0.0011150407001136254,0.002181356626023385,-0.0035362951092383086
