,AIT,BBMC,BPTH,CAI,CHAQ,DAR,EHTH,EVI,FBK,FLOT,GLYC,HEQ,HMC,IBTH,IEV,IMXI,LDUR,MKD,MUSA,PLOW,SIM,SMG,TECK,TRMD,UNVR,YELP,ADC,ALL,AMP,ATRO,CHEK,CNFRL,HOPE,HYDB,ICVT,IHIT,ISIG,LYRA,LZB,MDXG,MOTO,PALC,PUI,SGRY,DFPHU,LAIX,PAE,VNDA,EFL,HMY
AIT,0.0002511158329025013,1.4644667310053194e-05,-0.0001225142222881079,0.00012849701521771388,-0.0001310949091596577,0.00022149627668902446,-0.00012276355917408208,-4.473462492720752e-05,0.000275411874392092,-0.00010263380063122812,-8.4371047603228e-05,-2.6603530644401642e-05,-2.4380065797254798e-05,-0.0001028204226639433,5.5369530007666225e-05,-3.5636062945674e-05,-0.00010622727272047146,0.00019166932693156534,-7.628102322205043e-05,6.201504747460081e-05,0.00026679414513606413,8.917471209155629e-05,0.00011931005849079231,9.470761940173035e-05,0.00030938834193140025,-3.547504669104106e-05,0.00017000918477353557,-6.78758947426101e-05,8.564754675148339e-05,1.2724100141460402e-05,-1.3991873857540591e-05,-6.756688320576027e-05,0.0001867475491950679,-8.314104414340629e-05,-0.0001301055747067974,-7.479033599357008e-05,0.00015668211881852268,-6.557853278305562e-05,0.00022352978897638608,-5.173972143565336e-05,7.004027114460988e-05,-1.7331525081983763e-05,-2.3278932623394683e-05,0.0001156610256417818,-0.00013828426846618284,8.43187345967834e-06,0.0003548025578129831,0.0001427339643192661,-1.2587156697520683e-05,0.0002402257218217755
BBMC,1.4644667310053194e-05,1.4022070661357955e-05,6.629904573177676e-05,5.375751052818108e-05,2.6728565398582767e-06,2.320052859849712e-05,3.397363940769955e-05,2.6993821034861646e-05,4.802535315530163e-05,-4.700121468815386e-06,1.4072871445938777e-05,9.184598574189692e-06,3.1423147670461925e-05,-6.053555388105203e-06,2.2172151557716383e-05,1.9016869700400708e-05,-3.837240786886716e-06,-4.878928962623396e-05,-1.4424410689351128e-06,1.626197956720786e-05,-9.055800462162624e-05,-1.8760162693267312e-05,4.6525438906370564e-05,3.070342188060186e-05,7.034868233871901e-05,8.336563323517378e-06,-6.196376546715172e-06,-1.828073808564468e-05,4.3681739998163824e-05,0.00010642357944464134,7.432577198410542e-05,2.975367008639348e-06,3.3466537662721455e-05,-3.4259402899298196e-07,6.57033161646543e-06,-1.0869912021246133e-05,5.043520254895626e-05,1.6262610136990316e-05,2.8510748056919624e-05,4.516702925199215e-05,2.308588238104642e-05,-7.213201153767177e-06,-1.7399921246855864e-05,7.324910584682481e-05,3.2726736272896922e-06,1.8326580289114443e-05,4.2778366597318585e-05,5.034541748065098e-05,-1.0435060289062751e-05,-1.6351021534580014e-05
BPTH,-0.0001225142222881079,6.629904573177676e-05,0.0011280397942074797,0.0003858405299259841,0.00015363367226849085,0.0003481711478964199,0.0005803752018339063,0.0008417871782451379,0.0004605394353847008,9.266846117692144e-05,9.544524188933959e-05,8.365240798401997e-05,4.933965503356522e-05,9.668833227252268e-05,0.00018632253515053174,0.0003696154124093297,9.247523837495794e-05,-0.0002344324307177754,-8.225419387782296e-05,5.34412122808972e-05,-0.0005486651322155299,-0.0002660851906802792,0.0005297567050986702,0.00039220272460417784,0.00016373811749138684,6.214634179810146e-05,-0.000353088167111723,-3.002615158890852e-05,0.00031195114843490535,0.000749285329910362,0.0004519336719253481,8.268172118696083e-05,0.00027742481258647176,0.00012221531323173938,0.00023906586836587614,4.099027643579766e-05,0.0004788664279340126,0.00024180429250666378,-0.0001254797970217949,0.00013640862389217574,0.00018376440554771918,-2.9079309827632978e-05,-3.952716460149326e-05,0.0004893327031820439,0.00020058767389221678,-0.0002713299256063534,0.0004918927517889349,0.0002270671854230148,8.276988490475862e-05,0.00021399507875132038
CAI,0.00012849701521771388,5.375751052818108e-05,0.0003858405299259841,0.0011130121564820474,4.139444941743797e-05,0.00027813413589039895,-0.00020446765361263993,0.0002709911619349797,0.00048640458313772893,-5.862635916928967e-05,5.044010334655788e-06,7.978968406823362e-05,5.3278572617978845e-05,-6.295464466378714e-05,0.00016115106451730394,0.0001641364448033596,-6.576840595924373e-05,0.0002790652395687393,0.00011138803893290144,0.00010957434591191582,2.170304495856407e-05,-8.665397410580258e-05,0.0005963580286014474,0.0005689282831556029,0.0006427986810653931,-0.0003042661516933239,7.47928688678874e-05,-8.87771514829112e-05,0.00032854860024511204,0.0007572648614876343,3.801773055847668e-06,7.133626461306523e-06,0.0005105190090957687,-3.402862765361833e-05,2.2308207151083207e-05,-9.199535543163392e-05,2.7561993962217125e-05,0.00035639361956530394,0.000284531453278298,0.00017149660640262856,0.00020895525083232017,-6.381295058731697e-05,-0.00011587215368715587,0.00010567298553133803,7.590037392993994e-05,0.00045242036174337336,0.0005588564946875127,6.576637784445823e-05,7.695814413421375e-05,0.00012252092050459525
CHAQ,-0.0001310949091596577,2.6728565398582767e-06,0.00015363367226849085,4.139444941743797e-05,0.0002889419738623602,-0.0003120639926815797,-9.03331975429233e-05,0.0002007354042037826,-7.000053961320491e-06,0.0002078313400818191,0.00015227449381794111,0.00011667055348810433,8.772305046368987e-05,0.00020586479064879326,9.428427079038467e-05,1.0584551535277151e-05,0.00020488344204943007,0.00011541493618759907,0.0002025851006853225,-1.28864639540744e-05,-0.00032872740585608074,-0.0001714717128762278,-3.0863285731833165e-05,0.00025981524798067006,-3.8777897307535964e-05,3.8487020281832785e-05,-0.00011936108590070748,1.8837697947739902e-05,3.688284955368484e-05,-6.93721046086456e-05,-6.230511571227839e-05,0.00018897765490498945,3.129176900259836e-05,0.00016048662753991575,8.615267814131604e-05,0.00011814951758995948,0.00013981173655495995,-2.360781622655149e-05,-9.789718808212583e-05,0.0003179997991999525,3.665257039009654e-05,-2.374126186282424e-05,3.525474948995596e-05,-9.972477901829823e-05,0.00022801974632212293,0.00022292681251949694,-6.278188694753862e-05,0.00013435146364837433,0.00013575650469143557,-0.00017266623514941378
DAR,0.00022149627668902446,2.320052859849712e-05,0.0003481711478964199,0.00027813413589039895,-0.0003120639926815797,0.0008196267546285314,0.00035455959738828424,0.00020846461264672486,0.0003849978856296044,-0.00018957106527666833,-0.0002837485580965783,-6.680677513474926e-05,-9.922707837420561e-05,-0.00018798294726457034,2.6557964472167312e-05,0.000102393650296676,-0.00018948215194083064,0.00030076271092582715,-0.00030135906098897435,1.7703206203106696e-05,0.0004884687835348679,0.0001158020227511626,0.000462505170092936,1.9209511439839513e-05,0.00017571800358919212,-0.00012485019272757367,1.7155310923123908e-05,-5.683166805165042e-05,0.00014997030037810157,0.00038311375596673233,0.00018867414087506997,-0.00010737488025993469,0.0001567399483235093,-0.00011923114108103832,-6.097101068710625e-05,-0.00011184971174814585,0.00026767702034771653,9.885371541740481e-05,0.00024034501358373016,-0.0004894020562019897,0.00011709440331865487,1.5734303425119884e-05,-4.029181011665444e-05,0.0004328747920135315,-0.00015892902762376377,-0.0007117065095480461,0.0005599947943952908,0.00013290238992483944,-2.7133679768621688e-05,0.000597160140822034
EHTH,-0.00012276355917408208,3.397363940769955e-05,0.0005803752018339063,-0.00020446765361263993,-9.03331975429233e-05,0.00035455959738828424,0.0008616501834510125,0.0004635246606865323,3.629400864591333e-05,-7.095697990045966e-05,-8.007791872903653e-06,-5.049521771302637e-05,6.641728107209989e-05,-7.670908482152196e-05,-4.506542229738771e-05,-0.0003199322285653939,-5.771860465665515e-05,4.873395793917706e-05,-0.00024302731021160149,-3.529961584413542e-05,-6.381077632030576e-05,-0.00012939221489531705,0.0002615923008817303,-8.921365605351468e-05,-0.00011959478049960819,0.00014116701929799502,-0.0002783112104811428,-1.723350486380063e-05,0.0002130207372896947,0.0005438213120449077,0.0006470648956040495,8.555130363156712e-05,-5.045696062100367e-05,-4.795328752768808e-06,0.00012523207323186634,-3.794110281850661e-05,0.00035226123126444713,-4.747242915284822e-05,-2.9164036488634726e-05,-0.00015538367442230873,2.3945749266285208e-05,1.3921349730770949e-05,-1.9468905482057776e-05,0.0011298209766565494,-3.517999160217533e-05,-0.0006568101476268398,0.00012736165236439806,0.00010146919517627976,-3.852558706195917e-05,-7.051317324875239e-05
EVI,-4.473462492720752e-05,2.6993821034861646e-05,0.0008417871782451379,0.0002709911619349797,0.0002007354042037826,0.00020846461264672486,0.0004635246606865323,0.0010054164288676283,0.0005132084389057864,0.00010126394143753871,0.00011652291119224912,5.613267577255406e-05,-2.2646820194485296e-05,0.00010528832846330118,0.00016806707657472984,-0.00019096269841884568,9.67524966188984e-05,0.0004678249038050148,-4.393373951354106e-05,5.742722380065074e-05,3.531965343574927e-05,-0.00029903147848009415,0.0005646499417108695,0.0005915603190119871,0.00018438773101390926,2.0295207467036604e-05,-0.00027386706735110046,-5.3474262832646865e-05,0.00036893288965322916,0.0005127650905043774,0.00027062113545971183,0.0002081522575316986,0.0004132414452233643,0.00012136937663150182,0.00014218846260854952,4.830521598019283e-05,0.0006053565316332215,3.3377472042160245e-05,-2.570565547952449e-05,0.00019933638084623575,0.0001532788038584167,-4.5787569661779195e-05,3.7066926530035014e-05,0.0008356342007194692,0.00016384551657258427,-9.146470399269231e-05,0.0007344346891793845,0.00022727313269296494,0.0002432977771772412,0.000150276055680464
FBK,0.000275411874392092,4.802535315530163e-05,0.0004605394353847008,0.00048640458313772893,-7.000053961320491e-06,0.0003849978856296044,3.629400864591333e-05,0.0005132084389057864,0.0007285156283052369,-6.305007067453528e-05,8.374646435703845e-06,3.0181571921336988e-05,-2.196376232257905e-05,-5.961558353609421e-05,0.0002144592911865712,0.00010771338868607296,-7.286896558969413e-05,0.000278326878848793,-9.184274005294858e-05,0.00011968406164304951,0.0001262351456663905,-5.609399761115533e-05,0.0004160141788320311,0.0005138174232588971,0.0006321843333544268,4.856155376735791e-06,5.544082700104922e-05,-8.228805929256037e-05,0.00033608334249908073,0.0003202655481571378,0.00015275807158282297,-2.3339786501538265e-05,0.0005402300458464778,-2.608308410123027e-05,-3.883158994407353e-05,-6.0027503696734434e-05,0.00047878225460748605,-6.495192902625376e-06,0.00020249528131443945,0.00011116102656318282,0.00023065141427323297,-5.746552617183603e-05,-4.516483527297652e-05,0.00044307528589875787,-6.499227905673592e-05,6.018140936458673e-05,0.0008308595958171869,0.00028603320987590424,6.8979112674101e-05,0.00046291648452507334
FLOT,-0.00010263380063122812,-4.700121468815386e-06,9.266846117692144e-05,-5.862635916928967e-05,0.0002078313400818191,-0.00018957106527666833,-7.095697990045966e-05,0.00010126394143753871,-6.305007067453528e-05,0.00019337584889120833,5.6047605301303235e-05,9.684421571365222e-05,5.156651412941411e-05,0.00019276059885713718,6.69054795612952e-05,8.284681930135115e-05,0.00019138751604502505,9.816371704294286e-05,0.00014892367779236338,-2.7636157079591373e-05,-0.00023990096962809356,-0.00011175510319823231,-2.1294651504639008e-05,0.00013301796842155546,-0.0001670503711144584,4.37042607029562e-06,-0.00010726216082939352,1.1773204249941283e-05,-4.1170782710168035e-05,-0.00012708332381965634,-0.00011660516503662773,0.0001591873880733498,-7.230584693659934e-05,0.00014527301511548023,5.618336101552797e-05,0.00011571237342621526,0.00013336473442010757,-4.662410935746203e-06,-7.578804750613152e-05,0.00016165300079718496,8.140804465583046e-06,-3.778680293435975e-06,4.981856466369668e-05,-0.00023947723406701532,0.00020984501496517646,1.1323105663739714e-05,-8.461672818416922e-05,0.0001492889178848888,0.00012746927093753002,-6.583273579924525e-05
GLYC,-8.4371047603228e-05,1.4072871445938777e-05,9.544524188933959e-05,5.044010334655788e-06,0.00015227449381794111,-0.0002837485580965783,-8.007791872903653e-06,0.00011652291119224912,8.374646435703845e-06,5.6047605301303235e-05,0.00018135322184848962,3.436801507890194e-05,7.37147946942719e-05,5.48535853288329e-05,3.7402566398157866e-05,-4.273394284052448e-05,5.6204185274303745e-05,-0.00018287194688181664,9.326372860522904e-05,2.335525054436462e-05,-0.00032516293234323234,-0.00010796940522460216,-9.417267941025542e-05,0.00011506326443446627,0.00010714242747243618,0.00010829923333245649,-5.191201811254804e-05,1.1451297232167436e-05,7.076082021984528e-05,4.887970407536041e-05,0.00010894347559149172,4.300853104043079e-05,7.68939514021557e-05,4.665728973463904e-05,6.669072172150243e-05,2.52421280920992e-05,8.436328516924061e-06,-3.492497325410279e-05,-0.00010043725339782971,0.0002954025243614502,1.372307455221599e-05,-2.550302163114362e-05,-1.4285965544847956e-05,0.0001134000751081432,5.33193639965337e-05,0.000338375077793738,-7.650381772385684e-05,-9.211242928261033e-06,-5.088383557505443e-06,-0.00023905050271942537
HEQ,-2.6603530644401642e-05,9.184598574189692e-06,8.365240798401997e-05,7.978968406823362e-05,0.00011667055348810433,-6.680677513474926e-05,-5.049521771302637e-05,5.613267577255406e-05,3.0181571921336988e-05,9.684421571365222e-05,3.436801507890194e-05,6.934128241140034e-05,6.187357461268001e-05,9.423337726720512e-05,6.323217393043708e-05,5.276390491791436e-05,9.562751300718661e-05,9.309547500180086e-05,9.25233791013212e-05,-6.2368566764392555e-06,-0.00016333301067011964,-6.534236600658805e-05,2.4849048432396557e-05,0.00013194354837830897,1.8658182420441186e-05,-4.910740114060632e-06,-4.1258993381316276e-05,-2.8546848910841666e-06,2.808320912956447e-05,2.0050010620175777e-06,-1.864629965778911e-05,9.391971036489635e-05,1.5063422563801502e-05,7.53345315792642e-05,2.5696514229819976e-05,5.0927628045322666e-05,0.00010766037834907952,1.6534890843349322e-06,1.1070772399196471e-05,0.00011862569378585353,4.2481069734575965e-05,-1.1284208969132153e-05,5.626845962035368e-06,-6.307602643409178e-05,0.00011242585631285062,2.785627292587618e-05,3.939080290023706e-07,0.00013043703011555907,6.099000147026822e-05,-2.2668185926182254e-05
HMC,-2.4380065797254798e-05,3.1423147670461925e-05,4.933965503356522e-05,5.3278572617978845e-05,8.772305046368987e-05,-9.922707837420561e-05,6.641728107209989e-05,-2.2646820194485296e-05,-2.196376232257905e-05,5.156651412941411e-05,7.37147946942719e-05,6.187357461268001e-05,0.0001587388151217828,4.208831940423204e-05,4.368560788176894e-05,-0.00011100323497060133,5.627615068230413e-05,3.111416051468973e-05,8.180044393063483e-05,8.96712172269004e-07,-0.00029319808771721505,-8.060201581575708e-05,1.3964265708533098e-06,7.110780013668214e-05,0.00010879435410285952,4.6216012163210115e-05,-3.320078641003217e-05,-2.8242802195330672e-05,9.56998067416498e-05,0.0001690463249052751,0.0002010669589671938,0.00010922885542016486,-7.092815411536198e-06,4.607025358291974e-05,2.107679194518525e-05,9.969803956679806e-06,0.00013054980844563982,-4.535630491834484e-05,8.020295204080153e-05,0.00019423855226931834,4.500356168267819e-05,-1.8993606599004126e-05,-3.438244702990306e-05,0.0002599223296830646,6.646140340858636e-05,5.482740744254068e-05,-8.375873890662793e-05,0.00017791622322527504,-6.291623286357899e-06,-0.0002172136819383482
IBTH,-0.0001028204226639433,-6.053555388105203e-06,9.668833227252268e-05,-6.295464466378714e-05,0.00020586479064879326,-0.00018798294726457034,-7.670908482152196e-05,0.00010528832846330118,-5.961558353609421e-05,0.00019276059885713718,5.48535853288329e-05,9.423337726720512e-05,4.208831940423204e-05,0.00019293327613275195,6.65650685234034e-05,0.00010237691719143773,0.00019039686042993985,7.909400792885043e-05,0.00014525012779612902,-2.638630895523491e-05,-0.00023755185252350596,-0.00010859720701154796,-2.3534780119064405e-05,0.0001294292913934359,-0.0001734455634512649,4.677942172659772e-06,-0.000107401637703552,1.3738837048383717e-05,-4.819793315575438e-05,-0.00013752143509578914,-0.0001288114447099303,0.00015073567736193768,-7.137924576803457e-05,0.00014434121245373736,5.7337269686176226e-05,0.00011660087096833026,0.0001258832368458309,8.270614708541136e-07,-8.610638617986037e-05,0.00015561051128521654,5.8564394784276735e-06,-2.869510324309455e-06,5.1755282479571325e-05,-0.0002673836877426385,0.00020833789417167345,1.367746194462755e-05,-8.05950017203423e-05,0.00013922968021980859,0.00012708816538972332,-5.192790880256181e-05
IEV,5.5369530007666225e-05,2.2172151557716383e-05,0.00018632253515053174,0.00016115106451730394,9.428427079038467e-05,2.6557964472167312e-05,-4.506542229738771e-05,0.00016806707657472984,0.0002144592911865712,6.69054795612952e-05,3.7402566398157866e-05,6.323217393043708e-05,4.368560788176894e-05,6.65650685234034e-05,0.00011229161578447479,0.000113003345476985,6.330481552695886e-05,6.681561756699082e-05,5.127445027587064e-05,3.541240707936415e-05,-0.00015458393197362026,-6.745634009804716e-05,0.00011697229173697379,0.00022519632150357617,0.00017468681172304098,9.285184269687618e-06,-1.700473312565116e-05,-3.02268386001633e-05,9.741041265087707e-05,7.893317699739982e-05,2.14592989350904e-05,5.774192011189968e-05,0.0001450869941118246,5.603019914743962e-05,9.954314139664194e-06,2.7340969225290455e-05,0.0002160557198840775,5.6939507461578555e-06,5.040951109563784e-05,0.00014610525708389524,8.888953691987235e-05,-2.418796657899089e-05,-6.321982148191315e-06,7.679209095325736e-06,7.537086603139549e-05,6.364241834683733e-05,0.00021351136974624805,0.0001894855127814502,6.164351443981433e-05,9.85931724272991e-05
IMXI,-3.5636062945674e-05,1.9016869700400708e-05,0.0003696154124093297,0.0001641364448033596,1.0584551535277151e-05,0.000102393650296676,-0.0003199322285653939,-0.00019096269841884568,0.00010771338868607296,8.284681930135115e-05,-4.273394284052448e-05,5.276390491791436e-05,-0.00011100323497060133,0.00010237691719143773,0.000113003345476985,0.0013854938822088362,7.273576223830913e-05,-0.0012808394970719031,9.70223612594586e-07,4.294329745913897e-05,-0.0008033606731583379,0.00011399659528001014,-0.0001395626952577701,-0.000173183735081336,-8.514831074591806e-05,2.4042580776336668e-05,-3.547902600744252e-05,6.752556030189645e-05,-0.00027717273991511313,-0.00015046309936991292,-0.0002904364269068854,-0.0003174571357440795,-9.303592208103706e-05,4.695374424442765e-05,0.00011369273113184473,6.937079095450485e-05,-0.0002781533523832,0.00039424324487929296,-0.0003301356608445466,-8.261962686455903e-05,3.453539630371007e-05,2.6887228746507476e-05,-3.6623076281123675e-05,-0.0015500779635182435,0.00010961796548969289,1.2138440427664795e-05,-0.000164152995609281,-9.279319149259544e-05,-0.00014192223962662735,0.000513848575632291
LDUR,-0.00010622727272047146,-3.837240786886716e-06,9.247523837495794e-05,-6.576840595924373e-05,0.00020488344204943007,-0.00018948215194083064,-5.771860465665515e-05,9.67524966188984e-05,-7.286896558969413e-05,0.00019138751604502505,5.6204185274303745e-05,9.562751300718661e-05,5.627615068230413e-05,0.00019039686042993985,6.330481552695886e-05,7.273576223830913e-05,0.00018990783775403214,9.273697328511277e-05,0.0001468041988915701,-2.8603871994068295e-05,-0.00024697705594207807,-0.0001130278225795467,-2.1065556954557515e-05,0.00012362947973639502,-0.00017238423004981506,5.976242747974841e-06,-0.00011031967661675801,1.0499045714219332e-05,-4.012361894998124e-05,-0.00011499928043899572,-0.00010326754091696317,0.00016093043460001897,-8.012453717199862e-05,0.00014416136185945136,5.738798053333607e-05,0.00011398994848126309,0.00013306608923833096,-4.923632296876478e-06,-7.40295950721891e-05,0.00016099964797639674,5.740195650443245e-06,-3.2309135685708603e-06,4.8453142281815715e-05,-0.0002214021795956392,0.00020882686441767032,4.133569737702995e-06,-9.435275825292378e-05,0.00015001524826019873,0.00012409540632232733,-7.926388284537259e-05
MKD,0.00019166932693156534,-4.878928962623396e-05,-0.0002344324307177754,0.0002790652395687393,0.00011541493618759907,0.00030076271092582715,4.873395793917706e-05,0.0004678249038050148,0.000278326878848793,9.816371704294286e-05,-0.00018287194688181664,9.309547500180086e-05,3.111416051468973e-05,7.909400792885043e-05,6.681561756699082e-05,-0.0012808394970719031,9.273697328511277e-05,0.0024716108040034514,0.00010083749962784563,-0.00010627759088699087,0.0014316280054776467,-0.00011372124631095631,0.00046197560678168853,0.0006976710072047183,0.00014546376533617397,-0.00026889219724395035,5.525168386594185e-05,-4.8363053879131074e-05,0.00033503112094167254,-0.00016771331494825508,-0.00017223904445287793,0.0005425038445263347,0.00029833371788976946,9.454484906869051e-05,-0.000187517017102288,5.318348526620387e-05,0.0006758168704507994,-0.00042838038537459705,0.0005486849109263201,-0.00014748418677329114,0.00015013793360353173,-3.4731119943894555e-05,0.00011974213415573357,0.0012940311376362953,9.529958498290074e-05,-0.00047346430916577137,0.0006856932395089722,0.0004382415169922941,0.00045282920739609116,0.0001723848844712136
MUSA,-7.628102322205043e-05,-1.4424410689351128e-06,-8.225419387782296e-05,0.00011138803893290144,0.0002025851006853225,-0.00030135906098897435,-0.00024302731021160149,-4.393373951354106e-05,-9.184274005294858e-05,0.00014892367779236338,9.326372860522904e-05,9.25233791013212e-05,8.180044393063483e-05,0.00014525012779612902,5.127445027587064e-05,9.70223612594586e-07,0.0001468041988915701,0.00010083749962784563,0.00021300684631777716,-5.493775824966844e-06,-0.0002185834468495848,-9.173376330232198e-05,-4.8353496951310976e-05,0.00016254882226963264,-1.8988875690421097e-05,-4.882669583645801e-05,-1.3173205582993404e-05,-3.166488348613035e-07,-1.897624628543931e-05,-6.931787789698211e-05,-0.00015697911468683914,0.00013372935474109904,-1.14447630984882e-05,0.00010242045878847265,2.527846486451566e-05,7.462809183240024e-05,-2.2358817236895732e-05,2.3724628711255622e-05,-7.713741440588671e-06,0.00025445845651676563,4.643350772227511e-06,-1.8108770477568343e-05,1.6082924913100105e-05,-0.0002678447721360896,0.0001732437689278142,0.0003098576728453484,-0.00013752766273695088,7.139373637461379e-05,9.575559963552946e-05,-0.0002113403310063721
PLOW,6.201504747460081e-05,1.626197956720786e-05,5.34412122808972e-05,0.00010957434591191582,-1.28864639540744e-05,1.7703206203106696e-05,-3.529961584413542e-05,5.742722380065074e-05,0.00011968406164304951,-2.7636157079591373e-05,2.335525054436462e-05,-6.2368566764392555e-06,8.96712172269004e-07,-2.638630895523491e-05,3.541240707936415e-05,4.294329745913897e-05,-2.8603871994068295e-05,-0.00010627759088699087,-5.493775824966844e-06,5.4836245387725034e-05,-6.24471196714389e-05,-1.6728267346724487e-05,0.00010709835544706673,7.394958848681706e-05,0.00014295659303579229,-1.781543913417039e-05,3.194024752389304e-05,-4.6102950680295344e-05,5.900700752527412e-05,0.00015745875837700493,3.136226135581393e-05,-3.3426488564173616e-05,0.00010855480573898125,-2.241654241559166e-05,-1.273905435842527e-05,-3.214132056572462e-05,4.5343224802144364e-05,5.3534175127393584e-05,4.97771991821017e-05,8.725055410512854e-05,2.23332295174512e-05,-1.5380794528715598e-05,-1.9608421255685322e-05,1.5775871387685428e-05,-1.9260667709337425e-05,0.00016270885326435873,0.00015766889725548494,3.365613820570459e-05,-1.277982686467394e-06,-1.042678948527707e-06
SIM,0.00026679414513606413,-9.055800462162624e-05,-0.0005486651322155299,2.170304495856407e-05,-0.00032872740585608074,0.0004884687835348679,-6.381077632030576e-05,3.531965343574927e-05,0.0001262351456663905,-0.00023990096962809356,-0.00032516293234323234,-0.00016333301067011964,-0.00029319808771721505,-0.00023755185252350596,-0.00015458393197362026,-0.0008033606731583379,-0.00024697705594207807,0.0014316280054776467,-0.0002185834468495848,-6.24471196714389e-05,0.0017192744243785894,0.00022828918170278702,0.00019991648337940434,5.235460621048457e-05,-1.0417498271493935e-05,-0.0002601548351731922,0.0002487869353824796,1.0231727555924558e-05,1.8901079793673622e-05,-0.0003788206402720148,-0.0003748475901862297,-9.173131386422726e-06,0.00016246263437403325,-0.00018837829007026024,-0.0002504862595793803,-0.00010907891137610843,-2.791134277223411e-05,-0.0002352722550920092,0.0003118240801078193,-0.0006343917591927042,-4.007785121496531e-05,2.5587489584211107e-05,8.935859364795037e-05,0.0005681452643890254,-0.0002999741138972526,-0.00041708385753219006,0.0005012835123545157,-0.00021544915163845474,0.00013908704843714213,0.00045497407188707656
SMG,8.917471209155629e-05,-1.8760162693267312e-05,-0.0002660851906802792,-8.665397410580258e-05,-0.0001714717128762278,0.0001158020227511626,-0.00012939221489531705,-0.00029903147848009415,-5.609399761115533e-05,-0.00011175510319823231,-0.00010796940522460216,-6.534236600658805e-05,-8.060201581575708e-05,-0.00010859720701154796,-6.745634009804716e-05,0.00011399659528001014,-0.0001130278225795467,-0.00011372124631095631,-9.173376330232198e-05,-1.6728267346724487e-05,0.00022828918170278702,0.0001749904703934429,-0.00016782063594315586,-0.00022415200831673796,-1.4368876287015957e-05,-5.753186686318977e-06,0.00013389478598370105,3.336568608144364e-05,-0.0001254669223067417,-0.0002449805040909986,-0.00012182180091409835,-0.000158347899513405,-7.642241978724105e-05,-9.725111592630536e-05,-7.932124588266148e-05,-4.872055965527938e-05,-0.00020862313290025968,-2.8646904168969208e-05,1.1799650790772737e-05,-0.00023664597297672857,-3.726269885512232e-05,2.338226740475442e-05,-1.0476038857799004e-05,-0.0002583855155138225,-0.00015425196548064587,-0.00010984818194997258,-0.00010201871013063817,-0.00013769854536561002,-0.00010965866064030823,0.00018279774963591577
TECK,0.00011931005849079231,4.6525438906370564e-05,0.0005297567050986702,0.0005963580286014474,-3.0863285731833165e-05,0.000462505170092936,0.0002615923008817303,0.0005646499417108695,0.0004160141788320311,-2.1294651504639008e-05,-9.417267941025542e-05,2.4849048432396557e-05,1.3964265708533098e-06,-2.3534780119064405e-05,0.00011697229173697379,-0.0001395626952577701,-2.1065556954557515e-05,0.00046197560678168853,-4.8353496951310976e-05,0.00010709835544706673,0.00019991648337940434,-0.00016782063594315586,0.0008410125687182737,0.0004353842352070507,0.0002418893343059517,-0.00028297953070651973,-8.832898443469005e-05,-0.00017786070404702845,0.0003188638395579014,0.0008926635768294644,0.00016093168217162486,0.00013013979769820085,0.00033603493885929345,5.50244104900343e-06,1.3532336057587742e-05,-6.783553472907206e-05,0.0004247663802001168,0.0002847893113737844,0.00030969049876578236,2.519180258398555e-05,0.00012012776380169241,-3.565817018425539e-05,-2.305463848410597e-05,0.0005499204232349449,0.00010891329612030043,-6.701725074269188e-05,0.0007698013176733257,0.0002615817247631146,0.00020291829049631012,0.00011236249530936861
TRMD,9.470761940173035e-05,3.070342188060186e-05,0.00039220272460417784,0.0005689282831556029,0.00025981524798067006,1.9209511439839513e-05,-8.921365605351468e-05,0.0005915603190119871,0.0005138174232588971,0.00013301796842155546,0.00011506326443446627,0.00013194354837830897,7.110780013668214e-05,0.0001294292913934359,0.00022519632150357617,-0.000173183735081336,0.00012362947973639502,0.0006976710072047183,0.00016254882226963264,7.394958848681706e-05,5.235460621048457e-05,-0.00022415200831673796,0.0004353842352070507,0.0007253492506763015,0.0004574386948671932,-9.254007658808625e-05,-4.125173239356972e-05,-7.403385822604932e-05,0.00034185121351232957,0.00030645088153247494,2.5529546483073135e-06,0.00023714061257293045,0.0004804008553083698,0.00011829178968590774,2.103964591101616e-05,4.37674900398969e-05,0.0004751303777194807,3.8300639780505886e-07,0.0001865520691943876,0.0003676594357895475,0.00020221967213263808,-7.208486120787561e-05,3.0958765584357334e-06,0.0004241198983398714,0.00018255683410922346,0.00031571930980044474,0.0006438114445844288,0.0003274528398140001,0.00025130773780970134,8.760504190321001e-05
UNVR,0.00030938834193140025,7.034868233871901e-05,0.00016373811749138684,0.0006427986810653931,-3.8777897307535964e-05,0.00017571800358919212,-0.00011959478049960819,0.00018438773101390926,0.0006321843333544268,-0.0001670503711144584,0.00010714242747243618,1.8658182420441186e-05,0.00010879435410285952,-0.0001734455634512649,0.00017468681172304098,-8.514831074591806e-05,-0.00017238423004981506,0.00014546376533617397,-1.8988875690421097e-05,0.00014295659303579229,-1.0417498271493935e-05,-1.4368876287015957e-05,0.0002418893343059517,0.0004574386948671932,0.000926422193776513,3.294338975040732e-05,0.00020327713987814162,-9.131364576819303e-05,0.0003994139375153896,0.0004283346564041133,0.00029568023918019376,-7.463971777430514e-05,0.0005830018794124604,-0.00011323977466862634,-8.31269922394206e-05,-0.00014539642729651236,0.0002489418749306087,-5.296622261191719e-05,0.00031352769123923135,0.00029566454070340296,0.00023280689064945952,-8.101895857118153e-05,-0.00013197203177112856,0.0006302615011039443,-0.00017940652418251996,0.0004752279654181163,0.0006036562819554336,0.00020137679954644526,-7.493868991347399e-05,0.00012577972839380238
YELP,-3.547504669104106e-05,8.336563323517378e-06,6.214634179810146e-05,-0.0003042661516933239,3.8487020281832785e-05,-0.00012485019272757367,0.00014116701929799502,2.0295207467036604e-05,4.856155376735791e-06,4.37042607029562e-06,0.00010829923333245649,-4.910740114060632e-06,4.6216012163210115e-05,4.677942172659772e-06,9.285184269687618e-06,2.4042580776336668e-05,5.976242747974841e-06,-0.00026889219724395035,-4.882669583645801e-05,-1.781543913417039e-05,-0.0002601548351731922,-5.753186686318977e-06,-0.00028297953070651973,-9.254007658808625e-05,3.294338975040732e-05,0.00025053945554231723,-4.3535588656588734e-05,5.554598203909643e-05,4.065690735799233e-06,-0.0002107412088673228,0.00020506218730023207,-3.210899395897093e-05,-3.5863991039427726e-05,1.3200270590266533e-05,3.554426900718638e-05,2.2334503929786205e-05,7.474775298474519e-05,-0.00019072186429933905,-0.00014528716208500036,8.68081413281412e-05,1.1126971381993295e-05,-8.921846753104179e-07,-6.009187891966369e-06,0.00018772950720694588,-6.225669066378586e-05,-6.079793825993912e-05,-0.00014865484749271293,2.4038659785974278e-05,-9.970953912819564e-05,-2.269275481283817e-05
ADC,0.00017000918477353557,-6.196376546715172e-06,-0.000353088167111723,7.47928688678874e-05,-0.00011936108590070748,1.7155310923123908e-05,-0.0002783112104811428,-0.00027386706735110046,5.544082700104922e-05,-0.00010726216082939352,-5.191201811254804e-05,-4.1258993381316276e-05,-3.320078641003217e-05,-0.000107401637703552,-1.700473312565116e-05,-3.547902600744252e-05,-0.00011031967661675801,5.525168386594185e-05,-1.3173205582993404e-05,3.194024752389304e-05,0.0002487869353824796,0.00013389478598370105,-8.832898443469005e-05,-4.125173239356972e-05,0.00020327713987814162,-4.3535588656588734e-05,0.0002100293527690905,-1.8964663260688115e-05,-2.8971377578288318e-05,-0.0001565232412816257,-0.0001378338753914513,-0.00010867334874255757,7.432055232641805e-05,-9.922470631937489e-05,-0.00012463675359816607,-6.914408450247746e-05,-0.0001317994063779809,-5.3532570728851984e-05,0.00013724508227250446,-4.6261593578980825e-05,-1.0561974365817718e-07,-6.384053610956032e-06,-2.4113395694886102e-05,-0.00014403510339687628,-0.0001488847705130016,0.00018888290231761497,5.2433131817785024e-05,-4.93133024040457e-05,-6.303580376420413e-05,7.984761127862282e-05
ALL,-6.78758947426101e-05,-1.828073808564468e-05,-3.002615158890852e-05,-8.87771514829112e-05,1.8837697947739902e-05,-5.683166805165042e-05,-1.723350486380063e-05,-5.3474262832646865e-05,-8.228805929256037e-05,1.1773204249941283e-05,1.1451297232167436e-05,-2.8546848910841666e-06,-2.8242802195330672e-05,1.3738837048383717e-05,-3.02268386001633e-05,6.752556030189645e-05,1.0499045714219332e-05,-4.8363053879131074e-05,-3.166488348613035e-07,-4.6102950680295344e-05,1.0231727555924558e-05,3.336568608144364e-05,-0.00017786070404702845,-7.403385822604932e-05,-9.131364576819303e-05,5.554598203909643e-05,-1.8964663260688115e-05,7.200744581095563e-05,-7.158255826597866e-05,-0.00021934109377280437,-5.546354096323986e-05,-2.786132470411177e-05,-6.706826931660983e-05,9.457114612581417e-06,2.801943770899937e-05,2.9289363690408275e-05,-0.00012087450259182299,-4.4380071788024336e-05,-0.00011978724358550077,-6.75278711913464e-05,-1.717086586982732e-05,1.2934445910398536e-05,1.0919322746733424e-05,-0.00012499107913067767,-7.824113733620515e-06,-6.463064439422789e-05,-0.0001732957781198466,-0.00011088081934726233,-3.4593060226956125e-05,4.3789801206601854e-05
AMP,8.564754675148339e-05,4.3681739998163824e-05,0.00031195114843490535,0.00032854860024511204,3.688284955368484e-05,0.00014997030037810157,0.0002130207372896947,0.00036893288965322916,0.00033608334249908073,-4.1170782710168035e-05,7.076082021984528e-05,2.808320912956447e-05,9.56998067416498e-05,-4.819793315575438e-05,9.741041265087707e-05,-0.00027717273991511313,-4.012361894998124e-05,0.00033503112094167254,-1.897624628543931e-05,5.900700752527412e-05,1.8901079793673622e-05,-0.0001254669223067417,0.0003188638395579014,0.00034185121351232957,0.0003994139375153896,4.065690735799233e-06,-2.8971377578288318e-05,-7.158255826597866e-05,0.00031478803113677326,0.0004591023300902711,0.00031738406522557715,9.90886103531135e-05,0.00031175336341394825,-6.959138083080876e-06,1.1769224834756382e-05,-5.498959400689433e-05,0.00032921638699481793,-3.0917084478787026e-05,0.0001838926139932551,0.000179713375915559,0.00013356824038290445,-4.589711721335916e-05,-5.01824258619729e-05,0.0007682178015476451,-1.115202757854634e-05,7.955622778214655e-05,0.00041899946970880194,0.0001978568376697691,4.8989659756715495e-05,-3.6274254406866794e-05
ATRO,1.2724100141460402e-05,0.00010642357944464134,0.000749285329910362,0.0007572648614876343,-6.93721046086456e-05,0.00038311375596673233,0.0005438213120449077,0.0005127650905043774,0.0003202655481571378,-0.00012708332381965634,4.887970407536041e-05,2.0050010620175777e-06,0.0001690463249052751,-0.00013752143509578914,7.893317699739982e-05,-0.00015046309936991292,-0.00011499928043899572,-0.00016771331494825508,-6.931787789698211e-05,0.00015745875837700493,-0.0003788206402720148,-0.0002449805040909986,0.0008926635768294644,0.00030645088153247494,0.0004283346564041133,-0.0002107412088673228,-0.0001565232412816257,-0.00021934109377280437,0.0004591023300902711,0.0015306082890249582,0.0006479346607328593,6.060639527274723e-05,0.00033323657213947256,-6.002681631508557e-05,0.00011539081642212202,-0.00016570372430109686,0.00028480166350617123,0.0004379737587400352,0.00030077496272171703,0.00023462229479233947,0.00011881753279811082,-5.2889325232380017e-05,-0.0001432540116897261,0.0009698453412552505,6.24649419722478e-05,0.00018181100765714533,0.0005626063731574521,0.00018199750992119344,1.6371651020440162e-05,-0.0003311361290724883
CHEK,-1.3991873857540591e-05,7.432577198410542e-05,0.0004519336719253481,3.801773055847668e-06,-6.230511571227839e-05,0.00018867414087506997,0.0006470648956040495,0.00027062113545971183,0.00015275807158282297,-0.00011660516503662773,0.00010894347559149172,-1.864629965778911e-05,0.0002010669589671938,-0.0001288114447099303,2.14592989350904e-05,-0.0002904364269068854,-0.00010326754091696317,-0.00017223904445287793,-0.00015697911468683914,3.136226135581393e-05,-0.0003748475901862297,-0.00012182180091409835,0.00016093168217162486,2.5529546483073135e-06,0.00029568023918019376,0.00020506218730023207,-0.0001378338753914513,-5.546354096323986e-05,0.00031738406522557715,0.0006479346607328593,0.0007731922938457035,3.831605408656202e-05,0.00010149565093913899,-4.643720605485972e-05,8.070830406851418e-05,-9.449683306616402e-05,0.0003264013433351489,-8.655405539937821e-05,9.047521965153393e-05,0.0001313967230217876,9.379514652170684e-05,-2.5134004517572755e-05,-0.0001015676163461437,0.0011741133349687544,-9.990176203989454e-05,-0.00021732084723330262,0.00011166961657819181,0.0001904169487473279,-0.00014133160473032305,-0.0002349045986499023
CNFRL,-6.756688320576027e-05,2.975367008639348e-06,8.268172118696083e-05,7.133626461306523e-06,0.00018897765490498945,-0.00010737488025993469,8.555130363156712e-05,0.0002081522575316986,-2.3339786501538265e-05,0.0001591873880733498,4.300853104043079e-05,9.391971036489635e-05,0.00010922885542016486,0.00015073567736193768,5.774192011189968e-05,-0.0003174571357440795,0.00016093043460001897,0.0005425038445263347,0.00013372935474109904,-3.3426488564173616e-05,-9.173131386422726e-06,-0.000158347899513405,0.00013013979769820085,0.00023714061257293045,-7.463971777430514e-05,-3.210899395897093e-05,-0.00010867334874255757,-2.786132470411177e-05,9.90886103531135e-05,6.060639527274723e-05,3.831605408656202e-05,0.000269996364352032,-3.4161419354468323e-06,0.00013008431505450116,2.5708785011537198e-05,8.171552736884687e-05,0.0002907283933452995,-8.800096997905794e-05,8.502196359080236e-05,0.00016816575317883445,3.563286647911126e-05,-1.637219244702999e-05,4.323457485706166e-05,0.0003320035686515578,0.00018702815170239617,-6.986949712224504e-05,5.390377687351592e-05,0.0002446553034379999,0.00017568712717196103,-0.00017442860102866154
HOPE,0.0001867475491950679,3.3466537662721455e-05,0.00027742481258647176,0.0005105190090957687,3.129176900259836e-05,0.0001567399483235093,-5.045696062100367e-05,0.0004132414452233643,0.0005402300458464778,-7.230584693659934e-05,7.68939514021557e-05,1.5063422563801502e-05,-7.092815411536198e-06,-7.137924576803457e-05,0.0001450869941118246,-9.303592208103706e-05,-8.012453717199862e-05,0.00029833371788976946,-1.14447630984882e-05,0.00010855480573898125,0.00016246263437403325,-7.642241978724105e-05,0.00033603493885929345,0.0004804008553083698,0.0005830018794124604,-3.5863991039427726e-05,7.432055232641805e-05,-6.706826931660983e-05,0.00031175336341394825,0.00033323657213947256,0.00010149565093913899,-3.4161419354468323e-06,0.0005025192900380307,-4.0803518845958326e-05,-2.6241107709615107e-05,-7.073050376819174e-05,0.0002571456435119189,1.2608258219517243e-05,0.00017144068988790364,0.00020093290965624846,0.00016640805730788502,-6.0235778956159377e-05,-4.8392011203167544e-05,0.00045740119921070964,-5.963478760902611e-05,0.0003403755573087273,0.0006337407788317993,0.00011373405543145847,6.447359207352709e-05,0.0001769922661636823
HYDB,-8.314104414340629e-05,-3.4259402899298196e-07,0.00012221531323173938,-3.402862765361833e-05,0.00016048662753991575,-0.00011923114108103832,-4.795328752768808e-06,0.00012136937663150182,-2.608308410123027e-05,0.00014527301511548023,4.665728973463904e-05,7.53345315792642e-05,4.607025358291974e-05,0.00014434121245373736,5.603019914743962e-05,4.695374424442765e-05,0.00014416136185945136,9.454484906869051e-05,0.00010242045878847265,-2.241654241559166e-05,-0.00018837829007026024,-9.725111592630536e-05,5.50244104900343e-06,0.00011829178968590774,-0.00011323977466862634,1.3200270590266533e-05,-9.922470631937489e-05,9.457114612581417e-06,-6.959138083080876e-06,-6.002681631508557e-05,-4.643720605485972e-05,0.00013008431505450116,-4.0803518845958326e-05,0.00011306597284943953,5.2545117241475804e-05,8.697069406779391e-05,0.0001333093636294108,-8.331785668814643e-06,-5.7145789535764644e-05,0.00012215763395778784,1.705482376940042e-05,-4.300565330380261e-06,3.486220006606019e-05,-0.00010135051414190477,0.0001606158464873511,-2.486992402062612e-05,-4.116493425852657e-05,0.0001266926203767207,9.770721646047798e-05,-4.422832622202142e-05
