,AGNCO,AMP,ARVN,ATOM,AVAV,AVTR,BMRA,BPTH,CHAU,CRK,CVS,CYAN,DBV,DESP,DVN,ECPG,EGRX,ELVT,ENLC,EQIX,FDTS,FENG,FTXG,FUMB,FUT,GROM,GTLS,HDB,HMLP,IHAK,IPDN,JO,LOAN,LQDT,MKTY,MOH,NBH,NEX,NRGX,NVDA,NXR,PEG,PEXL,PG,RE,REGI,SAVA,SBUG,SCHW,SDGA,SMIT,SOR,SPTS,TRTX,UVV,VGR,WAL,WLDR,XMVM,AJRD,BOKF,BWXT,CCI,COHR,CSR,DOW,DXR,EVK,FFA,FLXS,GYRO,HYZD,IMAX,IPKW,JHMH,KEX,KRNT,LD,LIT,MHD,PTLC,QQEW,SFYX,SPY,TTP,VBF,AGEN,BUG,FPAY,GSLD,HIO,REGL,RESP,TIPT,VRSK,FCFS,JPT,SRS,WOOD,WPG$I
AGNCO,0.00021473845349007073,0.0006329059258074446,0.0001892851209901989,0.0008386549648355634,0.0005014824891574175,0.00048090708726508826,0.00018090547368256797,0.0004993616437421528,0.0003158628534986998,0.00036309773050888173,0.0003136905063110198,-9.614668355148237e-06,8.360083622501575e-05,0.000575680874659776,0.0006353549020962148,7.305328842217607e-05,0.00016963687251829587,0.001021305334981124,0.0008854816331155794,0.000397919187742684,-9.631002514887049e-05,0.0006984312499919381,0.0003152790654103742,8.064021604245918e-06,-1.7198307358732135e-05,-0.0002460262255842337,0.0008089571885966305,0.00044780289030755974,0.00042127876466006755,0.00035337140317291384,0.0,-2.4327397256520013e-05,0.0002883929177669471,-4.955446546164166e-05,0.00013417799680824781,0.00033445866654538924,7.869079612193511e-05,0.0010195835122221244,0.000571971937731095,0.0005346317866930296,1.1574489745467631e-05,0.00020002291820207931,0.000454169734332817,0.0001910883657310585,0.00027581919250937466,0.0007513491367543842,0.000332462217741464,0.00024719920121364885,0.00021114341424571543,0.0003444980661370041,0.00029542087937631733,0.00033681212576422014,5.477956624088138e-06,0.0006841921043975528,0.0003438598143293821,0.0004706750859587074,0.0005826483214178821,0.0004148833369824033,0.0004896227509614789,0.0003161091554020275,0.0004715615768290158,0.00027352977181158443,0.0004898354414588693,0.0004974002770529108,0.0003465863940722045,0.000684955959640458,0.00017628722734078169,0.0005146915658246769,0.0002823263799487986,0.00047938547868677385,0.0,0.00016566673196087683,0.0003331886237816706,0.00034094038506514695,0.0003658922564046528,0.00034437395307649693,0.0004596930308134352,0.00010569801249332323,0.000454357154679002,7.74222969021239e-05,0.0003843538056300461,0.0003931323969839677,0.00038844706281669525,0.0003753765010526535,0.0006465695435222301,0.00017902444746276136,0.0008239936465558376,0.00037099408320983315,0.0005244621880435611,0.00013988637226864897,0.0003078622826729209,0.0004176393788483459,0.00039431710188048407,0.00032436072681575633,0.00037720629146678316,0.0001290365074186562,0.00019802157224251799,-0.0007928199868399296,0.0004379817492148007,0.0008514380961440388
AMP,0.0006329059258074446,0.003369636916219973,0.000978121446005105,0.0036259339118687502,0.002064372600729719,0.0018721316250455676,0.001988901125657296,0.0024426890122601196,0.001156477834530445,0.0024922715073699415,0.001631126499001014,-0.0019163176323609777,0.0004477766680414507,0.0036271848054043325,0.003692695115778147,0.001237447035141232,0.0002546938328355094,0.004774218725412654,0.004385034777899345,0.001647453292035446,-0.0007622524128318417,0.0008570185681795634,0.0013607724908365059,-3.8587259296711464e-05,-0.00010890353980251173,0.009762038150601945,0.0046400156058791315,0.00199963480869545,0.002551559791542363,0.0012500632187799755,0.0,-2.7743154056791723e-05,0.0014348340144214665,-0.0004598707649442489,0.0016344073838695013,0.0008946654738549783,0.0003066917155893305,0.005068601233696287,0.002284486920257639,0.0015744303096243153,2.026856163408472e-05,0.0009839726144145933,0.0019525024984847529,0.00047805772777264927,0.001550693623646559,0.003403695613498736,0.001103454328228274,0.00038099416834608594,0.0015801066549818495,0.0014406974847214762,0.0013381782756570013,0.0014438117240179816,1.7471467917020637e-05,0.0031291817216988396,0.0022071502030129296,0.002003367758923655,0.0036279519852292145,0.0016947244103171352,0.002679261925486994,0.0017499735329641172,0.003342812292934151,0.0009799085170038144,0.0020295145849936764,0.0019605844940901816,0.0020835095463415526,0.0032176661398987867,-0.00044915712919395783,0.009747347730871792,0.0012135302261757953,0.0027867919053181046,0.0,0.000724732529127806,0.0019189942079770447,0.0014235395190377676,0.0013411866574021662,0.0022452954445139226,0.0017231702243841857,0.00043867585612702964,0.0016229251002659963,0.0005062517714790169,0.0015650072162410181,0.0014719933750210515,0.0019150160138154233,0.0015234842369735745,0.0028676280285162793,0.00079691934405263,0.0015697793997197697,0.0012285250774332255,0.002983221453539027,0.0007586068767022028,0.0011211002722193277,0.0020209956995039372,0.0015555137403739463,0.002878933894955767,0.0011650775079895858,0.0006411187734131834,0.000702986254660465,-0.0043846528932843624,0.0021161629193573624,0.0036411795476937684
ARVN,0.0001892851209901989,0.000978121446005105,0.00028679552524109146,0.0011005666142888668,0.0005877963027817452,0.0005492079342650431,0.0006817303617495505,0.0007445903334429057,0.0003329959158584754,0.0007481472569078651,0.0004702473140726499,-0.0005841057151361096,0.00013241064341430663,0.001068396596665462,0.001041898711207782,0.0003692733389891019,0.00012147620248853313,0.0013529261732875956,0.001310710707218356,0.0004988917001032946,-0.0002003407548460293,0.00022471287544631813,0.00039857835100783333,-1.1022079117379666e-05,-3.2880072054645064e-05,0.0028549577773021844,0.001299864379546336,0.000554166865629588,0.0007514442782421567,0.0003714524280755933,0.0,-1.2430525424942873e-05,0.000420098419715416,-0.00011034378299548928,0.000386039652444907,0.00026993615642228346,9.332276418624357e-05,0.001468575808428247,0.0006965459283889155,0.00048708144647759436,9.726710357445185e-06,0.0002888559046036192,0.0005738554307773035,0.00014982737734005888,0.00045097412440754463,0.0010284513602934664,0.00042437212786289427,0.00010857097863499746,0.00045262695820371014,0.00042608608535169094,0.00038882459045579213,0.0004280212368740989,5.010356932737698e-06,0.0008686569536919019,0.0006291401761336514,0.000595435559616223,0.0010364121707303968,0.0004929118827134972,0.0007773852440269806,0.0005326241629204387,0.0009827273835630208,0.0003071356453747557,0.0006077634205633147,0.0005827649363055054,0.0006201683441751128,0.0009284275834846912,-0.00013799814704274703,0.0028384115087210114,0.00035974766067259855,0.0007561511107203318,0.0,0.00022008465099452665,0.0005770368779830587,0.00040717748656519763,0.00039831237134319627,0.0006564546593452889,0.0005102176274674896,0.00013429185152281296,0.00046863280081473714,0.00013865308597739255,0.0004643307036814925,0.0004370084740561676,0.0005622941917412158,0.0004523788575862515,0.0008691655178326372,0.000235099577635823,0.0005104928203589186,0.00037247907258470745,0.0009465601631470069,0.000204926420177216,0.00033010365065845175,0.0005985886593889266,0.00046754236527853863,0.0008594493163129188,0.0003569556212477411,0.00017735968265025634,0.00019801708588146718,-0.0012637836952910004,0.0006173528632727609,0.0010839730684945184
ATOM,0.0008386549648355634,0.0036259339118687502,0.0011005666142888668,0.004845542458018924,0.0022012857486855626,0.0021879229808161775,0.004193326955111391,0.003488214631527072,0.001348048369993591,0.0029276125662098325,0.0017716867218865195,-0.0021426922843876582,0.0005263765873489088,0.004104230195397607,0.003339779371295961,0.0011880804142088894,0.0010054600022804017,0.00509982328994561,0.004713034698574171,0.0022268094548258234,-0.00047678644100643844,0.0011140738822509096,0.0015901874099876613,-4.8847746317936354e-05,-0.0001325817771118809,0.010165173356431767,0.0043073948572043014,0.0018142023847631883,0.0028867036760258473,0.0015411069079272915,0.0,-0.00015036634789076261,0.0016232517763735228,-7.97482849589094e-05,0.00028896264141375645,0.0014632176723915595,0.00040539741389624946,0.005380688542208892,0.003004932612368225,0.002446439603214806,0.00011042173795187596,0.0010356165387494652,0.002281673624780805,0.0007447129761434647,0.0016496819798224476,0.004482485196934875,0.002966791794283985,0.000586031975074289,0.001451428111377733,0.0017667903553511702,0.0013525737137836354,0.001750532953662862,2.4285253958078283e-05,0.002492380378751606,0.0021209230263555144,0.0023067915085423275,0.0035621895226548776,0.0019521074099793812,0.0028615345539851605,0.002311787801152709,0.0036025604078182643,0.0014864326559084593,0.0026215134871827445,0.0023862884407593664,0.002445264868814047,0.0034233306395783395,-0.00031010199245897667,0.010090916282626183,0.001525459619094825,0.0021043155952754473,0.0,0.0009116910574028298,0.0023070165840367966,0.001509177325416931,0.0016880279512214457,0.00240159808596723,0.0019725510525803545,0.000582911112355022,0.0019170390526198865,0.00041277325937969135,0.0019309442967148387,0.0018348627437214133,0.0021805016421698083,0.0018866708358036316,0.003747428271573068,0.001002534181465616,0.002947735391860764,0.0016565941634887097,0.004548446081264763,0.000585450348678369,0.0014058836017918695,0.002379213735079597,0.001998963484278158,0.003192037853725612,0.0016726889412799412,0.0007536350986572217,0.0007456227365714013,-0.004568004464555792,0.0023503547417029103,0.004215107039679829
AVAV,0.0005014824891574175,0.002064372600729719,0.0005877963027817452,0.0022012857486855626,0.0015788783275395958,0.001303079356105876,0.0006261430193275917,0.0015249239899145202,0.000937963484354958,0.0011451680695006908,0.0010791228847361494,-0.000357521674799513,0.00026215190554722533,0.001976816352671644,0.002282698466865376,0.0002994002039338803,-5.1221276048783634e-05,0.003635520183088071,0.0020436514595639304,0.0010578872058135782,-0.0005488873649422157,0.001668539430679866,0.0009232669251721871,-1.671469500490861e-05,-5.1408419207636066e-05,0.0031914933778846807,0.003135500504204185,0.0015332651809482041,0.0014093581808282448,0.0008756921008234625,0.0,-4.601089937218141e-05,0.0008912214949038156,-0.0003613582823003166,0.0013590296901208475,0.0009055098778830845,0.00018648420806249638,0.0031698681342486254,0.0013373474259012921,0.0012178415374870606,1.5691652557088433e-05,0.0005410294301957643,0.0012902943944196428,0.0003649462616136859,0.0009041749652996365,0.0020662520326900384,0.00021111942134307578,0.0005839309055897579,0.0008049472871697711,0.0009750090100513069,0.0007923349384055231,0.0009345362751873043,1.8220662987399997e-05,0.0020948198234219074,0.001302623571693702,0.0011798798702595244,0.002173930439242827,0.0012160520051478728,0.0016175133757698268,0.0009239578187463462,0.001661324622033551,0.0005959638379090735,0.0013380365446659618,0.0012884499551911721,0.0010978439430227164,0.0021283577245025526,0.00026451776230260654,0.0041518048199982605,0.0008254918476684934,0.001969220407271673,0.0,0.0003932398740046747,0.0009584155241161848,0.0010428604520458116,0.0009559297880983707,0.0011978676797016739,0.0010985231437760225,0.0002469870163548353,0.001322041644533951,0.0003467812071011003,0.001050893241489179,0.0010299083860408524,0.001173858758667594,0.0010226705692625558,0.0016829749403955256,0.0005573627479291938,0.001434593192241788,0.0008539410549923747,0.0013008916324090318,0.0005720733067277784,0.0008500871553510051,0.0012093388362080944,0.0010052283750129828,0.0011708980326918213,0.0008434326511045062,0.0006117610259294851,0.0006025295725079612,-0.0027082261006463487,0.0013359389825005684,0.0021246920625301734
AVTR,0.00048090708726508826,0.0018721316250455676,0.0005492079342650431,0.0021879229808161775,0.001303079356105876,0.0012174056776436434,0.0006822005072563781,0.001349331560490333,0.000771522327875917,0.001229309210681673,0.0009102064847101712,-0.0005704911066696968,0.00024533977445890224,0.0018519143483428317,0.0020095631768220564,0.0004840324821179439,0.0002902773403562084,0.002796216748013697,0.002584150523910935,0.0010141093001344822,-0.00037110106921721154,0.001217368623042169,0.0008328172377096535,2.709389339353689e-06,-5.533051385275925e-05,0.0023957214036147575,0.0025120225320881167,0.0012278631362440948,0.0013269838719602218,0.0008567449990686669,0.0,-3.350685931949986e-05,0.000819559623101378,-0.00022486372298538752,0.0007269049313714274,0.000690700673675748,0.0001976014089990591,0.002923280761317712,0.001454804054868757,0.0011702432176007992,1.6075302598060207e-05,0.0005773029082141278,0.0012004715983447033,0.00040080577993232744,0.000842349412224803,0.002002663657910074,0.0007026581080731011,0.0004465541443698205,0.0007759136683483723,0.0008920491295023559,0.0008220363682068781,0.0008856486915182936,1.213484415705767e-05,0.0019471021667981008,0.0011393829079472256,0.001253093594977,0.0018915871899625614,0.0010693155626076039,0.0014707446141786257,0.0009293947493026165,0.0016409280521909213,0.0006506989580543692,0.0012558313732780777,0.001263390407267015,0.0010846514167538895,0.0019054451319580903,0.00010460596412009213,0.003518244193995084,0.0007356989990057772,0.001530800872186251,0.0,0.0004424559686147438,0.001020672001298126,0.0008951921631936517,0.0008942942293058291,0.0011407456296979603,0.001158564899436585,0.00027313998427514743,0.0010976756098995857,0.0002612701746606061,0.000984659258876629,0.0009711617258958494,0.0010994910593221446,0.0009599194168739675,0.0017154395328664274,0.00047184113214712064,0.0015664167021941266,0.0008683490588869845,0.0015339906925062943,0.00042765899914405013,0.0007471485038386169,0.0011684446262163408,0.0009946584968782866,0.00129757861835578,0.0008526069576910741,0.0003475501917228705,0.00048189277557178647,-0.0023981063930367252,0.001230478272777572,0.0022709244020793443
BMRA,0.00018090547368256797,0.001988901125657296,0.0006817303617495505,0.004193326955111391,0.0006261430193275917,0.0006822005072563781,0.010833824162835423,0.004772275315375763,0.0005684560612857328,0.0027350380124588273,0.0011830671705622099,-0.0034951873408163177,0.0004288486691739685,0.0036301223698933026,0.0002123557175956795,0.0007528635413858036,0.0011650562967027687,0.0032116153467351633,-0.00017506731799960017,0.0019745321816462976,0.0002055616012304759,-0.0020704595007350977,0.0008617051028157421,-0.00022987676357078045,-0.0001269827336873934,0.022448923222423534,0.0014256412888549476,-0.0002881355198089305,0.0023997061807880253,0.00041052370371938576,0.0,-0.0003871116958420879,0.000989021158961559,0.0008331509432238445,-0.0021735208217295485,0.0016713984774402032,0.00023680658161417026,0.002001095932678476,0.0017239660387161557,0.0019312516872732781,0.00031035530343563123,9.737278690004778e-05,0.0011090842361597688,0.00021189034203587093,0.0008910981014513627,0.00410636463473,0.005429758725363429,-0.000190988102958393,0.0004455084864768263,0.0011320302583448455,-0.0002401997875729546,0.001025523915228788,2.897799230257604e-05,-0.00267881973315621,0.0009453024023328745,0.0004915873066398816,0.0017624592676533683,0.0008651135396075014,0.001589068850747429,0.0026219240693869626,0.002826866967959034,0.0013108156965119019,0.0020097600110847843,0.0009791817670420123,0.002151520906603038,0.0011723046703485413,-0.0012086323727918827,0.015347147920100054,0.0012299186631843483,-0.0009133420924850822,0.0,0.0004729306157903638,0.001883072664330408,0.0003166684757606087,0.0008109965455151953,0.001713825071908002,-7.665542228596343e-05,0.0003800272572710665,0.0007838055177071167,5.8138401136664865e-05,0.001126294209731894,0.0008619626872314733,0.001288707418000083,0.001110219610896601,0.0029835387303156114,0.0009389553608356765,0.0010947170509343989,0.0007015272835913501,0.0064829144145314615,-0.00020445197186000407,0.0007842112530942116,0.001513834925841028,0.0011920875063538758,0.003085348802968215,0.000887247313723692,0.0012105621498875157,4.343695384987777e-05,-0.0023908220122531355,0.0011706850465068811,0.0009833916841856228
BPTH,0.0004993616437421528,0.0024426890122601196,0.0007445903334429057,0.003488214631527072,0.0015249239899145202,0.001349331560490333,0.004772275315375763,0.0031224031625170716,0.0009911200858508664,0.002000336690095012,0.0013276195466554877,-0.001619415295926816,0.00038099052316872064,0.0030061727587316843,0.0018906617009398893,0.0005253291002079147,0.0004903580325825246,0.004157607020183929,0.0016665681040638823,0.001658889888521723,-0.00033170337483316795,0.0006075963701723394,0.0010952165193235505,-9.894361706329066e-05,-9.183446703303852e-05,0.010915911821621185,0.003022681549413646,0.0011112853021485714,0.0020733330389057208,0.0008998495337716782,0.0,-0.0001942460897157906,0.0011121984148899937,6.254704834345375e-05,0.00012399197235197728,0.001413563987797185,0.0002517425579742618,0.0033543852891949537,0.0018179693260377441,0.0018071260271406613,0.00013793406658686467,0.00048554894446486106,0.0014980235290056741,0.0004087779988127679,0.0010767174085418642,0.003327309040123622,0.0024157692845084696,0.00042402596101329896,0.0008061724002935476,0.0012488731606996968,0.000561507800209084,0.0011757151802469384,2.6112615851376125e-05,0.0006414026034203312,0.0013964519198375604,0.0011838208376132176,0.002407410006561676,0.0013364109706967104,0.0019233150974629874,0.0017889044955155988,0.0024311126325878077,0.0010321557916954203,0.0019005446114462097,0.0014624878199315456,0.001733225408039772,0.0021859559469166925,-0.0002216510014942343,0.009075907889376733,0.0011609678555086417,0.0011732196541061725,0.0,0.0005197811214301153,0.0015264550617995062,0.0009723782729488287,0.0011179628701075482,0.0016275527045593974,0.0009005199944646355,0.00036001730054692775,0.0013937541658379225,0.0002902511291321285,0.0013140784560612716,0.001199213275602404,0.001462632258568899,0.0012849168994956588,0.002580491613933658,0.0008223098031985281,0.0017412439073991436,0.0010068986968692329,0.0036495702376699427,0.0003654712445603632,0.0010126172013431075,0.0015869908202845793,0.0013124792076623004,0.002138626939705558,0.0010758914104357297,0.0009485198255152788,0.0005078906126901428,-0.003103640649284463,0.0015464466084689765,0.0021718758521892196
CHAU,0.0003158628534986998,0.001156477834530445,0.0003329959158584754,0.001348048369993591,0.000937963484354958,0.000771522327875917,0.0005684560612857328,0.0009911200858508664,0.0005803648981388324,0.0006054568999187711,0.0006258567484608362,-7.672854362282728e-05,0.00015102400305072212,0.0010987094826588476,0.001193953672279461,6.065005620198161e-05,1.2049572597967001e-05,0.0021851612134196428,0.0009696135451717148,0.0006600824907594515,-0.00028242142011233255,0.001147307571990124,0.0005481560228002819,-1.1825758230216079e-05,-2.804981693002344e-05,0.001442368090093304,0.0017329741531781552,0.0008682944341671371,0.0007848274190264087,0.0005261590763513434,0.0,-4.860763627689197e-05,0.0005112970569473103,-0.00016332326730044143,0.0006503805076433605,0.000644592397270787,0.00011200956238226695,0.0017669312050006831,0.0007927472899504537,0.0008192609702869166,2.2270668119368016e-05,0.0002807753127576928,0.00075817457048093,0.00023943071376351057,0.0004949891876092048,0.0012618662141925226,0.00026123733325948776,0.00040890702977446953,0.00038692084296613403,0.0005895388303703436,0.0004142055763145638,0.0005546760961289655,1.2546300245786793e-05,0.0010591163634698039,0.0006905518506442427,0.0006544927395381828,0.0011704164668108119,0.0007275190982787031,0.0008993664721704167,0.0005514131086578505,0.00086504887722329,0.00038422325644635503,0.0008220213423878523,0.0007625233745451409,0.0006114130477273555,0.001209704850762612,0.0002603702589535098,0.0020640934247778985,0.0005075341662407251,0.001034685028434836,0.0,0.00022275622889363935,0.0005263018873559419,0.0006090711464291208,0.0005860037380041592,0.0006392570155251431,0.000618191721754726,0.00014601559092606182,0.0008209790528882384,0.00018586782983177427,0.000633576651806735,0.0006263381486823254,0.0006712614753978534,0.0006173628360096698,0.001008783507585362,0.0003470855471270867,0.0010196375068696935,0.0005297325533085041,0.0008174120132596694,0.000311081743349866,0.000530070823410235,0.0006954333516992245,0.0006081486204726559,0.0005644027290884216,0.0005409190433259433,0.00040644419275565546,0.00036606730171452216,-0.0015047624180725544,0.0007620643820406471,0.0011778889994553926
CRK,0.00036309773050888173,0.0024922715073699415,0.0007481472569078651,0.0029276125662098325,0.0011451680695006908,0.001229309210681673,0.0027350380124588273,0.002000336690095012,0.0006054568999187711,0.002360271931903647,0.0011199538808152045,-0.0024288473239548326,0.0003570615076548773,0.0030349681831808766,0.002548210356846449,0.001424036748669466,0.0005935435068736212,0.0026984002175339085,0.003948266473416914,0.0012687757163011158,-0.0003885749052539017,-0.0007097505731922571,0.0009276079664867198,-4.1579761511051065e-05,-0.0001025852058962675,0.01069766985757831,0.0029306400120104243,0.001026396139162123,0.0021103351354890146,0.0008294830243211143,0.0,-1.67550377472302e-05,0.0010651361868322892,-0.0001457984775481877,0.0004450007924591704,0.0003621153033681007,0.0002444185570726797,0.0036419654000034623,0.0018775753554892808,0.0010344869682946056,3.379633494384049e-05,0.0007873765071098426,0.0013691708158441638,0.00031386217534046517,0.0011964168501607546,0.0027380169573369855,0.0017945837433316458,-0.0001004698053205471,0.0013019080527993257,0.0010052428759181485,0.0009872543008061002,0.0010514371617422174,5.52760501859559e-06,0.0018563357329806714,0.0016339279271796472,0.0015557621874338046,0.002665984188409604,0.0010686298912315649,0.0020054868233088468,0.001579708029369503,0.002940418859159466,0.000828121040495222,0.0014909537082199561,0.0013999283715930846,0.0018059957188065027,0.0021760112682900003,-0.0009453323347999742,0.009421479884014598,0.0008538468495769688,0.0015336863779090834,0.0,0.000622439112922122,0.001734388165994554,0.0008397255362116262,0.0008838444876895565,0.0018723204770803095,0.0012295397307985358,0.0003740235440467114,0.0008477052173256263,0.0003012572476080682,0.0011022239487543431,0.0009885711030237746,0.0014421414197199097,0.0010749941276687164,0.0023607351257025114,0.0005452029295284614,0.0008607301326524304,0.0008562545793299268,0.0031685980061630942,0.00037857881853566505,0.0006798397508515092,0.001574572559085204,0.0011586133554168342,0.002865309380206278,0.0007966581767905486,0.00024449295764842564,0.0003103884407031542,-0.003184050029194758,0.00153219443151254,0.002856765682814991
CVS,0.0003136905063110198,0.001631126499001014,0.0004702473140726499,0.0017716867218865195,0.0010791228847361494,0.0009102064847101712,0.0011830671705622099,0.0013276195466554877,0.0006258567484608362,0.0011199538808152045,0.0008352422347825635,-0.0007793734632102712,0.0002183454433344502,0.0017460136075913284,0.0017340020708623758,0.00044223166925189605,1.72015484449184e-05,0.002623403004848637,0.001661113158009395,0.0008292184147221872,-0.00039906504764165477,0.0006358256638177551,0.0006803488717394146,-3.0825507593923643e-05,-4.9387688139403654e-05,0.004965940267788002,0.0023561682253498677,0.0010230575868252578,0.001223810641464326,0.0005951898688934779,0.0,-3.616539916863298e-05,0.0006990191776771579,-0.00022747619584296007,0.000897185056321835,0.0005894178970928051,0.00014155891089602412,0.002413131173764244,0.0010333084546060535,0.0008315633371475153,2.146968359116547e-05,0.00041844054621931225,0.0009530114932199136,0.0002216317070732588,0.0007335955203659822,0.0016854066407028386,0.0004684542128158507,0.00026429230032908724,0.000699073473120338,0.0007244535142489568,0.0005704071349872451,0.000703906301903443,1.2043881688016836e-05,0.0013603593857967394,0.001057519151076972,0.000877002207406358,0.0017563259671564261,0.0008611538319211839,0.0012912444822671802,0.0008507570047488599,0.001532187653928509,0.0004678805768256848,0.0010198434833391238,0.0009304258933259698,0.0009809734481228234,0.00156854963410026,-0.00010390179679392748,0.004800934513090323,0.0006278042112364212,0.0013810308501205034,0.0,0.00031591379855455264,0.0008676769000092236,0.000718666311117873,0.0006685008738610761,0.0010494682235548094,0.0007502823533450296,0.0001975200326710935,0.000875900694180116,0.00025949055565138094,0.0007741712115883079,0.0007265512558584509,0.0009224919151586665,0.0007535757025965198,0.0013650214171143568,0.0004281798546977425,0.000779561029809906,0.0005851635249607298,0.0014121617000711951,0.00039157952964244505,0.0005875564271137008,0.0009628445705109011,0.0007484916682548935,0.00125559346701611,0.000570715328932232,0.0004504785063379085,0.0003802973019091011,-0.002137092633540247,0.001023416345612679,0.001590001294814069
CYAN,-9.614668355148237e-06,-0.0019163176323609777,-0.0005841057151361096,-0.0021426922843876582,-0.000357521674799513,-0.0005704911066696968,-0.0034951873408163177,-0.001619415295926816,-7.672854362282728e-05,-0.0024288473239548326,-0.0007793734632102712,0.0033505282991317595,-0.0002962733716347888,-0.0028196827118912283,-0.0019239595489827662,-0.0018053784155140906,-0.0005406445702334022,-0.0011781383271081182,-0.0034636967153062704,-0.000845362887103864,0.00025052495098419196,0.0026546058706670866,-0.0005352138468607936,7.250702575560837e-05,0.00010270186652118135,-0.015046660215829828,-0.001977573342209777,-0.00028911755673284204,-0.0019131058763639823,-0.000331519686971429,0.0,-2.639125842699834e-05,-0.0007856341084753963,2.821122328776922e-05,-6.9871633598283e-05,0.00027834994233597065,-0.0001608807449335958,-0.0025824203456805386,-0.0013144601990754748,-0.00023072847646060955,-2.637776640571319e-05,-0.0006215923419285298,-0.0008235845341165208,-1.285203530891968e-05,-0.000988848287160043,-0.0020658061970275973,-0.00191748400399911,0.0007206985928884342,-0.0012713194827458471,-0.0005823703710657352,-0.0006689622340444343,-0.000668259054570347,5.797000031848626e-06,-0.000868570527495225,-0.0013941764129055262,-0.0010692211345742768,-0.002227496156655505,-0.0004880559532557373,-0.0015872809178960564,-0.001467429791665587,-0.0029352265324932847,-0.0005457385577916567,-0.0009290082867325455,-0.0007852692669579251,-0.0016863720521773842,-0.001354235040224403,0.0017185964402795639,-0.011567777053351975,-0.0005175306704111001,-0.0008438319224320519,0.0,-0.000489222573214623,-0.0016362594816082374,-0.0003335989577849643,-0.0003728180910071617,-0.001757559522054314,-0.0006427976651923686,-0.00028154436922014263,-8.301868276708829e-05,-0.00020785139392667427,-0.0006286051272726891,-0.00045436238985759427,-0.0010735586824661253,-0.0006127195220859013,-0.0017968816167311286,-0.00032844089624152944,0.000603465895146947,-0.00034427057183499356,-0.003274336426725215,-0.00015099994592965887,-0.0002162364131525367,-0.0012002306686112124,-0.0006991767644156837,-0.0032064619080883565,-0.00025373760290763265,7.5446492738138115e-06,5.54703652333774e-05,0.0024611596630860723,-0.0010731709707835037,-0.0019966958691226954
DBV,8.360083622501575e-05,0.0004477766680414507,0.00013241064341430663,0.0005263765873489088,0.00026215190554722533,0.00024533977445890224,0.0004288486691739685,0.00038099052316872064,0.00015102400305072212,0.0003570615076548773,0.0002183454433344502,-0.0002962733716347888,6.255160736585189e-05,0.0005072662948040653,0.00045401051545862633,0.0001688252359765508,6.488073689848574e-05,0.000626728296202216,0.0005614902506753573,0.0002395855837038925,-8.493459502334198e-05,7.068585321717954e-05,0.00018285494454154492,-7.749741728469004e-06,-1.57685104300103e-05,0.0015234596772918634,0.0005818242168967945,0.0002366669481786218,0.00035478413877382335,0.00016499739659834385,0.0,-1.0102118990648476e-05,0.00019384514070591464,-3.8105186633305255e-05,0.0001432922739875644,0.00013725901491232052,4.308191237347859e-05,0.0006596489819014085,0.00032095230287685586,0.00023322996129795096,7.991121128875534e-06,0.00012574327972496383,0.00026147404967264906,6.668829969757022e-05,0.0002061011302161098,0.0004945797442026074,0.0002477120174861929,4.422752110809524e-05,0.0002015289447472678,0.00019797208524214622,0.0001646410187484418,0.0001973977940121161,2.5352296749042163e-06,0.00034225133810125355,0.0002843988485005196,0.0002624888971386407,0.00047100301543739686,0.00022368599506681104,0.0003560265749259909,0.00026244085443724607,0.00046018267967126453,0.0001481743048297366,0.000287098857869595,0.0002632560667798255,0.00029468006768713944,0.0004159654972703617,-7.515207277373706e-05,0.0014242990360254803,0.00017065010777771094,0.0003172936334650982,0.0,0.00010055206539043198,0.00027235089671157834,0.000180004880847154,0.00018173346317081721,0.0003052871610308468,0.00021851929322756105,6.247330110385886e-05,0.0002122478487539574,6.103245114010647e-05,0.0002142720618908451,0.00019905116222958787,0.0002589221684818735,0.00020890335054281713,0.00041156253162803004,0.00011332786206835743,0.00023088171159711297,0.00016879208128358353,0.00048807046583364386,8.657883404413302e-05,0.0001521895091070069,0.00027719680662666374,0.0002161908204340466,0.0004098316298346385,0.00016431116360319929,9.255706352909027e-05,8.622269381283402e-05,-0.0005767401222326886,0.0002813135090417403,0.0004789142803387691
DESP,0.000575680874659776,0.0036271848054043325,0.001068396596665462,0.004104230195397607,0.001976816352671644,0.0018519143483428317,0.0036301223698933026,0.0030061727587316843,0.0010987094826588476,0.0030349681831808766,0.0017460136075913284,-0.0028196827118912283,0.0005072662948040653,0.00422626898890869,0.003748767852301986,0.0015858758941717855,0.00044167967088000297,0.004841158228847411,0.00463628096238514,0.0018426833221551263,-0.0007230511822703754,-6.519779353484354e-05,0.0014126700760969187,-7.498482732234682e-05,-0.00013246865552717072,0.014449790219229968,0.004733686317695109,0.001818324550859641,0.0029406050832179115,0.0012172888343754522,0.0,-5.5658704665873315e-05,0.001549832970228838,-0.00034058305331316176,0.001288996255440285,0.0008908134719532417,0.0003299976669067249,0.005284660853915081,0.002480227303200624,0.0016238382699894055,5.3799583146352534e-05,0.0010214579048758083,0.00202552706493207,0.0004395586872342547,0.001691211996404444,0.003886060814918549,0.00191907346844413,0.0001487450228743626,0.0017414703506614983,0.0015195005350178469,0.0013117524068748758,0.0015306456174154382,1.709896969288589e-05,0.0027107509551833673,0.0023786896246160874,0.0020594579560375284,0.003915087192369778,0.0016981962430390129,0.0028999428585299407,0.0021434176371979037,0.003921147575952044,0.001113570466722003,0.0022042073350190877,0.0020059942995315143,0.002445991699188392,0.0032803514970798555,-0.0009191548897565004,0.01289301291537036,0.001314368835584666,0.0025946032409081836,0.0,0.0007966331096786556,0.0022583303982098074,0.0013704199483308616,0.0013486303940276976,0.0025667756752433355,0.001655982908784832,0.0004878242564835876,0.0015337858939460363,0.0005065412811622163,0.0016379885442585284,0.0014879213933696926,0.002070078309759817,0.0015959121035687021,0.003236102868104592,0.0008748233224268916,0.001321701919062709,0.0012268133737695461,0.00401910508029707,0.0006930272773935604,0.0011178381235954643,0.002213034249550156,0.0016491442541397556,0.0035950567304579625,0.0011670716928580903,0.0006949384742082047,0.0006154263817987114,-0.004697480066957915,0.0022372848509600697,0.003763828489748409
DVN,0.0006353549020962148,0.003692695115778147,0.001041898711207782,0.003339779371295961,0.002282698466865376,0.0020095631768220564,0.0002123557175956795,0.0018906617009398893,0.001193953672279461,0.002548210356846449,0.0017340020708623758,-0.0019239595489827662,0.00045401051545862633,0.003748767852301986,0.004550946171149224,0.0015066438759230366,-9.215985374934349e-05,0.005039080061687126,0.00532259552671502,0.0014859511733437542,-0.0010373697536401787,0.0009699741363332157,0.0014160669150511138,-1.2805399889466091e-05,-0.00010826623137442522,0.009157748211249287,0.005460848274783278,0.0024529144942928133,0.002654155409569055,0.001316278833527259,0.0,7.212690969270434e-05,0.00152029077068384,-0.0007948577320606432,0.002699507693765367,0.0005574048613614933,0.0003001636588666536,0.00570333978245195,0.0022580989446677815,0.00124842228223629,-5.2787112754528134e-05,0.0011662823993161394,0.0020566211588408352,0.00043038478435432397,0.0017197632879447026,0.003137057630108407,-1.6957691070976113e-05,0.00033151504123006613,0.0019277062021502305,0.001438251240406231,0.0016458434088708386,0.0014730199951532607,1.2897440520214906e-05,0.004339309169458066,0.0025746778868451343,0.0022423528769714525,0.004167716718831904,0.0017883777925297745,0.002948428944261508,0.0015705348896391932,0.0036285011040348703,0.0008109455705446628,0.0019268284290085793,0.0020488343286109594,0.002119121671100182,0.003606021708077706,-0.0005461805771357188,0.009920084110724339,0.0011587762091889943,0.0036855126885001884,0.0,0.0007489397162841896,0.00195577231211404,0.0016030100825704164,0.0013451001071386527,0.0024515499214689956,0.001983063623480965,0.00042682164550285665,0.0016665626958376244,0.0006297881868500338,0.0015737606469075917,0.0014910408784284859,0.00203138304286714,0.0015275550543015523,0.0027313468582923685,0.0007394999591351951,0.0011170158268865936,0.0012004896556729616,0.0022316623159356823,0.0009846600180426464,0.001100831338757291,0.002099580366277675,0.0015325194132007757,0.0030585605347946006,0.0010623932936957069,0.0005177667545206886,0.0007879480255312886,-0.004884163435983639,0.002293355568846186,0.00405904414277232
ECPG,7.305328842217607e-05,0.001237447035141232,0.0003692733389891019,0.0011880804142088894,0.0002994002039338803,0.0004840324821179439,0.0007528635413858036,0.0005253291002079147,6.065005620198161e-05,0.001424036748669466,0.00044223166925189605,-0.0018053784155140906,0.0001688252359765508,0.0015858758941717855,0.0015066438759230366,0.0012086936451726044,0.00036624450724304444,0.0005224956423019627,0.0029902177191067363,0.0004372310386874387,-0.00019756289573291279,-0.0012932778008596336,0.00035078192487281504,-2.9944361189895975e-06,-5.93673701407044e-05,0.006352465081241804,0.001324437359240938,0.0003658003324328056,0.0011014849589154072,0.00032333316198995257,0.0,7.290776351332896e-05,0.0004951261939782533,-0.0001364998708704633,0.00027288670526823294,-0.0003672328706429835,0.00011291917632961188,0.0018601536587036077,0.0009310074195874459,8.570870905182885e-05,-2.6429378068068213e-05,0.0005170591262498409,0.0005749763258837444,7.601522553144527e-05,0.0006475413024604294,0.0010928023122115408,0.0007452023398756977,-0.00038824694820902364,0.0008927715432227191,0.000355602176960362,0.0006474340965325493,0.00043841186518396797,-7.896070069670857e-06,0.0013097488420328461,0.0009190131912179408,0.0009003482572436817,0.0014368788522983794,0.0003481668324527422,0.0010217286128527167,0.0007359212295983586,0.0017770828556907187,0.00030927048025497755,0.0005210506001741438,0.000609625154868733,0.0009712021136893836,0.000998764215878973,-0.0009497079759105903,0.005519982549075652,0.0002636935453893901,0.0008228957757034025,0.0,0.0003530272916110797,0.0009964852459788938,0.00029533763285777173,0.0002800910327117074,0.0010765841527452114,0.0006900795474271582,0.0001899952741804539,7.84563729546886e-05,0.00014441089666765772,0.0004122251155883577,0.0003416621894639144,0.0006911355175540318,0.00040069851373164284,0.0010686895601871166,0.0001330989524967869,-0.00016094583678750074,0.0003034508084624653,0.0015204880527314815,0.00015971879525256832,0.00013691126515315543,0.0007656813996066503,0.0004715310888895816,0.0018960175529273817,0.00021261917052270676,-0.00021902881782994959,1.2549638931357254e-05,-0.0015871989755982321,0.0007240943354764105,0.001660576924280232
EGRX,0.00016963687251829587,0.0002546938328355094,0.00012147620248853313,0.0010054600022804017,-5.1221276048783634e-05,0.0002902773403562084,0.0011650562967027687,0.0004903580325825246,1.2049572597967001e-05,0.0005935435068736212,1.72015484449184e-05,-0.0005406445702334022,6.488073689848574e-05,0.00044167967088000297,-9.215985374934349e-05,0.00036624450724304444,0.0008993526110281694,-0.0004714230065674604,0.0015542126543633408,0.00041574919130422917,0.000301901617946872,-0.00027518673339781683,0.00015567334896988183,2.58743932601883e-05,-2.8665879180269504e-05,-0.0005151660912961497,-0.0004936268489334896,-0.00024959639334132553,0.00032478199422303485,0.00029598227026500653,0.0,-4.0930593863073276e-05,0.00016272473352706954,0.0003134070215020337,-0.0013504357186092928,8.0318673000159e-05,0.00010468869018516675,0.00044277811125017,0.0008214109878939401,0.0005726258008709065,4.236460192289987e-05,0.0002110948237254948,0.0002847914897171444,0.00026156507572368086,0.00014450728004561259,0.0008265931188997398,0.0016885555848551023,-1.2596952454200144e-05,8.117043653736893e-05,0.00022166418478674648,0.00024321752305522538,0.0002631030057206037,-3.4160174590590466e-06,-3.391870644129931e-05,-1.7849981094897148e-05,0.0005316188468763266,-1.3762202304477757e-05,0.0001386715931920885,0.00019817618274441188,0.0004604458883600401,0.0004573161153397648,0.00044868269875655354,0.00042002205081121394,0.000438332682789612,0.00038384990645196206,0.00019682407591929164,-0.00015201123564138555,-1.7872169990988673e-05,0.0001685797881494401,-0.0005904463468331979,0.0,0.00025630236884481306,0.0004938485024844329,2.4048737217558048e-05,0.00026385963433228935,0.00024381998683382726,0.000467995902696458,0.0001640790075537984,4.5107928303671576e-05,-0.00010740425209197753,0.0002855001940270771,0.0002929060440980868,0.00025646726101631194,0.0002837934134055617,0.0008204692368694736,6.83169010469438e-05,0.001153726083349575,0.000406894548485031,0.0013647444670910258,-0.00019037588105555038,0.0001410142650934279,0.0003620406248041357,0.0004043762771932042,0.0006196365527160041,0.00042916727179619573,-0.0002689798431542845,-4.981706125932907e-05,-0.00016861543427781482,0.00022733029946912195,0.0009938341331245848
ELVT,0.001021305334981124,0.004774218725412654,0.0013529261732875956,0.00509982328994561,0.003635520183088071,0.002796216748013697,0.0032116153467351633,0.004157607020183929,0.0021851612134196428,0.0026984002175339085,0.002623403004848637,-0.0011781383271081182,0.000626728296202216,0.004841158228847411,0.005039080061687126,0.0005224956423019627,-0.0004714230065674604,0.009067737862345828,0.0031873420955092825,0.002495088232758199,-0.0013524201300020796,0.003402984736743489,0.0021098900579012542,-0.00011176373186145235,-0.00012101018364642555,0.01259960833329553,0.007500423359011538,0.0034434143151981195,0.003399247817023523,0.001796661128103793,0.0,-0.0001723756102662975,0.0020586944571175333,-0.0007966642402478647,0.003368002813685675,0.002363495603388643,0.00038826335447442547,0.007034897218061865,0.0027348618408537346,0.002743818382317595,8.335429314748133e-05,0.0010344556223783755,0.002873378193542182,0.0006653150617598326,0.002067329399250546,0.004912557797272427,0.0005917951259831644,0.0012616461904116517,0.0017702668340264362,0.002244080800255224,0.0014717335604755085,0.0020954691174176706,4.994953460664635e-05,0.0038778857330813727,0.003053092165472585,0.002287674425633923,0.005135205634511618,0.0027643756120313144,0.003746599314006177,0.002315415704819786,0.0039288187568641665,0.0013015180495288402,0.0031102935000928604,0.00272770789367237,0.0026204832973407977,0.0047645395139977315,0.00043609951657882216,0.01263370378917734,0.0019828482433680464,0.004457361489502916,0.0,0.0007811433640854428,0.002169825685916427,0.002331458302601846,0.0020969086850720292,0.002823163014428131,0.0020237902929947063,0.000510792585220703,0.0030563003767576677,0.0008418448308562951,0.0023612412851666503,0.002248083649053028,0.0026765298563731885,0.0022972064778489596,0.0037989067442579113,0.001400045158323932,0.0026171631141078,0.0017448251902796922,0.003427099099340784,0.0013274705459275487,0.0019519313075047804,0.0027324132341435413,0.002191172536951814,0.0027984593176061234,0.0017572620311596258,0.0018416975440184533,0.0013653634312354784,-0.006326686473161655,0.0030209784374614036,0.0041163429339931175
