,ADIL,ALC,AVUS,BLES,BTN,CAKE,CDR,CEVA,CRBN,CRS,CSIQ,DHS,DJP,DLB,ECC,ERF,FXN,FXZ,GKOS,GNTX,GOOD,HAIL,IG,LBRDA,NIQ,NOAH,PASG,PFX,PRPL,PSN,QRFT,SAVA,SIFY,SSNT,WTBA,ADES,AFMD,BSMM,EPIX,FTXL,HDLB,ITUB,MGV,MOHO,PTH,SMLP,VERU,CACC,MGA,III
ADIL,0.009029132053931877,0.0028431586953753443,0.0018375468895409964,0.0023007697435443114,0.007052734890140844,-0.0033423569575082458,0.007684573224305559,-0.0007187717897113787,0.0016475350260310487,0.00304227544109306,0.0013194479049238419,0.002363015058590749,0.000584324930100366,0.0004971169335519824,0.018738942523379442,0.004235379879312597,0.00350684418363681,0.003563931285453178,0.0018140901501675314,0.0007694133519306169,0.011604570215003735,0.0027800424514714535,0.0009986795005201851,0.0017880676909718411,0.00334780289146942,0.0032253579500274073,-0.0014988242647833061,0.014569049488763221,0.004330821935436309,0.0032899691384829528,0.001332484943238351,-0.0016596364674159039,0.004523723130133083,0.0005912911088636122,0.00205253815542951,0.00495654958624796,0.0025205112563615266,0.0005137232792949195,0.0008148927070459598,0.0005406444351150025,0.009564500970903745,0.0038061485810200776,0.0018356962741146177,-9.864684052605376e-05,0.0006522817634757431,0.0064624599642402894,0.0006470882809330127,0.0034788699930895887,0.0059489327075583935,0.00573641517119237
ALC,0.0028431586953753443,0.003983543266650569,0.0028228316288219906,0.0026731815363615686,0.0032497118894244032,0.005670113724163581,0.004496227527202371,0.000664790708701374,0.0022884350855437367,0.004349055147752633,0.0018315311913482592,0.0027508967039363836,0.0006625943103541353,0.0030497765290424333,0.008543014409903312,0.003741710019859377,0.004017289611958491,0.0038484274040327354,0.003613805932906855,0.0020496488344378208,0.004707315966887806,0.0027613037127188706,0.0003976902922633572,0.0026395392320744545,0.002028900055455008,0.0029417131765483015,0.000840510534997296,0.010541688245098107,0.003141609934919921,0.0029163183690959073,0.0023018114656561165,0.00032587717524152693,-1.750609844299909e-05,0.0022246493569711818,0.0026906845639519898,0.0025864734730805775,0.0006953833919252346,0.00044391914909814613,0.0012471637948941088,0.002385874099015705,0.007285513304986874,0.0037897236753295597,0.002773908820204311,0.0005848304336190536,0.0014364728068014536,0.006813175000575298,0.0018337977575748697,0.004387446084671494,0.005547092859401262,0.0030082262310467977
AVUS,0.0018375468895409964,0.0028228316288219906,0.0031394185661481728,0.002854876608850176,0.0048187045972435645,0.004880834205619763,0.00646727763655593,0.0027174116353849277,0.0025891093890261577,0.00499479834768321,0.003671995319603873,0.003053187089633973,0.0006024402171723929,0.0032126769111248434,0.00912656666112216,0.0026013371442439224,0.0036450270234457327,0.003974244943344699,0.004833059396016012,0.0027298682779915485,0.005710836527190547,0.0030856241831495614,0.00035916653512170136,0.0032929310669309944,0.002041340960333708,0.002486360588893678,0.0017219915505874033,0.006906886076425178,0.004401552197370752,0.004276058998493798,0.002614672974514596,3.255948404329157e-05,0.0002204391349714008,0.00114058279800655,0.005007173874065973,0.002249519952025632,0.002474237109343364,0.0003033032594614461,0.0031258466795728553,0.0032242473642259246,0.006903658445052871,0.003570677650673372,0.0029679882948609087,0.0015625137362798123,0.0019156623694649817,0.007924249181847363,0.0018349374578493915,0.0026711697013671945,0.005221020197271883,0.004385954239099101
BLES,0.0023007697435443114,0.0026731815363615686,0.002854876608850176,0.0027722644082083885,0.004251356360748236,0.004046370829066913,0.005317363508824291,0.0024281426422081446,0.002408893337456085,0.004821164586353805,0.0035284379190221255,0.0028399083316397004,0.0005434452872245108,0.0025613774893436508,0.009410970726525593,0.002678880886455981,0.003428232987091922,0.003772175468647612,0.004728595543565472,0.0023214337511020667,0.005247128198933025,0.002929102579074324,0.0004604084621291596,0.0028923269732759604,0.0018199053077795919,0.0028042215531575592,0.002094993826345779,0.005025125708164779,0.003682364538702011,0.004004127988351454,0.002384340024202878,-0.0006142438873972663,0.001120526281916366,0.0013137297843327904,0.004267033615697201,0.0019543438615152097,0.002004848537783489,0.0003208769989764096,0.0026250930710474112,0.002996083076220718,0.006789581835331869,0.003551866528369638,0.002745064164119941,0.0009146485257710934,0.0016244723994491414,0.006687303246946189,0.0018291688417239405,0.0025130868776909194,0.004850847906286875,0.0038038813811608384
BTN,0.007052734890140844,0.0032497118894244032,0.0048187045972435645,0.004251356360748236,0.014756615788903214,0.0011895698139745706,0.016606513713383446,0.004970588280643634,0.0039409912702932865,0.004509594572860498,0.007005714059317043,0.005163793767767973,0.0004831247480582586,0.004514560921923125,0.021668209804058983,0.003609879768257032,0.005590519500549909,0.006482036551623322,0.00503490411181198,0.0047207760626022666,0.014953838533778109,0.004671283431280569,-3.632826184621074e-05,0.0054326240692837684,0.005155728597455207,0.00338561018463407,-0.00332332372741262,0.0191411270418717,0.009558769093503844,0.007670548106395514,0.0038388199548697764,-0.0009310729068119709,0.0021181244713281105,-0.0005588679519861135,0.009985915709707568,0.0062856360717851905,0.008279717602743077,0.00035786840216458555,0.00561398717213749,0.003781778872199163,0.012450371256439625,0.005664734876626513,0.004527617254508888,0.00440324084801935,0.00322598656133554,0.013306951354949068,0.0006215615929920416,0.003417983170014369,0.008546996341618622,0.01127928197408011
CAKE,-0.0033423569575082458,0.005670113724163581,0.004880834205619763,0.004046370829066913,0.0011895698139745706,0.019969928889279905,0.004298213895824085,0.004370982633649408,0.0038406765804570994,0.0054996489712110675,0.004059212632764653,0.0042763410548309145,0.00022159363022334247,0.005137339168063044,0.00014055889543905124,0.003009717963595827,0.0039814683921250114,0.005190383656711922,0.0082170677810182,0.004516638642077438,-0.003521411215442468,0.002588436746528292,-0.00025758091449918415,0.004648926819056851,0.0016583552180883547,0.0037466416726380865,0.0007123882630778616,0.009365958353331367,-0.00019872324213682756,0.003911132142134346,0.004337598148406479,0.0022755066208880047,-0.00504133526846059,0.00439615673329716,0.005944986697849323,0.0011080172948067862,-0.00012278593944099173,0.0003301720020801596,0.0022263364129267416,0.005544046768923354,0.004509355753748178,0.004482477821239963,0.004881324330443189,0.0010692442489286828,0.002810093720402634,0.006190721399515215,0.0026819387805425933,0.0062482759181538864,0.004092095860868351,-0.0004530141584077709
CDR,0.007684573224305559,0.004496227527202371,0.00646727763655593,0.005317363508824291,0.016606513713383446,0.004298213895824085,0.030077354649133657,0.005833863862290517,0.005174963121413485,0.012294949205709298,0.00734301318708737,0.005905455216824531,0.001956865834880305,0.008570273419627268,0.029090212856462797,0.006988232936966862,0.008110564783253194,0.0077487694178391,0.008982268759555765,0.00597737543063371,0.025799350413987922,0.008061923480385248,0.0017041713723037666,0.008135772687087508,0.008131446067662388,0.003431830685116027,0.0006157489368518222,0.04651864175690054,0.018279394334483445,0.011505138077106247,0.005005355184779821,0.005007631926598773,0.0006793091078388678,-0.003000399911321112,0.013430263365970398,0.013546683410269836,0.00909689844547254,0.0003177290105493432,0.013660600830317893,0.0049315723561138055,0.01530366973140785,0.006318828255398635,0.005046303458949396,0.007192652763925156,0.004979913851885711,0.028548644229450144,0.0013022923316492302,0.006025205164373598,0.01279916046823088,0.013592626788649746
CEVA,-0.0007187717897113787,0.000664790708701374,0.0027174116353849277,0.0024281426422081446,0.004970588280643634,0.004370982633649408,0.005833863862290517,0.005357591348958716,0.002307425136006901,0.0034943955460533804,0.005803139878065859,0.002627692972800688,-4.3013746434507164e-05,0.002382769211693001,0.004849606288577608,0.00048387155124602645,0.0019753595259007902,0.002933798493659438,0.00536592578905647,0.0030237072107199025,0.0020662986482317736,0.00217802642723383,-0.00012444866859251876,0.0030621479161328765,0.0011708746036918315,0.0021777807558287605,0.0017389706256362336,-0.001275261357355138,0.003077544794818165,0.004511418260066576,0.002351389802681006,-0.0010953371609377848,0.000755449135617485,-8.884741789458056e-06,0.005993257273971199,0.0008506848837496264,0.00315913599279895,4.613783130449952e-06,0.004384215538699065,0.0035252863538315056,0.0034754605155974325,0.0025015779897228363,0.0025546016816415593,0.0020947802697311385,0.0019346542011190499,0.004364450857187727,0.0008353090290396211,0.00032300580827945467,0.0022007439300911298,0.003150973341734655
CRBN,0.0016475350260310487,0.0022884350855437367,0.0025891093890261577,0.002408893337456085,0.0039409912702932865,0.0038406765804570994,0.005174963121413485,0.002307425136006901,0.002156746044755594,0.004265024979161814,0.0031450738036410313,0.0025401521673800278,0.0004961750815699746,0.0025076734394613876,0.007865944372205128,0.0021590079717339265,0.002992598425552483,0.003313604888029337,0.004173566552280279,0.0022160266404771273,0.004750900129058668,0.0025877247232628194,0.0003540887593442522,0.002703644542727184,0.0016435735020268924,0.002178734571179396,0.001688765671987871,0.004896471543832977,0.0035431110502603265,0.003615669847454912,0.002163493426973073,-0.00019809102955120893,0.00048349409289948824,0.0009800824977934325,0.004126823865350006,0.0017666194031486053,0.0020058886790282515,0.0002598164282233365,0.0025803025146314143,0.002721168760773825,0.005810828323945019,0.003008125732925103,0.002460038299370827,0.0011501958206617776,0.0015516151192251357,0.006380450056804466,0.001587868219160932,0.002113884858089447,0.004302821736784561,0.003611041264851214
CRS,0.00304227544109306,0.004349055147752633,0.00499479834768321,0.004821164586353805,0.004509594572860498,0.0054996489712110675,0.012294949205709298,0.0034943955460533804,0.004265024979161814,0.015252765005840467,0.00507087811015133,0.004431972960069943,0.002308313667813951,0.006014166502387577,0.017876746529218036,0.005763226012966997,0.0068184782475377605,0.006140824431708748,0.011048683302473859,0.003680748065346864,0.014866412758966706,0.0071342744389349,0.0026746805703027833,0.005801736825802976,0.002995921456472901,0.004006919701751725,0.011421898717163278,0.01181197338457149,0.011280920502164723,0.008546364453467317,0.00407066811375629,0.0017721463566930354,0.0019138651600011701,0.000802659236796006,0.007345059548562748,0.005202973568536637,0.001384012930168526,0.000650850750027628,0.009145850064986636,0.005806594655500871,0.013011134615774158,0.005593663067918777,0.004182843291647934,0.002383772711612101,0.0031428857801092105,0.019704874293820278,0.005069432075228936,0.003949956725889281,0.010922967709850505,0.007623317024033207
CSIQ,0.0013194479049238419,0.0018315311913482592,0.003671995319603873,0.0035284379190221255,0.007005714059317043,0.004059212632764653,0.00734301318708737,0.005803139878065859,0.0031450738036410313,0.00507087811015133,0.007361020968847785,0.0035886203612376585,0.00026478290587958193,0.003421215052202995,0.010537628192984724,0.0023832335452062398,0.004013533647357881,0.004624607663966935,0.006111731393205112,0.003471064714798138,0.005135913099914459,0.0036825142974538172,-0.0001235285753187206,0.0037256386138343374,0.002073279742055201,0.003821204507423805,0.002952545337876036,0.001893920550858183,0.005460302063346868,0.005950732418850531,0.003087689077300889,-0.00205148419494614,0.002589112271479634,0.0006354001205991434,0.007103505006824364,0.001661232240344352,0.004640244633873507,0.00011835708880426787,0.004940173531902978,0.004322213176059646,0.007160588679451962,0.004355543629349262,0.0034175560609860174,0.0019706210622073704,0.002437929040790943,0.007426000934214635,0.0015084476086528365,0.0012659114019550578,0.004701728686628851,0.004781576304109187
DHS,0.002363015058590749,0.0027508967039363836,0.003053187089633973,0.0028399083316397004,0.005163793767767973,0.0042763410548309145,0.005905455216824531,0.002627692972800688,0.0025401521673800278,0.004431972960069943,0.0035886203612376585,0.003141753456085425,0.00044030992525775556,0.0026624808546808444,0.009261651098721947,0.002249057162943836,0.0033236220782166064,0.003910933943859543,0.0048284937164467644,0.002743154365097758,0.005333790702103617,0.0027540397005422503,0.0003758239691020873,0.0032425615716992267,0.0019056467469667816,0.0025344177471218468,0.0009372240774342081,0.004582596407002111,0.003489912794716132,0.004118653462418918,0.002551585640420919,-0.0006038332891465513,0.0004814325095253088,0.001249107680283627,0.004761752649637099,0.0020045970622075654,0.0021546939857643244,0.0003663015721959874,0.002544889008126147,0.003102736842771142,0.0070247449989896075,0.0035606210623592258,0.003033700318069457,0.0014893451250993415,0.0017442418195879154,0.006397161035031768,0.001706582833531174,0.0026623591368704967,0.00498385789374956,0.004662980896888942
DJP,0.000584324930100366,0.0006625943103541353,0.0006024402171723929,0.0005434452872245108,0.0004831247480582586,0.00022159363022334247,0.001956865834880305,-4.3013746434507164e-05,0.0004961750815699746,0.002308313667813951,0.00026478290587958193,0.00044030992525775556,0.0005323072601405516,0.0010654705972047342,0.0033498064041374872,0.0010823648690982796,0.0012185419999947366,0.0008913787059737871,0.000887872684151208,0.000234366860547362,0.0032598940578901004,0.0012478854129309767,0.00036220680708254805,0.0006395507803051509,0.0006021060406931017,0.00021116524739676285,0.0019824552116253246,0.0037804774210391124,0.0025027650014020166,0.0010942469397495053,0.00047315657701588556,0.0007398156836728375,0.000138050995245603,8.356158107791776e-06,0.0010641331322611754,0.0008120005211083512,0.0008333337471555109,5.571028868910693e-05,0.0011664054416772288,0.0006309460245445885,0.0020621081245599856,0.0007252179022963913,0.000379409379992564,0.00019530466793839276,0.00045069845884407046,0.004254672097014854,0.0008889984474811723,0.00034235089795880643,0.0019842565408385035,0.0013073626872526993
DLB,0.0004971169335519824,0.0030497765290424333,0.0032126769111248434,0.0025613774893436508,0.004514560921923125,0.005137339168063044,0.008570273419627268,0.002382769211693001,0.0025076734394613876,0.006014166502387577,0.003421215052202995,0.0026624808546808444,0.0010654705972047342,0.005489417704999554,0.00722702430953828,0.003653414912920924,0.004844890791937609,0.0037666773755567844,0.0037232174768787236,0.0028575801564850755,0.007165429821383511,0.0038522748293028097,0.00018362850903119125,0.003460242931500211,0.0023853317052049067,0.0019708196526963613,0.002900819311597912,0.015379175910065641,0.00789293604884017,0.004269209278328185,0.0025217899322589853,0.002187212214092474,-0.0010868737994813651,0.000328567645647298,0.004837565988643399,0.003658605614796176,0.0026151405296098284,0.00018458182975632128,0.005101680855596758,0.0029161569175451293,0.006850877048164377,0.0033724211065441247,0.002627993107845182,0.002978308371061642,0.0023686763664344454,0.012313994762903707,0.0016519817138416055,0.0032914426288475655,0.006375265944886557,0.004470242391285517
ECC,0.018738942523379442,0.008543014409903312,0.00912656666112216,0.009410970726525593,0.021668209804058983,0.00014055889543905124,0.029090212856462797,0.004849606288577608,0.007865944372205128,0.017876746529218036,0.010537628192984724,0.009261651098721947,0.0033498064041374872,0.00722702430953828,0.05919880843764715,0.012553397595509644,0.013716666131444682,0.01463830383501182,0.011832983933899527,0.005245679887159832,0.03934817667949644,0.013167313856229115,0.0025239435750371796,0.008950632748304823,0.010896379544501823,0.008577647732176385,0.006861826697148898,0.042912549499321696,0.0223703011814697,0.016104492929933246,0.007416865535286991,-0.0013088244352172057,0.00997473668721233,0.001550233466056691,0.017856736325094737,0.011874725162728549,0.01703206188420273,0.0008933628196795877,0.009305434222564808,0.008118011433725432,0.03015731428731856,0.013163944674642053,0.007843726484673831,0.0011331104355302062,0.005511173057088951,0.03695416091648445,0.006456696955081569,0.0059935584207792564,0.02159699981116961,0.019993902396594924
ERF,0.004235379879312597,0.003741710019859377,0.0026013371442439224,0.002678880886455981,0.003609879768257032,0.003009717963595827,0.006988232936966862,0.00048387155124602645,0.0021590079717339265,0.005763226012966997,0.0023832335452062398,0.002249057162943836,0.0010823648690982796,0.003653414912920924,0.012553397595509644,0.005618854175313731,0.005115200386846923,0.0038941786256251306,0.0030132056374627034,0.0013350202011326053,0.008315358801525794,0.003943275543125966,0.0006506294972565044,0.002258304921180302,0.0028680238213764776,0.0037727010711186846,0.003031793795300386,0.018683016189265975,0.0065019683454280355,0.0036067785950750237,0.001980756964249652,0.0007020148020392675,0.002332093787255174,0.0013014961506190804,0.002401102622986463,0.004547355591435395,0.0017310230564157036,0.0003056845668703292,0.0031621726944184385,0.0018865397682028572,0.008231059060215637,0.004151769439533239,0.002111644466753679,0.00033349000704892257,0.00151863317035578,0.010616892571577016,0.0015890991490442124,0.0043555060453935885,0.0064619484533935696,0.0027648023008245795
FXN,0.00350684418363681,0.004017289611958491,0.0036450270234457327,0.003428232987091922,0.005590519500549909,0.0039814683921250114,0.008110564783253194,0.0019753595259007902,0.002992598425552483,0.0068184782475377605,0.004013533647357881,0.0033236220782166064,0.0012185419999947366,0.004844890791937609,0.013716666131444682,0.005115200386846923,0.0059515448279239165,0.005098427445777211,0.004277552314582914,0.0025725555051142653,0.009525694471360409,0.004721079766157532,0.00041578356555267243,0.003462657333028975,0.0029881032241950408,0.0035739550927501294,0.0036504090138943517,0.015038623752769247,0.008056858912640104,0.0050189536311150175,0.0028970537681932878,0.0004165905866224893,0.0014994592816861324,0.001420636350000181,0.005011182541433471,0.0037041870677897454,0.0035345628581325266,0.00035206231516961365,0.003947067508994152,0.0032919664072700813,0.01002752748666723,0.004926896527877608,0.0031674018318616865,0.0014848963747831107,0.0022865080883590306,0.012810697829486293,0.0024137589124991195,0.00382705327189254,0.007967905723756007,0.005335467489224856
FXZ,0.003563931285453178,0.0038484274040327354,0.003974244943344699,0.003772175468647612,0.006482036551623322,0.005190383656711922,0.0077487694178391,0.002933798493659438,0.003313604888029337,0.006140824431708748,0.004624607663966935,0.003910933943859543,0.0008913787059737871,0.0037666773755567844,0.01463830383501182,0.0038941786256251306,0.005098427445777211,0.0055386036629283715,0.00542251065019243,0.0030248936108018027,0.008621157404816643,0.00427131113023537,0.00034618302414316817,0.003842028832988665,0.0029312000775816014,0.0034475141976952374,0.0023671023245394537,0.009660892337087394,0.006032795948872861,0.0054547238492326415,0.0033227822209183,-0.0005049561172892122,0.0012731293034673277,0.0018448547860918406,0.006505661719186994,0.002570509343543238,0.004451521343249621,0.00037667244954379204,0.0029820528357318685,0.004013441801525133,0.00984597579146007,0.005026748793617402,0.0037361722967736055,0.0010755191721413852,0.0023495337308372115,0.010823910796206176,0.0026366834058711313,0.003124048179438425,0.007239467627192552,0.005887144544162911
GKOS,0.0018140901501675314,0.003613805932906855,0.004833059396016012,0.004728595543565472,0.00503490411181198,0.0082170677810182,0.008982268759555765,0.00536592578905647,0.004173566552280279,0.011048683302473859,0.006111731393205112,0.0048284937164467644,0.000887872684151208,0.0037232174768787236,0.011832983933899527,0.0030132056374627034,0.004277552314582914,0.00542251065019243,0.011941311077893079,0.004515066294817245,0.0069582391762534205,0.0046093958056294265,0.001987386750183557,0.005734590620771617,0.001873501511570429,0.004454415500804167,0.006413381283173709,-0.0003922390250256857,0.004478240313452287,0.007538117568844653,0.00411354763623608,-0.0007337545710100207,0.0013020372261610803,0.001587306916821133,0.007033845258381209,0.0031792091146180808,-0.0003661957550069234,0.0006839075515231699,0.006910503407185655,0.005954727882346239,0.0098024762550471,0.005020331572383624,0.004745956510520151,0.002300735074899243,0.00268352038872504,0.009523023085382377,0.0036290421392473145,0.003914554646860093,0.007000804490338544,0.005783924983114415
GNTX,0.0007694133519306169,0.0020496488344378208,0.0027298682779915485,0.0023214337511020667,0.0047207760626022666,0.004516638642077438,0.00597737543063371,0.0030237072107199025,0.0022160266404771273,0.003680748065346864,0.003471064714798138,0.002743154365097758,0.000234366860547362,0.0028575801564850755,0.005245679887159832,0.0013350202011326053,0.0025725555051142653,0.0030248936108018027,0.004515066294817245,0.00292515772927899,0.0035274664171454397,0.0021076474948633454,0.0002167231770732515,0.0031820866682212533,0.0014637069332509383,0.0018260626778798814,0.0002680569359293259,0.0038243065366491587,0.003084103478383458,0.0036454308273688126,0.00225980614443275,8.631213443940723e-06,-0.0006238867817228014,0.000554976129580696,0.0044074212985061615,0.002006069763684148,0.0013353700470932527,0.0002783615829876208,0.0032481683522661113,0.0027879357998493543,0.0050939358681936255,0.0026642862675808434,0.0026972451836965185,0.0024156480470391957,0.0017163990134184007,0.005209585410880398,0.0010407807682460122,0.0023822137721457907,0.0038040000804408867,0.004059667717799666
GOOD,0.011604570215003735,0.004707315966887806,0.005710836527190547,0.005247128198933025,0.014953838533778109,-0.003521411215442468,0.025799350413987922,0.0020662986482317736,0.004750900129058668,0.014866412758966706,0.005135913099914459,0.005333790702103617,0.0032598940578901004,0.007165429821383511,0.03934817667949644,0.008315358801525794,0.009525694471360409,0.008621157404816643,0.0069582391762534205,0.0035274664171454397,0.03335886146199878,0.009823599590511831,0.0025140550444573396,0.006645988926592718,0.007952308606099478,0.0027491052800709724,0.006509528680151203,0.04021147270655344,0.021279652172531326,0.011361852977400354,0.0043940130042110165,0.0034734938131092356,0.004169642387273918,-0.0021092156325658896,0.012547066243990282,0.011028413646431832,0.01164799503614981,0.0004991331477240936,0.010524650163488681,0.004526069924626519,0.020031569298420492,0.007085552179880833,0.004178921610234928,0.003893076387961071,0.00418058655232347,0.03328771739176316,0.004229066890884598,0.003349053939028672,0.016406474167130508,0.016416660039026275
HAIL,0.0027800424514714535,0.0027613037127188706,0.0030856241831495614,0.002929102579074324,0.004671283431280569,0.002588436746528292,0.008061923480385248,0.00217802642723383,0.0025877247232628194,0.0071342744389349,0.0036825142974538172,0.0027540397005422503,0.0012478854129309767,0.0038522748293028097,0.013167313856229115,0.003943275543125966,0.004721079766157532,0.00427131113023537,0.0046093958056294265,0.0021076474948633454,0.009823599590511831,0.00440171709397541,0.0007637358079472951,0.0031416095508206656,0.0025856327135513647,0.002579456955089682,0.0047625474888274635,0.011610300706793822,0.007732758310901389,0.005027685919984987,0.0024962416729838047,0.0006547338311807499,0.0016235194301626424,0.0005608082049470752,0.005266172909215506,0.0031584730391036654,0.0037003768209963495,0.00023934854897120794,0.004454596919341542,0.0031705546260336944,0.008368893179775086,0.003876437369497065,0.002531386852612788,0.0012183271631374247,0.0020574174490066745,0.012550093684080329,0.002473373302041705,0.0021319385128626693,0.006785213768264136,0.00507245635044566
IG,0.0009986795005201851,0.0003976902922633572,0.00035916653512170136,0.0004604084621291596,-3.632826184621074e-05,-0.00025758091449918415,0.0017041713723037666,-0.00012444866859251876,0.0003540887593442522,0.0026746805703027833,-0.0001235285753187206,0.0003758239691020873,0.00036220680708254805,0.00018362850903119125,0.0025239435750371796,0.0006506294972565044,0.00041578356555267243,0.00034618302414316817,0.001987386750183557,0.0002167231770732515,0.0025140550444573396,0.0007637358079472951,0.0009057875855226535,0.0006995300988655734,0.00022240521678358458,0.0004078876222948955,0.001911855980108453,0.000776920443009189,0.0009693893508129882,0.0010031687378612715,0.0002675884321609043,0.0003223597686683936,0.0005635257026912703,-0.00015580100225086536,0.00010826232914742644,0.00119081451128877,-0.0012561772068260925,0.0001835554759349848,0.0014534923018937691,0.0004432625185966414,0.0016364772735521702,0.00037353671910614854,0.0003023609854089126,0.00022942391553663975,0.00011989834669266658,0.002025746726755244,0.0006963400207105057,0.0006976495100492456,0.0013077951561619003,0.000970196443109709
LBRDA,0.0017880676909718411,0.0026395392320744545,0.0032929310669309944,0.0028923269732759604,0.0054326240692837684,0.004648926819056851,0.008135772687087508,0.0030621479161328765,0.002703644542727184,0.005801736825802976,0.0037256386138343374,0.0032425615716992267,0.0006395507803051509,0.003460242931500211,0.008950632748304823,0.002258304921180302,0.003462657333028975,0.003842028832988665,0.005734590620771617,0.0031820866682212533,0.006645988926592718,0.0031416095508206656,0.0006995300988655734,0.003854631099579127,0.0021023504532378503,0.0021857799287091314,0.0016853326053167174,0.007116687833528305,0.004888081969315347,0.004772521509843791,0.002710830730686138,0.00047621049175965494,-0.00022183480834036878,0.0005343080428783212,0.005381924810935971,0.0030331950576098503,0.001831995205976948,0.00036607246123449114,0.004340246078240333,0.0033565606540978126,0.007055837044881325,0.0033512659502145715,0.0031116310864757616,0.002527227011146188,0.0020689928574501143,0.008530111730259925,0.0017496537197929211,0.002853922043100512,0.0054605618497528315,0.005311794526442165
NIQ,0.00334780289146942,0.002028900055455008,0.002041340960333708,0.0018199053077795919,0.005155728597455207,0.0016583552180883547,0.008131446067662388,0.0011708746036918315,0.0016435735020268924,0.002995921456472901,0.002073279742055201,0.0019056467469667816,0.0006021060406931017,0.0023853317052049067,0.010896379544501823,0.0028680238213764776,0.0029881032241950408,0.0029312000775816014,0.001873501511570429,0.0014637069332509383,0.007952308606099478,0.0025856327135513647,0.00022240521678358458,0.0021023504532378503,0.0028045950357886793,0.0015751664050852965,-0.0004043234049991117,0.015825956442744354,0.005225401539904189,0.0031945773422842965,0.0016091965173618639,0.0010288416551211361,0.0007575545260914715,-5.6925837887388434e-05,0.003948632872551167,0.0037582933626658485,0.003733074142307766,9.988848397456668e-05,0.002616979731872949,0.0014114416221422074,0.005499381796880437,0.00255166309887905,0.0016529007397090322,0.0011319464073120174,0.00142367390749362,0.008634138947536887,0.0005795896605072741,0.002163191597642564,0.004291843273765807,0.0038022304309517246
NOAH,0.0032253579500274073,0.0029417131765483015,0.002486360588893678,0.0028042215531575592,0.00338561018463407,0.0037466416726380865,0.003431830685116027,0.0021777807558287605,0.002178734571179396,0.004006919701751725,0.003821204507423805,0.0025344177471218468,0.00021116524739676285,0.0019708196526963613,0.008577647732176385,0.0037727010711186846,0.0035739550927501294,0.0034475141976952374,0.004454415500804167,0.0018260626778798814,0.0027491052800709724,0.002579456955089682,0.0004078876222948955,0.0021857799287091314,0.0015751664050852965,0.004558795120844881,0.0019076451308930285,0.005074441294636884,0.0021068609649372554,0.0033222518847070537,0.002010369722271707,-0.001984852562517735,0.003133709938827238,0.0019145775230267569,0.0019849610117930907,0.0024119291865591233,3.424453629825413e-05,0.00036884276620302624,0.0021125525971936315,0.0023774071991114823,0.006570611995246873,0.003989681296868152,0.002503737169737984,2.9397462380353776e-05,0.0011437951559894533,0.0033488994260021613,0.0011187388004536463,0.0037332555906215664,0.00400878396084392,0.0015682586822791276
PASG,-0.0014988242647833061,0.000840510534997296,0.0017219915505874033,0.002094993826345779,-0.00332332372741262,0.0007123882630778616,0.0006157489368518222,0.0017389706256362336,0.001688765671987871,0.011421898717163278,0.002952545337876036,0.0009372240774342081,0.0019824552116253246,0.002900819311597912,0.006861826697148898,0.003031793795300386,0.0036504090138943517,0.0023671023245394537,0.006413381283173709,0.0002680569359293259,0.006509528680151203,0.0047625474888274635,0.001911855980108453,0.0016853326053167174,-0.0004043234049991117,0.0019076451308930285,0.015276784531324,-0.006198286413791179,0.007285275989339531,0.0043576739624318125,0.0014848985727767003,0.00032376610763842044,0.00309093650041643,0.0005673780077323289,0.002635026629980207,-0.0007730769862732751,0.00018174333353078117,0.00013704616674308797,0.005519741037127312,0.003690733163614829,0.00542589471669812,0.0022888160386506573,0.0009281142489880615,-0.0009348113329023482,0.0012293019262404055,0.011939470031287513,0.004752943420202668,-0.0012893540433762643,0.005337262355800223,0.0014799279974068331
PFX,0.014569049488763221,0.010541688245098107,0.006906886076425178,0.005025125708164779,0.0191411270418717,0.009365958353331367,0.04651864175690054,-0.001275261357355138,0.004896471543832977,0.01181197338457149,0.001893920550858183,0.004582596407002111,0.0037804774210391124,0.015379175910065641,0.042912549499321696,0.018683016189265975,0.015038623752769247,0.009660892337087394,-0.0003922390250256857,0.0038243065366491587,0.04021147270655344,0.011610300706793822,0.000776920443009189,0.007116687833528305,0.015825956442744354,0.005074441294636884,-0.006198286413791179,0.1302437294499298,0.0309230994539561,0.010024816457987725,0.004686094204904353,0.01584817480024825,-0.0015713374144094817,-0.0034779946217679053,0.011218919169554819,0.027503460418814206,0.014297753938185158,-0.00015430796831207623,0.015339278752194681,0.0004932039249390416,0.01927329916036681,0.008563924274203381,0.0035986847004507074,0.006986722839902026,0.0061445466002716794,0.050447038954548516,-0.001582987392775788,0.01570834715342451,0.01917817836664474,0.010458877485091236
PRPL,0.004330821935436309,0.003141609934919921,0.004401552197370752,0.003682364538702011,0.009558769093503844,-0.00019872324213682756,0.018279394334483445,0.003077544794818165,0.0035431110502603265,0.011280920502164723,0.005460302063346868,0.003489912794716132,0.0025027650014020166,0.00789293604884017,0.0223703011814697,0.0065019683454280355,0.008056858912640104,0.006032795948872861,0.004478240313452287,0.003084103478383458,0.021279652172531326,0.007732758310901389,0.0009693893508129882,0.004888081969315347,0.005225401539904189,0.0021068609649372554,0.007285275989339531,0.0309230994539561,0.018046239358452724,0.008305554169945868,0.0033319617644705906,0.003667572287413397,0.0018128616021851071,-0.00188783898717605,0.00941785787845721,0.007453142075508486,0.008836818875372703,6.74739971123072e-05,0.009882974887084058,0.003833967200323884,0.012864479923641649,0.005057534593162026,0.0028878205557951,0.00413759622235407,0.003715862248115838,0.026442554131524423,0.002890608666997992,0.0021541054313628854,0.01172549271785861,0.010248070589807893
PSN,0.0032899691384829528,0.0029163183690959073,0.004276058998493798,0.004004127988351454,0.007670548106395514,0.003911132142134346,0.011505138077106247,0.004511418260066576,0.003615669847454912,0.008546364453467317,0.005950732418850531,0.004118653462418918,0.0010942469397495053,0.004269209278328185,0.016104492929933246,0.0036067785950750237,0.0050189536311150175,0.0054547238492326415,0.007538117568844653,0.0036454308273688126,0.011361852977400354,0.005027685919984987,0.0010031687378612715,0.004772521509843791,0.0031945773422842965,0.0033222518847070537,0.0043576739624318125,0.010024816457987725,0.008305554169945868,0.007171713817538985,0.0035323207006450405,-2.012749822731687e-05,0.0019030284386772922,0.0002923916327125767,0.008031181828312303,0.003978557907297911,0.004592879900977597,0.0003392907791695431,0.006381670625941919,0.004626548058197086,0.010083572000083961,0.004795929587786503,0.003790898804614362,0.0024573816098249074,0.0028062552668844305,0.013492830793579623,0.002647435855583328,0.0024113622734822007,0.007606321660029135,0.00729402359780303
QRFT,0.001332484943238351,0.0023018114656561165,0.002614672974514596,0.002384340024202878,0.0038388199548697764,0.004337598148406479,0.005005355184779821,0.002351389802681006,0.002163493426973073,0.00407066811375629,0.003087689077300889,0.002551585640420919,0.00047315657701588556,0.0025217899322589853,0.007416865535286991,0.001980756964249652,0.0028970537681932878,0.0033227822209183,0.00411354763623608,0.00225980614443275,0.0043940130042110165,0.0024962416729838047,0.0002675884321609043,0.002710830730686138,0.0016091965173618639,0.002010369722271707,0.0014848985727767003,0.004686094204904353,0.0033319617644705906,0.0035323207006450405,0.0022065347088121553,-6.517889669557493e-05,0.00010550505528723628,0.001063554733698224,0.00430116630308222,0.0015304881956609072,0.0021781237266497106,0.00024136125041742404,0.002380746002478413,0.0027887935039918607,0.005557358118610434,0.0029379236186308313,0.00249447509825882,0.0011273233948827807,0.0015819894731512161,0.006304531467464287,0.0016207011057130076,0.0020249411325193294,0.004166495189961554,0.0035211106328431395
SAVA,-0.0016596364674159039,0.00032587717524152693,3.255948404329157e-05,-0.0006142438873972663,-0.0009310729068119709,0.0022755066208880047,0.005007631926598773,-0.0010953371609377848,-0.00019809102955120893,0.0017721463566930354,-0.00205148419494614,-0.0006038332891465513,0.0007398156836728375,0.002187212214092474,-0.0013088244352172057,0.0007020148020392675,0.0004165905866224893,-0.0005049561172892122,-0.0007337545710100207,8.631213443940723e-06,0.0034734938131092356,0.0006547338311807499,0.0003223597686683936,0.00047621049175965494,0.0010288416551211361,-0.001984852562517735,0.00032376610763842044,0.01584817480024825,0.003667572287413397,-2.012749822731687e-05,-6.517889669557493e-05,0.004798401938577145,-0.003547468070856991,-0.0013688242424160593,0.0006905460868696601,0.0026921803552265996,0.0004363863039778946,-0.0001751274560903989,0.0024315116018936785,-0.0004572537481555371,-0.0012303977592621371,-0.0011009804209244278,-0.0005744421842898194,0.0014853150992915833,0.0005792697575634242,0.007202681200468845,-5.2606033849426765e-05,0.0007865481410065802,0.000987962825181011,2.765639845266681e-05
SIFY,0.004523723130133083,-1.750609844299909e-05,0.0002204391349714008,0.001120526281916366,0.0021181244713281105,-0.00504133526846059,0.0006793091078388678,0.000755449135617485,0.00048349409289948824,0.0019138651600011701,0.002589112271479634,0.0004814325095253088,0.000138050995245603,-0.0010868737994813651,0.00997473668721233,0.002332093787255174,0.0014994592816861324,0.0012731293034673277,0.0013020372261610803,-0.0006238867817228014,0.004169642387273918,0.0016235194301626424,0.0005635257026912703,-0.00022183480834036878,0.0007575545260914715,0.003133709938827238,0.00309093650041643,-0.0015713374144094817,0.0018128616021851071,0.0019030284386772922,0.00010550505528723628,-0.003547468070856991,0.006438424345371054,0.00014887123554085935,-2.6646257737473686e-05,0.0010117204509743584,0.00119268829341664,0.00010337738930445701,0.0008873143824666997,0.0003093375742810727,0.004054545952286672,0.0020379842077641245,0.0001626555863809829,-0.0016797985933435554,-0.00016724270436123276,0.0006051494129797937,0.0003490754897632335,-0.00021028272587979085,0.0015652815808377238,0.0008957597218688666
SSNT,0.0005912911088636122,0.0022246493569711818,0.00114058279800655,0.0013137297843327904,-0.0005588679519861135,0.00439615673329716,-0.003000399911321112,-8.884741789458056e-06,0.0009800824977934325,0.000802659236796006,0.0006354001205991434,0.001249107680283627,8.356158107791776e-06,0.000328567645647298,0.001550233466056691,0.0013014961506190804,0.001420636350000181,0.0018448547860918406,0.001587306916821133,0.000554976129580696,-0.0021092156325658896,0.0005608082049470752,-0.00015580100225086536,0.0005343080428783212,-5.6925837887388434e-05,0.0019145775230267569,0.0005673780077323289,-0.0034779946217679053,-0.00188783898717605,0.0002923916327125767,0.001063554733698224,-0.0013688242424160593,0.00014887123554085935,0.002728783328973751,0.0001692798312030644,-0.001384116144128176,-0.0005662933282211055,0.00026127591606797364,-0.0021614811647876647,0.0013697845277544508,0.002689114966850614,0.0019935463495254443,0.0014493386469142918,-0.0014492157199194053,0.00021243367310902332,-0.0010176784140763222,0.0013947097833685211,0.0018600047289014485,0.0015252102121222457,-0.0004818967927776111
WTBA,0.00205253815542951,0.0026906845639519898,0.005007173874065973,0.004267033615697201,0.009985915709707568,0.005944986697849323,0.013430263365970398,0.005993257273971199,0.004126823865350006,0.007345059548562748,0.007103505006824364,0.004761752649637099,0.0010641331322611754,0.004837565988643399,0.017856736325094737,0.002401102622986463,0.005011182541433471,0.006505661719186994,0.007033845258381209,0.0044074212985061615,0.012547066243990282,0.005266172909215506,0.00010826232914742644,0.005381924810935971,0.003948632872551167,0.0019849610117930907,0.002635026629980207,0.011218919169554819,0.00941785787845721,0.008031181828312303,0.00430116630308222,0.0006905460868696601,-2.6646257737473686e-05,0.0001692798312030644,0.011979749653576583,0.0027208142135886466,0.009448546592383344,8.369268901722659e-05,0.005883744986938982,0.005665553604500257,0.00982835997385063,0.004888840861411689,0.0043913382769518415,0.002820734996921046,0.003610377132516338,0.01625252152165399,0.002941703925842851,0.0006664152089360672,0.007719002202409002,0.009046259893378207
ADES,0.00495654958624796,0.0025864734730805775,0.002249519952025632,0.0019543438615152097,0.0062856360717851905,0.0011080172948067862,0.013546683410269836,0.0008506848837496264,0.0017666194031486053,0.005202973568536637,0.001661232240344352,0.0020045970622075654,0.0008120005211083512,0.003658605614796176,0.011874725162728549,0.004547355591435395,0.0037041870677897454,0.002570509343543238,0.0031792091146180808,0.002006069763684148,0.011028413646431832,0.0031584730391036654,0.00119081451128877,0.0030331950576098503,0.0037582933626658485,0.0024119291865591233,-0.0007730769862732751,0.027503460418814206,0.007453142075508486,0.003978557907297911,0.0015304881956609072,0.0026921803552265996,0.0010117204509743584,-0.001384116144128176,0.0027208142135886466,0.008313891790433922,0.0007259083166514028,0.0002845875683786471,0.006162950642072136,0.0007412593665653991,0.006645861293411656,0.0026426078611038093,0.0016495345712158594,0.0031384041637467644,0.0016263737809585291,0.01117584887608033,-0.000402319119013522,0.00500044787318565,0.005505353399063231,0.004353279069299236
