,ACWV,ADX,AIRTP,AKTX,AMS,BRF,BRW,CDLX,CM,CWI,ENTA,EPAC,ESNT,EUDG,FAZ,FBZ,FDEV,FDUS,FJNK,FLLA,FNDA,GLPI,GYRO,HAFC,ICL,IGMS,IJR,IMUX,INDI,IPGP,IRBO,JBHT,JRO,KULR,LOGI,MARPS,MOO,MOTI,PDEX,PMD,PRI,PRTG,QMOM,RVPH,SAIL,SCHM,SCPL,SVM,SZNE,TAK,TR,TRMD,TWNKW,TX,UAL,UBER,UMPQ,VFL,VLDR,VUZI,WHLRP,WIX,WLDN,XME,AFTY,AGNCP,ANIK,BSCP,BWA,CHIM,CHSCN,CLR,DYHG,EJAN,ESGU,GSSC,HCI,IKNX,KNX,PFEB,PPT,PSCU,RBNC,SMLV,THFF,TSLA,UDR,VALU,BMRN,CIA,CLOU,GOOGL,LOWC,PRMW,SBFG,ACRX,FITBI,FOF,REAL,TALO
ACWV,6.549803208841672e-05,1.6691214350396038e-05,3.9660059753573776e-05,6.541497090135883e-05,0.0002741855084933658,-2.5399796253070144e-05,4.503883450358627e-05,-0.00015496901620635104,3.1235000849795015e-05,3.865458787745115e-05,-1.110221800335833e-05,-1.1499962958677722e-05,-0.00016164489938750112,4.6557036412582945e-05,0.000546755728344379,8.087874891700921e-05,5.6864639020428244e-05,4.514105929708073e-05,6.938678079171202e-05,-1.3871661199834274e-05,-2.7624195752318806e-05,1.718436830776735e-05,4.539492196005135e-05,-0.0001069113073894424,5.074050835751147e-05,-7.178226241635552e-05,-4.088614789386573e-05,-5.6965907833821295e-05,8.777934721943047e-05,6.263212867028713e-05,3.243932159576774e-05,8.04024798565582e-05,5.437869330887565e-05,-0.0004995725457496741,8.926324476974245e-05,-8.666798922807393e-05,1.450093212169843e-05,1.7695911612267654e-05,0.00014013625865581857,0.00012374574389676198,-2.8600635510968835e-05,0.0003034080656072863,3.624277422009964e-05,9.714245577453182e-05,5.5959053821923884e-05,-1.6246934428241449e-06,0.00015521791959058267,0.00014331081801385688,1.45366534444837e-05,-4.1448189022695215e-05,5.9614630177285336e-05,4.547370297752271e-05,-0.0001300344583227776,-2.2905525614676226e-05,-0.00015094825207344437,-9.075138721369111e-05,-0.00023459169283891122,9.571515925797004e-05,0.0006169347961159649,0.0001530916191590551,0.00018876713627826358,6.818210823000202e-05,-0.00011275679866067143,-5.285276440880193e-05,0.00010758163089452926,0.00011920144719624297,-0.00013028051849404268,9.914405178734703e-05,-1.409084928731188e-05,6.8955228171269e-05,7.600374671279384e-05,-0.0003714748053487638,0.000134171636449355,7.502169562619052e-05,4.962887784378529e-06,-2.2902259269943953e-05,0.00012034248171130917,5.936475333620289e-05,5.9466605500360676e-05,6.00412337783569e-05,4.0671741498023644e-05,8.377769423203799e-07,-0.00014125403818196394,-3.9872675301808715e-05,-1.67770067585019e-05,8.421021167335759e-06,-6.9182688888771646e-06,4.004482362329947e-05,8.246561734313217e-05,-2.220088748705017e-05,3.6634923192883294e-05,-3.534640810725587e-05,2.1058749661253183e-05,-4.278443780651042e-05,-4.908155236768986e-05,-0.00017156826869920496,0.00013747574364763083,2.838322290089024e-05,-0.0001426756212557961,-0.00022894508764483032
ADX,1.6691214350396038e-05,1.4752162200394914e-05,1.3938489894670096e-05,-5.059817784021711e-06,0.0002767485678647101,5.0586223398475926e-05,3.4777311530234755e-06,-8.977675677303225e-05,1.3170274977611293e-05,1.5163001575325338e-05,-2.552393927117445e-06,2.2931891336794183e-05,-5.667898126642704e-05,1.773450356417505e-05,0.00017558723659568968,7.041140767368252e-05,2.398290363542471e-05,-2.1361200801366773e-05,1.7239762343793285e-05,3.7113833232946936e-05,-1.023488821129416e-05,4.7262730031607407e-05,1.2889510881488172e-06,-6.660982952095672e-05,1.0985752535825642e-05,-4.9338246204557766e-05,-2.1568286470282602e-05,7.144890793696332e-06,3.52412063780898e-05,2.2677439059342292e-05,1.0154886312671115e-05,3.5730805367725524e-05,2.180700018943108e-05,-0.00022637663353095442,2.393345828013719e-05,-4.0371222793144363e-07,1.0951101923442218e-05,1.903231763689663e-05,5.0876541293646955e-05,3.487221568128565e-05,-5.7934201200900206e-06,4.2492327739446726e-05,8.593521517844915e-06,6.886089649188438e-05,-3.0944295399385583e-06,-2.5927645691625377e-06,3.618067183894084e-05,8.352673190712925e-05,1.2104490772183143e-05,-2.2093352403973892e-05,2.2277115590414265e-05,0.0002699667749761121,-4.372167211522511e-05,-2.2828999475118166e-05,-9.530362388034389e-05,-2.4252087661612538e-05,-0.00010505324334322458,2.715627877810711e-05,7.640343686687431e-05,0.00015832082637373318,5.3800368671292015e-05,1.4043236039980783e-05,-0.00011519849979818512,-1.4099819298973215e-05,3.3881735220952434e-05,4.4837006111556497e-05,-1.633737622984781e-05,2.8556727529912917e-05,5.0712266135841634e-05,4.957073672121692e-06,2.6735196796770643e-05,-0.00016853066784718038,3.9782616801134656e-05,3.458305311631091e-05,1.0792376655679954e-06,-1.0297119253285584e-05,1.541188765840175e-06,1.1052843178121726e-05,3.090819954841701e-05,1.9899543994871665e-05,4.191614573007124e-05,4.364814489734237e-07,-5.960049734485154e-05,-2.2958253425852785e-05,-2.7274883524992876e-05,9.702461695881762e-06,-1.402098972800445e-05,-0.00013728713885592975,8.41873124654643e-05,2.4712178644691118e-05,1.2032125307607068e-06,2.9268330605138946e-07,1.2824514440165627e-05,4.155997514724284e-06,-2.1316811333295378e-05,-6.652897280919851e-05,4.983385911784771e-05,6.085190720565834e-06,-1.1389354031060058e-05,-1.3765152521887433e-05
AIRTP,3.9660059753573776e-05,1.3938489894670096e-05,0.0017849763792560666,8.233070505116616e-05,-0.005275284353999607,-0.0002112035177047464,0.00021409309258069484,-0.000566857884076715,0.00015834102063427822,2.5124363969857568e-05,0.0002654317581415921,0.00020812093045050392,-0.00015253831391260158,-5.4528222917007184e-05,0.0009060559741935204,-5.035700790104952e-05,4.023491516302882e-05,0.0004823217149639611,0.00016914834449592876,-0.00010156429604446048,8.778726593046468e-05,1.2278673029744549e-05,9.85260855621278e-05,0.0004990367356225915,0.00020791461169523007,-0.0008525194401917517,0.00010030473423898445,-0.002282712061039481,0.00023744738124939,-6.729432118380642e-05,-3.8116828688143936e-05,-0.00030690788579046114,0.00010821645494341745,0.00214802821894008,-7.876762465441844e-05,0.0007226073125599511,3.798635452039699e-05,9.51392321012142e-06,6.0460351166761035e-05,0.0003346480561741801,0.000106323528350386,8.075540511853332e-05,6.217842097126722e-05,0.0004051184138478896,-0.00037154954976310883,7.006864650653852e-05,-0.0003691532050163152,0.0002907085339888453,7.520054813754466e-05,0.00024725818656869613,-4.301706109807233e-06,0.0019765441783038814,0.00024334814501948958,0.0002557905235233702,-0.0005528224628969121,-0.00037969013615522866,-1.963758288796015e-05,0.0002161721771392274,-0.0020806577316302977,0.0006029700326480529,0.00037193420113386914,-8.045039986448281e-05,-0.0006598912295638577,0.0001680756610509695,0.00013782755238466647,0.000315160042387401,0.00016087164306057396,0.00023338916835341107,0.0002547678253389119,0.00023945916675889372,0.00017145957197143639,0.0002965491740000439,0.00026166920316527905,9.724436965146155e-05,5.53243573802219e-07,9.256507688238434e-05,0.0004514715596123064,-0.004823106636995303,-0.00021496591187431468,0.0001090140194803344,-9.10173238584671e-05,0.0001818690611489622,-0.0004142030515479798,0.00011608289388690038,0.0006152398023100404,-0.0001894606888523884,0.00044589325341009,0.00105811188861256,0.00019296282278521396,0.0005737139107779683,-9.69288471522817e-06,-0.0001618891195855525,8.090566504713066e-08,0.0003495454756224452,0.00024151972941386166,-0.0002631387869031679,7.141012413783877e-05,6.1953252558546e-05,-0.0008676236663548596,0.00030694499589138717
AKTX,6.541497090135883e-05,-5.059817784021711e-06,8.233070505116616e-05,0.0016122898002030486,-0.0005314207244036004,-0.00051422804193558,0.00018390472455883443,6.658629664288177e-05,0.00011154274890344678,5.2769575529348716e-05,0.0001523736499643169,0.0004942526737493973,-0.00035950895410061576,-2.776181586643605e-05,0.0005941822629587503,-1.3064824651350674e-05,6.59983347663786e-05,0.0003699950254921161,0.0001284250078747799,-0.0003286172177646505,0.00012274294537881222,-0.00015300876477722294,0.00046404899591701547,-6.546344144570107e-05,-5.4664498890362036e-05,-0.00010603871266007259,8.245964273415281e-05,-0.0015793721737307792,5.324837242933668e-05,9.389183598044009e-06,4.197983085140426e-05,0.000267959391716857,8.924346620307506e-05,-0.0050251561009508556,0.00013298061595771156,-0.00016505037089886986,6.348893128197528e-05,8.580643967821576e-05,0.0009409184758285925,0.000984274342841953,-0.00023772319145365367,0.00016988960235010371,-4.3066370979254664e-05,0.00024094007205274616,-7.099848479663995e-05,8.369946159296025e-05,0.00013839868305682765,-0.0002677759314610005,7.05005049854982e-05,0.000358351273863084,8.385700140834681e-05,-0.0010147631467489347,-0.00021538792218089368,0.00013705296630103894,9.548604921924167e-05,0.00012210368521057223,-0.000173010712808049,9.665463883268529e-05,0.0027523573444490864,-0.0005217661275466627,0.00042746417291185303,-0.00040478003021663603,-7.419817000277226e-05,0.00011218806544928368,2.673202860180261e-05,0.0002591259402057374,-0.00012378794679227277,0.00012890092854969825,-0.00014992874614054387,0.00022306616343773203,4.598316470335195e-05,-8.94829349619386e-05,0.00013976326149574335,6.804221254247682e-05,-6.8559817794749426e-06,0.00011168943641798967,0.00029804189253744784,0.001100773373873481,-1.4230238754118639e-05,4.927164008021615e-05,-5.141905541109103e-05,2.204517427555406e-05,0.00019324338767347772,9.54986536554522e-05,0.00021265412893065917,-0.0003215799163266222,0.0003791381258740211,5.867433865602194e-05,-0.0006485148228566895,-0.0003362303758006512,-2.2543363070905837e-05,-0.000244682962780896,2.5231034685379443e-05,-0.0005594890565412132,2.2886735595297684e-06,-6.931312337710231e-05,0.0002970427627436693,-5.5880790700466027e-05,-0.0004923790966125213,0.0004769928675584924
AMS,0.0002741855084933658,0.0002767485678647101,-0.005275284353999607,-0.0005314207244036004,0.03423868886396879,0.0012844726057109949,-0.0004744800913509166,-0.00024448980460221967,-0.00029049417859594855,0.00013595823055839046,-0.0012748271759901327,-0.00042776906581477284,-0.0010834986664440792,0.0005566968727162189,0.0011816199318836656,0.0010769579417278193,0.00043161849270450484,-0.0020804739107945667,-6.308484903873519e-07,0.0009740546193580431,-0.0005749812653883528,0.0012170196847828482,0.000986425151040811,-0.0027107094854903185,0.00045058324509179566,-0.0004581796711341474,-0.000886560114950309,0.008136067239688944,0.00019334223356660333,0.0011958175944578285,0.00026058736890206363,0.001148094180780247,4.2869115401908596e-05,-0.004880811049461644,0.0011094806221305232,-0.00190805566130417,3.220782427247445e-05,0.0003997721217760929,0.0013003242896613245,-0.0007272871863205337,0.0001117631776473148,-0.0026178483301166604,0.00020624970647432672,0.001964264360087402,0.00024063434397369,-0.00019170527294567314,0.0015092645160157106,-0.0008358184182095664,0.00034281218362283743,-0.0014345711933176765,0.001158238761560489,0.006511392443199352,0.0011467591915904265,-0.0006938070893101457,-0.000704794965528561,-0.00022067502886861153,-0.0016446577771614096,-0.00010321233939477757,0.007769037882370308,0.0030498889488130444,0.0006317289761969955,0.0009936307082456174,-0.002158091520633144,-0.0008319807310252001,0.0001704927904646814,2.603085684090299e-05,-0.0019432028379434648,-1.986416619404751e-05,-0.0005239626476296554,-0.00048017459572209507,2.4220760312109402e-05,-0.004111313673377485,-9.310971766300408e-06,0.00034448988222476434,5.941689744988108e-06,-0.0006453648534838216,-0.00019458283911822846,0.019321510566653585,0.000672074370214746,8.682060363321595e-05,0.001479695942854648,-0.00045126301792329624,-0.0016013230899683485,-0.001108634505588693,-0.0021252638935615417,0.00044445026520646,-0.0012706556933793868,-0.007547830740062769,0.0032760295313004227,-0.0018314880803328491,-0.00010864204176267961,0.0004913957206170403,0.00027192058813993713,-0.0008056456173475009,-0.0004174955082369107,0.0008989958364217198,0.0008557303745944844,-0.0007278785161954383,0.002143409846853346,-0.005855016149377296
BRF,-2.5399796253070144e-05,5.0586223398475926e-05,-0.0002112035177047464,-0.00051422804193558,0.0012844726057109949,0.0005056608598428969,-0.00012162807822485069,-0.00027526909784115236,-2.0416781141161363e-05,2.825559661902001e-05,-2.8862283064958303e-05,-5.9046424533835823e-05,0.00015897555611696758,7.710964475105391e-05,-0.0002484180860719307,0.0003208235721797281,3.179002073489182e-05,-0.0003323200242293527,-8.987950027450158e-05,0.0003476457429168725,-3.829180407138394e-05,0.00021996544714901988,-0.0002870304407310495,-0.0001969448510798491,-2.2877648683184853e-05,-2.9851338636576987e-05,-6.621051957850731e-05,0.0006206950995027373,-9.585823692062566e-06,1.9995809452689173e-05,9.738324968419931e-07,7.87774574320636e-05,-3.356557463949411e-05,0.0005196479588891476,-1.707275907538759e-05,7.470131294580359e-05,1.2501606179916238e-05,5.123340350487112e-05,-0.0002497736959610198,-0.0003051439639527692,4.664487870172992e-05,-0.0002140487846552893,-7.969506792353595e-06,-2.824010795699984e-05,5.628435803625324e-05,-3.551261869056731e-05,1.1815089653676282e-05,0.0004394576712503635,-1.1800487518231553e-05,-0.00017899370761321058,-6.303801323286384e-05,0.000830143833964777,-0.0002026464204903092,-0.00020156101192867422,-0.00015099657832976117,5.935003976867983e-05,-0.00016660871603773494,-5.618694601203499e-05,-0.0008697133503149802,0.0005227437669916328,-0.00014724287381209856,0.00014199235118077323,-0.0003783961873418877,1.3094452515832355e-05,-4.924063554834947e-06,-6.937157428117108e-05,0.00015682376640015368,-7.22557644183355e-05,0.00036147614747708876,-0.0002062749755218801,-4.589330299334846e-05,-0.00031930645330896013,-6.75700097114674e-05,5.080546308767179e-05,2.0995705336413894e-06,-4.714679559312568e-05,-0.0003750846469297845,0.00040272740740574523,5.13547622865426e-05,-1.175588722289481e-05,0.00012263893807820214,-4.6274114590392355e-05,-6.938331955879965e-05,-6.807341459209756e-05,-0.00022148836796804573,0.00018130696281040776,-0.00020764194323680935,-0.0007052216525175359,0.0003723990301274358,0.00025434587979170927,-3.1911802701823535e-05,0.00013560365084183435,3.242812649763252e-05,5.299802745463052e-05,-0.00014593492269668177,-0.00011240986040976839,-4.317889420070852e-05,1.5164173853510117e-05,0.0004412473635082044,0.0002647688074044701
BRW,4.503883450358627e-05,3.4777311530234755e-06,0.00021409309258069484,0.00018390472455883443,-0.0004744800913509166,-0.00012162807822485069,0.00010087380304439241,-0.00018178549141577567,3.537467011019422e-05,1.6506434088961768e-05,2.4359452066942096e-05,-2.5952245492528173e-05,-0.00019777634026660337,3.94018803470962e-06,0.0004688491130096428,-2.252750226835154e-05,3.022412013907154e-05,0.00019015852125289426,7.977892954579877e-05,-5.433512663584297e-05,4.966627087459257e-07,3.808893912880082e-05,0.00010520585331617581,-6.399034489557729e-06,8.029774259985792e-05,-3.375605204610468e-05,-4.774875721680439e-06,-0.0002980143983161339,8.437910187408997e-05,8.514762250402891e-06,1.0868850839664618e-05,3.3135249384238073e-05,6.254629476919071e-05,-0.001170270420475893,2.717406269154743e-05,-4.561577555202747e-05,1.1593318947623679e-05,2.0669809764520864e-05,0.0001282590581069304,0.0001838474014981867,-3.011789342463081e-05,0.0001312073427211246,1.793963290853215e-05,0.00021436067870028133,-2.9806187228968417e-06,7.259619026341084e-06,6.6136096374654e-05,-5.4940964836952296e-05,2.633687530185963e-05,1.332698978890128e-05,6.908928900241785e-05,0.0003094181168644911,2.0040324580791197e-05,0.0001501298702644903,-0.00011829136553638654,-0.00014492931804312346,-9.964041680672488e-05,9.542326503928564e-05,0.0002336711402991445,0.00010350837255568377,0.0002503894968146989,-1.4457538310440922e-05,-9.616032804032497e-05,-1.8328498249890204e-05,6.34747393714994e-05,0.00010926780780806992,-0.00010068480956060879,0.00010653866719286776,-5.879948311750293e-05,7.522032608406009e-05,7.937509942136108e-05,-0.00016948953707041341,0.00011962275637406291,5.728374466688329e-05,1.4339852903062754e-06,-6.504523851832457e-06,0.0002143793988745632,-0.0004040105929707891,1.577918081269003e-05,5.573858500074796e-05,2.0110468530224247e-05,3.359720754207078e-05,-0.00014280271732940275,5.373886630004074e-06,6.165710040009032e-05,-4.128030873887306e-05,8.384259890431929e-05,0.00032966439279100786,1.2389155059842678e-05,-1.2757277659407107e-05,-4.913735523506061e-06,-5.705452072073891e-05,8.43686655104532e-06,-3.533557947827721e-05,7.031290772057872e-05,-0.00011641486083692152,0.0001404241637963161,2.291381709262751e-05,-0.0002690471135992711,-2.0817730284446218e-05
CDLX,-0.00015496901620635104,-8.977675677303225e-05,-0.000566857884076715,6.658629664288177e-05,-0.00024448980460221967,-0.00027526909784115236,-0.00018178549141577567,0.0010897098276845417,-0.00011549622960288605,-0.00012636714545253557,-4.864562245825778e-05,0.00014474510579548213,0.00043612382996580795,-0.00016871210465883402,-0.0014636690839756306,-0.00043274713733748116,-0.00018900917155011165,-0.000165855174800972,-0.00017108223009804644,-0.00028421919081277123,4.910100815961779e-05,-0.0003811661663365738,2.6449677280513083e-05,0.0002546358343802158,-0.00030327721601341605,0.0004654060617749162,0.00011253128805690575,0.0004956114484863227,-0.00031490330244461693,-0.00011574278784949108,-5.265124748383965e-05,-0.00022366173799917753,-0.00015789470806374268,0.002173047448006782,-0.00014411618218050835,-2.968922504472886e-05,-5.830992058500493e-05,-0.0001423676037398982,-0.00017225668036048412,-0.00024581144374942297,1.1738812950527261e-05,-0.00022852711703429492,-8.832168926719929e-05,-0.0006858046274150826,-7.462838636253632e-05,5.152174553819987e-06,-0.00027273657160253965,-0.0006043566568280425,-8.104563120192652e-05,0.00019745056409052483,-0.00014370942280940088,-0.002230209050472459,0.0002617534043202548,-0.0001422180604742874,0.0006633685963470769,0.0004412227156161595,0.0006620661116689514,-0.0002853204806701128,3.323012017098111e-05,-0.0011288758527288035,-0.0007049461526185229,-0.0002489612330754822,0.001060404839299392,2.079502815882781e-05,-0.0002664659435179111,-0.0003304526033248926,0.0001845233922152465,-0.0003012378707342673,-0.00034387732209200403,-1.1361305721010562e-05,-0.00020923528894737262,0.001082609685169552,-0.0003735198910300031,-0.000293794417751946,-1.1560002948145477e-05,8.018538084670875e-05,-0.00025534392447709725,0.0008527184844527686,-7.467546483058262e-05,-0.00019851811320429879,-0.00020472867107805285,-4.429068813419223e-05,0.0007025366038312297,8.267387242618438e-05,5.569748250740922e-06,-0.00011555842746487272,-4.077243838509028e-05,-0.00015933628538581708,-0.0006651117139553244,-0.00035883579637951735,2.159710164466956e-05,4.66536906258684e-05,-8.535168754458691e-05,0.00010829238162225922,3.053226888402129e-05,0.0006146482189596415,-0.0004378919406015565,-8.653508287917344e-05,0.00037200802583276394,1.4488734359659802e-05
CM,3.1235000849795015e-05,1.3170274977611293e-05,0.00015834102063427822,0.00011154274890344678,-0.00029049417859594855,-2.0416781141161363e-05,3.537467011019422e-05,-0.00011549622960288605,3.433153067656927e-05,2.3499253066673184e-05,3.033794399093246e-05,6.302115767659274e-05,-9.498571817755879e-05,1.4432089193577102e-05,0.00033108754630081826,5.772164382347599e-05,3.2901264300819094e-05,5.184882440363575e-05,4.5089764256673695e-05,-1.037902656195869e-05,1.1029741793307586e-06,1.5387897742275403e-05,3.791136520515845e-05,-3.1911678279346385e-05,1.933905309286247e-05,-9.787545227466956e-05,-8.664584664525324e-06,-0.00026932297904490294,5.940233222054849e-05,2.120080382355617e-05,1.3631299547403648e-05,3.1127991504465786e-05,3.891222580301639e-05,-0.0003654571043554317,3.703934785215022e-05,2.233245685879409e-05,1.739111449135279e-05,1.8268287554500182e-05,0.00011609838620167967,0.00013020549105771862,-1.883023595223465e-05,0.0001394724403004931,1.413096665807231e-05,8.123150802467091e-05,-1.8658369161388477e-05,7.180830430927378e-06,4.0336394680946076e-05,0.00010660808721462499,1.6827532277267174e-05,2.023022923680255e-05,2.5276169302321823e-05,0.0001766161099309325,-7.213192141497935e-05,-5.36028100794711e-06,-0.00012869032624790273,-4.764062782855133e-05,-0.00013305435825193958,5.9385891794413626e-05,0.00017453874707693066,0.000131283495314554,0.00011966489539310605,-1.0888526284676048e-05,-0.00012567403792896305,-5.775753306169994e-07,5.873307776353877e-05,9.520811281168411e-05,-2.7372460567328275e-05,6.281212275943098e-05,3.883897681347808e-05,5.217501353386116e-05,4.923069820246863e-05,-0.00017197977706547783,8.152787938896206e-05,4.8498396852225515e-05,1.4754240811355222e-06,3.971987723107221e-06,7.124408118028654e-05,-0.0003046677134763198,1.6053332272610448e-05,3.526874664111566e-05,2.18070612357945e-05,1.4924195537763234e-05,-7.072409027266622e-05,-8.222082520869807e-06,3.587666251191615e-05,-2.8057201073407164e-05,4.215336198048305e-05,1.409132908820283e-05,2.4169087838319275e-05,3.644501590906109e-05,1.0156642447592401e-05,-3.1269174453918185e-05,1.3414930910052347e-05,-6.897683741506913e-06,-1.3192699495716172e-05,-0.000105332634942111,7.870293175124286e-05,1.5523759792272623e-05,-0.00012788369418118012,9.172308263783426e-06
CWI,3.865458787745115e-05,1.5163001575325338e-05,2.5124363969857568e-05,5.2769575529348716e-05,0.00013595823055839046,2.825559661902001e-05,1.6506434088961768e-05,-0.00012636714545253557,2.3499253066673184e-05,3.282812157663689e-05,9.628618798442962e-06,1.196907403932289e-05,-6.001359693418534e-05,4.168571693395446e-05,0.00029608488118404127,9.53209208485087e-05,4.177070416833418e-05,-1.990492564633608e-06,3.072907173640574e-05,2.0864245073728593e-05,-1.097070673300276e-05,1.1271831429321906e-05,-4.050209757243737e-06,-7.187170047315674e-05,2.2194630205407348e-05,-7.055492302087772e-05,-2.205629460118213e-05,-9.129587226752714e-05,4.7779246331887e-05,3.903152700990529e-05,2.0730281834436946e-05,6.580120646426278e-05,2.382894475320024e-05,-0.00029863201972128055,6.1660276675069e-05,-3.504166612771143e-05,1.2752313451479002e-05,1.7323458103885816e-05,8.153061549610072e-05,7.453259370097422e-05,-2.0019642786470934e-05,0.0001722525628796905,1.8983733455342052e-05,2.3372035883600798e-05,4.4234110910170246e-05,9.294846695129576e-07,9.829141082028645e-05,0.00017165206487380297,4.677775944614075e-06,-2.33974402400255e-05,1.3697822090095743e-05,-3.9057289315789264e-05,-0.00014427133789823846,-5.422967681548076e-05,-9.261217021233086e-05,-3.0107012725557345e-05,-0.0001650010062327689,5.15910736073137e-05,0.00036348056669329934,0.00010233636796703902,0.00010529193612419919,4.83389384691111e-05,-0.00012385659854784645,-8.475191949000744e-06,6.48421151666569e-05,7.2502146009656e-05,-5.203606097955802e-05,5.1022304363162224e-05,4.2888619106006316e-05,2.290463870881777e-05,3.2185763288461676e-05,-0.00024173125233052124,7.377536089999578e-05,5.2880926825623093e-05,3.1938123619950952e-06,-8.431611532381808e-06,2.4542920087180432e-05,0.00011264295479636164,2.1281847360944603e-05,3.400959977407404e-05,2.0342755851178873e-05,-6.498476969947767e-06,-7.333600390263603e-05,-2.08831978821615e-05,-1.1589532447600123e-05,1.228278087350516e-05,-5.3877577276222016e-06,-2.2535966688179263e-05,4.421544291522492e-05,2.377102567830892e-05,2.1230206243392615e-05,-1.4996480140914976e-05,1.723863238890044e-05,-5.840071260125577e-05,-6.328969626246425e-05,-0.00012085428526457092,7.639041812540403e-05,1.7341114329112233e-05,-4.297637029478475e-05,-6.94324866141072e-05
ENTA,-1.110221800335833e-05,-2.552393927117445e-06,0.0002654317581415921,0.0001523736499643169,-0.0012748271759901327,-2.8862283064958303e-05,2.4359452066942096e-05,-4.864562245825778e-05,3.033794399093246e-05,9.628618798442962e-06,0.00015610008976975988,3.918101530451279e-05,0.00011617974310482493,-1.3222458853562588e-05,-2.997247964778883e-05,-2.768108253848959e-05,-1.76009545894569e-05,8.692547115000458e-05,-1.3634242073152976e-06,-6.311308569339657e-06,2.4368002985110776e-05,-6.309662404874212e-05,-7.537568016255509e-06,7.617136808002546e-05,-4.5926066910422834e-05,0.0001553352402967282,5.052258431006309e-05,-0.0001874088876652584,-2.0503132629953708e-05,-4.169560950610187e-05,-1.8125996239524256e-05,-6.571754945335035e-05,-4.923242615828193e-06,-0.0005653997271361255,1.4472183110247744e-05,6.926465630523924e-06,1.6901025481883198e-05,-1.9245415633721853e-05,-0.00012482551549545674,-7.455262826157921e-06,-9.642153801412207e-06,-7.179956875840403e-05,-2.7146055830192195e-05,-0.0001756186984272389,-4.397457269169424e-05,-3.0107847316121336e-06,-1.3927407886313425e-05,0.00012999179781239843,-2.622725983486777e-05,6.48380359367318e-05,-6.703986464929423e-05,-0.0005903958301429546,-0.00010662258608830321,-9.321224119293598e-06,-7.276153905693272e-05,-2.1030709300978697e-05,1.758078625769487e-05,8.180921080271131e-06,-0.0008960292373097662,-3.418765199171338e-05,0.00010819360185200618,-8.741419245911016e-05,4.411443766418188e-05,0.0001164147288638478,-8.11792301920502e-06,6.506428213539362e-05,5.539165962556532e-05,-1.5637454127257191e-06,-1.4496187590839133e-05,8.802933792504427e-06,-4.990625793038793e-06,4.394127114636625e-05,-1.6267619888063283e-05,1.1167212286664108e-05,-3.2655557502299914e-06,3.485212675326016e-05,3.466704984611546e-05,-0.00024400427279914824,-0.00016237663683760562,-1.4029833965014202e-05,-3.363753051723671e-05,2.938397482640803e-05,7.553995861505361e-05,3.555542480833012e-05,6.0928357758739236e-05,-0.00012169171867876019,8.997297311213902e-05,0.00037434554855708446,-0.00023948116480702704,0.00011714051323808064,-2.6809182000170472e-05,5.6589021405483414e-05,-8.515290082546982e-06,2.3636465778515765e-05,2.9607844647992444e-05,0.00010137132408392485,-4.707408591601562e-05,7.268152347344963e-06,-1.5234935966104724e-05,0.00025180986902472536
EPAC,-1.1499962958677722e-05,2.2931891336794183e-05,0.00020812093045050392,0.0004942526737493973,-0.00042776906581477284,-5.9046424533835823e-05,-2.5952245492528173e-05,0.00014474510579548213,6.302115767659274e-05,1.196907403932289e-05,3.918101530451279e-05,0.0005073432445305245,-0.00010686465463132655,-4.679122529190972e-05,0.00013987080759938803,0.00012440297257659044,3.019894717029403e-05,-5.5545553419892105e-05,2.4376062370679224e-05,-8.600513527751676e-05,6.69407077008627e-05,-2.6002872759662954e-05,0.00012991363529973283,-1.9224696016507637e-05,-0.0001164656469547,-0.0004167758378922829,2.355195518940074e-05,-0.0010352911956182948,3.6724037112068026e-05,7.986378024993837e-06,1.5864969758732866e-05,4.975268606782818e-05,3.984267865399859e-05,3.833376520200347e-05,-9.468462042197171e-06,0.00028501731905101964,4.445829645208324e-05,5.319450857146071e-05,0.0005134765531446232,0.0004388588235512955,-5.4030082662350485e-05,7.51181762816375e-05,-1.4984867464744792e-05,0.0001191319498036407,-0.0002142297424095855,5.2658784081948514e-05,-0.00016150257229306043,6.047626378553173e-05,6.275409653922733e-05,0.00022767565979517001,1.1397224699190203e-05,0.0005241696251072415,-4.3881058321939125e-05,-0.00014220694826709871,-9.96765696214983e-05,0.00019914618650948655,-0.0001059195594206913,-5.149002062699798e-06,0.0008654793233745658,6.127118845624008e-05,-0.00012342176782162347,-0.00024380010492391858,-0.00021525231330436295,3.183209604324293e-05,7.976650816042164e-06,0.00011381344549177696,0.0001650582149730238,8.140958319613064e-06,0.00021304680897217087,0.000111866288994912,1.863806160386353e-05,7.481323735582598e-05,2.9899749625822685e-05,8.079732667759553e-06,-4.315294365838684e-06,7.692639080965279e-05,-9.029535765319287e-05,-0.0006809501447173049,9.531013878975694e-05,9.784061455529359e-07,1.9374429358601476e-05,1.5337941778700217e-05,0.00014676545820255926,1.910359671604559e-05,0.000133606187863248,-0.000114660078366478,0.00013542759715584314,-0.0007949130658819504,-7.213531954692332e-05,-1.1534422154351625e-06,1.0442143844290658e-05,-0.00012621422509728893,2.133521573250593e-05,-8.426396616989919e-06,-6.641643089704904e-05,-9.11417826427688e-05,3.787945805101169e-05,-3.369236370529853e-05,-0.00014283544428838403,0.0003704960650982344
ESNT,-0.00016164489938750112,-5.667898126642704e-05,-0.00015253831391260158,-0.00035950895410061576,-0.0010834986664440792,0.00015897555611696758,-0.00019777634026660337,0.00043612382996580795,-9.498571817755879e-05,-6.001359693418534e-05,0.00011617974310482493,-0.00010686465463132655,0.0008523660619572352,-2.562242284374202e-05,-0.0017774479442119204,-0.0001560027958868017,-0.00014376426535219242,-0.00027306519036832805,-0.0002589999793064468,7.908358536966374e-05,7.046568273020407e-05,-0.00027832200930212467,-0.00031850380893476106,0.000410093835632721,-0.00014580708084063732,0.00014610152457446415,0.0001438285055823562,0.000246182635505333,-0.0003230509070189712,-0.00012351517683556175,-8.629449535462318e-05,-0.0002664399869721644,-0.00026359347231552985,0.00357984360906801,-0.00011531037359577116,0.0002028431502419095,-5.954117709866448e-05,-0.00011665254945766916,-0.0006921783719588406,-0.0006332346467041676,0.00012973832993373255,-0.0007323357237958785,-7.570797236870435e-05,-0.0008371699842199502,1.8273710227899105e-05,2.1121713447072582e-06,-0.00030409633246708886,9.586327397908962e-05,-0.00012794779706756012,6.134747091666723e-05,-0.00033455904032419695,-0.0018614237257646405,1.7818439427666602e-05,-0.00024326661591463699,0.0005527013062750268,0.0003195835128836951,0.0006365981519712192,-0.00029916193804769946,-0.001888979620533413,-0.0007303866130686797,-0.0005820337354021151,4.537240103911126e-05,0.00034644664673618103,0.00027468374513118366,-0.000273080040542889,-0.00037365085435650286,0.00033106424904410874,-0.00033902606055429257,3.997729820502517e-05,-0.00024790322582801986,-0.0003207662888520112,0.001077071342944859,-0.00042676334221222615,-0.00021998931779894474,-7.772372519121516e-06,8.010842282984134e-05,-0.0004653886623806918,0.0006800199944014195,-0.00040795878388192924,-0.00019818963923214794,-0.0002649208944590262,-5.668679647634775e-05,0.00043655657086211355,0.0001242220054859409,9.091123635738687e-05,6.6992159120270266e-06,-1.7625945944586694e-05,0.00030384935338093386,-0.0003749762472960143,0.00019421206616699693,-3.105800476526391e-05,0.00018031453333856097,-6.47444106433198e-05,-2.7410360523244244e-05,-7.220408948153087e-05,0.0005613984240732883,-0.0005460040106892309,-8.16497157422272e-05,0.0006610859001427634,0.0002429636471390991
EUDG,4.6557036412582945e-05,1.773450356417505e-05,-5.4528222917007184e-05,-2.776181586643605e-05,0.0005566968727162189,7.710964475105391e-05,3.94018803470962e-06,-0.00016871210465883402,1.4432089193577102e-05,4.168571693395446e-05,-1.3222458853562588e-05,-4.679122529190972e-05,-2.562242284374202e-05,7.091015686301949e-05,0.00026847878127599437,0.0001304157265859066,5.3237765039570816e-05,-4.8347090174976315e-05,1.934250324878791e-05,5.6840044661258705e-05,-2.0459524097067562e-05,1.6148312035969365e-05,-3.9346278862505596e-05,-8.615969640440682e-05,4.9860269049982516e-05,-0.00011612508106695468,-3.3943449941070706e-05,1.603854991043827e-05,4.451512363846214e-05,6.024998435912432e-05,2.4919477909193972e-05,8.514220000808094e-05,6.535145416643471e-06,1.198800693900095e-05,8.359860630740209e-05,-5.4346163401364214e-05,6.231183159287552e-06,1.8514601622233198e-05,4.417887821327391e-05,1.3132224480414572e-05,-6.5125906447338055e-06,0.00015349488063779045,2.974515671168511e-05,5.427339152268167e-06,9.08766925663294e-05,-1.2365846836496283e-06,0.0001337139477428531,0.00023084309139895226,-1.3290005124215959e-06,-6.7187487761931e-05,6.455196823444963e-06,-6.318511216337859e-05,-0.00017105971659087585,-8.626117065743837e-05,-6.804274734876402e-05,-3.472705991610339e-05,-0.000183119436910023,4.7117602739540844e-05,0.000481061916223617,0.00011316732768036796,0.00010074941887750624,0.0001234769580369716,-0.00018392858724774498,-9.815773124816933e-06,7.070583625043151e-05,4.985298486948144e-05,-7.928925007527831e-05,4.439765190588252e-05,5.8382262926054814e-05,-6.0496883282515805e-06,1.4842776677646049e-05,-0.00028224862380935565,7.003028361956392e-05,5.793955489628913e-05,4.993533575162262e-06,-2.0637696180095938e-05,-4.543105875996799e-06,0.00041555028704732026,1.1927014690970836e-05,3.581141778748975e-05,1.6087941465091718e-05,-2.315448948629645e-05,-0.0001171250583634898,-3.09901880247398e-05,-3.246804937979419e-05,5.546016561410431e-05,-3.7008532483598876e-05,-4.246312108750323e-05,0.00011552578978367329,3.177222202666584e-05,2.961804409075709e-05,-5.725376928757649e-06,2.1357540733636882e-05,-0.00010401342899188446,-9.945183350279653e-05,-0.00013394825794329804,7.299805589108953e-05,1.2804694713532284e-05,1.9532737758673748e-05,-0.00019167002824268232
FAZ,0.000546755728344379,0.00017558723659568968,0.0009060559741935204,0.0005941822629587503,0.0011816199318836656,-0.0002484180860719307,0.0004688491130096428,-0.0014636690839756306,0.00033108754630081826,0.00029608488118404127,-2.997247964778883e-05,0.00013987080759938803,-0.0017774479442119204,0.00026847878127599437,0.005312042250829009,0.0006519451234993454,0.00047253688136320677,0.000577188708850461,0.0007065883893393912,-0.00012443932380334935,-0.00024632679461322954,0.0003941525706264012,0.0005614087515167757,-0.0010092485867465263,0.0003909934567822909,-0.0005109087612931028,-0.00037513740651232803,-0.0006628530047494707,0.0008985778791897351,0.0004736060504000087,0.00026290371667811127,0.0005912500738695383,0.0006355555982745675,-0.005970088848942767,0.0006455636557721697,-0.000572102790061622,0.00017775335841353605,0.00019881939015311954,0.001348101640393533,0.0012903541660114145,-0.0002616475876242208,0.002586028894043633,0.00028754854454693266,0.0013277114884383337,0.00015270695724894316,-3.0701475386339305e-05,0.0011510766711306081,0.0010116173621686302,0.00020948532870705553,-0.0002740598520679806,0.0006651010669795425,0.0024159190111230733,-0.0008187140284529194,4.6371785907805624e-05,-0.0018123931999578819,-0.0009634262132487091,-0.002134330355460269,0.0009233464850756746,0.0038666295804026495,0.0020383061812056956,0.0017955396392244916,0.00027435646717352,-0.0010579049545490526,-0.000534354610225468,0.0009708564789436465,0.0012330855006589198,-0.0010172521692808655,0.0009729547223027927,-5.50568533835189e-05,0.0007202896119625302,0.0008525213583215013,-0.0034256936286020715,0.0012742734508014316,0.0007087063495969731,3.511200830110412e-05,-0.000200748176183045,0.0012426354782770917,-0.0016914200361047211,0.000666018401050502,0.0005660773656838902,0.0005605646781135442,0.00012675534698600166,-0.0013093546653534416,-0.00038133860986279546,-0.00014509789031124168,-8.107583372323687e-05,2.246194943743434e-05,6.424968873020251e-05,0.0008516122701831343,-8.919291506163287e-05,0.00023626542183471954,-0.00030311030910880256,0.0001885220370825799,9.922883991896102e-05,-0.00015904652506964467,-0.0015452354822887947,0.0013221984430377507,0.00028513887507319744,-0.0015974264882756871,-0.0014606138202727865
FBZ,8.087874891700921e-05,7.041140767368252e-05,-5.035700790104952e-05,-1.3064824651350674e-05,0.0010769579417278193,0.0003208235721797281,-2.252750226835154e-05,-0.00043274713733748116,5.772164382347599e-05,9.53209208485087e-05,-2.768108253848959e-05,0.00012440297257659044,-0.0001560027958868017,0.0001304157265859066,0.0006519451234993454,0.0004477466710797905,0.00013372708223479044,-0.00018755142823711452,3.8751856745646306e-05,0.00021343691649322594,-2.8576749708823944e-05,0.00017471474341917802,-0.0001248182451454646,-0.0003035602978458594,3.173734106100822e-05,-0.00034515017991559025,-9.387930596122665e-05,-0.00021766667431211048,0.00013383544326124025,0.00010694344072691397,6.058048676694766e-05,0.000254254830504707,5.995209747532342e-05,-0.000630364163334766,0.00011713433149068198,3.406411366841304e-05,4.583678147744378e-05,9.927360966976907e-05,0.0002697430459031595,0.00018689818058815675,-4.824139949186123e-05,0.00036180464842710137,4.233483174155204e-05,0.00017301969543098667,9.919055578342154e-05,1.8709199668280018e-06,0.0002003439067444656,0.0006062768827493842,3.453616035963666e-05,-0.00010010157679162199,2.5869829599962727e-05,0.0007419167295494039,-0.00044699495803430806,-0.0002348891095658037,-0.00029887512520012364,1.5167006276555438e-05,-0.0005202089635460536,9.802788539514772e-05,0.0009989039520872413,0.0005411986998753185,0.00012882082077961366,0.00013748000158721565,-0.000588705797370252,-4.03356322135125e-05,0.00015701413777177259,0.00015010492024622145,-1.053953417107692e-06,9.701412624201722e-05,0.000375385804681283,-2.8676495204811437e-05,6.500920425381762e-05,-0.0007388389092820068,0.00016528522066203486,0.00015932644619123028,8.611533174239318e-06,-3.277104065392268e-05,-0.00016851615313635295,0.0002484476197535799,0.00017222225442345806,8.702211580172973e-05,0.0001278059823993494,-4.18793329284972e-05,-0.0001976261349631841,-8.072406749911918e-05,-0.00011775504302174044,0.00013951887389674773,-0.00010022578494608487,-0.0007116871060565273,0.0003454095254309838,0.00016169505372041562,3.8728508523775165e-05,-3.325824158279547e-05,6.868017101333931e-05,-0.00014877095551822027,-0.00024827351993173707,-0.0004493433931032347,0.00020965712996396792,4.7212927371958056e-05,5.937677979064195e-05,0.0001082193119484942
FDEV,5.6864639020428244e-05,2.398290363542471e-05,4.023491516302882e-05,6.59983347663786e-05,0.00043161849270450484,3.179002073489182e-05,3.022412013907154e-05,-0.00018900917155011165,3.2901264300819094e-05,4.177070416833418e-05,-1.76009545894569e-05,3.019894717029403e-05,-0.00014376426535219242,5.3237765039570816e-05,0.00047253688136320677,0.00013372708223479044,6.428303851734159e-05,5.383132505007345e-07,5.457075630650855e-05,2.533242801526247e-05,-1.696664287137987e-05,4.835568031341413e-05,2.4683340500938576e-05,-0.00010939770100422164,5.360242099353492e-05,-0.00017876551965542552,-4.124320472688032e-05,-0.00017177410291472307,8.632089881772625e-05,6.322825324710845e-05,3.107975282007696e-05,9.692496915621558e-05,4.50621320528783e-05,-0.00034971582429945775,7.685166704147463e-05,-1.9503139759337034e-05,1.73598742874511e-05,3.511996501779307e-05,0.00017391588836434787,0.00013881088438401546,-2.2287032187883203e-05,0.00021814579097101389,3.3910591475385745e-05,0.0001377397256388623,3.7495742205035054e-05,5.652683452547379e-06,0.00011666845973921331,0.000180328222091267,2.4067548522492813e-05,-3.414680354703857e-05,5.008850172433524e-05,0.0003170569945482214,-0.00012849487476492878,-4.397252185440436e-05,-0.00014853593924374808,-5.933833557549224e-05,-0.00023492870616865737,7.959372867440536e-05,0.0006486075150721893,0.00020986071897365307,0.00014807191348473517,6.822209661920645e-05,-0.0002313992344223017,-3.7013589065878696e-05,9.441816964384128e-05,0.0001043395821712984,-8.48991961226823e-05,8.445934345139569e-05,6.945003657027327e-05,4.2984611055911966e-05,5.8616579739312765e-05,-0.0003434927169241176,0.00011861106093177302,7.642885166517687e-05,4.540741910654803e-06,-1.7452446236037117e-05,5.7662543687747266e-05,4.9223857509060015e-05,6.668890876921762e-05,5.629083362125913e-05,4.728470645674497e-05,-5.044045227933679e-06,-0.00014801493801127122,-3.6466691426098796e-05,-9.03575179559197e-06,2.9093812118850115e-05,-3.986351494486063e-06,-0.0001325438075263732,0.00014598837156477455,1.4817848034690087e-05,2.8036946231857978e-05,-4.3957687516906795e-05,2.7240542348599726e-05,-6.763309929263662e-05,-6.865012719355556e-05,-0.00019203249876315596,0.00013195554102253006,1.791632176380742e-05,-0.00010340470453152793,-0.00014661599360452283
