,AFGE,AGMH,AMZA,ASGI,AYI,BGRN,BLU,BMY,BNOV,BPRN,BSMQ,CBTX,CCNEP,CEM,CFMS,CFR,CHD,CNCR,CRBP,DBLV,DBV,EL,ESGN,ESI,FN,FNGD,GBX,GLNG,GSID,GSL,GTH,HAYN,HLIT,INDF,JACK,JCS,JP,JTD,KLXE,KRUS,KSPN,LFC,MANT,MCF,MET,MGIC,MLAB,NMIH,NOK,NQP,NXST,PAYS,PWR,QQEW,RUTH,SCHJ,SOI,SPQQ,ST,SXI,TACE,TOWN,TSLX,UGE,UUP,VDE,VVNT,VWID,WIX,XLP,XOM,YELP,AMEH,ANF,BKR,CDE,CHIL,CMI,CRDF,CWEN,FSBW,GSBD,HYD,KRG,MGTX,NBH,PBA,PEZ,PHT,RMED,SMDY,SPYV,TDACU,TWST,UCO,BWB,CEE,EVG,MSON,ANSS
AFGE,4.423569528713552e-05,2.6241411235590704e-05,-0.00010905050187033515,5.752422549126633e-05,2.4135835315001727e-05,3.225268021139679e-05,0.0008124464753585373,-6.792151693135745e-05,2.1848417761594352e-05,2.492322430063981e-05,3.0179745982754532e-05,0.00013275243296045165,1.3032077561002253e-05,-9.028158567544483e-05,0.00011523166390636213,-1.376494864466493e-05,6.280311659108018e-06,1.7514451949759896e-05,4.990485812242925e-05,1.538360866871741e-05,7.130586191069816e-05,3.0879969325921654e-05,5.999413701041437e-06,-1.6696606589040855e-05,-4.377613494785168e-05,3.068611289700667e-05,-5.509722412441402e-06,-0.0002305197071384648,1.546497192687467e-05,-0.0001421951475272027,-4.6049496325983966e-05,0.00013855148492865528,-0.00013313378050804487,7.244878011362284e-05,-5.2188248609929764e-05,0.00012382003902913687,-7.892466117331078e-06,2.4585032109169215e-05,0.0002402664986839668,0.00021204662097514484,0.00017766383816476567,1.2331054801717258e-05,-3.851278071323613e-06,-9.301033039266297e-06,3.359817232004716e-05,9.983624292482542e-05,-3.1694593299606396e-05,-5.864513097459676e-05,6.633639667373955e-05,3.6275151630683535e-05,4.176321756836029e-05,-0.0010948399788220466,6.077844065598086e-05,1.5814492126870136e-06,8.297072613982397e-05,3.207769002317838e-05,-1.9418007842513947e-05,3.472424455628461e-05,9.633137180982107e-06,-2.5309766727910077e-06,1.9759509958231372e-05,-2.3929884198852008e-05,-3.944712221317989e-06,3.7597968706283814e-06,4.472961451689406e-05,-9.653491754340078e-05,2.5924474322871303e-06,1.8037811189583973e-05,-9.758100118035035e-05,4.564888271909482e-07,-0.00011165050524153995,0.00011496334522041774,-3.3396113808482607e-06,6.549347878566525e-05,-8.332002929160915e-05,-0.00011258561511327125,5.139822705337876e-05,5.517249968741195e-05,-3.718055717624948e-05,3.2400333139919054e-05,6.5958914671576e-05,-3.37180359774325e-05,2.7940974487997837e-05,-3.726604528192138e-05,0.00010373334279697625,2.463662737798255e-06,-5.235975475381097e-05,4.41850159781456e-05,1.80218873054408e-05,0.0006054034858780633,-1.9053541624047274e-05,5.1788582046838056e-06,-0.00022562587743218783,-2.7111104377927344e-05,4.9296515136391196e-05,3.840213063855052e-06,4.605580286268439e-05,4.045008059346421e-05,-6.663977041368562e-05,4.280787412639138e-05
AGMH,2.6241411235590704e-05,0.00016754267810322913,-0.0002747871906611318,-0.00028286699096822805,-0.00019713594763693792,2.480864128141099e-05,-0.0004510020646323478,3.4789560335960305e-05,-1.761577786302515e-05,0.00030244711565657455,3.196816199698411e-06,0.00011304615419427953,-1.896330630973366e-05,-0.00041693453583136164,9.309182337183857e-05,1.4289542694177942e-05,4.392018684996043e-05,9.24540953470104e-05,4.891702239198042e-05,5.5188150336233834e-06,1.7723286812317487e-05,0.00010497108846915653,1.0097447623722175e-05,8.614223555210318e-06,0.00010102285370591459,6.407544603258704e-05,-0.00015691343105743224,-0.00027865729305240485,3.0972756193039814e-05,-0.00016086147486138783,-1.964202579361826e-05,0.0006307770348951516,-0.00015909295244930912,8.308386141391874e-05,-1.0502098761160163e-05,-2.988014107720804e-05,-0.00029257738074400157,6.214497566810971e-06,-0.000476264506605658,5.614820096490202e-05,-0.00026823449508922396,2.985410657676788e-05,7.295755902022929e-05,-0.0006796054595234354,9.003323800606703e-05,-4.973465996740186e-05,0.00021373310706408215,2.0763473381800767e-05,0.00011593932025135475,3.920582252248759e-05,0.00010314219990200129,0.000308488612399704,-5.142482965944599e-05,1.54699110765508e-05,-0.00011079910481166676,8.39102424234895e-06,-8.314079100439968e-05,-6.86833124262348e-06,-6.636431271886765e-05,6.00771456079119e-05,1.2133848167582477e-05,-4.53453896174959e-05,-1.4752370688780783e-05,-0.00010650569518336751,3.287521805358917e-05,-4.033195074098004e-05,-0.00019528479114575502,2.0723826610485885e-05,-0.00015277347901035632,1.584363390282003e-05,-4.488878678532506e-05,4.6151419337825205e-05,8.802684642572647e-05,-1.80533415691712e-06,-5.311711174762801e-07,9.344771489611629e-05,0.00012078583602308769,-6.742065707616101e-05,0.0006290771144398242,0.00010661596337033647,7.030080954195237e-05,-3.700848651561853e-06,9.904917739766375e-07,-5.613308790830882e-05,0.00025787056581508467,1.331354691973125e-05,1.6609927052095432e-06,-4.726438873615576e-05,-1.840421743115649e-05,0.0003719495428264974,5.256931323450214e-06,2.5072425373216732e-05,-0.00020786531844568324,-0.0001431679183482193,5.500854870274457e-05,0.0001454568081237628,-5.2688226072466677e-05,8.382038450504816e-06,0.0002876829059065063,1.916259198220964e-05
AMZA,-0.00010905050187033515,-0.0002747871906611318,0.0005867302846445707,0.0002685928848411085,0.000274153539652621,-0.00010852134994566369,-0.0005896697010978065,4.917698845260352e-05,-1.9603519532785758e-05,-0.0004005693234725233,-6.587722097326794e-05,-0.0003865902843924398,-3.379568240378232e-05,0.0007464253106938966,-0.0003495920612610876,-1.967202625669162e-05,-6.778831935190256e-05,-0.0002051240059798756,-0.00011513792364592388,-3.776028824772166e-05,-0.0001581579481650241,-0.0002780488089610848,-4.2350334019547894e-05,-3.9543192254092865e-05,-6.491358761558205e-05,-0.00017692038517841993,0.00014597843281428583,0.0009229296022570433,-7.654800797764448e-05,0.00028267299079900836,0.00024190207308018237,-0.0009967630346207983,0.0004441490822471165,-0.0003216424971373593,0.00019520776107728442,-0.0002233077804653871,0.0005230129570647734,-4.965217701499758e-05,0.0003175405661629743,-0.00011423096297615636,9.886979657063625e-06,-0.00012562280929753983,-8.931830691874105e-05,0.00099070541915804,-0.0002093054491117026,-0.00010106591883122715,-0.0003080584367254232,3.351808162059475e-05,-0.0003340008619210021,-0.0001546558401987513,-0.00023653053921255312,0.001297150581450439,3.848783278285358e-05,-1.17081992177808e-05,3.9172055537391475e-05,-8.151811956413556e-05,0.00017747380613720662,-6.462008333702608e-05,1.3235003432245928e-05,-9.481377604498263e-05,-6.287948445048955e-05,8.99105122786318e-05,1.7099849157725388e-05,0.00011025116108440744,-0.000137237536224564,0.00020503861064713604,0.00027589651733076674,-7.424892207996182e-05,0.0003661364835278359,-2.1114972013583014e-05,0.00020598150421825598,-0.00015550718156154159,-0.0001388558776185166,-9.83214363141295e-05,3.0195836934165846e-05,8.479799548766009e-05,-0.0002484320159778129,5.680213111665923e-06,-0.0008537798137455023,-0.0001949175116975012,-0.00021743164267016776,7.779561440476328e-05,-6.0411692214162585e-05,0.00011461151029121498,-0.0007168822163620107,-5.0912889441535936e-05,8.05012453116229e-05,-3.641933258630797e-05,-1.6402927494424172e-05,-0.0010489995164680373,1.2431453086852101e-05,-4.864020201923223e-05,0.0009513608492528365,0.0002056988610082748,-0.0001823444685943467,-0.00021607428895249829,7.3305768281652646e-06,-9.208301915440383e-05,-0.00032788078533861056,-0.0001222643191841834
ASGI,5.752422549126633e-05,-0.00028286699096822805,0.0002685928848411085,0.0007641720637474492,0.0004305558259626503,5.154892300949575e-05,0.0028774094355303132,-0.0002302706868198223,0.00010030755264163845,-0.0006269185614894673,8.18852384115955e-05,0.00011317352273955349,0.0001117091529741804,0.00061873037010578,0.00012999997379409302,-4.1874832393556615e-05,-7.897463296218902e-05,-9.925160901032581e-05,-1.0431231495604867e-05,3.241524820800895e-05,0.00016055447324552765,-5.7362320017906106e-05,1.293085215255495e-05,-4.505440223179256e-06,-0.00032456854134158827,-1.7415440616813823e-05,0.0003943777397545493,-0.00016434652297978226,-1.6958692908321116e-05,0.00015061164016760088,-0.00021672700847351779,-0.0010686170382461155,-1.1282351056726196e-05,9.931856886450455e-05,-0.00020662577327876702,0.0004382700066401747,0.0004832689746139885,5.0051787637594515e-05,0.0015479988065425251,0.0001046278224128565,0.0010799082735429896,3.393847733299609e-05,-0.00016722242152863762,0.0013575479832282507,-7.256877627220381e-05,0.00036274601275252646,-0.0004606504048744503,-0.0001574233070583671,-8.03471930003646e-06,5.1601301486983486e-05,-8.357791406900793e-05,-0.0033432955231782503,0.0001932228974176479,-4.069639438249198e-05,0.00041886716493607387,8.127633665535458e-05,9.313951479065661e-05,0.00011966159179007505,0.00022636199674910487,-0.00011559580857375605,3.861433694770626e-05,4.6159098103476294e-05,3.0673568351825167e-05,0.0002629003230851727,6.338603772145651e-05,-0.0001511992723276239,0.0004035759356132195,1.8685774103933154e-05,7.669062155148742e-05,-3.344743110549694e-05,-0.0001494292986851289,9.676783511721734e-05,-0.00016912230857785322,0.0001629508224749133,-0.00010129804112637183,-0.000509773078945863,-0.00012464443052289016,0.00027735489020665216,-0.001360594569591326,-0.0001460075874099558,3.2642986649206804e-05,-9.52854830087448e-05,8.20902355486361e-05,4.712963890528421e-05,-8.236322736082497e-05,7.314963408823963e-06,-0.00013295434720689059,0.00024016890127624544,9.648138004904833e-05,0.0002932604486076473,-4.7516548833177294e-05,-3.3621757208430366e-05,-0.0004357151129904115,0.0002671301400986326,3.5898631237467544e-05,-0.00028486132028086045,0.0002163782354782274,9.930325486651878e-05,-0.0007288263020259939,9.435087037135218e-05
AYI,2.4135835315001727e-05,-0.00019713594763693792,0.000274153539652621,0.0004305558259626503,0.0003696083580173342,-2.2165428730996768e-05,0.0019272088880293826,-0.00016330908086422942,4.240041345488673e-05,-0.0002984987353766156,1.9150238926708657e-05,6.774187566659117e-06,-1.3821248084389629e-05,0.0004887259653991533,-1.8708429956816923e-05,-7.272403255000808e-05,-4.758992212437494e-05,-0.00017764420463823135,5.243141339154188e-05,6.151045278686657e-06,4.848568971972192e-05,-0.00022737299806951266,-3.370971521529042e-05,-0.00011783854374296537,-0.00019647201089711998,-0.00010407964614794977,9.031060813458586e-05,0.0003102605776649375,-3.4370704901792655e-05,-0.00023255839426288453,0.00017345820176973317,-0.0005323405335558602,4.664547218800227e-05,-0.00014815733323199684,8.584122129701613e-05,0.00011961880172144866,0.0005551910732873192,2.413285556383813e-05,0.0010739766654893246,0.0006826901581768734,0.0005134319597380792,-0.00012108797254092701,-9.895435521346384e-05,0.0009868696366419607,-0.000123721766725227,0.00019767781695718143,-0.00043828820839364685,-0.00016086857594983713,-0.00016761310009101024,-6.621271771621954e-05,-0.00012424801162353707,-0.0020469892317980755,0.0002563318791178874,-8.680766594952791e-07,0.000301786629196667,6.488631752717658e-06,0.00013511600756835275,3.1584641784023706e-05,1.1201632371976822e-05,-0.00011103551329653175,-1.0265679729101061e-05,1.1999808457944678e-05,3.872134258164117e-07,0.00010697002567151414,-1.1824274617257646e-05,-9.058158335937207e-05,0.00029061329748537743,-2.8081097010211073e-05,7.03543421356456e-05,-1.9101649498760742e-05,-0.0001504693561411042,0.0002400815511430302,-0.00016117071000463427,0.00010273444375905685,-0.0002755103279379354,-0.0002410663129123089,-9.291797836077716e-05,0.00017432879536348998,-0.0009944372551059513,-9.522636180563695e-05,-2.5051475933367967e-05,-1.5168789732344904e-05,1.7242138731131047e-05,-9.570376551944161e-06,-0.0005022411860420248,-5.798743153133627e-05,-7.912677852350009e-05,8.257364623100272e-05,3.195108620949719e-05,0.0010068142363208342,-5.097194806801779e-05,-3.600417758471758e-05,0.0004207444436648899,0.00010658976351799878,-4.689155653750751e-05,-0.00021017534943856305,0.00015189905061738717,2.27920849087192e-05,-0.0005515715432824965,-6.1372848632232e-06
BGRN,3.225268021139679e-05,2.480864128141099e-05,-0.00010852134994566369,5.154892300949575e-05,-2.2165428730996768e-05,4.0045292380862306e-05,0.0004623596617819241,-3.556351136221067e-05,2.096543514430557e-05,-1.6221639468912304e-05,3.0558817083602846e-05,0.00010725900786378441,3.8242264479494285e-05,-9.59841173669903e-05,0.00010909275723252189,8.197565287912935e-06,3.56654879762511e-06,5.322555605178238e-05,1.0442368290470067e-05,1.4799869661360576e-05,6.367660925330887e-05,8.907154967858672e-05,1.8897788594661067e-05,3.100011008379903e-05,-2.927683218770399e-05,5.3273573374650835e-05,5.192807465212451e-05,-0.00029554804530066743,1.8479764369553116e-05,2.7334449203464247e-05,-0.00014044532028313747,4.1959301888905695e-05,-0.0001040633991099874,0.00012185490056117244,-0.00011039959150652185,0.00013338250366431227,-9.788924049175737e-05,1.8087103392100408e-05,0.00011012563763154306,-8.871696079115724e-05,0.00016850877432514585,5.9224434188891364e-05,-4.010698538788812e-06,-5.962967549932856e-05,4.990997019314431e-05,7.302210453426566e-05,3.547869402385206e-05,-1.4273391544523446e-05,0.00010102362230553319,5.854824217157607e-05,5.2833791206460985e-05,-0.0007027021191377691,-1.090416922203744e-05,-7.771372026066417e-06,3.71740244823966e-05,3.620987693936246e-05,-4.041800271953661e-05,3.739001147594753e-05,5.264142378994843e-05,1.2731892316331548e-05,2.4906012589755805e-05,-9.248068030486392e-06,4.2033357315160525e-06,2.2426475988088373e-05,4.688397219983895e-05,-6.240470725417772e-05,-1.3319014197276498e-05,2.5803517265702178e-05,-7.037648999188171e-05,-2.7192470810777885e-07,-4.9959537539327585e-05,7.88736401592984e-06,1.8395562636282524e-05,4.0892200625684035e-05,2.4040597205377483e-05,-9.827997725546939e-05,3.84547352068253e-05,3.3987413702073993e-05,3.212523161138541e-05,2.2435189574560478e-05,5.830228993402828e-05,-3.724275842101901e-05,2.98710109591391e-05,-9.710270877519202e-06,0.0002292467025124394,2.4176477090604866e-05,-3.4378048212994925e-05,5.188287174362107e-05,2.145691143505268e-05,8.634384357913161e-05,-4.2944561780840005e-06,8.806538294395459e-06,-0.00039302143116334127,3.875706769475154e-06,5.6332768647661425e-05,1.4833147657343831e-05,2.2681273140602484e-05,3.9664175686843916e-05,-5.675820141943876e-06,5.0521872656311544e-05
BLU,0.0008124464753585373,-0.0004510020646323478,-0.0005896697010978065,0.0028774094355303132,0.0019272088880293826,0.0004623596617819241,0.021203916763662956,-0.0017734368056666378,0.0005529554123028474,-0.0010449478701810022,0.0005914803639901008,0.0021740625517797157,0.00022980190530667022,0.0006693279908772609,0.0018236880659613275,-0.0004921047438522699,-0.00011674448487891043,-0.00040015994826082276,0.0009535147426662353,0.00028299925913881927,0.0013869909854094123,-0.0003340677474485889,-1.3225719664053019e-05,-0.0006680863169079935,-0.001571333572326868,0.0001117781059928963,0.0004822906889476519,-0.0026501460343089285,0.000112950364606556,-0.002922607080728109,-0.0002679642481321889,-0.0003591149533853983,-0.0019300169219780329,0.0006905694811257484,-0.0006577124601885024,0.0026345833969706293,0.0020970031631310764,0.0005001502001951902,0.008456125873394213,0.00572586492767317,0.005248030685598738,-0.00019993099243913098,-0.0005092347350247506,0.004128698025254101,5.379021416861364e-05,0.0024774353759908383,-0.0023006380646906264,-0.001572146874730141,0.0004577914569174544,0.0003743184298545893,0.00017247914161519577,-0.02633763009088979,0.0019562697051583085,-4.953196903975655e-06,0.0026073507134653836,0.0005773642119154599,0.0002205831379355892,0.0007299903153891655,0.0003376773664363754,-0.0004961071185088607,0.00029924029828912895,-0.00030288084714881263,-4.024141236154899e-05,0.0005980888748448326,0.0007007474895496012,-0.0019197960483611038,0.0013017120458106396,0.0001981549977000349,-0.0012348667119565114,-8.029713880465945e-05,-0.0023603742477356013,0.002684820152972004,-0.000715758855314426,0.0014836124966597212,-0.002314272416712209,-0.0029221169834527253,0.00040363551590338735,0.0016426974872489335,-0.004883717330479559,8.452854207282104e-05,0.0009672972762383277,-0.000641975118352827,0.0005500544239887181,-0.000584795083421718,-0.0001531488161552443,-0.00015544452084884306,-0.001177552197919846,0.0011318769754940002,0.00045476737279036327,0.013113795311314933,-0.0005039666012464252,-6.448568941451302e-05,-0.0023729894090908244,0.00011667120082846784,0.0006339279681522743,-0.0008474163343403287,0.0013831738507707576,0.0007760499772676276,-0.003411642280404128,0.0007105090138064796
BMY,-6.792151693135745e-05,3.4789560335960305e-05,4.917698845260352e-05,-0.0002302706868198223,-0.00016330908086422942,-3.556351136221067e-05,-0.0017734368056666378,0.0001490084337284731,-4.443017669822862e-05,7.299245700324671e-05,-4.738158032061845e-05,-0.0001806108340566802,-1.2869523105036416e-05,-5.223956702377529e-05,-0.0001482016656417928,4.412032062356565e-05,8.496271793159444e-06,3.921066976698902e-05,-8.531325973765458e-05,-2.286091675341744e-05,-0.00011301154812728342,3.868098445475639e-05,3.779855503305498e-06,6.382658259675167e-05,0.00012851771943923535,-4.502274927379153e-06,-2.5279849288535284e-05,0.00020032403637698241,-8.60806305315751e-06,0.00027204659933496226,1.2460719456817787e-06,3.905154366252574e-06,0.0001621036552637986,-4.5261133407763405e-05,4.0258968581158386e-05,-0.0002090650914393929,-0.00018574613261485227,-4.155961340334868e-05,-0.000703298150186993,-0.0005245487675336793,-0.0004211993893072731,2.5965844914345227e-05,4.034284146489938e-05,-0.00033766133538711126,-1.372277110594058e-06,-0.00020418387592299487,0.0001976602040429775,0.00013554593799559975,-2.997778006302475e-05,-2.5468827841753563e-05,-1.2107790986604464e-05,0.0021952052812535495,-0.00017205416635402858,-1.7207121954279405e-06,-0.00021830921275314428,-4.547264308431761e-05,-2.1691448557405886e-05,-5.7933317989009265e-05,-1.7376368731498806e-05,4.270123011757563e-05,-2.296934160525691e-05,2.7754273375803466e-05,5.081151061023172e-06,-4.3259907674101496e-05,-5.5953419543431494e-05,0.00016161302022468067,-0.00010659055333714005,-1.435112428633763e-05,0.00010590208930446842,6.181673709199414e-06,0.00020292971988132463,-0.00023875728414147888,6.153696579535583e-05,-0.0001242992511074159,0.0002088038961877444,0.00023687142182693597,-3.594526515194501e-05,-0.00013590070076841665,0.00040264216542280906,-9.61573054125967e-06,-7.969140997680948e-05,5.0756089743875234e-05,-4.370986988018306e-05,5.32146252492454e-05,3.771740396528177e-05,1.7069055071117356e-05,9.832225400519009e-05,-8.882321960514298e-05,-3.5617449826734083e-05,-0.0011662812534871413,4.357505902201182e-05,5.794331619620199e-06,0.00015554435845458077,-1.7506334386833936e-06,-4.968231092208336e-05,6.940983141284836e-05,-0.00011565140151858595,-6.24707249798424e-05,0.000284959061965591,-5.5448362100101065e-05
BNOV,2.1848417761594352e-05,-1.761577786302515e-05,-1.9603519532785758e-05,0.00010030755264163845,4.240041345488673e-05,2.096543514430557e-05,0.0005529554123028474,-4.443017669822862e-05,1.928163402489612e-05,-6.26538752003237e-05,2.131134594164098e-05,6.214572398291326e-05,2.3065287796953085e-05,2.2238765575405465e-05,6.108116857348283e-05,-4.73108439904222e-06,-5.936615524253236e-06,6.2950236474065095e-06,1.066811351496349e-05,9.731460076912357e-06,4.4935142232876324e-05,2.1789640584130138e-05,7.053510649270199e-06,4.110283514826744e-06,-4.796716230223687e-05,1.6976494531992527e-05,5.154313006066445e-05,-0.00013155694804903943,5.671639234440502e-06,-4.159055151069007e-06,-6.485570132260004e-05,-7.205543756804854e-05,-5.1152354777398656e-05,5.328089385204382e-05,-5.7570881355759275e-05,9.972496897129426e-05,2.321499138879181e-05,1.4006360841944864e-05,0.00022728829004772664,2.7611531355122957e-05,0.00018295819765333315,2.0254390612925126e-05,-1.8559609223758084e-05,0.00012055221384157371,1.112002229017738e-05,7.285982404572466e-05,-4.3546706303695915e-05,-3.0143795200288825e-05,3.620719277134554e-05,2.6260316763002383e-05,1.2226160077623325e-05,-0.0007108578019826531,2.7951848688447234e-05,-5.726661297497817e-06,6.66085925971201e-05,2.2988202712518084e-05,-4.1097428040912005e-06,2.7635527100397803e-05,3.7548725692766194e-05,-8.991333880333489e-06,1.3645402835367754e-05,-2.0074998021940063e-06,3.4045723339612387e-06,3.2723808621872435e-05,2.612973351012454e-05,-4.830500250401096e-05,3.7904948036515246e-05,1.1540414125003788e-05,-2.7472145349743435e-05,-3.3568251745491618e-06,-4.783660795356495e-05,3.278212894323692e-05,-1.3145164732067633e-05,3.850572678606697e-05,-1.9581766980023435e-05,-9.624123272122256e-05,6.3134040268385825e-06,4.645368319084818e-05,-0.00013614951632911956,-3.2661246725865242e-06,2.9730847827542555e-05,-2.4956119782889295e-05,2.0752279243737394e-05,-4.468828320979427e-06,6.71124200434154e-05,7.137333548622482e-06,-3.1469205211597437e-05,4.5090664691186264e-05,1.8314933108179175e-05,0.0001618367474225494,-9.343131751208403e-06,-2.750194534588395e-07,-0.00018201061332659554,2.2925762291790544e-05,2.6519235101927887e-05,-2.437885190035844e-05,3.5850107464126286e-05,2.7191555325431606e-05,-8.712858956519385e-05,2.9795540624111655e-05
BPRN,2.492322430063981e-05,0.00030244711565657455,-0.0004005693234725233,-0.0006269185614894673,-0.0002984987353766156,-1.6221639468912304e-05,-0.0010449478701810022,7.299245700324671e-05,-6.26538752003237e-05,0.000683387673791221,-3.6014628952728526e-05,0.00011429662358401242,-0.00012544220756687552,-0.0006927890811356746,4.493223420772206e-05,-1.3369128728847138e-05,8.657241111402682e-05,6.177250486726523e-05,0.00013843144723016667,-8.44515354238331e-06,-4.1210144150920266e-05,6.262717599826735e-06,-2.374230274213599e-05,-9.186552586102435e-05,0.00022152169877145652,2.3381394254835717e-05,-0.00046455037265194824,-6.053670504199707e-05,3.229851408155795e-05,-0.0005952282641954756,0.0002849930077918497,0.0013364740869200328,-0.00021558350354696632,-7.007580424724266e-05,0.0002115566049527239,-0.0002557332016624272,-0.00032426391610781725,-3.3033174420850617e-06,-0.0009198682192494763,0.0006535196521991781,-0.0007535101230305211,-8.701490715119783e-05,0.00015134950916246404,-0.0012046165219698262,8.856599765947985e-05,-0.00016188405185222173,0.0002842496358300311,-9.458802913093816e-07,4.459628886673094e-05,-3.3048981896851776e-05,0.0001180446082340759,0.0010310438165592871,1.2364899910800903e-05,5.458433403522293e-05,-0.0002081614466670663,-3.862822831223291e-05,-8.126697523748019e-05,-6.865731257755305e-05,-0.0002646356277365937,8.116966736741325e-05,-1.7086495346021757e-05,-9.8341996143309e-05,-4.6581719907570385e-05,-0.00026938388085200634,-1.617440956225264e-06,-4.266000188994182e-05,-0.00034935066740025226,-4.8261350625001575e-06,-0.0002465163642167005,3.3015300580767905e-05,-0.00010728385810081096,0.00023080653343093277,0.0001201652606250136,-2.5281584837462103e-05,-0.00018388278846611362,0.0003012078842872112,0.00020648926506520594,-0.0001515672802245652,0.0011149438811351455,0.00019599374431519175,7.11421933633934e-05,4.855739129969295e-05,-4.164170314420195e-05,-0.00013721563671926964,2.543594542771869e-05,-3.686039400867154e-05,2.5310423233558707e-05,-0.00017617376404925828,-7.092940038324063e-05,0.0013488209779735265,-4.228115560699494e-06,3.291774151759506e-05,0.00035722935511340063,-0.00033435105390194637,2.2802585431568057e-05,0.0002546802980929279,-0.00010361307367273863,-3.6512531791825316e-05,0.0004969143764018394,-4.173536606992942e-05
BSMQ,3.0179745982754532e-05,3.196816199698411e-06,-6.587722097326794e-05,8.18852384115955e-05,1.9150238926708657e-05,3.0558817083602846e-05,0.0005914803639901008,-4.738158032061845e-05,2.131134594164098e-05,-3.6014628952728526e-05,2.7092215654317518e-05,9.237707961775346e-05,2.806496352357181e-05,-3.568582601334287e-05,8.969801924394743e-05,-1.8591939017987014e-06,-1.0071709018355833e-06,2.486864614065096e-05,1.730208051005847e-05,1.2918923859160237e-05,5.805879071335588e-05,4.8009629973008344e-05,1.1426944733757604e-05,1.051783861885807e-05,-4.332758181014524e-05,3.278021816326533e-05,4.552249491244782e-05,-0.00021170140637408928,1.2006578358902086e-05,-1.4923093660314944e-05,-9.194354249981319e-05,-2.9391093448993787e-06,-8.531060945257872e-05,8.322483609659868e-05,-7.837501872864835e-05,0.00012067643226581491,-2.292975645283169e-05,1.7847757298899954e-05,0.00020039935395073377,1.710733080554818e-05,0.00018689387941040397,3.378794984453304e-05,-1.2147279207471228e-05,4.3445167052365174e-05,2.885625942254115e-05,8.10557687155377e-05,-1.628411998153415e-05,-3.0651586865833296e-05,6.562876311964688e-05,4.0577299468652094e-05,3.176469873167181e-05,-0.000806301942364822,2.0947220729881375e-05,-5.609049753783455e-06,6.241464735421157e-05,3.0289368219648804e-05,-1.9475672456874268e-05,3.3656019680591024e-05,4.0499453197048783e-05,-8.35860046992135e-07,1.9289990340523765e-05,-8.088275477643532e-06,2.718143118324887e-06,2.6335381175600538e-05,3.773301405957105e-05,-6.340033968929827e-05,1.6430434208042856e-05,1.818610738376482e-05,-5.498547129485159e-05,-1.8573809200263919e-06,-6.113965124423646e-05,3.866249334075095e-05,-1.2422131503820351e-06,4.563718155885085e-05,-1.5290292924493063e-05,-0.00010468970197331215,2.4993924439092017e-05,4.593836162651425e-05,-6.889497108053751e-05,1.1164143527484851e-05,4.7031142736659356e-05,-3.1983511159605036e-05,2.6195047516900946e-05,-1.168161111612154e-05,0.00013338458334987463,1.2773066468168734e-05,-3.745165858143533e-05,4.9758631993151694e-05,2.0357206159143896e-05,0.0002134371978170785,-9.592139386718433e-06,3.7525613940200533e-06,-0.0002727184071686145,9.639587476882601e-06,4.1978273733585586e-05,-7.504940187922865e-06,3.4750567791328295e-05,3.510806689304052e-05,-6.000568346625315e-05,4.071182437196606e-05
CBTX,0.00013275243296045165,0.00011304615419427953,-0.0003865902843924398,0.00011317352273955349,6.774187566659117e-06,0.00010725900786378441,0.0021740625517797157,-0.0001806108340566802,6.214572398291326e-05,0.00011429662358401242,9.237707961775346e-05,0.00041130495033664356,4.9828467111505764e-05,-0.000362276910567159,0.0003649929938332908,-2.6447930436537837e-05,2.6502513388680053e-05,9.213172400154652e-05,0.00013911092020896097,4.7446071382146416e-05,0.00021554135391492623,0.00014787629888459008,2.751942706247248e-05,-2.2009674987111088e-05,-0.00010389963291780507,0.00011887405535453591,-1.6477593414881563e-05,-0.0007926050388595941,5.492756627019798e-05,-0.00036862622801605573,-0.00019679498572265885,0.0004948040622030283,-0.00041987011069630345,0.00026449385781988357,-0.00019316570605173688,0.00037471011777222773,-0.0001344723695264348,7.215871523651035e-05,0.0005577919541798535,0.0004851111439008074,0.0004786587362924418,6.990062397010831e-05,3.1622107418497645e-06,-0.00019560864525305298,0.00012948238902313358,0.00027744405162359614,-1.454577455508973e-05,-0.00014858971085255013,0.0002443965382868956,0.00013055467891170448,0.00015397165448037656,-0.0030358092430241308,0.0001334073227567662,2.69504751701661e-06,0.0002031218779902361,0.00010130791621427972,-8.7715134717384e-05,0.00010538445414678793,3.984317195033936e-05,1.3212827870354258e-05,6.529435152459112e-05,-7.357204660026112e-05,-1.0392289170961273e-05,1.152437233508582e-07,0.00014356718185893168,-0.0002817455684994767,-4.105972422716165e-05,6.330636971843412e-05,-0.00031182613684923926,4.216181516733766e-06,-0.00031299353495043623,0.00029774431514056334,2.0124423373566002e-05,0.0001843655479522171,-0.0001923013502162896,-0.0003141993781090271,0.00017327655500566525,0.00014156704319690902,5.501421466108871e-05,0.00011444934098576531,0.0002100723656767389,-0.0001049799045103577,8.601052485635687e-05,-0.00010896852052418726,0.00043797046486748916,2.2419324608139213e-05,-0.00014829862503350487,0.0001286376641924651,5.281289239914898e-05,0.001619546606651941,-4.838777886029284e-05,2.2876197567238037e-05,-0.0008209144356994085,-9.405579825472421e-05,0.00016469254077944155,4.759877173302762e-05,0.00011570592454141079,0.00012392343181396134,-0.00010886806038124968,0.00013806428927725484
CCNEP,1.3032077561002253e-05,-1.896330630973366e-05,-3.379568240378232e-05,0.0001117091529741804,-1.3821248084389629e-05,3.8242264479494285e-05,0.00022980190530667022,-1.2869523105036416e-05,2.3065287796953085e-05,-0.00012544220756687552,2.806496352357181e-05,4.9828467111505764e-05,6.272191834341954e-05,6.998723040586382e-06,7.361917504702641e-05,2.3701661385879747e-05,-9.790717492455351e-06,5.888697748978953e-05,-3.728465773500147e-05,1.1941831015577322e-05,4.829482781791137e-05,0.00010927326953021166,2.664191407864586e-05,6.92483608537052e-05,-3.9033023859080405e-05,5.417358346356193e-05,0.00013777682484893483,-0.00026563817783266575,1.2372407519448704e-05,0.0002155094522977385,-0.00021019872783029203,-0.0002005086192814529,-3.244352137323407e-05,0.0001373741614103292,-0.00015220963490293144,0.00014021455672554253,-0.00010007035276713393,9.577747716489907e-06,0.00010303211215143752,-0.0003639915702432631,0.00021442070035939716,8.968651584958571e-05,-2.166356957341156e-05,6.522941627151319e-05,3.912711483889444e-05,5.638670078588039e-05,4.0762654206418496e-05,2.109624521562373e-05,9.684113893113189e-05,6.487535135475251e-05,3.399744611430315e-05,-0.0003818670391169961,-6.14054751008007e-05,-1.9339604258414226e-05,2.0941495049505338e-05,3.5409323948358155e-05,-3.612270742808404e-05,3.892457495026736e-05,0.00010353874414294366,1.0812941317030617e-05,2.4854633676073927e-05,1.5484367622100387e-05,1.4764563490475007e-05,6.34820855525009e-05,3.764026699710028e-05,-1.8024152556280978e-05,2.1013632263682487e-05,2.592836807100944e-05,-4.218544973318822e-06,-4.7628610275469494e-06,1.9212901998073328e-05,-9.914052497009908e-05,1.5042250171265274e-05,1.6701962318100275e-05,0.00011805975389223669,-0.00010172888294634181,-5.07799622900625e-06,2.9290739475880068e-05,-6.169144704800291e-05,-1.3919114338387345e-05,3.0443452901652877e-05,-3.697550670377918e-05,2.9340722744249662e-05,2.9134443935661475e-05,0.0002626599595463261,3.862335267586986e-05,-1.6478569207121108e-05,6.676548043139165e-05,2.7557048602271703e-05,-0.0004718372105308067,7.84187993441198e-06,5.331883232704512e-06,-0.0004648810341587942,6.607138576795175e-05,4.5403267187354814e-05,-1.1833010909844866e-05,1.3205722279968334e-05,3.425891246029657e-05,-2.117418610913102e-05,4.932141877784169e-05
CEM,-9.028158567544483e-05,-0.00041693453583136164,0.0007464253106938966,0.00061873037010578,0.0004887259653991533,-9.59841173669903e-05,0.0006693279908772609,-5.223956702377529e-05,2.2238765575405465e-05,-0.0006927890811356746,-3.568582601334287e-05,-0.000362276910567159,6.998723040586382e-06,0.0010699660064495394,-0.00031887194352499823,-4.328105836383496e-05,-0.0001063686056531664,-0.00026997364698127217,-0.00012092176101440499,-2.65521329293666e-05,-9.957989863705902e-05,-0.00033458188165597926,-4.239404682693541e-05,-5.338904278490202e-05,-0.00021215972853154842,-0.00020197937572542283,0.00031590809662867457,0.0009339791358456257,-9.017982114053731e-05,0.0003370570973988197,0.0001845642444432667,-0.0015135887077914903,0.00046734250808316575,-0.0003124098240203321,0.00013192352005508232,-5.3378200548058774e-05,0.0007872046337514083,-3.064611974576742e-05,0.0010318291450171755,-2.1544556161271346e-05,0.0004769522726579088,-0.00012926885853813602,-0.00016796657222961555,0.0016588754586139786,-0.0002593602499979656,5.2395426329746167e-05,-0.0005420407474356895,-3.9986414660247456e-05,-0.0003691318300186317,-0.00014828439027127953,-0.00029239362753356087,-0.00011681153625805815,0.00013793436062148703,-2.8349386283235405e-05,0.00023090428048577115,-5.347033736834078e-05,0.00023485604360625405,-1.8509402014950533e-05,0.00010357147731415188,-0.000154551331076615,-5.1970596202958834e-05,0.00011380088049441257,3.0060917240415386e-05,0.00022817752610699546,-0.0001207176223213318,0.00014906068085425282,0.00047330566945822424,-7.326124270350535e-05,0.0004216455625178757,-3.696068367697269e-05,0.00014567839849692464,-0.00010556145271376592,-0.0002261539161022039,-3.1024725139929846e-05,-3.1200329081086463e-05,-0.00013080417952568971,-0.00031836637460939433,0.00012939887474834317,-0.0015164881569493095,-0.0002705654127367924,-0.00021834862833995314,4.3326359223170644e-05,-3.001026508520671e-05,0.0001383725718715115,-0.0008298569595125856,-5.566785471928363e-05,2.600505164650777e-05,6.272149263533634e-05,2.322647016321676e-05,-0.0009047849803028612,-9.836223920892484e-06,-6.745144956633436e-05,0.0008669608628844992,0.0003303359107590776,-0.00018196495051975523,-0.0003569782148313956,0.00010534955585441977,-5.6155742873945484e-05,-0.0006775723484040146,-9.233397150357167e-05
CFMS,0.00011523166390636213,9.309182337183857e-05,-0.0003495920612610876,0.00012999997379409302,-1.8708429956816923e-05,0.00010909275723252189,0.0018236880659613275,-0.0001482016656417928,6.108116857348283e-05,4.493223420772206e-05,8.969801924394743e-05,0.0003649929938332908,7.361917504702641e-05,-0.00031887194352499823,0.0003399473034266736,-6.454973955261384e-06,1.918108868765707e-05,0.00011432432603523838,9.367444333275733e-05,4.4989999858771243e-05,0.00020040493291267528,0.00018826743604430265,3.78279282603453e-05,2.240020865581102e-05,-9.64775830785826e-05,0.00013060241975389688,5.194219111965193e-05,-0.000804423704386907,5.3291369719767105e-05,-0.00018471845953197855,-0.00027731563338402766,0.00033245997802006425,-0.0003657693374493104,0.0002952130488827956,-0.00024083597353374213,0.0003752398078357656,-0.00018787387632266902,6.338284858122526e-05,0.00046308647040835575,0.0001847320374359338,0.0004803349089840907,0.00010889762456517521,-3.726024244239205e-06,-0.00017489841569603965,0.00013267097644026395,0.00024869916616549034,2.9146921085277516e-05,-0.00010463442680714246,0.00025897438889310693,0.00014390808142160431,0.0001503448297462725,-0.002607606824378471,6.719145766235712e-05,-7.528125064279306e-06,0.00016441841907611297,0.00010139547340799653,-9.71492800853481e-05,0.00010537154099803218,8.486851741262575e-05,2.1601520174339663e-05,6.705712349650087e-05,-5.3547437600501985e-05,-1.131081231298754e-06,2.7244885194488675e-05,0.00013832325243987796,-0.00023783702526017318,-3.691187875577766e-05,6.679163532979953e-05,-0.0002632502939376184,1.967663122881767e-06,-0.00024200501788441308,0.0001847109165171665,3.1806228066039734e-05,0.00015608406010849153,-8.628723576356291e-05,-0.0003000262299712635,0.00014504425484290935,0.000123722773926582,6.0801166133719455e-05,9.203510915259547e-05,0.00019028356801596713,-0.00010481841121076125,8.51697580885534e-05,-7.488842074045186e-05,0.0005186920493667841,4.081756197877311e-05,-0.0001272561417911724,0.00013631331508100886,5.612950491316375e-05,0.0010528763041952804,-3.364773816032741e-05,2.330111050583865e-05,-0.0009339360201753471,-4.928651295481679e-05,0.0001613644462269215,4.3202399896625394e-05,9.524271101852065e-05,0.0001187478247512998,-7.49101951881969e-05,0.0001394245706514116
CFR,-1.376494864466493e-05,1.4289542694177942e-05,-1.967202625669162e-05,-4.1874832393556615e-05,-7.272403255000808e-05,8.197565287912935e-06,-0.0004921047438522699,4.412032062356565e-05,-4.73108439904222e-06,-1.3369128728847138e-05,-1.8591939017987014e-06,-2.6447930436537837e-05,2.3701661385879747e-05,-4.328105836383496e-05,-6.454973955261384e-06,2.614491931345869e-05,1.305079347227138e-06,4.653523236486683e-05,-4.1101341962763294e-05,-1.356144352275919e-06,-1.238276518312295e-05,7.069615921220573e-05,1.432153925596168e-05,5.32192432090432e-05,3.0144854295804198e-05,2.834332405987101e-05,4.47693098015512e-05,-7.947802110356585e-05,5.2205353605527015e-06,0.00017565031385717605,-9.876947123109514e-05,-4.685790467735983e-05,2.532366003369922e-05,5.537530101583705e-05,-5.867841691118214e-05,-3.7328956956860247e-06,-0.00012683897906048708,-8.38104084256597e-06,-0.0002109093707125706,-0.0003328903757211588,-5.406850384365471e-05,5.214673989206412e-05,8.038103115471145e-06,-0.00012620626538163381,2.4203506210293808e-05,-4.258188994160373e-05,9.74191528373151e-05,5.4611635013313155e-05,4.375921580199632e-05,2.4840666816881998e-05,1.932550179874771e-05,0.0005459560534662275,-8.721999968832766e-05,-8.43725816856453e-06,-6.795173783827752e-05,2.5383965720766463e-06,-2.968286149643427e-05,-9.007209920235372e-07,3.7852251085075884e-05,2.2974349093142784e-05,5.088333432269775e-06,1.282485451457291e-05,7.434632401683941e-06,8.077926512228508e-06,1.979360184344471e-06,4.0373769512670986e-05,-3.826568389501868e-05,8.95651825362897e-06,2.094396776504822e-05,8.942279984023928e-07,7.056902532149864e-05,-0.00011910105492317694,3.296088929471729e-05,-3.2081142834096554e-05,0.00012159398190001495,3.5067773771765053e-05,-5.202566275031703e-06,-3.4630001261734124e-05,0.0001449997252471256,-1.915124229945349e-06,-6.274490863534975e-06,-1.2427794375629043e-06,-2.5047430977671577e-07,2.6537108357187935e-05,0.0001526712518157738,2.437077724786942e-05,2.3873750831351438e-05,-7.144490068636109e-07,1.176732836313208e-07,-0.0005655102405329383,1.7947896606639522e-05,6.126006461370751e-06,-0.0001813865525754121,1.9922319742923873e-05,9.178042164188667e-06,2.7087864842783746e-05,-3.458583872780121e-05,-3.429036935990802e-06,0.0001018023155506715,6.592052085430609e-06
CHD,6.280311659108018e-06,4.392018684996043e-05,-6.778831935190256e-05,-7.897463296218902e-05,-4.758992212437494e-05,3.56654879762511e-06,-0.00011674448487891043,8.496271793159444e-06,-5.936615524253236e-06,8.657241111402682e-05,-1.0071709018355833e-06,2.6502513388680053e-05,-9.790717492455351e-06,-0.0001063686056531664,1.918108868765707e-05,1.305079347227138e-06,1.1909521165380468e-05,1.843114486213259e-05,1.630054782832585e-05,6.573142325327291e-07,1.6818675254399372e-06,1.7547916945697614e-05,3.8141609349356874e-07,-4.016686122341681e-06,2.7695499309934895e-05,1.1992784293466973e-05,-5.092021578413063e-05,-5.143972823637834e-05,6.976597117671347e-06,-6.104449231731905e-05,1.1998975479670087e-05,0.00017701459246171697,-3.947398999755404e-05,1.0489888455096958e-05,9.263608982037152e-06,-1.6984552167090776e-05,-6.472666424450672e-05,1.2036953156844438e-06,-0.0001230860739972394,4.876779929786457e-05,-8.17464799910654e-05,1.033180375637099e-07,1.9971429605985337e-05,-0.0001753405228336683,1.979926224664255e-05,-1.5305801152062137e-05,4.9313821438745583e-05,2.2981585783283953e-06,2.2002998781684823e-05,4.9849224899993075e-06,2.365870489901809e-05,8.871611325954058e-05,-6.5049435450355526e-06,5.526240064778079e-06,-2.7870320111676386e-05,-2.9566141332554163e-07,-1.8066200229804524e-05,-4.35231153894057e-06,-2.5137577998639463e-05,1.4035709774016362e-05,1.2993827058037202e-06,-1.3078186612058301e-05,-5.004806391725956e-06,-3.188267928041327e-05,5.8655497233636914e-06,-1.035846697589867e-05,-5.0477086650595686e-05,3.320617893094287e-06,-3.961421295125985e-05,4.366265731507091e-06,-1.4927555918268794e-05,2.2061052742223113e-05,2.0640198827224933e-05,-6.31878744273749e-07,-1.167736296782316e-05,2.981113003763427e-05,3.1547112716845977e-05,-1.8269659342857084e-05,0.000161554567788168,2.840020339971373e-05,1.6215426518078258e-05,1.568049512486968e-06,-1.7078435888046632e-06,-1.7175531281525017e-05,4.412021120257955e-05,1.0507061723542513e-07,8.237341658503145e-07,-1.661206387271706e-05,-6.58500911303358e-06,0.0001441090111778111,2.914541745016495e-07,5.905527488876972e-06,-1.6834311612533203e-05,-4.1833690665996756e-05,1.082038791930672e-05,3.738321803946954e-05,-1.3403628233239224e-05,-4.335398356065992e-08,7.235290721512299e-05,1.4189400214074376e-06
