,AVNT,BRX,CNFRL,CO,COGT,DHC,DISCB,ERTH,EUDG,EWQ,EXP,FAMI,FMAY,FXP,GM,KOS,MILN,MLN,MLPB,NUSI,PHT,POST,TECS,TM,TPAY,URGN,UYM,VHT,VNQ,XRLV,CCXI,CNA,DLHC,FANH,HMTV,JHEM,NEXA,ORRF,QTT,SDOW,SPDV,XITK,AQN,BKEPP,EXFO,KINS,KMX,RDI,FLSW,FPAY
AVNT,0.00029730380464293037,0.0004604670134562487,-0.00014815264765702905,0.00011465364184272788,0.00013914475988066293,0.0008178183298829023,0.00014145618048627177,0.00021774597902533217,0.00019118383757922445,0.0002526598593678364,0.0004084294381949217,0.0008312377645897734,0.00012244101055150887,-0.00023497504055774513,0.0002146177146122911,0.0007121480022752953,0.0002826128145804928,-5.432799894797867e-05,0.0003440720772898418,3.6071294582385274e-05,4.060490931854071e-05,0.00012663693353840528,-0.0007828075640530373,0.00012961825898550813,0.00031316782541963167,0.0006789417755951137,0.0004230487092243139,0.00012655972595845589,0.00017537383131828175,0.00018019729708044382,0.00026570775772673163,0.00022514449537937113,0.0002041047358000166,0.0002854460271443252,0.00033256656337256124,0.00017178913668639578,0.0002026318070610914,0.00036201299102080214,-8.054206183296853e-05,-0.000658648044967802,0.00020878160817024006,0.00023698928039026288,0.00018838743662942422,-0.00013675866081268133,0.00044156538531766926,-2.479632177939016e-05,0.00043119773404350114,0.00022724786713642538,0.00012712679482149386,-1.2573249766004292e-05
BRX,0.0004604670134562487,0.0007328626276615538,-0.00012487363011585759,0.0002112989884248218,0.00023039016258666377,0.0012545584762134908,0.0003421931356390317,0.0003653798176831769,0.00032272620876370875,0.0004064921869134016,0.0006133350849763166,0.0012365424563636825,0.00020671220087273767,-0.0003889423561182885,0.0003530082830084959,0.001166095254431602,0.00045054735598205095,-8.426169933684211e-05,0.0005704763228848898,6.791892228159839e-05,5.4381075104305424e-05,0.0002509412603084049,-0.0012517523529150644,0.0001946918258732747,0.0005021894859800014,0.0011085100185506793,0.00073769736379512,0.0002480453571716007,0.0002857159023419006,0.0003000269807135324,0.0004081680704610389,0.00037176544362728446,0.0003629374221251842,0.00040819263081820663,0.0005713837115876237,0.0002816238579031634,0.00021106536559229775,0.0007231277418233454,8.622141452408486e-05,-0.001078893183598907,0.0003465752393734291,0.0004013920625155019,0.000259179179690203,-0.00025172483308287687,0.0006701393750372483,7.265621216556121e-06,0.000598212125945137,0.0004666452871346776,0.00022716047273497062,-2.1094176910538768e-05
CNFRL,-0.00014815264765702905,-0.00012487363011585759,0.000721927904279791,0.0002545418659091956,0.00013274626102831834,-0.00042697266088252087,0.000882010475548379,1.8527072106705447e-05,6.267187347935992e-05,-2.0347316298894642e-05,-0.00027864754007837956,-0.0026462059015281173,4.0290484834038526e-05,-1.6342489103074367e-05,-1.8150794420308515e-05,0.00016850205402534524,-9.497228554474713e-05,2.6687044794987903e-05,-3.592779677943426e-05,3.942496673578574e-05,-4.7356905114322195e-05,0.00017455796394158025,0.00022874234253035254,-8.775941496097744e-05,3.3056947637105888e-06,-0.0003240557105330418,0.000236528455042743,0.00022819494991162644,-3.1645908307068e-06,1.626269194610885e-05,-0.0002251935737915908,-4.68101324130294e-05,-9.389754886317937e-05,-0.0001526180642989374,0.0001429374702872383,1.2347561235910538e-05,-0.00034407061102380136,0.0007738867670378019,0.001310722731779088,-1.1403891866816076e-05,-3.2633343790373567e-06,3.966761810846769e-06,-0.0002988104991711822,-0.00018111082018147396,-0.00023088863578253301,0.0002307735426676688,-0.0007279959007476896,0.0003849583890486458,9.667394434911982e-05,8.222394051755976e-07
CO,0.00011465364184272788,0.0002112989884248218,0.0002545418659091956,0.0003780476990010266,5.3260036592706365e-05,0.00036100539156135416,0.0005436822017637439,9.00735647449019e-05,0.00018446212722512977,0.0002028886296453866,7.166846832381138e-05,-0.004396355769456966,9.138226552860542e-05,-0.00012510874181577948,4.8344920628458406e-05,0.0004262608294170889,0.00010532805460327987,-2.079092436152274e-06,0.0001401931258135335,1.9490541862960106e-05,3.603434731178106e-05,0.00010984064008797282,-0.00035960106361264914,3.08388395114922e-05,0.0002803792327588576,-8.781158822105696e-05,0.0003076683352387468,0.00014929894048885278,0.0001147548595388296,9.364488610612574e-05,2.8706283219229745e-05,-1.559192475044654e-05,-0.00022428032311959736,0.00040207908898256834,0.00024005393695398703,0.00013422743303724652,0.00020160664374953814,0.0007088288602142345,0.0008520362734203576,-0.00038169083250633846,5.095828277503261e-05,7.287933679037508e-05,-3.7542819708343365e-05,-0.00014462824743144333,5.6067700031161934e-05,-7.717738488927197e-05,-0.00012075734221655748,0.0001453529950315916,0.00011519115339256604,1.9205626514600075e-06
COGT,0.00013914475988066293,0.00023039016258666377,0.00013274626102831834,5.3260036592706365e-05,0.0007144875265301861,0.0004281048329743775,0.0009071632484084351,0.00011672113886285621,3.432225089263009e-05,6.0407895993497285e-05,0.0004279461424004542,0.0020089681444171404,8.494266816296582e-05,-0.00015112780206939878,0.00018260600264497704,0.001161583097861801,9.739709844099906e-05,-6.914505282846297e-05,2.2125902891503488e-05,3.0259040549353723e-05,1.5395315710999503e-05,-7.317385468441032e-05,-0.0001953513604962779,0.00011905898501875963,0.00017420014403087062,5.718981020751715e-05,0.00029585292486517624,0.00014161941851899515,8.267542443038552e-05,0.00010341180960207888,-7.021081026963323e-05,0.00018777041262464802,-0.00010045684736026959,8.315908657050452e-05,0.00020702815608013514,6.704664687614418e-05,0.0007357475619709565,3.8014395979215894e-05,-0.00039937991916819387,-0.0004178448002501239,0.00017215282908108098,3.5034327359263724e-05,4.2033068692220134e-05,-0.00021369283097599545,0.0007011566183903454,0.00025155668342948434,-0.00012917723785329507,-2.550193576899472e-06,4.5195660699108085e-05,-1.4650101332062e-05
DHC,0.0008178183298829023,0.0012545584762134908,-0.00042697266088252087,0.00036100539156135416,0.0004281048329743775,0.0022787909285558903,0.0004542971050460748,0.0005705957887535047,0.0005186060816633089,0.0006988827074939008,0.001146140721596643,0.0013224655709360455,0.00033144981123905623,-0.0006310542624897953,0.0005667008978746373,0.002005600518609427,0.0007588807567458795,-0.0001487852711642367,0.0008932538667082675,8.847937390212671e-05,0.00012589742668293056,0.0002899089324080717,-0.0021076090816235698,0.000364103628703576,0.0008847785000599393,0.0016922180190041913,0.0011172809732545655,0.0003231414305257868,0.0004785274535825107,0.0004802231971900698,0.0006976860306220618,0.0005760060090287866,0.0004151225939876285,0.0008908870854141534,0.0008849231832578298,0.0004709064960046987,0.0007637479433266957,0.0009443258153600135,-0.0002708302929422909,-0.001788668688183954,0.0005482213611767758,0.000601826051303369,0.0005226275810568901,-0.00036896476000005253,0.001248725040876221,-0.00011075791267516354,0.0011604920766667675,0.0005014548903673811,0.0003311360054591478,-3.193277966305649e-05
DISCB,0.00014145618048627177,0.0003421931356390317,0.000882010475548379,0.0005436822017637439,0.0009071632484084351,0.0004542971050460748,0.0020599693132187587,0.00022443254861563875,0.00023885156232424033,0.0002198572123249974,0.00032068341890890994,-0.0030986719975382273,0.00019969939980832345,-0.00028591531697158405,0.00023380570350301595,0.0017327359066979513,0.00013167116728375573,-5.830485444331502e-05,0.00013114827115331544,8.081380167430143e-05,8.771451305454392e-06,0.0001543658699895819,-0.0003631389092233657,9.061012453655086e-05,0.00042024714691285255,-0.0001923083472460716,0.000763897914317563,0.0004507429876762457,0.00018512011918861003,0.0002074691983805007,-0.00020471923104996664,0.00017116941572268478,-0.00032183149352652674,0.00028641541973478213,0.0005382711029206159,0.00019480946334416344,0.000664796174998819,0.001204991324906151,0.001231773239241724,-0.0007905408644366034,0.0002359731111624714,0.00011671389376089042,-0.00020136841680540413,-0.0004865586912902138,0.0006370771185682777,0.0003885136723765692,-0.0007574299619802101,0.00043141987907827263,0.00022054148293444354,-1.4586174657669067e-05
ERTH,0.00021774597902533217,0.0003653798176831769,1.8527072106705447e-05,9.00735647449019e-05,0.00011672113886285621,0.0005705957887535047,0.00022443254861563875,0.00020626655986662204,0.00016926331185440922,0.0001956239285203314,0.0002756639627869115,0.001221891066766729,0.00011153752530283426,-0.00020875863848662362,0.000196279687551131,0.0005922951216540773,0.00023000431779375517,-4.2181905328788494e-05,0.0003171865263612515,4.589002439004559e-05,1.2152715130672575e-05,0.00017897304137919027,-0.0006343087235003474,8.658879373608476e-05,0.00023358148176267187,0.0006524873953126152,0.00042661905369221933,0.00016458630182930424,0.00014521245684964249,0.0001636440630614481,0.00020341363019674258,0.0002186396046990561,0.0002791841786722954,0.00010710108746023105,0.0003215180551770134,0.00014209327190604223,-5.633538179683931e-05,0.00045661752250341535,0.00017066927145040068,-0.0005611562570774114,0.00019582624031172364,0.0002362206571509653,0.0001001159914516949,-0.00015161876206334462,0.0003094356183311345,6.58203873834028e-05,0.0002466969636026236,0.00035488138042397,0.00013476011370503187,-1.2871063466542991e-05
EUDG,0.00019118383757922445,0.00032272620876370875,6.267187347935992e-05,0.00018446212722512977,3.432225089263009e-05,0.0005186060816633089,0.00023885156232424033,0.00016926331185440922,0.00018182888938338197,0.00020846709065983185,0.00019733950530342206,-0.0007598375642057824,0.000103587569463639,-0.00018061433927191433,0.0001428906709106254,0.0004681793587064636,0.0001981506675801797,-2.6042538509990027e-05,0.0002774326077516531,3.562603179747782e-05,2.2189614879950254e-05,0.00016703493961693324,-0.0005762363847147168,6.632463189368513e-05,0.00025237868914389304,0.0004456980854070378,0.00038042997691722143,0.0001496152737285996,0.00013811560390731008,0.00014118805925240088,0.0001718622722100087,0.0001368548006469373,0.0001332290060508275,0.00021943630751837398,0.0002924933615160323,0.00014356581755886562,-1.9235465032588976e-05,0.0005457746861143837,0.0004079366117446351,-0.0005020250023454793,0.00014380614569789538,0.0001924534956691864,6.71377639551178e-05,-0.00013421421247188502,0.00018994567894543038,-1.1995086536460285e-05,0.00017555069944023464,0.0002911626007427612,0.00012995081322638073,-7.301335435468596e-06
EWQ,0.0002526598593678364,0.0004064921869134016,-2.0347316298894642e-05,0.0002028886296453866,6.0407895993497285e-05,0.0006988827074939008,0.0002198572123249974,0.0001956239285203314,0.00020846709065983185,0.0002553029394948805,0.00029307454296587256,-0.0007845922892989321,0.00011993606787745363,-0.0002144708724116772,0.00017235747459996956,0.000590016837431673,0.00024725411483380753,-3.669897172812743e-05,0.0003217914843822174,3.532742391056816e-05,3.741791604213233e-05,0.00015760803708374794,-0.000712410038251215,9.691231305814185e-05,0.0003142290806607542,0.000525777861561639,0.000420525125467152,0.00014662622467155205,0.00016728403543711187,0.00016569107456882218,0.00022294874492080648,0.0001632277135329778,0.00012524280451495714,0.00031644332201478524,0.00032943482235653257,0.0001719433102605259,0.0001065650503449252,0.0005386600170075664,0.00029024643366722217,-0.0006062212545379926,0.00017046042300559544,0.00021621823639753394,0.0001219214362389075,-0.00014190368484168708,0.00029025899388924515,-4.877930814155711e-05,0.00029311545820403216,0.0002618607191857386,0.00013896870832043006,-8.53974222372724e-06
EXP,0.0004084294381949217,0.0006133350849763166,-0.00027864754007837956,7.166846832381138e-05,0.0004279461424004542,0.001146140721596643,0.00032068341890890994,0.0002756639627869115,0.00019733950530342206,0.00029307454296587256,0.0006855227513475945,0.0025528961195804886,0.00015491084013688212,-0.00030827379041089393,0.0003113195805939708,0.0012124207675969574,0.0003624055928404838,-9.438910004964585e-05,0.0003799263598107991,4.1764901706747445e-05,5.976963548354864e-05,5.81107767546021e-05,-0.0009606468920792298,0.00020976135378661235,0.0003989314894012918,0.0008287565686177708,0.0005138136174271333,0.00013792987005010178,0.00021968211009853447,0.00023016261914705785,0.00030443780647631375,0.0003339603164492908,0.00020441742601754083,0.0003613462515803302,0.00040287180919911403,0.00020464725270192825,0.000610870562322464,0.00019485943144291452,-0.0005998231099522949,-0.0008684458495832306,0.00029693628187328175,0.00026453187018663784,0.00029077073070416014,-0.0001915337698919378,0.000829819799111411,3.25401577192176e-05,0.0005785873639410373,0.00014580279286085306,0.00012842598419562722,-2.0092499520025573e-05
FAMI,0.0008312377645897734,0.0012365424563636825,-0.0026462059015281173,-0.004396355769456966,0.0020089681444171404,0.0013224655709360455,-0.0030986719975382273,0.001221891066766729,-0.0007598375642057824,-0.0007845922892989321,0.0025528961195804886,0.0824556287339707,7.911376111374827e-05,-0.000773692230852078,0.001831627046682686,0.0026092751854832064,0.0010965741932026825,-0.0005520489007350897,0.0014859432383566781,0.00032781662277228717,-0.0004388429504072731,0.0004229310899258272,-0.0018606298758493912,0.0006447377434056029,-0.001300934605221167,0.00858538569997685,0.0009841554443959218,0.0001136542574806667,5.3318452991071256e-05,0.000650205640165111,0.0015099330355486508,0.0030493593414879583,0.006361066660285125,-0.004969801831226695,0.0005464587327661704,-0.0002939602202830981,-0.002752673469853077,-0.004724425780624549,-0.010429413775612642,-0.0013669525571946399,0.0017832714382472344,0.001660731512295063,0.0014713394097063156,-0.00011914495617073781,0.003746282517090273,0.0026724632981876537,0.0036328387982323606,0.002263693010117259,-3.200745388365171e-05,-0.0002038411488336368
FMAY,0.00012244101055150887,0.00020671220087273767,4.0290484834038526e-05,9.138226552860542e-05,8.494266816296582e-05,0.00033144981123905623,0.00019969939980832345,0.00011153752530283426,0.000103587569463639,0.00011993606787745363,0.00015491084013688212,7.911376111374827e-05,6.64496593436585e-05,-0.00011855693301023313,0.00010401615283242508,0.000370288828736791,0.0001249439387832555,-2.2507697787638245e-05,0.00016683722713086284,2.4566188928222152e-05,1.1386633157710303e-05,9.341981089393904e-05,-0.00035086416567062814,4.922761638268096e-05,0.00015156875191496186,0.000296082501489591,0.0002468425997266224,9.898024604786587e-05,8.549139768996088e-05,9.179153465387678e-05,9.780359278791019e-05,0.00010636532476826415,9.717653280240161e-05,0.00010726736678187267,0.00018688399834803108,8.593468570115686e-05,2.9445827800761037e-05,0.00029993725776669217,0.00016600716798098166,-0.0003254068640231047,0.00010364943879953689,0.00012043811907315089,4.570195233563162e-05,-9.52972658526186e-05,0.00017761591761546479,2.6972037449917325e-05,0.0001006655967707418,0.00018026379817131063,7.846921899381865e-05,-6.236562716673296e-06
FXP,-0.00023497504055774513,-0.0003889423561182885,-1.6342489103074367e-05,-0.00012510874181577948,-0.00015112780206939878,-0.0006310542624897953,-0.00028591531697158405,-0.00020875863848662362,-0.00018061433927191433,-0.0002144708724116772,-0.00030827379041089393,-0.000773692230852078,-0.00011855693301023313,0.00021846502063343638,-0.00019993888303724265,-0.0006682092101141883,-0.00023885779785401553,4.507793240658364e-05,-0.0003155638432285693,-4.43714353906849e-05,-2.043208766172765e-05,-0.00016473248343415413,0.000662146257207288,-9.710651783135016e-05,-0.00026627254509629445,-0.0006108228114911061,-0.0004402483058703865,-0.00016727132811495567,-0.00015555236833821073,-0.00016944358759297568,-0.00020108820696078267,-0.00021327582204222514,-0.00022335735137750843,-0.00017220689053095515,-0.0003342538698942535,-0.00015356860747005606,-4.574007538571383e-05,-0.0004760215837865651,-0.0001726343616295463,0.0005966998264079019,-0.00019829890559311218,-0.00022958810562146055,-0.00010822640756487325,0.00016219142045823784,-0.00035101342297277996,-5.009298251668239e-05,-0.00024748114880253775,-0.0003224526629562903,-0.00013728159923789563,1.2509274125606874e-05
GM,0.0002146177146122911,0.0003530082830084959,-1.8150794420308515e-05,4.8344920628458406e-05,0.00018260600264497704,0.0005667008978746373,0.00023380570350301595,0.000196279687551131,0.0001428906709106254,0.00017235747459996956,0.0003113195805939708,0.001831627046682686,0.00010401615283242508,-0.00019993888303724265,0.00019977539917030653,0.0006432733909068974,0.0002194845232581683,-4.8110929121486615e-05,0.00028575961027364457,4.272707457216838e-05,1.2156420967538169e-05,0.00014036836864270757,-0.0005896537935247868,9.530771431311376e-05,0.00021367397005648238,0.0006300303124782131,0.00039428101156431945,0.0001471156003300647,0.00013480283421401249,0.0001551544626333938,0.00018672222625232125,0.00022738303474363776,0.00026786526363997736,8.291347001763554e-05,0.0002960941042276301,0.00012784865997171038,3.359566269872213e-05,0.0003364383332594973,-1.3685451111698007e-05,-0.0005365544286314264,0.0001972771579399547,0.00021624878072395464,0.00011308897907820361,-0.00014605643173208122,0.00037413337976440126,8.703988070915336e-05,0.0002529809393537198,0.00029941299532028917,0.00011644686965773312,-1.3810963456638419e-05
KOS,0.0007121480022752953,0.001166095254431602,0.00016850205402534524,0.0004262608294170889,0.001161583097861801,0.002005600518609427,0.0017327359066979513,0.0005922951216540773,0.0004681793587064636,0.000590016837431673,0.0012124207675969574,0.0026092751854832064,0.000370288828736791,-0.0006682092101141883,0.0006432733909068974,0.002883572287399764,0.0006560724642354628,-0.0001791515917300751,0.0007225703945191205,0.00012618763054809734,8.302590558826494e-05,0.0002554352630645976,-0.0017507598969402668,0.0003663865741866571,0.0008588401384432235,0.001311868683825638,0.0013224801473111962,0.0005262087823759953,0.00045913697306518015,0.00049956414130947,0.000370067139813096,0.0006546194337392543,0.00024864367472505946,0.0006401287992681892,0.0009921975371444368,0.00044166606610016794,0.0011247755158039201,0.0011536811296115408,-1.7246177606304396e-05,-0.0018539234251950412,0.0006257949018938863,0.000530916421641825,0.0003053585302498069,-0.0006094929366304592,0.0016120210680680223,0.00032936395807339064,0.0004201934812526899,0.0006326355481264718,0.0003595629781505646,-4.201081550873983e-05
MILN,0.0002826128145804928,0.00045054735598205095,-9.497228554474713e-05,0.00010532805460327987,9.739709844099906e-05,0.0007588807567458795,0.00013167116728375573,0.00023000431779375517,0.0001981506675801797,0.00024725411483380753,0.0003624055928404838,0.0010965741932026825,0.0001249439387832555,-0.00023885779785401553,0.0002194845232581683,0.0006560724642354628,0.0002828679734646324,-5.040007477911102e-05,0.00036960478726744616,4.333343268370075e-05,2.9354704534863698e-05,0.00017223722584990187,-0.0007855666360739107,0.00011548202436792032,0.00029479135212954214,0.0007496024207100202,0.00045296144593217074,0.00014990624935213407,0.00017434616006362162,0.00018586957955947622,0.00027136492026760665,0.00023841670927135037,0.0002798884681496075,0.00021612352111184088,0.0003506508613933246,0.00017117079981826408,4.261917569596062e-05,0.00043975937658257487,4.740205598964e-05,-0.0006569040211712345,0.0002163119213822903,0.00026291148080200943,0.00016484282119409182,-0.00014483891068969195,0.0003825106495050696,3.8630852519696955e-06,0.00040181563011517426,0.0003190821660298943,0.00014189286292966172,-1.3403993696998713e-05
MLN,-5.432799894797867e-05,-8.426169933684211e-05,2.6687044794987903e-05,-2.079092436152274e-06,-6.914505282846297e-05,-0.0001487852711642367,-5.830485444331502e-05,-4.2181905328788494e-05,-2.6042538509990027e-05,-3.669897172812743e-05,-9.438910004964585e-05,-0.0005520489007350897,-2.2507697787638245e-05,4.507793240658364e-05,-4.8110929121486615e-05,-0.0001791515917300751,-5.040007477911102e-05,1.4000144487751e-05,-5.566474886814343e-05,-7.892370560844777e-06,-5.355766583286508e-06,-1.4093924677095637e-05,0.00013067698143378985,-2.8346046948956756e-05,-5.0101079232511394e-05,-0.0001325621260526397,-7.993343584604079e-05,-2.555734422495781e-05,-3.002368465921624e-05,-3.400454504349823e-05,-4.0173877961266686e-05,-5.4485557612056895e-05,-4.645922020115263e-05,-2.8298289600851044e-05,-6.072323255032841e-05,-2.723165935996324e-05,-6.486470696131182e-05,-3.208659499186693e-05,8.058251227309528e-05,0.0001232995232389809,-4.639701021593092e-05,-4.167522872129114e-05,-3.623503276698638e-05,3.161635018969151e-05,-0.00011954253376924822,-1.996785510353975e-05,-7.061330293567379e-05,-3.806820322961448e-05,-2.0063595517364643e-05,3.404193129676356e-06
MLPB,0.0003440720772898418,0.0005704763228848898,-3.592779677943426e-05,0.0001401931258135335,2.2125902891503488e-05,0.0008932538667082675,0.00013114827115331544,0.0003171865263612515,0.0002774326077516531,0.0003217914843822174,0.0003799263598107991,0.0014859432383566781,0.00016683722713086284,-0.0003155638432285693,0.00028575961027364457,0.0007225703945191205,0.00036960478726744616,-5.566474886814343e-05,0.0005285085076898427,6.707390219738792e-05,2.1898815139051895e-05,0.00030598591499510024,-0.0010377750858756895,0.00012336256862190782,0.0003610467687851403,0.0010804118516203691,0.0006366133380480892,0.0002314442282382849,0.00022727720770293304,0.0002503284518981846,0.00036897669011898114,0.0003197724046211832,0.000477086605951513,0.0001913477567155514,0.0004863877008303575,0.00022575599919668843,-0.00022611779341197684,0.0007306870668255858,0.0003302298442522441,-0.000850484767083617,0.0002865186562986785,0.00038536851132565714,0.00017422546504961255,-0.0001965443877454958,0.0003686189937867746,3.0127239733774097e-05,0.00048055499418191047,0.000567101976745109,0.00021167165807023367,-1.7805390649815634e-05
NUSI,3.6071294582385274e-05,6.791892228159839e-05,3.942496673578574e-05,1.9490541862960106e-05,3.0259040549353723e-05,8.847937390212671e-05,8.081380167430143e-05,4.589002439004559e-05,3.562603179747782e-05,3.532742391056816e-05,4.1764901706747445e-05,0.00032781662277228717,2.4566188928222152e-05,-4.43714353906849e-05,4.272707457216838e-05,0.00012618763054809734,4.333343268370075e-05,-7.892370560844777e-06,6.707390219738792e-05,1.2588454861748206e-05,-2.161376306150882e-06,4.991257457659155e-05,-0.00011867543820872056,1.2772625782599158e-05,4.151074122694191e-05,0.00014009162007166563,0.00010179887038994751,4.678227716393624e-05,2.8616888866797825e-05,3.5327334969158337e-05,3.299891548272938e-05,4.940776186107549e-05,7.313134676675858e-05,-5.190626137169337e-06,7.402261661036367e-05,2.8014339333927046e-05,-5.131696470330189e-05,0.0001264638316691719,8.878325051378213e-05,-0.00011472035877443654,4.354905968801625e-05,5.3505216627140485e-05,5.748790158735846e-06,-4.028783086032252e-05,5.2325277844949296e-05,3.387189011142206e-05,1.7525345242014707e-05,0.00010440685743043838,3.300855823310359e-05,-3.068217663352587e-06
PHT,4.060490931854071e-05,5.4381075104305424e-05,-4.7356905114322195e-05,3.603434731178106e-05,1.5395315710999503e-05,0.00012589742668293056,8.771451305454392e-06,1.2152715130672575e-05,2.2189614879950254e-05,3.741791604213233e-05,5.976963548354864e-05,-0.0004388429504072731,1.1386633157710303e-05,-2.043208766172765e-05,1.2156420967538169e-05,8.302590558826494e-05,2.9354704534863698e-05,-5.355766583286508e-06,2.1898815139051895e-05,-2.161376306150882e-06,1.3705756736348589e-05,-1.2249426746959546e-05,-8.675711799896543e-05,1.9809869727696542e-05,5.210310056987655e-05,8.18051011174749e-06,2.2889583103511474e-05,-3.3373960165862133e-06,2.0693617041230058e-05,1.4101299273757287e-05,2.722998784000554e-05,3.3133358072380214e-06,-4.3433285979769856e-05,9.80363467642202e-05,2.3131935393373048e-05,2.1768687433968184e-05,0.00011717300743031874,1.3899231815493366e-05,-4.06576872633092e-05,-6.862540645326624e-05,1.0191112254942884e-05,6.688393731534086e-06,3.268054602753051e-05,-5.575122508407774e-06,5.954317673225235e-05,-3.952491715543853e-05,6.492296865286587e-05,-3.8090037915180635e-05,5.751994260615519e-06,1.2780798350815864e-07
POST,0.00012663693353840528,0.0002509412603084049,0.00017455796394158025,0.00010984064008797282,-7.317385468441032e-05,0.0002899089324080717,0.0001543658699895819,0.00017897304137919027,0.00016703493961693324,0.00015760803708374794,5.81107767546021e-05,0.0004229310899258272,9.341981089393904e-05,-0.00016473248343415413,0.00014036836864270757,0.0002554352630645976,0.00017223722584990187,-1.4093924677095637e-05,0.00030598591499510024,4.991257457659155e-05,-1.2249426746959546e-05,0.000259679897172146,-0.0005002168060584758,2.2076681072018037e-05,0.0001581536154096761,0.0005972040535635229,0.00039943827032225997,0.00018510962908950058,0.00011340299676400115,0.00013583166770424798,0.00016714356324715556,0.00016261355931682214,0.00033731036307312523,-1.6731977324437626e-05,0.00029370475410136766,0.00011746634684399759,-0.00044330561505326424,0.0006349171000528993,0.0006223097924205691,-0.00042210584921106533,0.00014777675649290637,0.00023612147715318263,3.3746762760138524e-06,-0.0001326753011467755,2.2391144096187452e-05,7.410551421007663e-05,9.166988363390699e-05,0.000490637616479773,0.00014667319866704389,-9.15388718047226e-06
TECS,-0.0007828075640530373,-0.0012517523529150644,0.00022874234253035254,-0.00035960106361264914,-0.0001953513604962779,-0.0021076090816235698,-0.0003631389092233657,-0.0006343087235003474,-0.0005762363847147168,-0.000712410038251215,-0.0009606468920792298,-0.0018606298758493912,-0.00035086416567062814,0.000662146257207288,-0.0005896537935247868,-0.0017507598969402668,-0.0007855666360739107,0.00013067698143378985,-0.0010377750858756895,-0.00011867543820872056,-8.675711799896543e-05,-0.0005002168060584758,0.002204041216436671,-0.00030976536084156755,-0.000845763385752698,-0.002026735342137543,-0.0012671986364922029,-0.00042278701661056074,-0.0004916271931276136,-0.0005160178837606887,-0.0007582143222640197,-0.0006274590591980523,-0.0007291543192200383,-0.0006690441977971211,-0.0009843471824808638,-0.0004886930295251277,-8.085627172049574e-05,-0.0013395281402404924,-0.00034096922286407333,0.0018292390741701644,-0.0005825422163797797,-0.0007299207086831211,-0.00044124053374221256,0.00040039141752222133,-0.0009808590156768428,3.713327425791072e-05,-0.001095399325001491,-0.0008985003209615312,-0.000406062062633623,3.4569342918097835e-05
TM,0.00012961825898550813,0.0001946918258732747,-8.775941496097744e-05,3.08388395114922e-05,0.00011905898501875963,0.000364103628703576,9.061012453655086e-05,8.658879373608476e-05,6.632463189368513e-05,9.691231305814185e-05,0.00020976135378661235,0.0006447377434056029,4.922761638268096e-05,-9.710651783135016e-05,9.530771431311376e-05,0.0003663865741866571,0.00011548202436792032,-2.8346046948956756e-05,0.00012336256862190782,1.2772625782599158e-05,1.9809869727696542e-05,2.2076681072018037e-05,-0.00030976536084156755,6.473311888671154e-05,0.00012974709861145886,0.00025887322121936245,0.00016244274483771,4.3109631325464234e-05,7.061681153321834e-05,7.26976276865256e-05,9.96379864753537e-05,0.00010061351915674184,6.059613727745519e-05,0.0001245619972639145,0.00012817088792216438,6.671806573281967e-05,0.00018349098948616696,7.638657129974388e-05,-0.00016281183504685253,-0.0002748198429703486,9.100418769409908e-05,8.45360657341326e-05,9.129590371068945e-05,-5.848887555578972e-05,0.0002481641816059781,7.739206531269132e-07,0.00018600578285561689,4.77683191553255e-05,4.2146345044284797e-05,-5.935406056768099e-06
TPAY,0.00031316782541963167,0.0005021894859800014,3.3056947637105888e-06,0.0002803792327588576,0.00017420014403087062,0.0008847785000599393,0.00042024714691285255,0.00023358148176267187,0.00025237868914389304,0.0003142290806607542,0.0003989314894012918,-0.001300934605221167,0.00015156875191496186,-0.00026627254509629445,0.00021367397005648238,0.0008588401384432235,0.00029479135212954214,-5.0101079232511394e-05,0.0003610467687851403,4.151074122694191e-05,5.210310056987655e-05,0.0001581536154096761,-0.000845763385752698,0.00012974709861145886,0.0004073896049177567,0.0005392254427985569,0.0005205249703367549,0.0001858719685305104,0.0002075175088129162,0.0002026204501749323,0.00023648876714417997,0.00019248748281851773,6.372480211444943e-05,0.0004366150542726609,0.0004070445256286853,0.00021310781255213395,0.0002967592332803879,0.0006505179922157555,0.00032510607858133266,-0.0007606034925839735,0.00020957745985678025,0.00023845951122481487,0.00014327387285297243,-0.00019507159467518654,0.000431366359962557,-4.603839197955013e-05,0.0003019633715714388,0.00026502916346363386,0.00016551991175055918,-1.0434331005592673e-05
URGN,0.0006789417755951137,0.0011085100185506793,-0.0003240557105330418,-8.781158822105696e-05,5.718981020751715e-05,0.0016922180190041913,-0.0001923083472460716,0.0006524873953126152,0.0004456980854070378,0.000525777861561639,0.0008287565686177708,0.00858538569997685,0.000296082501489591,-0.0006108228114911061,0.0006300303124782131,0.001311868683825638,0.0007496024207100202,-0.0001325621260526397,0.0010804118516203691,0.00014009162007166563,8.18051011174749e-06,0.0005972040535635229,-0.002026735342137543,0.00025887322121936245,0.0005392254427985569,0.0026275630019828083,0.001179990079801904,0.000397143654002339,0.0004083478789297013,0.0004898787308543995,0.0008150711431984505,0.0007826832345817236,0.0013676089209606252,-1.7713083524390134e-05,0.0008919008730919884,0.00038190149861409476,-0.0007256847050356257,0.0009486854944916183,-0.00016200865988640273,-0.0015936172424629164,0.000628842117988464,0.0008251447421926485,0.00043841311423426904,-0.0003235104213017727,0.0008455672879744256,0.0001949104509808829,0.0012149002225545118,0.001188882735134732,0.00037415821418887874,-4.5252104962290846e-05
UYM,0.0004230487092243139,0.00073769736379512,0.000236528455042743,0.0003076683352387468,0.00029585292486517624,0.0011172809732545655,0.000763897914317563,0.00042661905369221933,0.00038042997691722143,0.000420525125467152,0.0005138136174271333,0.0009841554443959218,0.0002468425997266224,-0.0004402483058703865,0.00039428101156431945,0.0013224801473111962,0.00045296144593217074,-7.993343584604079e-05,0.0006366133380480892,0.00010179887038994751,2.2889583103511474e-05,0.00039943827032225997,-0.0012671986364922029,0.00016244274483771,0.0005205249703367549,0.001179990079801904,0.0009495535032203477,0.00040067425035599056,0.00030842329267353514,0.00034410257880506214,0.0003520228484802796,0.00041821565394611573,0.00046700078097198404,0.0002686883128992408,0.0007098518264951221,0.00030890337290439846,-9.662317924714767e-05,0.001186277540190983,0.0007487336265312782,-0.00118757579044906,0.0003963546472054568,0.0004740337387119659,0.0001293671861874695,-0.00036894060280666234,0.0005975775880580695,0.00016644272880157707,0.0003033197027314404,0.0007904202268622621,0.00030583663978250657,-2.494259352870801e-05
VHT,0.00012655972595845589,0.0002480453571716007,0.00022819494991162644,0.00014929894048885278,0.00014161941851899515,0.0003231414305257868,0.0004507429876762457,0.00016458630182930424,0.0001496152737285996,0.00014662622467155205,0.00013792987005010178,0.0001136542574806667,9.898024604786587e-05,-0.00016727132811495567,0.0001471156003300647,0.0005262087823759953,0.00014990624935213407,-2.555734422495781e-05,0.0002314442282382849,4.678227716393624e-05,-3.3373960165862133e-06,0.00018510962908950058,-0.00042278701661056074,4.3109631325464234e-05,0.0001858719685305104,0.000397143654002339,0.00040067425035599056,0.0001949072490553347,0.00011230386288838383,0.00013170436724553445,8.765018761239001e-05,0.00015452413638471799,0.00017627927864254767,4.6873652866416646e-05,0.00029170908587542637,0.00011446675120743224,-0.00012118412361743344,0.0005796322189117501,0.0005119646385038773,-0.0004415165381514785,0.00015086465934559886,0.0001808823763494742,-1.0037452923137206e-05,-0.00017311352841529556,0.00018232445899067835,0.0001190561208299133,-2.7787229281851436e-05,0.00037962446219244714,0.00013220425297705155,-9.703380672200068e-06
VNQ,0.00017537383131828175,0.0002857159023419006,-3.1645908307068e-06,0.0001147548595388296,8.267542443038552e-05,0.0004785274535825107,0.00018512011918861003,0.00014521245684964249,0.00013811560390731008,0.00016728403543711187,0.00021968211009853447,5.3318452991071256e-05,8.549139768996088e-05,-0.00015555236833821073,0.00013480283421401249,0.00045913697306518015,0.00017434616006362162,-3.002368465921624e-05,0.00022727720770293304,2.8616888866797825e-05,2.0693617041230058e-05,0.00011340299676400115,-0.0004916271931276136,7.061681153321834e-05,0.0002075175088129162,0.0004083478789297013,0.00030842329267353514,0.00011230386288838383,0.00011555232584238405,0.0001202829289548006,0.0001511347164179884,0.00013686357686167917,0.00012534615884777383,0.00017314081718765333,0.00023763579596926775,0.00011617655694688508,6.159293319230757e-05,0.000356886182132805,0.00015283203378581772,-0.00043201032985340103,0.00013337935712187833,0.0001593014435517857,8.359378259398877e-05,-0.00010969149216617468,0.00023690188152717152,3.2598463278392688e-06,0.00019419294722403124,0.000207204322694752,9.829641687675577e-05,-7.699896772872509e-06
XRLV,0.00018019729708044382,0.0003000269807135324,1.626269194610885e-05,9.364488610612574e-05,0.00010341180960207888,0.0004802231971900698,0.0002074691983805007,0.0001636440630614481,0.00014118805925240088,0.00016569107456882218,0.00023016261914705785,0.000650205640165111,9.179153465387678e-05,-0.00016944358759297568,0.0001551544626333938,0.00049956414130947,0.00018586957955947622,-3.400454504349823e-05,0.0002503284518981846,3.5327334969158337e-05,1.4101299273757287e-05,0.00013583166770424798,-0.0005160178837606887,7.26976276865256e-05,0.0002026204501749323,0.0004898787308543995,0.00034410257880506214,0.00013170436724553445,0.0001202829289548006,0.00013198602797432306,0.00015968328165872294,0.0001671773061942359,0.00018884374467553205,0.00012212970957917096,0.0002608262713385626,0.00011883922365801394,3.349168871341103e-06,0.0003790513542587752,0.00015180484436020343,-0.00046079415533002054,0.00015433879685527053,0.0001830702571108393,8.173306242735808e-05,-0.00012474798034595955,0.0002585256523420943,4.0451610571511586e-05,0.00019342309023223284,0.0002648697966342874,0.00010850847934052539,-9.771452477834804e-06
CCXI,0.00026570775772673163,0.0004081680704610389,-0.0002251935737915908,2.8706283219229745e-05,-7.021081026963323e-05,0.0006976860306220618,-0.00020471923104996664,0.00020341363019674258,0.0001718622722100087,0.00022294874492080648,0.00030443780647631375,0.0015099330355486508,9.780359278791019e-05,-0.00020108820696078267,0.00018672222625232125,0.000370067139813096,0.00027136492026760665,-4.0173877961266686e-05,0.00036897669011898114,3.299891548272938e-05,2.722998784000554e-05,0.00016714356324715556,-0.0007582143222640197,9.96379864753537e-05,0.00023648876714417997,0.0008150711431984505,0.0003520228484802796,8.765018761239001e-05,0.0001511347164179884,0.00015968328165872294,0.000316718241002852,0.00021611351857149486,0.00035223533032286553,0.00017216223124906594,0.0002806197050932095,0.0001473219609939526,-0.00010817206706375656,0.00029494206826506837,-8.91460188894139e-05,-0.0005508306653690695,0.00018397578931869272,0.0002590367886582035,0.00019562399552027087,-7.162240900704519e-05,0.0002643878310917184,-6.112791053312409e-05,0.0005303796319825549,0.0002827880584183775,0.00011610371501909662,-1.1237417380271018e-05
CNA,0.00022514449537937113,0.00037176544362728446,-4.68101324130294e-05,-1.559192475044654e-05,0.00018777041262464802,0.0005760060090287866,0.00017116941572268478,0.0002186396046990561,0.0001368548006469373,0.0001632277135329778,0.0003339603164492908,0.0030493593414879583,0.00010636532476826415,-0.00021327582204222514,0.00022738303474363776,0.0006546194337392543,0.00023841670927135037,-5.4485557612056895e-05,0.0003197724046211832,4.940776186107549e-05,3.3133358072380214e-06,0.00016261355931682214,-0.0006274590591980523,0.00010061351915674184,0.00019248748281851773,0.0007826832345817236,0.00041821565394611573,0.00015452413638471799,0.00013686357686167917,0.0001671773061942359,0.00021611351857149486,0.0002746614781964717,0.0003846665221890035,-2.8660633927842023e-06,0.00031073255839905587,0.0001253402708325493,-6.0216937327456694e-05,0.0002963951259155194,-0.00012046201111204038,-0.0005592414825683727,0.00022502561733388858,0.0002505844352706872,0.00013026390172335547,-0.0001481144255813632,0.00040520983245056433,0.0001271586077227514,0.0003073290814171318,0.0003607826332122059,0.00012144653732047814,-1.686675731493629e-05
DLHC,0.0002041047358000166,0.0003629374221251842,-9.389754886317937e-05,-0.00022428032311959736,-0.00010045684736026959,0.0004151225939876285,-0.00032183149352652674,0.0002791841786722954,0.0001332290060508275,0.00012524280451495714,0.00020441742601754083,0.006361066660285125,9.717653280240161e-05,-0.00022335735137750843,0.00026786526363997736,0.00024864367472505946,0.0002798884681496075,-4.645922020115263e-05,0.000477086605951513,7.313134676675858e-05,-4.3433285979769856e-05,0.00033731036307312523,-0.0007291543192200383,6.059613727745519e-05,6.372480211444943e-05,0.0013676089209606252,0.00046700078097198404,0.00017627927864254767,0.00012534615884777383,0.00018884374467553205,0.00035223533032286553,0.0003846665221890035,0.0008957410584855508,-0.0003739739815673131,0.00033656955728771375,0.00010648792670833751,-0.0008350039847953299,0.0003263706100661588,-7.918304389783651e-05,-0.0005259856741643195,0.0002735601966530449,0.0003975857896202568,0.0001384424119777009,-0.00010496875143307428,0.00018750025285492092,0.00020363146914541784,0.0004869711194445256,0.000709013532499147,0.00015443895617308173,-2.2940592356107206e-05
FANH,0.0002854460271443252,0.00040819263081820663,-0.0001526180642989374,0.00040207908898256834,8.315908657050452e-05,0.0008908870854141534,0.00028641541973478213,0.00010710108746023105,0.00021943630751837398,0.00031644332201478524,0.0003613462515803302,-0.004969801831226695,0.00010726736678187267,-0.00017220689053095515,8.291347001763554e-05,0.0006401287992681892,0.00021612352111184088,-2.8298289600851044e-05,0.0001913477567155514,-5.190626137169337e-06,9.80363467642202e-05,-1.6731977324437626e-05,-0.0006690441977971211,0.0001245619972639145,0.0004366150542726609,-1.7713083524390134e-05,0.0002686883128992408,4.6873652866416646e-05,0.00017314081718765333,0.00012212970957917096,0.00017216223124906594,-2.8660633927842023e-06,-0.0003739739815673131,0.0007765075655368421,0.00024193653238315757,0.00019029097083357295,0.0007608018314976689,0.0004339059831583396,0.0002149370961121319,-0.0005662571853790237,7.320707245211174e-05,6.893793984376752e-05,0.00016775379977650233,-9.392505128931713e-05,0.00033897616005257157,-0.000284702363420937,0.0003174659969015737,-0.00015789861652813232,8.763737637317387e-05,2.7401409183246523e-06
HMTV,0.00033256656337256124,0.0005713837115876237,0.0001429374702872383,0.00024005393695398703,0.00020702815608013514,0.0008849231832578298,0.0005382711029206159,0.0003215180551770134,0.0002924933615160323,0.00032943482235653257,0.00040287180919911403,0.0005464587327661704,0.00018688399834803108,-0.0003342538698942535,0.0002960941042276301,0.0009921975371444368,0.0003506508613933246,-6.072323255032841e-05,0.0004863877008303575,7.402261661036367e-05,2.3131935393373048e-05,0.00029370475410136766,-0.0009843471824808638,0.00012817088792216438,0.0004070445256286853,0.0008919008730919884,0.0007098518264951221,0.00029170908587542637,0.00023763579596926775,0.0002608262713385626,0.0002806197050932095,0.00031073255839905587,0.00033656955728771375,0.00024193653238315757,0.000534045506527553,0.00023860721460249992,-3.853027584556037e-05,0.0008820272055458926,0.000534641175024973,-0.0009074459813541172,0.00029688489700112385,0.000357243343392758,0.00011405528030851921,-0.0002703944643027942,0.00045755280958075157,9.822805475229478e-05,0.0002691247121294326,0.0005710868580945185,0.00022897757164578106,-1.8275387258711508e-05
