,AERI,AIQ,ALXO,ATGE,BAM,BCH,BIS,BPYPP,CAI,CBNK,CELP,CMSC,COLM,CURI,CVLT,CYCC,EBMT,EFAD,EQX,EXLS,FEMS,FNLC,FUL,GBIO,GILD,GILT,HFBL,HNDL,HOPE,HRZN,IBHD,IFMK,IGOV,IUSV,JKS,LEG,LSLT,MJ,MLHR,NERD,NNN,NRGU,OPINL,ORC,PBCTP,PBEE,PBLA,PLIN,PROS,PROV,PVI,PXE,RBA,RTLR,SCHA,SLGN,SNY,SOS,SPIP,SPXV,TAST,TBT,TPTX,TREE,UGRO,UNP,UPH,VBF,VOE,VOYA,VSMV,VXRT,ALIM,BRLI,CPAC,CPLG,DHX,DISH,EFZ,EMQQ,GFF,HYGH,IGMS,KIM,LFT,MNP,NGG,NIU,NTLA,QLGN,SBSW,SMLP,TBB,WIA,ACWI,BUYZ,FTSI,PBR,TILE,TRX
AERI,0.0005963091540477245,-0.0002578355882346873,-0.0001320174732140393,-0.0003537606665997932,-0.00012670503995013756,1.9653150089619383e-05,-0.00014062628649928234,-2.4209351192556435e-05,-0.0002407652469073561,-4.1717260908393124e-05,0.0002482966193747808,-1.2137037832889603e-05,-0.0002539768662089249,1.7319596808215018e-05,-0.0001669801314576915,-0.00040788257587257514,-0.00012790510366924546,-2.9389810165009535e-05,-0.0004030120592879607,7.249645891422153e-05,-0.0002018720965176073,-0.000269745487958339,-8.16015686776701e-05,-6.319159966652042e-05,0.0001650981822625037,5.0783765130649964e-05,-0.000138868950548429,-3.106160004475231e-05,7.622442437995038e-05,-1.6084737769639452e-05,-3.1815105059669405e-05,1.2450398474888844e-05,-5.6683295364994276e-05,-2.863926158588129e-05,-0.0007625302640731187,-0.00017363566652785992,3.4204445191606534e-05,-0.00010483571644171704,-0.00019489682019351788,-0.000263650353609477,7.437918399540367e-05,-0.00033781669130993525,-2.3819997440504147e-05,-9.990381643855825e-05,-0.00011968627440072662,-0.0003474266207326493,0.003483702315729108,-0.0002810588059501237,1.615079212310978e-05,-0.0002741015810177117,7.578128680452392e-06,-0.00019619025019331653,-5.713688086999242e-05,-4.2033394013944744e-05,-0.00017087797216452686,7.049134212471228e-05,0.00010948263036655722,-0.00031860740761550113,-3.1803151157909425e-05,-0.00011012714202752354,-0.000578003608115129,6.94916179921989e-05,-0.0003754928291842192,-0.00021988676280479928,0.0003917530331105775,-0.00020074328137554596,-7.111827592221338e-06,-3.577706233525302e-05,-3.675540581612266e-05,5.4396205091180515e-05,-2.087500821264067e-06,0.0004818643012961802,3.568109712805135e-05,1.8601612819552025e-05,-0.0005620533603757508,-0.0003094241998713789,-0.0003149757607980734,0.00014869407723925706,4.2602543074941045e-05,-0.00032742853597311186,-0.0002551915774766794,-3.416045931987179e-05,-5.7928782086046354e-05,-3.581726554627323e-05,9.217361197721917e-05,-1.596635811471612e-05,4.436095828878101e-05,-0.0003959557712457781,-0.0004656163247546046,-0.0007886301090326862,-0.00010441446060651332,-0.00023367136400060333,-2.388167158836858e-05,0.0001093976441234515,-0.00012908268950475072,-0.0004340630069939458,-0.0016203494672231398,-0.00046957365771848166,-0.00011202403416911998,-0.00025111260676956385
AIQ,-0.0002578355882346873,0.0005343555452143697,0.00041350313897941214,0.00015385368785337923,0.0002906176594793898,-0.0001642219910916,-0.00043148354003886885,4.348407712111886e-05,8.8635038726491e-05,8.075306455369041e-05,0.0003913271479123462,2.0881043641538993e-05,0.0001587252671137146,-3.0905745197541673e-06,0.0003540721430340948,0.000622596353484777,8.89073415228518e-06,0.00018467455036172054,0.0004066964187768018,0.00023220105150615917,0.00013464232946975972,-4.546693789828461e-05,0.00019514495115503469,0.0006751874069142839,2.721406822736242e-05,6.664604971421927e-05,-9.715261709196312e-06,9.247186512312586e-05,-0.00018318047344361557,8.516667838354557e-06,6.387708022931978e-05,0.00010203161746379931,2.645930751610914e-05,0.00013813191448251318,0.000746377893937039,0.00030133476417668206,0.00015390498735973088,7.605183205886928e-05,0.0002136945141439579,0.00043280027485981563,-0.0002372847017525005,-0.00015156628103238625,5.3134073989879277e-05,3.4074146596223956e-05,-9.935764711887393e-05,0.0002089919665840701,-0.00036727301396891884,0.0005470974580929003,-1.7362821959576263e-06,7.035436171001003e-05,-1.165878341183055e-06,-0.00010579690612882501,0.0001504887833192199,-0.00016718480679523293,0.0002586014925389243,0.00021532840047063916,8.769935311068621e-05,0.0005164509769283338,4.2025518830491975e-05,0.0003347515798312047,0.00015852906184246035,-9.723163459949905e-05,0.0003070235579691192,0.00020702142598430422,-0.00041163911600561136,0.00023170933825815177,1.3776083331452974e-05,3.184223919657166e-05,0.00013507185020541807,8.076514420852112e-05,0.00020231936252256477,0.00015881258915143278,-0.0001571247150148459,-9.403765034836602e-06,0.0001567428346352329,-0.0002647322546580986,1.5691159035606264e-05,0.0002614482083341511,-0.00019739611171355962,0.0003852976441311136,0.0005604087779852944,5.226927546418787e-05,-0.0001846476151724318,-0.00013708940392427994,-3.79921229406838e-05,5.690810893938937e-05,0.00012339272085443533,0.0005378406079043066,0.0008972075968166239,0.0006292956906668311,5.049565929356378e-05,0.00018800576523448606,7.347125907699975e-05,3.320783981981242e-05,0.0002807306683400434,0.0006274210622624329,0.00033662148586034214,-4.803330491368935e-05,-0.00010292419646840171,0.0002045304228229656
ALXO,-0.0001320174732140393,0.00041350313897941214,0.0020441412203236315,0.000338298932582326,0.0006107704978463426,0.00020069968531464738,-0.00010403116358402993,-0.00018507166695397464,0.0005248199535073815,0.0004743368625941795,0.0006837804555802665,3.80353051990532e-05,0.0006914548867005362,6.322867649741642e-05,0.00022519853744266093,0.0005269095226922788,0.0004231977378830545,0.0002645026577362155,-0.0004389305216890301,0.0005723931117478528,0.00026816506093974875,0.0001887486778163111,0.0006399889563176181,-0.0006403147179752575,-9.160030879626248e-05,4.925419944895644e-05,4.7110557146636174e-05,3.070313509975357e-05,0.0002922499179762473,3.17076975723906e-05,4.6166896729421795e-05,0.00022046781232034523,2.0628185768556418e-06,0.0003818363552963959,0.0009141989859643259,0.0006604000681551223,0.0002454936132327226,0.00010038789811579382,0.000806696275667569,0.0003708646157546412,0.0004571145856574473,0.0007851068935579581,-0.00016687140427579705,0.00019679762764466993,-0.0001393321085878293,0.000409810735790083,0.0005949478352980297,0.00033196659311050776,0.00021351411482044044,0.00022980271744890476,-1.920394296703389e-05,0.00025530082858771084,0.0002849749662776509,-0.0002529669597076715,0.0004257778372541936,0.0005239289346266215,-2.1622293548323552e-05,-0.000835871534570088,-5.7309902529473455e-05,0.0003817794811304342,0.001051437680458901,0.0001737795035652843,-0.00014588550567015603,0.0006818794862581968,-0.00033068121020117535,0.0004739785372540893,5.57568837910996e-06,4.234086901977573e-05,0.00041891799780473867,0.000337721112818949,0.0003716421094628782,0.0004751789624132603,-5.818921483137083e-05,-0.00013072544183972477,0.0005787180997124783,4.454168308661622e-05,0.0009939360188323772,0.00010647835304636293,-0.00031693903576963977,0.000603415670448834,0.0008723898221651362,7.572717286399784e-05,0.0012694132470633713,0.00029548382504875726,-0.0004900105136910687,6.727048620100253e-05,0.00020799631783750946,6.3306166873792e-05,0.0007207266054042167,0.00024673637861341775,0.0003884944830443894,-0.0005557411097463664,3.77331024132804e-05,0.00013932690679879586,0.00036317183734804314,0.00029668831623941056,-0.00013430184945618698,0.0007257126319956573,0.0002978761785588301,-7.028718196611382e-05
ATGE,-0.0003537606665997932,0.00015385368785337923,0.000338298932582326,0.0005371096893302512,0.00019165860966296685,5.60730700783394e-05,5.8693632484846644e-05,-5.3614536204891474e-05,0.00016241747310632586,9.944200461841183e-05,-0.000522077141252951,3.837067592268997e-05,0.0004407249429930051,1.264531116987243e-05,0.00016377846610846568,0.0002405833603881055,0.00017672631901607133,3.150752187187279e-05,0.00016190587033162543,0.00015123835305111326,9.979919840772472e-05,0.00021254634166080244,0.000111165655749269,3.7188143943240205e-05,-5.4476106879945823e-05,5.549927408540028e-05,0.0002429285627225341,6.277241022073993e-05,2.8652817675754738e-05,7.141363248680882e-05,2.1481956244249616e-05,-3.763402239024358e-05,3.545750159922265e-05,0.00011566855834880299,0.0005906050096478106,0.0003209813649595004,5.940580667472692e-05,6.543019663487593e-05,0.00047420924784486,0.00013978233805299833,0.00014063592873021514,0.0004037438256990596,2.1717875453444925e-05,0.00011669574301051946,3.173459906109406e-05,0.00019926949533409445,-0.002106446740029874,8.351798614774453e-05,-0.0001249813857916571,0.0001455199959251086,-2.5424210772051676e-06,0.00013707128824990873,9.450335486808313e-05,1.5535163676311822e-05,0.00020970026307504612,0.00011350823123712572,-9.320758853813598e-05,-0.00017415963757721334,1.2733688740229506e-05,0.00012856933065907435,0.0004573610611574819,-0.0001865948831034899,0.00016886055741030396,0.0003503639160144716,0.0005221405462140649,0.00016631287323995789,1.2968109875790778e-05,5.2133957796776234e-05,0.00013494882670625895,5.410776863126885e-05,8.365884546760087e-05,-0.00023228950330183884,-0.00015002609842314397,-3.461094503350288e-05,0.0002812592692610112,0.00030449490576447383,0.0003419969427924898,-1.6658665178623732e-05,-3.0514151751141997e-05,0.00022458978730376244,5.5582411999523755e-05,3.545582795791304e-05,0.0003837256879523084,0.0002089784019253576,-7.537696604849407e-05,4.502877385866285e-05,0.00010680073307286388,5.8934560752107334e-05,0.0002961874175213809,9.10485900109598e-05,2.830040136637427e-05,0.00022347154621957417,9.543946008487524e-06,1.5873273645766137e-05,0.00012022271212040171,0.0002912662386951054,-0.0004008180315338168,0.0005557587387138143,0.00025699206128621427,-0.00010637628686376512
BAM,-0.00012670503995013756,0.0002906176594793898,0.0006107704978463426,0.00019165860966296685,0.000376070866860386,2.877953332250891e-05,-6.071005361420745e-05,-1.8268428263178337e-05,6.568709373806666e-05,0.0002199898142119661,0.00031186401575018644,3.035266406756e-05,0.00031877128921668335,2.27614356945968e-05,0.00023363999742197016,0.00019336428139984363,1.878134033160338e-05,0.00011703719433037506,0.00016505952557084488,0.0002284682786443983,0.00010702512850434598,-1.3119887583060246e-05,0.0001953872488292726,-9.551015999412767e-05,-4.4801654101964745e-05,3.586488624847394e-05,0.00011197378336842386,4.609353733760649e-05,-3.209964328667814e-05,2.3047744138594085e-05,3.247674249961064e-05,0.00022486511033648952,2.1792481537273554e-05,0.00015874863595069153,0.00039581886209942655,0.00029033149584504315,0.00012608334024661106,5.754656183495119e-05,0.00037587495890983744,0.00016897872357357272,0.00010248167401556809,0.0001756141216658706,-1.1474079432068355e-05,8.454248658002338e-05,-3.746383358155041e-06,0.0001461201091891653,-0.0005015999736444346,0.0002520231365753779,-0.0002501016764891133,0.00014282236003996523,-8.190946855737287e-06,-6.776719312923352e-06,0.00015854990040914448,-0.00023672891329772896,0.00018359385900114015,0.0002085879050774183,-1.2980781291136026e-05,-0.0003550524046117225,-6.68003421498444e-07,0.0002128755359632057,0.00038587836953730547,-1.6652084827599734e-05,-0.0002316744778417454,0.0002556408714390354,0.0004041170814988284,0.00014092775981336593,2.598110276827207e-05,-1.2259365179226824e-05,0.00015962468554692134,0.00012412877445799767,0.00017338835397146402,0.00032566164959826763,-2.3375621431172592e-05,-6.331321509675294e-05,0.00017980963880787608,-0.0002538657160823599,0.0001033198537553557,0.00015911416004344138,-0.00012912234819853109,0.00021810620176779228,0.00038130573778460893,2.6621466802946854e-05,0.00020912845218266026,3.807770666418251e-05,-9.623833845025305e-05,3.756861315148474e-05,0.00013197412463929027,-6.851614797946609e-05,0.00033059023870943565,4.5161691254852536e-05,0.0001185890284342945,7.496848829840882e-05,4.1354098458333884e-05,8.418928591040047e-05,0.00017932688057028466,0.0002418319036279306,-0.0009592364896967489,0.00011952628597238887,0.000225390360015762,9.082066325996504e-05
BCH,1.9653150089619383e-05,-0.0001642219910916,0.00020069968531464738,5.60730700783394e-05,2.877953332250891e-05,0.0001598188459699042,0.00024398527913072353,-5.8388808390658054e-05,4.8966354652563344e-05,0.0001203896613956,-5.6218489056596546e-05,6.621712324095292e-06,9.122667267611214e-05,1.9933755799595598e-05,-9.41756945454575e-05,-0.00019087469887523462,4.219814038466981e-05,-3.774962363016659e-05,-0.00016618597587269814,-6.99210999791118e-06,1.6317279452388245e-05,0.0001508608566507413,2.2330431112003103e-05,-0.0005814984937336639,-6.163905203106211e-05,-3.181211362382583e-06,9.310364078835262e-06,-3.091055332035595e-05,0.00011243821773201003,1.4293321317428716e-05,-2.157187664207961e-05,-1.8073621612126655e-05,5.097355705434815e-06,2.1681582615221697e-05,-0.0001080720017736278,4.914593781329322e-07,-2.369150923878213e-05,2.7438398836846816e-05,0.00011788443834021113,-0.0001609215259111775,0.00024495044362865136,0.00033875195650727517,-5.905138672576905e-05,4.356482498788415e-05,5.3380514411385166e-05,2.041009039769403e-05,-0.0008177427823982867,-0.00030802000322891995,-7.131429466881786e-05,7.158540461964671e-05,-6.688615980091791e-06,0.00012582479864431452,-9.565845830225051e-06,5.0945183709540636e-05,-3.104514283252914e-05,-1.512382593616396e-05,-6.171186421579503e-05,-0.000398410444659184,-2.4698509502035725e-05,-8.479752204143097e-05,0.00025450060830369085,1.6690810636697817e-05,-0.00016037089794228727,7.55089044096234e-05,0.00015721522049993452,-2.0980778583034706e-05,-6.560409179418727e-06,-2.117577599421564e-06,2.6045599296408284e-05,3.308672681566925e-05,-2.0218308185707133e-05,0.00011489587613992697,6.285399798365587e-05,-4.225907390446643e-05,0.00019656698244347514,0.00016245956133879616,0.00025299033277435427,-0.00012212615969970112,3.062588603413969e-05,-7.388938984231087e-05,-9.182960539905613e-05,-1.3363182625746112e-05,0.0004300035151232406,0.0001401579629864927,-6.251383662643418e-05,-1.4375275409427996e-05,1.046797330679712e-05,-0.0002875813987661832,-0.0003029023977876207,-0.00017958183716431845,8.113824183713636e-05,-7.841780352265093e-05,-2.3777310789247242e-05,-5.823129183591735e-06,-5.682698581299174e-05,-0.00024494118729322887,0.0002780029692313656,0.00025555241023254025,0.00018639676933024648,-0.00012260185032240034
BIS,-0.00014062628649928234,-0.00043148354003886885,-0.00010403116358402993,5.8693632484846644e-05,-6.071005361420745e-05,0.00024398527913072353,0.001342461818762419,-5.2295925659442265e-06,7.391091777155319e-05,-4.042251847828712e-05,-0.0006090238930116694,2.1146518723401344e-05,0.0002428804816800623,7.014975579139579e-06,-0.00028348940082684616,-0.0007537651137700559,-3.1445644544566396e-05,-0.00022093316474158358,-0.0002014374105226256,-0.00040682877530738646,2.3109029214904603e-05,-5.764045798299534e-05,-5.201166740824024e-05,-0.0017480252398055774,-0.0003646270349857273,-0.0002448564124272351,0.0003945212965813967,-0.00011329987930512738,0.00014293548990048383,-6.931888491412576e-05,-3.085115263324896e-05,5.5215333072473084e-05,1.0238451617073615e-05,-0.0001899712094236099,-0.0008573943851023431,-0.00012473960529403753,-0.0002979814338379272,-0.00027465309062523635,-6.827353624330244e-05,-0.0003229056102762279,0.00031011385010265444,8.972119936473486e-05,-0.00012234955892905406,9.05818007718126e-06,0.00039435330126192064,6.15126100363412e-05,-0.0008928458291426483,-0.0007898658611858536,-0.0005125550466491131,0.0004273430098529635,-1.0553689800982475e-05,9.087544725898153e-05,5.5274436381716366e-05,-0.0004353281751911928,-0.00022736852343493045,-0.0003884023143986751,-0.0002767056857672173,-0.00178075816310733,-5.024411132562865e-05,-0.0003741131376043849,0.0003619905696996782,-5.244405150396472e-05,-0.0009039976082711678,-0.0002632751758663091,0.001299758433698481,-0.00016667336799511194,6.0479498237928984e-05,-3.549763326265585e-05,-0.00016485327356423747,-0.0003061081953392944,-0.0002910594658561115,-0.0007938252305368189,0.0003285630953115615,-4.937313957476591e-05,0.00034527974658154467,3.1317182019259174e-05,0.00043960091505633795,-0.0006717447859752954,0.00021728366843326108,-0.00017489033219421113,-0.00016138381821314402,-3.298040558267143e-05,0.00038525501231416784,0.00017788012258554214,-0.0002656977367588269,-3.896377255500858e-05,-0.00023052122702582896,-0.0005497185526843508,-0.0015151955503438408,-0.0007209655087109615,6.249566367119918e-05,-0.00016010455380193543,-5.0243171270565174e-05,-1.9352945267067556e-05,-0.0002659236131324735,-0.00044526734895577926,-0.0018501849476621444,0.0005387957072699084,2.8240247038134057e-05,0.00010659841327061844
BPYPP,-2.4209351192556435e-05,4.348407712111886e-05,-0.00018507166695397464,-5.3614536204891474e-05,-1.8268428263178337e-05,-5.8388808390658054e-05,-5.2295925659442265e-06,4.2923505417900954e-05,-5.562514704135134e-05,-5.436031244746044e-05,1.1923925076869132e-05,1.7678079427331109e-06,-6.938576152442047e-05,-8.90871974826104e-06,3.0176391010001098e-05,1.0752853507073804e-05,-6.515508241324685e-05,-9.104156254804749e-06,0.00012468085938387028,-5.500040038161796e-05,-1.3878638138112424e-05,-6.734435303391383e-05,-4.920830579304202e-05,8.908613822187774e-05,-7.487076514458141e-06,-2.6217036142432278e-05,-1.138466838966232e-05,5.846677083124423e-06,-7.483540604445019e-05,-1.6537791617647733e-05,6.736279665070063e-06,2.817499824215506e-05,-1.2638564094346338e-07,-3.8328977640859635e-05,-6.661594889796269e-05,-4.5221263937013636e-05,-1.9336169012483207e-05,-2.675165301972321e-05,-9.572114395809015e-05,2.7208226209892822e-05,-0.00010827804745078768,-0.00018626018780894965,2.4252521185455068e-05,-3.9593283255569186e-05,1.0680980818488428e-05,-1.6372833790305484e-05,0.00019403097664571676,8.308215038804613e-05,-3.90733494391168e-05,-1.701382375119885e-06,1.925881046839552e-06,-6.265175880036853e-05,-2.1249671842483504e-06,-5.696951798928685e-05,-2.4851625830036363e-05,-5.085092852181086e-05,1.163231644071293e-05,0.00012007557277854769,1.0524651437805161e-05,-3.7685001470440773e-07,-0.00011269386623920522,-1.8468269311043227e-05,1.942820496429359e-05,-8.77615771290904e-05,-9.55293709562227e-05,-2.6967429440744485e-05,8.445938051301847e-06,-1.1711372636822022e-05,-4.4898203113048566e-05,-4.9318372167091915e-05,-2.3702857172133956e-05,-8.034468793058583e-05,9.078841662503891e-06,1.5931312024007137e-05,-7.044548402817227e-05,-0.00013713066877175015,-0.00014182229623148576,2.5938293090074234e-06,1.2188483021121712e-05,-3.710337176720646e-06,2.6436564497168176e-05,-1.3712164691780358e-06,-0.0002362997124931606,-8.246269768901656e-05,1.9498156232859327e-05,-5.93714192939411e-06,-3.0394408037416607e-05,8.98550019214281e-05,-7.787405937027873e-06,6.754864267349753e-05,-5.118326998454431e-05,7.781871775585802e-05,9.362703084217646e-06,-2.006229481988407e-06,-4.972090133660905e-06,7.287916405626055e-05,-0.0001237765509278663,-0.00013069772327353773,-7.422866846216085e-05,8.771166830947518e-05
CAI,-0.0002407652469073561,8.8635038726491e-05,0.0005248199535073815,0.00016241747310632586,6.568709373806666e-05,4.8966354652563344e-05,7.391091777155319e-05,-5.562514704135134e-05,0.0003061210603668725,5.957577806084611e-05,-1.9889097096215832e-05,-8.781256244054265e-06,0.00021505131097005161,-1.6644770030882778e-06,-4.860376613984225e-07,0.00025108901954249487,0.00024781052058296953,4.4904724777065643e-05,-0.00014749896726295707,4.251682811750135e-05,0.00014049253093591308,0.00017776303636059265,0.00018515022770347148,-0.00012391587376019226,-8.817177745717776e-05,-4.412954796883219e-05,5.863217507049505e-05,-1.4633167325866267e-05,0.00013574578808053868,3.1628154568553794e-06,1.0113608646253182e-05,-1.614433729661903e-05,1.0876450588686499e-05,6.591343871117716e-05,0.00048685065182691123,0.0001561069591639254,-3.1251659302983945e-06,5.000334956046138e-05,0.00017096591599793443,0.000170419110787393,9.38769444783616e-05,0.00039899887875112104,-5.217116109755568e-05,9.292418191492123e-05,1.7866434343412285e-05,0.00023399976903858816,-0.0009392561329018031,0.00018640522396274026,0.0002558303209995772,0.00013283803353863888,-6.33333218681169e-06,0.00022179393225291839,3.889512770746251e-05,6.359697744838409e-05,0.00013286506430904073,4.870922091733923e-05,-6.886803051331168e-05,-4.8770061777259695e-05,-1.3877803216508785e-05,6.66995721696103e-05,0.0004705152195582509,0.00012231120557712116,0.00017636155484314386,0.00022099529161493053,-0.0004254454284555848,0.00019926951113957247,-9.423898524195685e-06,3.0193879699628054e-05,8.716776218975017e-05,3.828207069710667e-05,3.6051797765040515e-05,-0.0002850281836780667,5.921564011372457e-06,-1.9168872704758933e-05,0.0003497777845381317,0.0003520246783706344,0.00044045519710265367,-0.00012231413526510778,-6.343422886504042e-05,0.000260844150635874,0.0002159982393240959,2.889306124771307e-05,0.00037624672787299685,0.00012235968562226109,-0.00017686182570130754,1.0991087775144492e-05,-4.218654934707747e-05,0.0001974854704957268,0.00030759803662654616,0.00039772731436003253,0.00015489642052528413,-0.0002315183579676432,-4.1901607231981134e-06,-5.072938354022747e-05,8.87057814105148e-05,0.00014390677767743445,0.0010295852814714696,0.0004157126677797235,6.292114949001197e-05,7.67736994824972e-05
CBNK,-4.1717260908393124e-05,8.075306455369041e-05,0.0004743368625941795,9.944200461841183e-05,0.0002199898142119661,0.0001203896613956,-4.042251847828712e-05,-5.436031244746044e-05,5.957577806084611e-05,0.0002434026761043986,0.00030803499715636887,1.2393825859570463e-05,0.000155771241165459,2.6663514900916865e-05,8.215364848155196e-05,7.55651363399375e-05,1.8262944261073553e-05,7.021410534424826e-05,2.137406543592991e-05,0.0001525959512209439,8.431762903642694e-05,0.00016825312471217612,0.00012371755868833097,-0.00026984798089491,-2.282671389949289e-05,6.73964977809752e-05,-3.66406753636363e-05,1.1279402936157223e-05,3.437499930117277e-05,3.275052221691293e-05,2.1890080419220923e-06,6.564372160161765e-05,2.2463795600613912e-05,0.00012564830219808208,0.0002817976358833736,0.00014032904142132909,8.7679053157985e-05,0.00012544277400251128,0.0002675720330401607,-3.874957233289344e-06,0.00019804045661602886,0.0003925996052986594,-4.077994641015121e-05,8.856343175246833e-05,-6.410321302607528e-06,9.948408077836735e-05,-0.0013567978429332268,-8.112699407716863e-05,-0.0001232690737630845,8.73161510273891e-05,-1.0144284012328739e-05,9.221145400647098e-05,5.500241750059865e-05,2.3972658178250135e-05,9.369570628166864e-05,0.00013785526987924906,-5.3671058140883235e-06,-0.00013877178975627979,-7.950387809836766e-06,9.109892543878412e-05,0.0003823549396323014,5.006572797339127e-06,-8.264963480429095e-05,0.00022472492155757728,3.543954035900054e-05,7.495447929201324e-05,-8.526985934798758e-06,2.3081731775029705e-06,0.00012243376705184145,0.00013889450227725882,0.00011363076582435942,0.00047822653815475096,1.112908841507671e-06,-6.69908553165298e-05,0.00030347189699257585,2.818735760174675e-05,0.0002227373331336603,8.20702958384671e-05,-8.537068358911785e-05,6.33003215293703e-05,0.00015936203134498558,3.6741604847920755e-06,0.00042353869490503157,8.75173111365008e-05,-3.183686815052692e-05,1.2039910152123648e-05,0.00011692595107611967,-0.00017672550042907204,0.00017664385826234334,8.713313871095942e-05,0.0001554949796249472,2.3085577428825847e-05,1.1714425496216277e-05,1.3609289691554742e-05,8.61900127648906e-05,-3.222937740497362e-05,0.00064661248844091,0.00018513532352630488,0.00025212359140277076,-5.6138406562262816e-05
CELP,0.0002482966193747808,0.0003913271479123462,0.0006837804555802665,-0.000522077141252951,0.00031186401575018644,-5.6218489056596546e-05,-0.0006090238930116694,1.1923925076869132e-05,-1.9889097096215832e-05,0.00030803499715636887,0.00175154980253908,-4.933231084395591e-05,-0.00024624636733065557,1.1386173428253843e-05,0.00018680624976974734,0.0003688625544026032,-0.00020405981442608498,0.0002725158758585831,0.00011141103616183902,0.00024419203325339684,0.00014973564176183548,-0.00012884638693820086,0.00026928324205649994,0.0004606801891824024,0.00010848152412461847,0.00013698139299849477,-0.0003395310817368526,-1.6375197475410107e-06,-0.00012356879868604897,-3.7417358013917893e-05,2.908340947122065e-05,0.00021873398877780145,1.9389286700033756e-05,0.00017086431292102948,0.0004272474970690267,3.153491182891541e-05,0.0002067740903091844,0.00020261155960286101,-9.682476917991038e-05,0.00023012185792253026,-0.00013180190333321739,-3.127863715058655e-05,-5.165979467526609e-05,8.484985915162376e-05,-0.00012043002998731311,6.909744117938279e-05,6.831511900824813e-05,0.00019043116816407652,-1.7326444372851656e-05,7.265358453547711e-06,-1.4486339690024549e-05,-0.00015908631827747018,9.113617042811356e-05,-9.665605259757017e-05,9.549428177883329e-05,0.00028969254994419964,0.00021803705161550004,0.0004728316434186703,1.257630887970531e-05,0.0002816462061443943,8.762560952597295e-05,0.0002387225090351211,-0.0002169128599020342,5.3854951201226945e-05,-0.0005887785816681049,0.00010162643376709286,-3.0040256904517987e-05,-2.5487984825143742e-05,0.00014373860552669346,0.00023851500486453945,0.0002570234704650131,0.0013454123107196,8.849290626104131e-05,-6.737704915275267e-05,0.0002979042541101612,-0.00047607003192270644,-0.00012429184496671254,0.00046285868543921983,-0.00030923362937816077,0.00011573426494641192,0.0006677182944378182,2.132895136616157e-06,-4.24624321951738e-05,-0.0002864481808455053,0.00012586601364546147,3.340909750114028e-05,0.00016461406452584066,7.046214160931381e-05,0.0008077907840467335,0.0005569472297249022,0.0003641955953352891,-0.0002016039766209225,7.233695656492031e-05,-1.137657863020204e-05,0.00023614967523868664,5.608613430747784e-05,0.0020997223442073194,-0.0005864204833085035,-0.00011701473907176218,0.0002861859894222286
CMSC,-1.2137037832889603e-05,2.0881043641538993e-05,3.80353051990532e-05,3.837067592268997e-05,3.035266406756e-05,6.621712324095292e-06,2.1146518723401344e-05,1.7678079427331109e-06,-8.781256244054265e-06,1.2393825859570463e-05,-4.933231084395591e-05,1.4727208774807517e-05,3.0136660712528604e-05,6.016794373589653e-06,2.6690046481791483e-05,8.416293234987621e-06,-3.680636529283594e-06,-1.7742815871499718e-06,2.1355386230919176e-05,2.3003983074280397e-05,-8.194704361276419e-06,5.185542513305201e-06,2.326727520339329e-06,-0.0001075847349616083,-1.1165913709133662e-05,-4.7571712546338086e-06,-1.1048971778537895e-05,1.094302945468491e-05,-1.2495156639103708e-05,3.728458922884775e-07,4.147713861693139e-06,5.544914538029306e-06,-2.5818163418376685e-06,7.895735042154679e-06,-3.3004071218068916e-05,3.321580847979391e-05,6.8816980405784526e-06,-1.6760635136857623e-05,4.275922310800336e-05,2.062603180432559e-06,1.419399476862763e-05,-3.3482846734387563e-05,-4.113589647429739e-07,-2.2455049249911835e-05,-1.3469011698275631e-05,4.0327253268382985e-06,0.00021868701962128362,-4.250279168943994e-06,-2.204864003271868e-05,4.068631153067221e-06,3.2013089420554605e-07,-1.3069202723094354e-05,1.691977261908725e-05,-4.2639568088777106e-05,1.190392519606321e-05,8.995703651690969e-06,6.24748600424109e-07,-4.11102035042408e-05,-8.007321152255267e-07,1.0512313474815465e-05,7.77444211218704e-06,-4.465500070375609e-05,2.4918310126731175e-05,1.0227643847367157e-05,-8.121272136519224e-05,7.175026357103462e-06,5.849788589948976e-06,1.1117265129633514e-06,6.9944789848447855e-06,-3.076004750209822e-06,1.0112266445559576e-05,-1.5233795930534937e-05,-1.9476341041422338e-05,-3.051276527758005e-06,-1.4639106825615922e-05,-6.860921875276463e-05,3.337277436812065e-05,-1.3254644010042877e-05,1.137483094148683e-06,1.9901161904795128e-05,3.359060438911365e-05,3.5425390975170584e-06,3.3926385223941586e-05,6.35289768763509e-06,-4.1989536884902334e-05,-1.6175415352021058e-06,1.1660175068728064e-05,2.6371784664449012e-05,-3.590959254524955e-05,-1.941423305316173e-05,-3.337131260329756e-05,3.365202211301107e-05,3.4293810839089233e-06,2.3744726927288358e-05,8.485646579332118e-06,3.713245886910641e-05,-0.0001912532399788901,3.41934007887052e-05,2.4089348541489062e-06,-2.8897812954255723e-05
COLM,-0.0002539768662089249,0.0001587252671137146,0.0006914548867005362,0.0004407249429930051,0.00031877128921668335,9.122667267611214e-05,0.0002428804816800623,-6.938576152442047e-05,0.00021505131097005161,0.000155771241165459,-0.00024624636733065557,3.0136660712528604e-05,0.0005628474315899493,1.8908279281121063e-05,0.00014141491373032534,9.36336963632045e-05,0.00019753026787529154,5.721149211233691e-05,-2.0658635238737024e-05,0.0001840229579722215,0.00012871921368719696,3.725865611044434e-05,0.0002311821044011771,-0.00026748741955711914,-0.00010997179643648009,-2.767563304809473e-06,0.000367928076796616,2.863702653561029e-05,0.00011156879920198676,4.255752237386423e-05,2.3753311105628978e-05,0.00015559243470407262,2.455742736702367e-05,0.00014309646145922364,0.0004488937149394219,0.00037252188189232117,6.0420896626814835e-05,-5.640028801990397e-06,0.0005181003158727662,0.00014996066723439627,0.00023703898824451543,0.00040611221887748827,-3.0987219467647614e-05,0.00015492527465985062,8.513316510417005e-05,0.0002094036987010975,-0.0010020552487062385,0.00014787800119224942,-0.00023533453771533116,0.00023317270742528415,-7.287255313039994e-06,0.00011954661083253077,0.0001716523604435027,-0.00023194791009935068,0.00020921357609512395,0.00016591641353372642,-0.00013030441287969607,-0.0008556517977043554,-1.6010367618296624e-05,0.00014036572916753453,0.0005774413324510579,-3.140382150698336e-05,-0.0003332078381944739,0.00034331209635476566,0.0010791086524293803,0.0001799031487388252,3.587542531062093e-05,1.422250543345937e-05,0.00017127290735477233,7.142778487051148e-05,0.00010917131994181688,-0.0001770219753288544,-2.4141141311352835e-05,-6.192017538469763e-05,0.00025602412328995066,0.00011101007974951718,0.00035899023872938983,-2.556457364370799e-05,-6.28923629430741e-05,0.0002567571198740742,0.00022018797153332796,3.600945545528367e-05,0.0004683443739863149,0.00022689108182557426,-0.00017367438561315698,5.2298622422896616e-05,8.366237540827444e-05,-0.00017242378709269796,0.00011457974386651973,-0.00019623350461296126,0.00013405390897315808,-2.7083809196982883e-05,1.230169475867016e-05,7.066387779662193e-05,0.0001328209651005774,0.00020082105287463523,-0.0018181931062185202,0.0005157243801146309,0.0002978654776666125,1.7307734970960417e-05
CURI,1.7319596808215018e-05,-3.0905745197541673e-06,6.322867649741642e-05,1.264531116987243e-05,2.27614356945968e-05,1.9933755799595598e-05,7.014975579139579e-06,-8.90871974826104e-06,-1.6644770030882778e-06,2.6663514900916865e-05,1.1386173428253843e-05,6.016794373589653e-06,1.8908279281121063e-05,6.00266655277965e-06,4.479185104887287e-06,-9.953305263292445e-06,8.266146309992255e-07,3.473381909602652e-06,-1.9974614821583532e-05,2.600109434158129e-05,-2.811441745217405e-06,1.2675424422702578e-05,1.1998552233426494e-05,-8.393465280105445e-05,-5.839326887159438e-07,7.427479651070439e-06,-1.24429570814886e-05,2.6214286933439413e-06,8.590741374535202e-06,3.0274642784732962e-06,-3.174879834293118e-07,8.34756925712909e-07,-1.347128373941071e-06,1.3785819601289036e-05,-1.9152008268700634e-05,1.9580953845664422e-05,1.060430028326496e-05,3.111400890885966e-07,3.6030348021080317e-05,-1.4104646001936595e-05,3.4950704499424315e-05,2.1864814035464456e-05,-7.786913277827929e-06,-2.385732501259658e-06,-9.981051748921547e-06,-1.8975176317677404e-06,8.588406431184953e-05,-3.799093691863104e-05,-1.3401396905618182e-05,-6.558818517766283e-08,-6.091002400858338e-07,6.427514740031861e-07,8.466123095369784e-06,-1.1062911200131885e-05,5.864998299870528e-06,1.8939202465469923e-05,2.627797390755531e-06,-5.447963086929348e-05,-3.2577696524463288e-06,4.0382487313938e-06,2.1515772516899537e-05,-1.4849152319054586e-05,-1.266570547355814e-05,1.8565100549024804e-05,-8.537584706617992e-06,2.6237214179568894e-06,3.545580667231829e-07,1.2313317965957025e-06,1.3686725504773199e-05,1.4080153098714793e-05,1.2841497275152706e-05,5.443929037015129e-05,-6.0621396801438185e-06,-7.3326329321432844e-06,8.465867419811791e-06,-1.998128895107937e-05,3.923958187364788e-05,1.5433164648102233e-06,-4.890152138632651e-06,-9.830481929288342e-07,1.2453776046658556e-05,2.8109425823017636e-07,7.201086656264764e-05,1.6217800257086086e-05,-1.8470869404465244e-05,7.740593492445382e-08,1.7084231692688128e-05,-2.6009791593730416e-05,-2.6043646977262008e-05,-3.7634077320421474e-05,8.200759264559834e-07,-3.511331540392136e-06,8.255267981738609e-08,1.3446233323423331e-05,3.65859336818156e-06,-1.517548657846174e-05,-5.064642886270523e-05,2.654071468236192e-05,1.843476589257588e-05,-3.5383242395259555e-05
CVLT,-0.0001669801314576915,0.0003540721430340948,0.00022519853744266093,0.00016377846610846568,0.00023363999742197016,-9.41756945454575e-05,-0.00028348940082684616,3.0176391010001098e-05,-4.860376613984225e-07,8.215364848155196e-05,0.00018680624976974734,2.6690046481791483e-05,0.00014141491373032534,4.479185104887287e-06,0.00026945808592630755,0.00036945719256936606,-3.359193138671128e-05,0.00011540493187886697,0.00034086236731028445,0.0001802365508730789,7.015223601918913e-05,-2.371122124747564e-05,0.00010068801793352045,0.0004167921193736442,2.5956476171200316e-05,6.705798211494341e-05,1.6506848174735203e-05,7.661007411503609e-05,-0.00014919941792839743,2.0798250477465293e-05,4.2108446724244806e-05,8.311663878853625e-05,2.188654860297784e-05,0.00010420334047740113,0.00046203475261434785,0.00022231684638486504,0.00011936016611127282,5.8044585438837296e-05,0.0002090324024503763,0.00024789004315100465,-0.00012674197701783132,-9.764150897007013e-05,4.9252518448031924e-05,2.1128159139489748e-05,-6.324152939734969e-05,0.00011168359777787174,-0.00045436902484320533,0.0003183892750391293,-0.00011917047070967622,4.307631701524112e-05,-5.354574932079928e-07,-9.498161637415672e-05,0.0001091961439225853,-0.0001277454703453417,0.0001743898339689039,0.00015750903869939648,5.513194105974329e-05,0.00028517026603644543,3.136162025319428e-05,0.00022784356051116844,9.537148715269833e-05,-0.0001286882221275129,0.0001611023099360838,0.00015749653430502107,-5.5113395263792805e-05,0.00012713890616356313,1.4665400034716994e-05,1.741118581571533e-05,9.837617418129784e-05,6.561300613520569e-05,0.00014651353187367344,0.00018849053111193368,-0.0001264998423205977,-1.4676077563561373e-05,7.222494053131036e-05,-0.00023239865336925183,-4.1482815065983395e-05,0.0002061310780366935,-0.00011947140272897713,0.00021904935637462623,0.00032491271687441775,3.164391679726864e-05,-0.00011715866788074384,-7.50880613356338e-05,2.0972589588186783e-06,4.0336923295337695e-05,0.00012129426328723122,0.0002700980367070679,0.0005458341786829793,0.00030692427304374834,2.16103250019368e-06,0.0002373157556112724,5.127925278316188e-05,4.526722847391852e-05,0.00018415167633610688,0.00041099919323598884,-0.00015980515083068996,-3.187856588551787e-05,5.228536976091886e-06,8.643863954469188e-05
CYCC,-0.00040788257587257514,0.000622596353484777,0.0005269095226922788,0.0002405833603881055,0.00019336428139984363,-0.00019087469887523462,-0.0007537651137700559,1.0752853507073804e-05,0.00025108901954249487,7.55651363399375e-05,0.0003688625544026032,8.416293234987621e-06,9.36336963632045e-05,-9.953305263292445e-06,0.00036945719256936606,0.001022324172611749,0.00015720813512943042,0.00023665872371911152,0.00040058356536121036,0.00029012215345859937,0.0001996650840790963,0.0002169263046248925,0.00024747385348367735,0.0010931508737780586,8.520725261375817e-05,0.0001329122822198263,-0.0001917935186498149,0.00011482775308866549,-0.0001624470277219069,3.3622604402858895e-05,6.987253310507278e-05,-0.00012561793573283726,3.6087271384202344e-05,0.00018026599897303167,0.0012621829364485029,0.00034599259546832996,0.00019171739142351962,0.00020276864780848617,0.0002298291132950421,0.0005778170994070182,-0.0003073863709748446,7.225711278483096e-05,6.0419037378694126e-05,5.772673145147371e-05,-0.00020789596045219072,0.000333930508466194,-0.0014723917307297926,0.0006317594771323006,0.0004085467895842388,4.027211576175007e-06,-1.715318255905977e-07,2.9019230141869562e-05,9.304832171899817e-05,0.00016460142653955328,0.0003597014340381552,0.0002642126281197791,0.00014136592191086816,0.0013435873259991314,6.0841061183192636e-05,0.00040768998369181684,0.0002682760413533749,-0.00011835222555091717,0.0009835404844926658,0.0003602363729343926,-0.0014900917180538907,0.00037331531413603705,-2.9760931711848132e-05,9.857541971570785e-05,0.00018166223598672265,0.0001384432753972738,0.00024481753628395906,0.00011699091321689952,-0.0002952098804568742,9.237091792523157e-06,0.00038614040753394364,0.0001498381346513903,0.00029134114106732495,0.00027990295616522605,-0.00025985241916526693,0.0005381606466760181,0.0006097013635663898,7.332678720117878e-05,-6.950113348400764e-06,-0.00011387900316061524,-3.334985721609472e-05,6.400935247710919e-05,0.00014475090701561503,0.0009705799265485857,0.0014573283543056316,0.0012533701228135531,8.752382973522043e-05,0.00017080403538698096,7.324097907043319e-05,-5.635883021872248e-05,0.0003587831175192568,0.0008025575920875449,0.0029066950833971155,0.00015122655670488303,-0.00019377396661328397,0.00011469381798139298
EBMT,-0.00012790510366924546,8.89073415228518e-06,0.0004231977378830545,0.00017672631901607133,1.878134033160338e-05,4.219814038466981e-05,-3.1445644544566396e-05,-6.515508241324685e-05,0.00024781052058296953,1.8262944261073553e-05,-0.00020405981442608498,-3.680636529283594e-06,0.00019753026787529154,8.266146309992255e-07,-3.359193138671128e-05,0.00015720813512943042,0.00028459594315673653,9.814983401492252e-06,-0.00025864527328512516,7.935405092216523e-05,5.7953330584936215e-05,0.0001533086088349899,0.00011894900717625186,-4.753106286696073e-05,-2.9383379972047854e-05,-4.8136829098585435e-05,4.182359081343769e-05,-1.0956493301947125e-05,0.00018149002988151764,1.8538582455091236e-05,-1.8496739254913177e-06,1.029596176968808e-05,-1.2013316771794276e-05,6.510673214044222e-05,0.0003439074600219234,0.00012959932199858339,1.22195700865822e-05,3.724864029865025e-05,0.00018900813117381194,9.175935970424119e-05,0.00013400227662982886,0.00037920143433571303,-3.211170632519457e-05,5.344812030769732e-05,-4.305244277892735e-05,0.00012769308607192315,0.00013339037055830441,0.0003183347308247536,0.0003426268014271171,-8.837384942936524e-07,-1.1240149366266893e-06,0.00023406715984421707,-3.8842629326494464e-06,0.00013635250919724756,0.00010873562095569761,7.417401971303621e-05,-6.559999551547537e-05,-1.5845921404345842e-05,-2.5274088865777335e-05,4.303495420701018e-05,0.0003231628882095454,0.00016931749863716584,0.0002103425774571767,0.00022734676671026148,-0.0004326386402836072,0.0001592265206015006,-1.1000891373961287e-05,9.987289680080942e-06,8.395391316993432e-05,7.269476721262137e-05,3.452604456250999e-05,-0.0003196553708974274,-2.3459505258015033e-05,1.4149737375667594e-06,6.207269010304842e-05,0.0003372529585901186,0.0002723746202946883,-7.226651479107748e-05,-1.7315748970228217e-05,0.00019122123232905044,4.4392039363771416e-05,2.344200295474111e-05,0.00030862778511922957,0.00016163260719455127,-0.00016512883148371978,-3.6947561935508492e-06,-4.3419875678786846e-05,9.441491043231593e-05,0.00026050805228983057,0.0001840345632045242,4.9204878861533366e-05,-0.00024967403936797564,-2.022098972532931e-05,-5.489503034032818e-06,4.973757062198131e-05,7.533534257334482e-05,0.0002198237680310244,0.00032853013008925436,0.00016079982536071303,-2.577164610948232e-05
