,ARLO,AWF,BX,CDE,COW,CREX,DVY,EMNT,EVLMC,EWL,FNDB,FTXG,FUSN,GJO,GPMT,ICFI,KAR,KBNT,LMRKO,LXP,MJ,MJO,NKG,PQIN,PSN,RTX,RYAAY,SABRP,SJR,SMM,SMMD,WEC,WLKP,YY,ZI,ZNGA,ASGI,BMRN,BRID,BSCS,DMF,GFL,MVT,NAKD,NVTA,MLI,RWVG,TYHT,UJB,UYM
ARLO,0.00020694446003897423,4.524305346996562e-05,4.798697056304633e-05,0.00036388749736292864,2.105652147312113e-05,0.00017002681613563806,-0.000147917364130129,-9.278170629530913e-07,4.819948224462737e-07,-1.911513604733841e-07,-3.0325586996138686e-05,3.627736968430356e-05,0.00010451174723627548,-4.7886846503532555e-05,2.9114125403623788e-05,-0.00022947489290458788,5.238054377274401e-06,-4.520525688141115e-05,-4.347078156185762e-05,-0.0001427926116811963,2.9457841410290095e-05,8.049716912540307e-05,-4.5001935774799146e-05,2.17173972809705e-05,-0.00011953235312202598,-0.00031282662162653593,-5.469260423831297e-07,3.043022590546025e-05,-2.456106850343541e-05,-7.619795993369918e-05,-3.804748854907836e-05,8.233894573360988e-05,-0.00043425814855028695,0.00021107282713112976,0.0005067942929583439,0.00025201337936849456,-0.00016351008293135136,-3.505355680179937e-05,8.044601879739409e-06,3.3956476851894646e-06,-2.139674013647977e-05,-1.2628376102580473e-05,-2.6261728881520222e-05,0.0016799992973603535,0.0003292203951046689,-0.00019009702079350322,-0.00016684156156852298,-0.0005569052645644156,1.6149551587922924e-05,-0.00027422703499332924
AWF,4.524305346996562e-05,1.1722771593426795e-05,2.4390465961681473e-05,8.988837672057194e-05,1.3745441674392717e-06,0.00012829806171902594,-2.994475488658591e-05,-2.1771616283425942e-07,2.104406014421833e-07,5.087804115837429e-06,-2.2593132237873962e-06,1.8630426034511546e-05,3.960837443318313e-05,-1.3832727121110571e-05,-2.765476704709551e-06,-3.7788284452521906e-05,3.013370106418916e-05,-2.0013480125102903e-05,-9.981403308061523e-06,-1.9261188317130675e-05,3.5370553669069187e-06,9.022653348923477e-06,-9.396441560179404e-06,6.869021503230132e-06,-2.6996141710894515e-05,-6.0247836205105885e-05,7.538027135608159e-06,4.5470022003748965e-05,-7.824578862506516e-07,-2.0648471906217997e-05,-1.716530874915698e-07,2.5564311112154205e-05,-0.00010025570226431026,6.597376115723177e-05,8.098618900879536e-05,7.719531343476283e-05,-4.74334187701279e-05,4.272104382150123e-06,2.080491375585418e-06,2.6986808509296456e-06,-1.585296104073344e-05,2.777086342625277e-06,-5.229195202761041e-06,0.0005242779565682299,7.967577898085123e-05,-4.215556028039077e-05,-3.5694932411895714e-05,-0.00011736484878164914,7.613892125163697e-06,-7.120147932739468e-05
BX,4.798697056304633e-05,2.4390465961681473e-05,0.00021296271663341268,0.0002541763222180832,-7.023622686647658e-05,0.0008250601032317716,-3.731138067598751e-05,-1.5415482555466037e-06,1.2132880370252634e-06,7.081894116119084e-05,-3.126496380781233e-05,0.00011417984110168058,-1.9476248391948758e-05,-8.001512554545203e-05,0.00013902736382050325,8.79721281584662e-05,0.0003090676709338778,0.00025996468767485045,-2.357205631203479e-05,0.00013926017178185024,-7.039925051337402e-06,-0.00012387489148448899,-1.7060537379301078e-05,4.23747921254501e-05,-4.239493657863889e-05,5.7940491112851484e-06,-3.86742420123775e-05,0.0003893741760463953,5.219188044863579e-05,3.8402887373547685e-05,5.798515426628323e-05,8.248161807237479e-05,5.930219025194896e-06,4.4569715847265335e-05,-0.00018547214812159792,0.00027626911721381547,-0.00022017507471529084,1.1670438227494112e-05,7.048711777063763e-05,2.2810587672295965e-05,-0.00011882514101289373,0.00011137514474835762,4.89360771308263e-05,0.002069258291835575,0.00022445424228496565,5.199108419236832e-05,-7.5044792675586e-05,-0.00019852623951996593,3.268721132249366e-06,-0.0003067033657737034
CDE,0.00036388749736292864,8.988837672057194e-05,0.0002541763222180832,0.0007848104365512015,-2.9191649807628837e-05,0.0009023431985969404,-0.000266672313021976,-2.8661877126835853e-06,1.7287957071065411e-06,5.889059804988859e-05,-8.309878450729792e-05,0.00014745835430383697,0.00011626647414360054,-0.00014432415559586753,0.00019082745095260433,-0.0002888637308170729,0.0002560891001860924,0.00019272982583401534,-8.849035614072565e-05,-0.00010620840719554677,4.315736246703312e-05,1.9702519591706397e-05,-8.610074861160953e-05,7.029931683854412e-05,-0.00022276007834767325,-0.000488443534601291,-4.942094076803822e-05,0.00035572378713041587,4.576715780151197e-06,-7.460892503481464e-05,-1.621106940537495e-05,0.00019313882808770123,-0.0006542106738037192,0.0003361746298678624,0.0006501509363297864,0.000615355289162048,-0.00044218680544833185,-6.141649246925709e-05,7.872048475423643e-05,2.3814664265405403e-05,-0.00012823032239682209,7.758148054111519e-05,5.207387756808163e-06,0.004302918289364864,0.0007073836389847834,-0.00024223091445369833,-0.00032906282727247337,-0.0010518768542818774,2.1598088048284046e-05,-0.0006952591477061918
COW,2.105652147312113e-05,1.3745441674392717e-06,-7.023622686647658e-05,-2.9191649807628837e-05,3.442286043484056e-05,-0.00019277584442430626,-8.146477929539568e-06,5.692812937026134e-07,-2.9597580285681057e-07,-2.5838279507953477e-05,1.9361726375925672e-05,-2.807878142277867e-05,7.085943897082591e-05,2.3847646924741347e-05,-8.68233681228363e-05,-6.998483472822397e-05,-9.672654178601644e-05,-0.00016918948951940676,1.6021089733082206e-06,-7.849001911874035e-05,3.8285545257153475e-06,6.399853977451147e-05,-1.1573864093524774e-07,-1.268815442190009e-05,-6.372310189755083e-06,-5.487127564446797e-05,3.7219561933839206e-05,-0.00011142570469725881,-2.2707635849121048e-05,-4.6078606249519134e-05,-2.085193957306242e-05,-8.103799784371292e-06,-0.00011201748174273284,6.786160471903123e-05,0.00014444139763727617,-3.964749758312848e-05,5.3119757475380736e-05,1.2571525468200975e-05,-3.451286449757567e-05,-6.873439327195412e-06,3.278769620049616e-05,-4.901480082667356e-05,-3.043801267521302e-05,-0.0003623395611374101,-2.7184360746224375e-05,-7.113300256026154e-05,3.857937189209554e-06,-1.0458229644603654e-05,1.0972152966147689e-05,7.479364664726556e-05
CREX,0.00017002681613563806,0.00012829806171902594,0.0008250601032317716,0.0009023431985969404,-0.00019277584442430626,0.004765425240269695,-2.312055732387604e-05,-2.6873005220883448e-06,5.920416405697515e-06,0.0002862437388954964,0.00013648505753884114,0.0005861298716627033,0.0007528360081470038,-0.0002490569240903588,-0.00023352624144111326,0.0004735547325683224,0.001532385844379237,-0.00020200638684699787,-6.911551237708566e-05,0.000557285840247252,-0.00011226984943871477,-0.0004361871780046482,-2.4725010202480944e-05,0.00014411739081203896,-0.00014910355170564928,0.0001642978643449682,0.00028615522955431817,0.0020419763429444793,0.00023058281113648942,-0.0001767890321126402,0.0003789232586850543,0.000449791069445122,-0.0004777795721644569,0.0010087314489420876,-0.0011417847952014672,0.0013555121726754158,-0.0008071459232395799,0.0004959256338017804,8.724242041247869e-05,0.00010713172654514844,-0.0006019563009440835,0.0003357358266414006,5.384622833056473e-05,0.009667939923340519,0.0007411748444847224,-8.759749041303993e-05,-0.00013952517382618456,-0.0003395104676605478,0.0001856993047226474,-0.0009390182815131696
DVY,-0.000147917364130129,-2.994475488658591e-05,-3.731138067598751e-05,-0.000266672313021976,-8.146477929539568e-06,-2.312055732387604e-05,0.0001135085730398002,9.104380661867492e-07,-2.7406538605002186e-07,-1.783023283767957e-07,4.0002520248697015e-05,-1.7347820906046032e-05,-1.524122375883889e-05,3.936738840984834e-05,-7.704065669137682e-05,0.00016982095854616762,1.4829703480420175e-05,-5.726016120574282e-05,3.261585916193123e-05,9.974850228679462e-05,-2.6643003271959864e-05,-5.1721005281020225e-05,3.4937025512548625e-05,-1.741946146451036e-05,8.609504830013354e-05,0.00023060763448142673,3.1641314676849076e-05,9.694934371983755e-06,1.8478834050444647e-05,3.0272696176652097e-05,3.67456145554474e-05,-5.028684002825269e-05,0.0002711458616734672,-9.092477057484507e-05,-0.00038433053853682234,-0.00016226701970881307,0.00012216499057154609,5.620850327720909e-05,-1.9874043716524165e-05,-1.4478149328552643e-06,7.075516433258964e-06,3.7924341765276277e-07,8.201736277990033e-06,-0.0011029688977618815,-0.0002449618429943048,0.00011298937954675551,0.00012956551749871044,0.0004263611296858147,7.076087847630824e-07,0.00021597707700756678
EMNT,-9.278170629530913e-07,-2.1771616283425942e-07,-1.5415482555466037e-06,-2.8661877126835853e-06,5.692812937026134e-07,-2.6873005220883448e-06,9.104380661867492e-07,1.956428540014162e-08,-6.845355076922524e-09,-4.4300585273689853e-07,8.233986626643737e-07,-5.590005977927298e-07,1.5476778633105653e-06,7.88427245843412e-07,-2.594994844409678e-06,3.334629395168361e-07,-1.3654675796106008e-06,-4.089423079847192e-06,3.230468565646314e-07,-4.850206698900948e-07,-2.1127721450579813e-07,6.842881363030107e-07,3.2386602402581696e-07,-3.821266837230753e-07,6.452478814120453e-07,1.1281823958306575e-06,1.157640931541992e-06,-1.5566690191020707e-06,-2.1775695099728443e-07,-7.134957785691006e-07,4.164024317259584e-08,-5.060631469507801e-07,1.3909646714769932e-07,8.428709712251345e-07,-1.0633938583482464e-06,-1.94062106219956e-06,2.0065018662351994e-06,9.516580574915675e-07,-8.721770410194013e-07,-1.2150056788299083e-07,5.526353490655253e-07,-8.986336785211465e-07,-5.304736830058994e-07,-1.4957084180242098e-05,-2.6679919515043715e-06,-4.097814567077024e-07,1.2741876344004774e-06,3.7545166667531354e-06,2.9069469902971976e-07,3.307569658051888e-06
EVLMC,4.819948224462737e-07,2.104406014421833e-07,1.2132880370252634e-06,1.7287957071065411e-06,-2.9597580285681057e-07,5.920416405697515e-06,-2.7406538605002186e-07,-6.845355076922524e-09,8.109931554860442e-09,3.94631129033646e-07,-1.1345521330855805e-09,7.75824937846316e-07,6.65283197100626e-07,-4.414491298557494e-07,1.8040431526580882e-07,3.2483018651794526e-07,1.9524874497120075e-06,4.10115152920553e-07,-1.5979852233919921e-07,6.110287700967609e-07,-7.216117738589119e-08,-5.490086224877477e-07,-1.1096322218075106e-07,2.3931875282682086e-07,-3.535855888317067e-07,-2.0926062674643387e-07,1.3283547474285172e-07,2.5745854958792366e-06,2.787853320753454e-07,-1.337302214601474e-07,3.9443571471098733e-07,6.445442967238983e-07,-8.52398942382658e-07,1.1401686088314968e-06,-7.720405378602197e-07,2.012903768245777e-06,-1.3466194123949544e-06,3.7957922482613834e-07,2.461277762348689e-07,1.4278890645896665e-07,-7.82619915436614e-07,5.164483631037993e-07,1.2966541977696022e-07,1.4460103452241682e-05,1.4916223236752657e-06,-1.5935383917722477e-07,-4.772940770781174e-07,-1.3695691958939204e-06,1.7251258870553503e-07,-1.7820036319608771e-06
EWL,-1.911513604733841e-07,5.087804115837429e-06,7.081894116119084e-05,5.889059804988859e-05,-2.5838279507953477e-05,0.0002862437388954964,-1.783023283767957e-07,-4.4300585273689853e-07,3.94631129033646e-07,2.495113136660648e-05,-6.755977102438866e-06,3.807601811414671e-05,-9.799465535493115e-06,-2.3755493374737927e-05,4.1207666736786285e-05,5.053946504907757e-05,0.00011030398931091181,8.67855410805931e-05,-4.567896738513191e-06,6.067519917168988e-05,-5.4532173422833115e-06,-4.976564516787729e-05,-2.028107513798667e-06,1.2960879990689528e-05,-5.00069369768098e-06,2.8576166891091776e-05,-1.0589456448977515e-05,0.00013776683067690925,2.0518064136412312e-05,1.7515650113286105e-05,2.450317464657766e-05,2.309220162689139e-05,3.422356559544853e-05,4.015514478751971e-06,-0.00010939979180151928,7.827294489382652e-05,-6.359240846390743e-05,1.0001680217414424e-05,2.2828091250900423e-05,7.8546022819527e-06,-4.090884908855536e-05,3.947681627639652e-05,1.8407974229129235e-05,0.0005999746096650979,5.0984187371664515e-05,3.1846996550567856e-05,-1.1673042143408766e-05,-2.123096845454205e-05,9.929278837545876e-07,-8.353476174420714e-05
FNDB,-3.0325586996138686e-05,-2.2593132237873962e-06,-3.126496380781233e-05,-8.309878450729792e-05,1.9361726375925672e-05,0.00013648505753884114,4.0002520248697015e-05,8.233986626643737e-07,-1.1345521330855805e-09,-6.755977102438866e-06,4.9068205147888116e-05,5.577383557412957e-06,0.00012648481402268788,2.483687238010633e-05,-0.00014613179969795345,3.503460988892677e-05,1.606530636497743e-05,-0.0002244593343843178,1.1108480445982732e-05,8.261042080560107e-07,-1.610601766711388e-05,1.388324067689217e-05,1.3594840691107814e-05,-1.0775497270291985e-05,2.029566617026585e-05,5.542566988018059e-05,7.593562505803465e-05,3.590144911674692e-05,7.988157824261505e-07,-4.979494427298835e-05,2.2045213352243577e-05,2.410947213557735e-06,-3.660508579086579e-05,0.00010863091071327955,-9.967859180826766e-05,-1.4055451685225392e-05,5.1818900180140794e-05,7.578325519178775e-05,-3.9835892374536584e-05,-1.0479778424082994e-07,-6.221515776439686e-06,-2.7991067064207893e-05,-2.5393401930577686e-05,-0.00016246950104619351,-8.329158097321668e-05,-3.348999514386675e-05,5.149966504807338e-05,0.00015325437181268992,2.612030328360441e-05,0.00010731659723977875
FTXG,3.627736968430356e-05,1.8630426034511546e-05,0.00011417984110168058,0.00014745835430383697,-2.807878142277867e-05,0.0005861298716627033,-1.7347820906046032e-05,-5.590005977927298e-07,7.75824937846316e-07,3.807601811414671e-05,5.577383557412957e-06,7.512770741216255e-05,7.26435226721065e-05,-3.910718501288389e-05,3.1688764665986658e-06,4.414017144553079e-05,0.0001926665328273362,2.1470131712626675e-05,-1.2926943580441298e-05,6.563369042529128e-05,-9.714112417152888e-06,-5.574024301188907e-05,-7.851519264183982e-06,2.161484818906288e-05,-2.807010977209328e-05,-3.0500480516797655e-06,1.998751239689302e-05,0.0002544672994187465,2.8375988089545085e-05,-1.4643821278860672e-05,4.2190592085412695e-05,6.014334623824742e-05,-6.970164186467208e-05,0.00011334209021990888,-0.00010488085338141065,0.00018605641419042727,-0.00012079337680919448,4.55295337288656e-05,2.016675534685517e-05,1.3853657100447906e-05,-7.644237502133876e-05,4.856894962622538e-05,1.1429846729876972e-05,0.0013361170914419481,0.00012556397598268795,-1.1151511526929239e-05,-3.546940155906866e-05,-9.81793034331991e-05,1.8660244016315703e-05,-0.00015401264288205315
FUSN,0.00010451174723627548,3.960837443318313e-05,-1.9476248391948758e-05,0.00011626647414360054,7.085943897082591e-05,0.0007528360081470038,-1.524122375883889e-05,1.5476778633105653e-06,6.65283197100626e-07,-9.799465535493115e-06,0.00012648481402268788,7.26435226721065e-05,0.0005092446219625631,2.1987941302506398e-05,-0.0004263469682710614,-8.637041699236623e-05,0.0001120694835701456,-0.0007315516909624513,-8.823877867805955e-06,-0.00010749002359662047,-2.6162410965362223e-05,9.956098424116153e-05,-9.809797566868985e-07,-7.299081442573542e-06,-5.385816128772201e-05,-0.00011278904085510011,0.0002412319506519184,0.00021494919498373449,-1.1356269087525826e-05,-0.0002281410005303241,4.648680670404113e-05,0.00010015783560552206,-0.0005286311193945445,0.0005626739740410135,0.00011928999150804861,0.00024058900234796084,-2.3544406237159848e-05,0.0002170494565629733,-0.00011037098591945487,6.886805282544645e-06,-6.152743820224902e-05,-8.389360939232891e-05,-9.927509393775078e-05,0.001418874583729285,7.76719853762144e-05,-0.00027986740905279126,-2.1246422967324875e-06,-5.8964910222382885e-05,0.00010132253614630715,3.8362353653916505e-05
GJO,-4.7886846503532555e-05,-1.3832727121110571e-05,-8.001512554545203e-05,-0.00014432415559586753,2.3847646924741347e-05,-0.0002490569240903588,3.936738840984834e-05,7.88427245843412e-07,-4.414491298557494e-07,-2.3755493374737927e-05,2.483687238010633e-05,-3.910718501288389e-05,2.1987941302506398e-05,3.679314142697482e-05,-8.07287491546367e-05,9.098321707594822e-06,-9.400959595595065e-05,-0.00012732597928699548,1.53791528967496e-05,-2.5672637561856954e-05,-5.159684857209784e-06,3.1999607287587435e-05,1.4095349303374035e-05,-1.8485388109010733e-05,3.290367911818651e-05,4.9988628659058414e-05,2.9586925544307385e-05,-0.00011783303460993205,-1.3130904447270748e-05,-1.3921548664017022e-05,-8.401023432661735e-06,-3.564099783859296e-05,4.40729035271352e-05,-1.553196921623648e-05,-2.7964864638281554e-05,-0.00012146872690231512,0.00010143102373274542,1.806213694437399e-05,-3.2251240090370673e-05,-7.60997654820397e-06,3.855708871421538e-05,-3.9791872616621945e-05,-1.78898028269468e-05,-0.0008969282367092795,-0.00013070141818198014,-2.1135885125478875e-07,5.621143284288478e-05,0.0001670472791060283,2.9313099023427624e-06,0.00015514323747899247
GPMT,2.9114125403623788e-05,-2.765476704709551e-06,0.00013902736382050325,0.00019082745095260433,-8.68233681228363e-05,-0.00023352624144111326,-7.704065669137682e-05,-2.594994844409678e-06,1.8040431526580882e-07,4.1207666736786285e-05,-0.00014613179969795345,3.1688764665986658e-06,-0.0004263469682710614,-8.07287491546367e-05,0.00047127260499822915,4.79875763538769e-06,4.002717971089839e-05,0.0007707183529293831,-2.4375839323754666e-05,9.107545053643855e-05,3.568855007593146e-05,-0.00010796034100015422,-2.9412457095103466e-05,3.691864554638641e-05,-2.950768340861359e-05,-5.00224977476859e-05,-0.0002404551289008119,-5.68502866938912e-06,2.1949201767491416e-05,0.00018980547499520227,-3.553464472049004e-05,-1.3580277140943384e-05,0.000272863308319793,-0.00039307873714178267,5.934563804158009e-05,3.0143539714904756e-05,-0.00016049742662832127,-0.00021249645641952314,0.00013797064577426003,5.738969957950712e-06,-8.085882048897739e-06,0.0001218124925006655,0.0001007286277964937,0.00047526637939829524,0.00019552704905207,0.00018665696926894494,-0.0001158127867349066,-0.0003150417928545558,-8.390120772078054e-05,-0.0003124998469361275
ICFI,-0.00022947489290458788,-3.7788284452521906e-05,8.79721281584662e-05,-0.0002888637308170729,-6.998483472822397e-05,0.0004735547325683224,0.00016982095854616762,3.334629395168361e-07,3.2483018651794526e-07,5.053946504907757e-05,3.503460988892677e-05,4.414017144553079e-05,-8.637041699236623e-05,9.098321707594822e-06,4.79875763538769e-06,0.0003612952885825698,0.0002332090239168917,0.0001518962211225934,4.0138341569941996e-05,0.00027917488232534466,-4.828878389329806e-05,-0.0001851986080654135,4.7997651732423605e-05,6.679972261891614e-07,0.00012272692976863017,0.0004100356301792817,4.989173694257646e-06,0.0002716512142538232,6.955335243126568e-05,9.985035939970653e-05,9.969993799067513e-05,-3.724258852845643e-05,0.0005176411558452884,-0.00017592402357778,-0.0008011041850629837,-0.00010550096021771326,5.6451026185606945e-05,8.48562033997754e-05,2.5693598658419027e-05,1.2976399961566053e-05,-6.60555199043729e-05,8.686495456578648e-05,5.764973830028838e-05,-0.0005623639340606747,-0.00026905611579433717,0.00025607315197970757,0.000169557984889304,0.0005968631510779085,-5.729137021771708e-06,0.000150722383828586
KAR,5.238054377274401e-06,3.013370106418916e-05,0.0003090676709338778,0.0002560891001860924,-9.672654178601644e-05,0.001532385844379237,1.4829703480420175e-05,-1.3654675796106008e-06,1.9524874497120075e-06,0.00011030398931091181,1.606530636497743e-05,0.0001926665328273362,0.0001120694835701456,-9.400959595595065e-05,4.002717971089839e-05,0.0002332090239168917,0.0005390637168233048,0.0001552323970255918,-1.7657647966355834e-05,0.00026006791183184983,-3.7761779693362594e-05,-0.00020432977471029274,-3.242871503846818e-06,5.34909065682614e-05,-2.410068624175844e-05,0.00013604923115344107,3.3044494817810645e-05,0.0006951507538397171,9.302326060614647e-05,1.3663577293352276e-05,0.00013251968078169046,0.00012725236096146895,3.888386395957688e-05,0.00017796877550980343,-0.0005289967328506832,0.00040185582103601224,-0.0002744278882608769,0.00012348110771834384,6.564350686468626e-05,3.7593651296503644e-05,-0.00020391034447816525,0.00015323831600032157,5.407430989034431e-05,0.0029725370010164364,0.00021198159005194727,7.748624750175863e-05,-3.0422249283870613e-05,-3.828391748650878e-05,3.634501375420572e-05,-0.00032882645104316457
KBNT,-4.520525688141115e-05,-2.0013480125102903e-05,0.00025996468767485045,0.00019272982583401534,-0.00016918948951940676,-0.00020200638684699787,-5.726016120574282e-05,-4.089423079847192e-06,4.10115152920553e-07,8.67855410805931e-05,-0.0002244593343843178,2.1470131712626675e-05,-0.0007315516909624513,-0.00012732597928699548,0.0007707183529293831,0.0001518962211225934,0.0001552323970255918,0.001317895441421134,-2.3429885497325718e-05,0.00025931774293832535,3.9039614959107444e-05,-0.00024936155595388734,-2.858966463819186e-05,6.009528526090607e-05,1.6008586972870527e-06,8.28852114707771e-05,-0.00039066012339516846,9.491947503277886e-05,6.31725942483352e-05,0.0003499724889439276,-1.8776808000271608e-05,-3.821263602926069e-05,0.0006540503946461607,-0.0007139494538191289,-0.00022249258396428895,3.3978941293738383e-06,-0.0002369502801303997,-0.0003134944737109139,0.00023501862036224397,1.430832694591787e-05,-3.82561461608066e-05,0.00023265941908721935,0.00018723886588931294,0.0005249219676088012,0.00020874878110629214,0.00040742094624593596,-0.00012028202465520804,-0.00027277989335518216,-0.0001395254040118571,-0.0004465077692322253
LMRKO,-4.347078156185762e-05,-9.981403308061523e-06,-2.357205631203479e-05,-8.849035614072565e-05,1.6021089733082206e-06,-6.911551237708566e-05,3.261585916193123e-05,3.230468565646314e-07,-1.5979852233919921e-07,-4.567896738513191e-06,1.1108480445982732e-05,-1.2926943580441298e-05,-8.823877867805955e-06,1.53791528967496e-05,-2.4375839323754666e-05,4.0138341569941996e-05,-1.7657647966355834e-05,-2.3429885497325718e-05,1.0266477020896826e-05,1.8517288559819176e-05,-6.266520606869313e-06,-6.740637689421203e-06,1.0359833397512371e-05,-7.2904089851795324e-06,2.6166150208612838e-05,6.189565911474094e-05,8.016255377412477e-06,-2.5500029127877658e-05,1.5999847577362694e-06,8.204072809156719e-06,5.3572473682023155e-06,-1.9882252627960767e-05,7.755615615467288e-05,-3.365186763580598e-05,-9.082282164365077e-05,-6.383404191998598e-05,4.697701024360336e-05,1.1498786987939001e-05,-8.55085925848853e-06,-1.9584252603909628e-06,1.0384490012433405e-05,-6.192929038180278e-06,1.4618250218304305e-07,-0.0004438477709242751,-8.034752522388783e-05,2.9786084488773903e-05,3.9172956144314945e-05,0.0001263550915172,-1.235281710722344e-06,7.669183101248681e-05
LXP,-0.0001427926116811963,-1.9261188317130675e-05,0.00013926017178185024,-0.00010620840719554677,-7.849001911874035e-05,0.000557285840247252,9.974850228679462e-05,-4.850206698900948e-07,6.110287700967609e-07,6.067519917168988e-05,8.261042080560107e-07,6.563369042529128e-05,-0.00010749002359662047,-2.5672637561856954e-05,9.107545053643855e-05,0.00027917488232534466,0.00026006791183184983,0.00025931774293832535,1.8517288559819176e-05,0.00024574469003111476,-3.236437795449266e-05,-0.00017715359734873972,2.548213006172227e-05,1.685856319106535e-05,6.995764318390103e-05,0.0002830216496867912,-3.1523945460964953e-05,0.0003067441454841385,6.644341898226406e-05,9.968771082513323e-05,8.36584250756196e-05,-2.3631560636858367e-06,0.00038945119131049985,-0.00014738818956676932,-0.0006093331873086688,1.2843363331930093e-05,-4.27453316651454e-05,4.2140292243203656e-05,5.261835066664442e-05,1.6508678775431206e-05,-8.280735128121037e-05,0.00010610048838540763,6.478997809056592e-05,0.0002793679882422947,-0.00010091864198942866,0.0002125021206324232,8.439634219246479e-05,0.0003259131352533573,-1.1143156001218921e-05,-1.7864111683753727e-05
MJ,2.9457841410290095e-05,3.5370553669069187e-06,-7.039925051337402e-06,4.315736246703312e-05,3.8285545257153475e-06,-0.00011226984943871477,-2.6643003271959864e-05,-2.1127721450579813e-07,-7.216117738589119e-08,-5.4532173422833115e-06,-1.610601766711388e-05,-9.714112417152888e-06,-2.6162410965362223e-05,-5.159684857209784e-06,3.568855007593146e-05,-4.828878389329806e-05,-3.7761779693362594e-05,3.9039614959107444e-05,-6.266520606869313e-06,-3.236437795449266e-05,9.486095183432849e-06,1.8491650650506048e-05,-7.9518503371026e-06,1.5284607464000805e-06,-1.6334444245245093e-05,-5.6037807607987456e-05,-2.0402324765293992e-05,-4.9765466990395066e-05,-8.812814611273943e-06,2.7909299330595793e-06,-1.7906403054325004e-05,2.4035385027162064e-07,-4.094043294496059e-05,-1.4498402578890236e-05,0.00011289269025740656,5.089821364888358e-06,-1.2677015306311866e-05,-2.990330806180831e-05,6.240248849423512e-06,-2.009678558568244e-06,1.2206632144484043e-05,-4.454193702865165e-06,-2.1906288069499127e-07,3.16606579598692e-05,4.2253162400836394e-05,-1.7595641564760102e-05,-2.856775300187135e-05,-9.492632261170629e-05,-6.838117084553463e-06,-3.456561048773053e-05
MJO,8.049716912540307e-05,9.022653348923477e-06,-0.00012387489148448899,1.9702519591706397e-05,6.399853977451147e-05,-0.0004361871780046482,-5.1721005281020225e-05,6.842881363030107e-07,-5.490086224877477e-07,-4.976564516787729e-05,1.388324067689217e-05,-5.574024301188907e-05,9.956098424116153e-05,3.1999607287587435e-05,-0.00010796034100015422,-0.0001851986080654135,-0.00020432977471029274,-0.00024936155595388734,-6.740637689421203e-06,-0.00017715359734873972,1.8491650650506048e-05,0.0001337361849975235,-1.1551818627402594e-05,-1.8560559920414655e-05,-3.592127049571979e-05,-0.0001731049337350126,4.1635602659988974e-05,-0.0002404525872889862,-4.958296100296247e-05,-8.037366577014896e-05,-5.695211950406946e-05,-8.203066955669974e-06,-0.00026217440524343733,0.00011374102198659564,0.00039842311870357634,-4.574256674189529e-05,6.63410276417836e-05,-1.2623390455752589e-05,-5.157888270679637e-05,-1.3608870149963e-05,6.73618979353911e-05,-8.894549943488085e-05,-5.3723475878422375e-05,-0.0004741551911888406,1.991376801599081e-05,-0.00015201976764441237,-3.456370241753173e-05,-0.00015462000178724947,1.2455597868339624e-05,7.28153480478142e-05
NKG,-4.5001935774799146e-05,-9.396441560179404e-06,-1.7060537379301078e-05,-8.610074861160953e-05,-1.1573864093524774e-07,-2.4725010202480944e-05,3.4937025512548625e-05,3.2386602402581696e-07,-1.1096322218075106e-07,-2.028107513798667e-06,1.3594840691107814e-05,-7.851519264183982e-06,-9.809797566868985e-07,1.4095349303374035e-05,-2.9412457095103466e-05,4.7997651732423605e-05,-3.242871503846818e-06,-2.858966463819186e-05,1.0359833397512371e-05,2.548213006172227e-05,-7.9518503371026e-06,-1.1551818627402594e-05,1.0926481451436857e-05,-6.41090457711697e-06,2.6626482237816132e-05,6.828013997412844e-05,1.1978881624067122e-05,-6.336032819944262e-06,4.058101101449898e-06,6.663159618358797e-06,9.723635348051844e-06,-1.6700731193576657e-05,7.792723865427214e-05,-2.5075343691680313e-05,-0.00010945221634743691,-5.4660392181893265e-05,4.242832057238528e-05,1.7834600244005974e-05,-8.526408027368128e-06,-1.0096057937501506e-06,4.965302370752948e-06,-3.4033592942976984e-06,5.37759209804481e-07,-0.00037801833354949275,-7.902185398730858e-05,3.077548530188734e-05,4.0848974095935775e-05,0.0001327994258811656,7.324962993981081e-07,7.325716987128828e-05
PQIN,2.17173972809705e-05,6.869021503230132e-06,4.23747921254501e-05,7.029931683854412e-05,-1.268815442190009e-05,0.00014411739081203896,-1.741946146451036e-05,-3.821266837230753e-07,2.3931875282682086e-07,1.2960879990689528e-05,-1.0775497270291985e-05,2.161484818906288e-05,-7.299081442573542e-06,-1.8485388109010733e-05,3.691864554638641e-05,6.679972261891614e-07,5.34909065682614e-05,6.009528526090607e-05,-7.2904089851795324e-06,1.685856319106535e-05,1.5284607464000805e-06,-1.8560559920414655e-05,-6.41090457711697e-06,9.418530821454887e-06,-1.533520331433692e-05,-1.975330275374875e-05,-1.2498843285124955e-05,6.748976570529918e-05,7.822046233759494e-06,6.419659434381702e-06,6.540495777087781e-06,1.8720875450806825e-05,-1.9327714796795463e-05,1.0975627115431191e-05,1.739298245452559e-06,6.308993792745519e-05,-5.1322237609285865e-05,-5.460137055803818e-06,1.5806818974087268e-05,4.204151037538923e-06,-2.1593021037717468e-05,2.1022175935679257e-05,9.111147935458876e-06,0.0004657656987206529,6.32371008603938e-05,1.5372325932669734e-06,-2.5926112785282174e-05,-7.600051853952483e-05,-5.128438387009232e-07,-7.65824388204476e-05
PSN,-0.00011953235312202598,-2.6996141710894515e-05,-4.239493657863889e-05,-0.00022276007834767325,-6.372310189755083e-06,-0.00014910355170564928,8.609504830013354e-05,6.452478814120453e-07,-3.535855888317067e-07,-5.00069369768098e-06,2.029566617026585e-05,-2.807010977209328e-05,-5.385816128772201e-05,3.290367911818651e-05,-2.950768340861359e-05,0.00012272692976863017,-2.410068624175844e-05,1.6008586972870527e-06,2.6166150208612838e-05,6.995764318390103e-05,-1.6334444245245093e-05,-3.592127049571979e-05,2.6626482237816132e-05,-1.533520331433692e-05,7.01347364862029e-05,0.0001754572042370813,4.855938222183933e-06,-4.3275147382273454e-05,1.0078280965399046e-05,3.86125006039518e-05,1.7715437575820043e-05,-5.1630452025817376e-05,0.0002409439896943383,-0.00011820840785997872,-0.00027220092695926326,-0.000160209485098647,0.00010784396374967274,2.0588066213770307e-05,-1.0378495851839109e-05,-3.4888066770901276e-06,2.007746183049767e-05,-1.410908935589658e-06,1.0615523873525608e-05,-0.0010855650940732645,-0.00020135141238393804,0.00010160023208004445,9.95657348109272e-05,0.00032826167548463724,-8.600197998938231e-06,0.00017699958603590015
RTX,-0.00031282662162653593,-6.0247836205105885e-05,5.7940491112851484e-06,-0.000488443534601291,-5.487127564446797e-05,0.0001642978643449682,0.00023060763448142673,1.1281823958306575e-06,-2.0926062674643387e-07,2.8576166891091776e-05,5.542566988018059e-05,-3.0500480516797655e-06,-0.00011278904085510011,4.9988628659058414e-05,-5.00224977476859e-05,0.0004100356301792817,0.00013604923115344107,8.28852114707771e-05,6.189565911474094e-05,0.0002830216496867912,-5.6037807607987456e-05,-0.0001731049337350126,6.828013997412844e-05,-1.975330275374875e-05,0.0001754572042370813,0.0005119285112205803,1.8289840334650976e-05,0.00014164773827079927,6.148295317093082e-05,0.00011226049707953732,9.45912696335788e-05,-8.98113537235569e-05,0.0006580236196073134,-0.00025747409793857445,-0.0009118128600902409,-0.0002740952191035726,0.00017915340447442253,9.391376115528415e-05,6.251709446811912e-07,4.796764390900585e-06,-2.232928701811072e-05,5.611427554270412e-05,5.075036422875222e-05,-0.0017577537852140755,-0.00044803996692163777,0.0003019700055642518,0.0002484216774795365,0.0008437344541867616,-1.1655635589379128e-05,0.0003374517598987303
RYAAY,-5.469260423831297e-07,7.538027135608159e-06,-3.86742420123775e-05,-4.942094076803822e-05,3.7219561933839206e-05,0.00028615522955431817,3.1641314676849076e-05,1.157640931541992e-06,1.3283547474285172e-07,-1.0589456448977515e-05,7.593562505803465e-05,1.998751239689302e-05,0.0002412319506519184,2.9586925544307385e-05,-0.0002404551289008119,4.989173694257646e-06,3.3044494817810645e-05,-0.00039066012339516846,8.016255377412477e-06,-3.1523945460964953e-05,-2.0402324765293992e-05,4.1635602659988974e-05,1.1978881624067122e-05,-1.2498843285124955e-05,4.855938222183933e-06,1.8289840334650976e-05,0.00012898293448340177,7.419532186396677e-05,-3.905005165227746e-06,-0.00010310227398562159,2.9159091445133285e-05,2.539019442623718e-05,-0.00016851738994645357,0.00023767971277702718,-4.8980078771940436e-05,4.1446081450750166e-05,4.544401095995968e-05,0.00012099799568113735,-6.5065354975416e-05,9.705153395529928e-07,-1.751685415396102e-05,-4.9318037330719006e-05,-4.908893707128625e-05,0.0001620569208260353,-5.8636743194265094e-05,-0.00010289914374487466,4.6119871355193555e-05,0.00012283261273644903,4.8591473842083785e-05,0.00011194180962812093
SABRP,3.043022590546025e-05,4.5470022003748965e-05,0.0003893741760463953,0.00035572378713041587,-0.00011142570469725881,0.0020419763429444793,9.694934371983755e-06,-1.5566690191020707e-06,2.5745854958792366e-06,0.00013776683067690925,3.590144911674692e-05,0.0002544672994187465,0.00021494919498373449,-0.00011783303460993205,-5.68502866938912e-06,0.0002716512142538232,0.0006951507538397171,9.491947503277886e-05,-2.5500029127877658e-05,0.0003067441454841385,-4.9765466990395066e-05,-0.0002404525872889862,-6.336032819944262e-06,6.748976570529918e-05,-4.3275147382273454e-05,0.00014164773827079927,7.419532186396677e-05,0.0009070488292548097,0.00011462008069181767,-1.713360496286452e-05,0.00017159817813771028,0.00017785387661035847,-4.269842719321245e-05,0.000310266917447685,-0.0006271813972962128,0.000551061274620242,-0.0003569243415707916,0.0001833555708026058,6.82644069357785e-05,4.8496018226052216e-05,-0.0002664471737142362,0.00018132670379748795,5.3560599931002536e-05,0.00401888162136455,0.00029326587152712154,5.101870662650973e-05,-4.648894487161197e-05,-8.239837880190222e-05,6.026325744076486e-05,-0.00042237159148196605
SJR,-2.456106850343541e-05,-7.824578862506516e-07,5.219188044863579e-05,4.576715780151197e-06,-2.2707635849121048e-05,0.00023058281113648942,1.8478834050444647e-05,-2.1775695099728443e-07,2.787853320753454e-07,2.0518064136412312e-05,7.988157824261505e-07,2.8375988089545085e-05,-1.1356269087525826e-05,-1.3130904447270748e-05,2.1949201767491416e-05,6.955335243126568e-05,9.302326060614647e-05,6.31725942483352e-05,1.5999847577362694e-06,6.644341898226406e-05,-8.812814611273943e-06,-4.958296100296247e-05,4.058101101449898e-06,7.822046233759494e-06,1.0078280965399046e-05,6.148295317093082e-05,-3.905005165227746e-06,0.00011462008069181767,1.993010424129168e-05,1.973052164358021e-05,2.6112698967426178e-05,1.0605002913714259e-05,7.342245133809563e-05,-1.2474472675599476e-05,-0.000153194000795291,3.744214458756759e-05,-3.2272317500638565e-05,1.710300377776187e-05,1.570024481675665e-05,6.2154451633845795e-06,-3.240786213583376e-05,3.26780733932527e-05,1.664672334736279e-05,0.0003107434680310168,1.6887596013451995e-06,4.515993817794196e-05,1.163088997917677e-05,5.2493317800261286e-05,7.749181266245514e-07,-3.340533558655633e-05
SMM,-7.619795993369918e-05,-2.0648471906217997e-05,3.8402887373547685e-05,-7.460892503481464e-05,-4.6078606249519134e-05,-0.0001767890321126402,3.0272696176652097e-05,-7.134957785691006e-07,-1.337302214601474e-07,1.7515650113286105e-05,-4.979494427298835e-05,-1.4643821278860672e-05,-0.0002281410005303241,-1.3921548664017022e-05,0.00018980547499520227,9.985035939970653e-05,1.3663577293352276e-05,0.0003499724889439276,8.204072809156719e-06,9.968771082513323e-05,2.7909299330595793e-06,-8.037366577014896e-05,6.663159618358797e-06,6.419659434381702e-06,3.86125006039518e-05,0.00011226049707953732,-0.00010310227398562159,-1.713360496286452e-05,1.973052164358021e-05,0.0001141306722486832,7.312613743923662e-07,-4.1421113408182526e-05,0.00030318809857900013,-0.00025967894003889916,-0.0001904501574654877,-9.601265626220124e-05,1.8034740463163527e-06,-7.652271157022102e-05,5.564495857302576e-05,9.199452325843466e-07,6.181797984206605e-06,5.7357730327238755e-05,5.4381962793807814e-05,-0.0005229468039869688,-5.762911673396317e-05,0.00016143950592241235,2.184047778206852e-05,0.00010346999447931008,-4.303689732416121e-05,-1.58926570218219e-05
SMMD,-3.804748854907836e-05,-1.716530874915698e-07,5.798515426628323e-05,-1.621106940537495e-05,-2.085193957306242e-05,0.0003789232586850543,3.67456145554474e-05,4.164024317259584e-08,3.9443571471098733e-07,2.450317464657766e-05,2.2045213352243577e-05,4.2190592085412695e-05,4.648680670404113e-05,-8.401023432661735e-06,-3.553464472049004e-05,9.969993799067513e-05,0.00013251968078169046,-1.8776808000271608e-05,5.3572473682023155e-06,8.36584250756196e-05,-1.7906403054325004e-05,-5.695211950406946e-05,9.723635348051844e-06,6.540495777087781e-06,1.7715437575820043e-05,9.45912696335788e-05,2.9159091445133285e-05,0.00017159817813771028,2.6112698967426178e-05,7.312613743923662e-07,4.348727161592159e-05,1.881101674132576e-05,6.379797958538493e-05,4.137407559045215e-05,-0.00022974338881244337,5.455336948865649e-05,-2.6758053072991453e-05,5.587050711975507e-05,3.3762822047310695e-06,8.44841485021107e-06,-4.727479811559626e-05,3.069342464296066e-05,9.752689634297094e-06,0.00041465800706822484,-2.1638795902753783e-05,3.750493413290045e-05,3.195899604332069e-05,0.00011659328831295927,1.3564411085574253e-05,-7.777554356773532e-06
WEC,8.233894573360988e-05,2.5564311112154205e-05,8.248161807237479e-05,0.00019313882808770123,-8.103799784371292e-06,0.000449791069445122,-5.028684002825269e-05,-5.060631469507801e-07,6.445442967238983e-07,2.309220162689139e-05,2.410947213557735e-06,6.014334623824742e-05,0.00010015783560552206,-3.564099783859296e-05,-1.3580277140943384e-05,-3.724258852845643e-05,0.00012725236096146895,-3.821263602926069e-05,-1.9882252627960767e-05,-2.3631560636858367e-06,2.4035385027162064e-07,-8.203066955669974e-06,-1.6700731193576657e-05,1.8720875450806825e-05,-5.1630452025817376e-05,-8.98113537235569e-05,2.539019442623718e-05,0.00017785387661035847,1.0605002913714259e-05,-4.1421113408182526e-05,1.881101674132576e-05,6.436392192459863e-05,-0.00018559286846230822,0.00015622570655251256,7.376838289355204e-05,0.0001946430330414438,-0.0001191340216586526,3.093607161862669e-05,8.646150304867532e-06,9.875722835175292e-06,-5.6466372865271087e-05,2.2339382630098674e-05,-5.152656948270209e-06,0.0013470722559242717,0.00016836521217324703,-7.183835658799994e-05,-6.578938134406385e-05,-0.000209849286825216,2.1329238981131412e-05,-0.00016537209356820012
WLKP,-0.00043425814855028695,-0.00010025570226431026,5.930219025194896e-06,-0.0006542106738037192,-0.00011201748174273284,-0.0004777795721644569,0.0002711458616734672,1.3909646714769932e-07,-8.52398942382658e-07,3.422356559544853e-05,-3.660508579086579e-05,-6.970164186467208e-05,-0.0005286311193945445,4.40729035271352e-05,0.000272863308319793,0.0005176411558452884,3.888386395957688e-05,0.0006540503946461607,7.755615615467288e-05,0.00038945119131049985,-4.094043294496059e-05,-0.00026217440524343733,7.792723865427214e-05,-1.9327714796795463e-05,0.0002409439896943383,0.0006580236196073134,-0.00016851738994645357,-4.269842719321245e-05,7.342245133809563e-05,0.00030318809857900013,6.379797958538493e-05,-0.00018559286846230822,0.0011508724940956418,-0.0007366685202826323,-0.0010940165935529812,-0.0005165225387801389,0.0002343029476278955,-6.904919500473939e-05,8.313100715233707e-05,-1.8567543773402639e-06,3.301557678347922e-05,0.00012067026000742512,0.00013162396210807898,-0.003236197109947796,-0.0005764097300429437,0.0005540705730509265,0.00028334636189533414,0.0009992536030914024,-9.373216067604562e-05,0.000367479328747559
YY,0.00021107282713112976,6.597376115723177e-05,4.4569715847265335e-05,0.0003361746298678624,6.786160471903123e-05,0.0010087314489420876,-9.092477057484507e-05,8.428709712251345e-07,1.1401686088314968e-06,4.015514478751971e-06,0.00010863091071327955,0.00011334209021990888,0.0005626739740410135,-1.553196921623648e-05,-0.00039307873714178267,-0.00017592402357778,0.00017796877550980343,-0.0007139494538191289,-3.365186763580598e-05,-0.00014738818956676932,-1.4498402578890236e-05,0.00011374102198659564,-2.5075343691680313e-05,1.0975627115431191e-05,-0.00011820840785997872,-0.00025747409793857445,0.00023767971277702718,0.000310266917447685,-1.2474472675599476e-05,-0.00025967894003889916,4.137407559045215e-05,0.00015622570655251256,-0.0007366685202826323,0.0006787886946115798,0.0003175211487723828,0.00041573088430454713,-0.00014290522083347995,0.00020720708015934525,-9.466631665832814e-05,1.310834036969428e-05,-9.61077919203375e-05,-6.907930355530893e-05,-0.00010342188659330498,0.0026283063958902797,0.00027503414490630403,-0.00036199628942498816,-9.377035495989968e-05,-0.00035548260229643463,0.00011123872459810635,-0.0001479658563958874
