,AY,BPOPM,CMS,EASG,EDAP,ERTH,ETW,FDHY,FINS,FLC,GNOG,H,HFFG,HROW,IIIV,IMAC,ISDX,IVES,KNDI,LBRDA,LITE,MKTY,MOGO,NWL,PPLT,PRFZ,RIBT,ROK,RPAY,SBLK,SPE,UFCS,VALQ,VNLA,WOW,WRE,XTNT,ANAT,DAR,FPX,PQIN,RZA,TPZ,WK,XLB,AMRX,IRL,PGAL,VEL,JOET
AY,0.00030590946761353317,6.570439954899947e-05,0.00026038642450464035,0.00016160344803800567,-6.940080526682863e-05,-3.514193243718395e-05,0.00019979508293105098,4.421112981532831e-05,8.749374314760778e-05,0.0002780974557323137,0.00023658281170070922,-0.0001672468994741092,0.0008693615044490455,0.0002866710236597627,-0.0002993663812316313,-0.0012764556749494005,0.00022526884248921314,9.606850126172934e-05,-0.0001721852181740418,0.0003453757222237996,-0.0003627466320912368,-0.0004575557790442603,0.0011644010625683435,-0.0004384344717060557,0.0003095770763313316,1.0454417493404723e-05,0.00043299777985468036,5.066600646503269e-05,-0.00011901776019040353,-0.00034317105657610456,0.0002809684314257308,0.0005869779774896967,0.00013226324377505096,0.00021535317950904044,0.00028627248409033635,0.0003114435233018078,-0.0011232539895025292,0.00016048711899336907,-0.00022168336579693267,-3.0326511384986427e-05,0.00013619577875592745,0.00031804884432046877,0.00023588594569796354,0.00020429598047269133,-4.8715722677377505e-05,0.0003272266330102996,0.0003787382121780809,0.0001340911273503937,0.00027961686225739786,-0.00031337802526484274
BPOPM,6.570439954899947e-05,0.00020386944339121239,-5.073043560986675e-05,6.234879948232783e-05,0.0002938971467705908,8.704294581329946e-05,-1.1748078883064316e-05,0.0001061854579420902,-1.2565524740045016e-05,0.0001614165820923664,0.00018225144604149804,0.00020309833586635602,0.0002499467502978162,0.0006233051468190143,-0.00027084924470056394,-0.0004612849124822888,7.021998125131891e-05,4.915210887533554e-05,0.00011384741498141377,0.00014911905584234767,-3.9419429092785246e-05,-0.0006954295246219639,0.0009546662517064982,-5.0375710319474306e-05,0.00033979372096581804,9.24107881859853e-05,0.00042312644629482435,1.6594992194539675e-06,6.174834335638893e-05,0.00021896663785832133,7.503266849559397e-05,0.0002616466337122676,9.696552020430286e-05,0.00017404421006562913,9.497803328518941e-05,3.3278714264931796e-05,0.00011968139591864511,0.0001417663413303452,0.00037277102542791204,8.40539322180851e-06,4.448274458734891e-05,0.00013704442237889836,7.148547698082963e-05,-7.596122905557625e-05,3.3401605517507155e-05,4.310525968986269e-05,0.00016620099384862143,0.00010585582234306156,-8.711135490331687e-05,-0.0004006752911133992
CMS,0.00026038642450464035,-5.073043560986675e-05,0.000285185514393803,0.00011995776412290702,-0.00022167999800915775,-8.37785949270273e-05,0.0002263229524106195,-3.5126296316535784e-05,0.00010103528815181794,0.00020716447453176303,0.0001070906026226747,-0.0002679517936037555,0.0007987788870863407,-0.00010175896376029105,-0.00015256277671005626,-0.0010145912501476747,0.00018184614111525194,7.17408109115827e-05,-0.0002673789028807481,0.0002533901762856798,-0.000347278113381764,-0.00016354476807029693,0.000614893837943103,-0.0004026657715445432,0.000116534500705196,-4.839152864905474e-05,0.00021396249704499205,4.525858006250163e-05,-0.00014827471289441597,-0.000520282390722911,0.0002415493471113245,0.00045233642521090795,7.087403265694618e-05,8.940352585819282e-05,0.0002006686016553676,0.0002898031873767415,-0.001252217666950782,5.249096952147166e-05,-0.0004832193239991786,-4.144763289082442e-05,0.00010349996375394672,0.00021546642885159078,0.00019115209701573436,0.0002293959047118938,-5.812666658361739e-05,5.700805355524754e-05,0.0002688257161788048,6.85361679860473e-05,0.00030381177330746653,-1.5338508764502598e-05
EASG,0.00016160344803800567,6.234879948232783e-05,0.00011995776412290702,9.057786038400206e-05,2.0344950890597675e-06,-4.386209175605199e-06,8.295244072895094e-05,4.7988523525470834e-05,3.653266874296249e-05,0.00014590416614670862,0.00015581845126291338,-5.8553071086497765e-05,0.00041442121839808813,0.00025046928532426895,-0.00018030065732394453,-0.0006825112035212994,0.00012082382752039065,5.146747615068678e-05,-4.834126256777357e-05,0.00019249012868395525,-0.00017635200157262404,-0.00026582235127573715,0.000706405300057572,-0.00022244883416882905,0.00019954308302081174,2.2443676047025834e-05,0.0002590884001706133,2.7170614085990844e-05,-5.136379362915312e-05,-0.00010217306773482461,0.0001444663852544028,0.0003132659298099039,8.1674548414047e-05,0.00014502722120593212,0.00016996197965194398,0.00015630031276237064,-0.00048738351970268093,0.00011404934788084104,-2.250813212900199e-05,-9.694310028662257e-06,7.638298680790163e-05,0.00018755075101960401,0.0001264575568852268,9.726273603490249e-05,-2.3926984383946082e-05,0.0003045895906615438,0.0002157925230928657,8.337218566928741e-05,0.00013596959431561977,-0.0002507931610018245
EDAP,-6.940080526682863e-05,0.0002938971467705908,-0.00022167999800915775,2.0344950890597675e-06,0.0005516754075433966,0.00015977557640426473,-5.648727315396431e-05,9.12305821721103e-05,-4.3656759280893086e-05,0.00018648518331735128,9.805168065604926e-05,0.00045358046146800934,0.00019299803675577597,0.0007576073902052544,-0.00031038197324221705,-0.00011626432780425201,-8.341165564430465e-06,4.288556029452675e-05,0.00017472944423526483,4.826079816412986e-05,9.352405676778307e-05,-0.0012022307290501988,0.000942714229029515,0.0001559253201419753,0.00039475923768237384,0.0001242211292831604,0.0005332974287679372,-3.579920396454187e-05,0.00017550721056947276,0.0003601645504816872,-7.4114388140390206e-06,0.00017552942988245679,7.189690130849349e-05,9.185463029293768e-05,-8.409905592775308e-05,-0.00010765187051281701,0.0005581531438136518,6.568121990415056e-05,0.0005569970171765366,9.077416856434362e-06,-1.7896137424707955e-05,-1.0932494519639972e-05,-1.3320294641550054e-05,-0.00027749375226857466,0.00010679095919927833,-0.0008398329453732933,3.4321157934608166e-05,8.799967870678192e-05,-0.0003544577618140481,-0.00027635948718146683
ERTH,-3.514193243718395e-05,8.704294581329946e-05,-8.37785949270273e-05,-4.386209175605199e-06,0.00015977557640426473,5.132489406085336e-05,-5.516180251349382e-05,4.66972607649904e-05,-2.7418919723330292e-05,1.3377110092358899e-05,4.230738325384959e-05,0.00013665948550808382,-8.668420219273892e-05,0.0002529194840706963,-6.58817660103811e-05,5.9821712476164e-05,-1.5454568572773246e-05,2.0142587566787472e-06,0.00010196987534075837,-2.6178839072046056e-06,6.413882479875901e-05,-0.00022378684467267942,0.00021360900199933908,7.314065135995012e-05,9.938250212357188e-05,4.502963555260399e-05,0.00010880545939545962,-9.8247384754552e-06,5.678625072524997e-05,0.00019768959853784068,-2.702536987362588e-05,-5.467123427999594e-06,1.959732646337977e-05,4.3251886474495816e-05,-1.1492667587388566e-05,-5.3663394023040755e-05,0.0003270776108466578,3.967524106272443e-05,0.0002463386785259573,1.232929271459855e-05,-7.302172753806254e-06,9.554023348040068e-07,-1.7121517228851936e-05,-8.090329082469872e-05,2.5908660722946275e-05,-5.1219170475898955e-06,-7.159014318144019e-08,2.3451800459026905e-05,-0.00010219577014027774,-0.00014262054790247799
ETW,0.00019979508293105098,-1.1748078883064316e-05,0.0002263229524106195,8.295244072895094e-05,-5.648727315396431e-05,-5.516180251349382e-05,0.0003274425499320744,-0.00012962699481310037,0.00012958909811220526,0.0003482320681872466,-2.8164489371160284e-05,-0.0001159694837764339,0.0012189108532600409,-0.00018771331113867244,-0.00023424546433780557,-0.0010158182031270624,0.0001576787640900861,9.708921615146808e-05,-0.0004116425371997567,0.0002148494133834883,-0.0003677635242366737,-0.0009054159450509604,0.0006979645407020985,-0.0003334574580456869,0.0001705918610449541,-6.605495400076771e-05,0.000407356786555095,1.4093695548053991e-05,-8.793147549148476e-05,-0.0007602794482537013,0.00025482371190487874,0.0005494580621756203,4.412249478822284e-05,-5.2806948218288667e-05,5.751248960960627e-06,0.00025433844763129163,-0.0014992512413572953,-9.501429586750298e-05,-0.0006791412766349097,-7.553981592703238e-05,5.7118730530991566e-05,6.998764314794693e-05,0.00016276494369382786,8.380961077805211e-05,1.2278729629091947e-05,-0.0014587842241366826,0.00018135315265579792,4.913133155709565e-05,0.00010499357164167757,0.00034570586845642095
FDHY,4.421112981532831e-05,0.0001061854579420902,-3.5126296316535784e-05,4.7988523525470834e-05,9.12305821721103e-05,4.66972607649904e-05,-0.00012962699481310037,0.00014985547796584638,-4.905351207793187e-05,-4.923320325806508e-05,0.00020557947873442984,5.2836221017999414e-05,-0.00032472504536942956,0.00048132627028449836,-7.769411195384481e-05,-0.00010963843861483245,3.1540303030048164e-05,-2.27021008266313e-06,0.00023635586389523204,8.026577809628184e-05,5.353418343573817e-05,0.00019095914425337692,0.000426044366211655,-1.618032282389484e-05,0.0001500213567729816,8.12762444201472e-05,7.242268505131574e-05,1.8235430183993595e-05,1.650789116328069e-05,0.0004253105387401442,-6.380777921399902e-06,6.003832831135283e-06,7.027975207756114e-05,0.00020918047839939445,0.0001821407977428605,-1.8554011683689964e-06,0.0004986343639495266,0.00019966009539632243,0.00048012634778857647,4.030386370824576e-05,4.7232471351470256e-05,0.00016602013814345833,3.4100811402903284e-05,2.912675856653853e-05,-2.5592685078433064e-05,0.0012449578557733544,0.00012794171515481608,7.035839050464466e-05,5.1958107922170284e-05,-0.0005427409111810129
FINS,8.749374314760778e-05,-1.2565524740045016e-05,0.00010103528815181794,3.653266874296249e-05,-4.3656759280893086e-05,-2.7418919723330292e-05,0.00012958909811220526,-4.905351207793187e-05,5.239705266278089e-05,0.00013128702032236446,-4.7336472630645624e-06,-6.559675689437775e-05,0.000472427330542027,-8.542075263153562e-05,-8.586174447913446e-05,-0.00041676123337348257,6.67147423516463e-05,3.765767877105855e-05,-0.00016366598581431227,9.019991092694826e-05,-0.0001520198473196682,-0.0003046495702349447,0.0002657431512648718,-0.00014470498492243604,5.987117805097387e-05,-2.8325889581321025e-05,0.00014615492604830408,8.43750006031201e-06,-4.323656768076272e-05,-0.00030463546228850743,0.00010437125240333006,0.00021726822172868636,1.862142560029296e-05,-1.4341854455963778e-05,1.630242046109872e-05,0.00010906524795022807,-0.0006124550874303105,-3.0943737686404277e-05,-0.00027749204767557253,-2.9138714944408022e-05,2.6832192521592686e-05,3.833612337543281e-05,6.917005414398381e-05,4.879039534669628e-05,-1.329182484957748e-06,-0.0004899407652707955,7.975589028109515e-05,1.9931603774558347e-05,6.229252187869441e-05,0.00012445712641910881
FLC,0.0002780974557323137,0.0001614165820923664,0.00020716447453176303,0.00014590416614670862,0.00018648518331735128,1.3377110092358899e-05,0.0003482320681872466,-4.923320325806508e-05,0.00013128702032236446,0.0005190730427907684,0.00012895116772745262,4.319075781954567e-05,0.0015477719873300292,0.0003312202389613695,-0.0004890159972000914,-0.0015158528943990425,0.0002346959994850218,0.00014862558124330695,-0.00035216835117280777,0.00036587788160558055,-0.0004386045725330267,-0.0015776464007201396,0.0015879097158802706,-0.0004123948234572355,0.0004788336271797795,7.109205481267819e-06,0.0008079908296586464,1.770869272310882e-05,-4.524574852052285e-05,-0.0006435948695304003,0.00034496421467664014,0.0008280326308280014,0.0001326394599146367,9.491085932612878e-05,9.271719104778182e-05,0.000309704210491452,-0.0015430009981538487,2.0779523847602922e-05,-0.0004230086505861159,-7.517858656715415e-05,0.00010230442683491682,0.00019847027584536572,0.00024149013771368325,3.054313283232143e-05,4.054845751557125e-05,-0.0015335959676963523,0.00034484253032358235,0.00014562523613016238,4.5582536976339396e-05,2.764269112414859e-05
GNOG,0.00023658281170070922,0.00018225144604149804,0.0001070906026226747,0.00015581845126291338,9.805168065604926e-05,4.230738325384959e-05,-2.8164489371160284e-05,0.00020557947873442984,-4.7336472630645624e-06,0.00012895116772745262,0.000389747614192765,-1.3425783573930373e-05,0.0001812127875118037,0.0007811284456250156,-0.00029609334698175316,-0.000928147369337044,0.00017588256349645922,6.00367557536972e-05,0.00017569399500981663,0.0003103286860393222,-0.00015816634019206454,-0.00014524157220564176,0.0012763176017732169,-0.0002811741591348262,0.0003910602402329017,0.00010802946709581077,0.0003879895269096536,5.01012426326635e-05,-4.351764056475671e-05,0.00029843246020796446,0.00016708822894856234,0.000383910132657025,0.000167768118112098,0.0003802552905589771,0.00038171270852884083,0.00018461576743327942,-8.989274546979149e-05,0.00033343957236945277,0.00045001513590495575,2.7986952247846604e-05,0.00013781446948834107,0.00038783396259823487,0.00018510118243425375,0.00014223328804966834,-5.263142209194084e-05,0.0015771531781402794,0.0003849002744595204,0.00017006256542122488,0.00021023190763265934,-0.0008363824846442072
H,-0.0001672468994741092,0.00020309833586635602,-0.0002679517936037555,-5.8553071086497765e-05,0.00045358046146800934,0.00013665948550808382,-0.0001159694837764339,5.2836221017999414e-05,-6.559675689437775e-05,4.319075781954567e-05,-1.3425783573930373e-05,0.0004138011140774273,-0.00016623192892223959,0.00047777885238934204,-0.00013017158064916354,0.00038125149073754575,-8.988141249728596e-05,-2.012191817494535e-06,0.00019646300554413765,-9.070710287064104e-05,0.00020575595645992147,-0.0007689110680284073,0.00029902086406081286,0.0002830395821955237,0.00019115598271258376,9.177783154379771e-05,0.0002543933173282132,-4.673967026143917e-05,0.00018017302548165235,0.00040139286450318327,-0.00010921719889947708,-7.982400736840961e-05,6.327980216069513e-06,-1.0467755621419798e-05,-0.00017313575479674257,-0.0001984751563750743,0.0008419437904505979,-1.0493398198551272e-05,0.0005090634917474748,1.7741336973531915e-05,-6.468491635614773e-05,-0.00012773352689388352,-9.76980384802732e-05,-0.00029148702585714704,0.00010133295628383646,-0.0007891155028889644,-0.00011442816114936606,1.8179201074961267e-05,-0.0003793882938949985,-9.28409654805695e-05
HFFG,0.0008693615044490455,0.0002499467502978162,0.0007987788870863407,0.00041442121839808813,0.00019299803675577597,-8.668420219273892e-05,0.0012189108532600409,-0.00032472504536942956,0.000472427330542027,0.0015477719873300292,0.0001812127875118037,-0.00016623192892223959,0.004963989655574767,0.00021459337615272345,-0.0012823866843285714,-0.004561768334390216,0.0007096723566682214,0.0004397216929282835,-0.0013836987038711051,0.001046618140317267,-0.0014604162366782894,-0.004375169261548189,0.0040625507661450795,-0.0013587996409766948,0.0011449171459489095,-0.00011352147333166912,0.0021518546009583928,6.093148942902335e-05,-0.0002539180278325791,-0.0025467127679277167,0.0010824274803565193,0.00247104142575047,0.00031556436187345276,7.597731109329699e-05,0.000190980399178842,0.0010262404260815297,-0.005515898728384224,-0.00013212016820883472,-0.002016403949426403,-0.00027120158047967463,0.0002907500682711792,0.0004911356783278213,0.0007316009088330988,0.00022986815052244896,8.571911056911351e-05,-0.005285759079297514,0.000951075457283328,0.0003467232723532507,0.0003022815046527463,0.0006765810432079423
HROW,0.0002866710236597627,0.0006233051468190143,-0.00010175896376029105,0.00025046928532426895,0.0007576073902052544,0.0002529194840706963,-0.00018771331113867244,0.00048132627028449836,-8.542075263153562e-05,0.0003312202389613695,0.0007811284456250156,0.00047777885238934204,0.00021459337615272345,0.0021822066192010775,-0.0007764573394534541,-0.0014724849338560914,0.00025593330110766166,0.0001243900868434679,0.0005859348343888271,0.0005327132402925358,-8.512678168798413e-05,-0.0012807533763925616,0.0030117260124650222,-0.00024065267242102766,0.0010437241423458031,0.00033188572959912946,0.001124676637631257,4.56467113257463e-05,0.0001293466635453862,0.0010762530103803902,0.00021791230651962003,0.0007101097174565928,0.0003533730567054647,0.000764347951194487,0.0005692111309754963,0.00014383663978490826,0.0007940966934422262,0.0006667054904098764,0.0015227816911275306,7.624252768314874e-05,0.00020499731000774861,0.0006402295615663505,0.00026539584841007427,-6.434834478260888e-05,1.747371532099688e-05,0.002202566525689322,0.0006549988187689073,0.0003728752705472512,-3.245907670056076e-05,-0.0018149240613018326
IIIV,-0.0002993663812316313,-0.00027084924470056394,-0.00015256277671005626,-0.00018030065732394453,-0.00031038197324221705,-6.58817660103811e-05,-0.00023424546433780557,-7.769411195384481e-05,-8.586174447913446e-05,-0.0004890159972000914,-0.00029609334698175316,-0.00013017158064916354,-0.0012823866843285714,-0.0007764573394534541,0.000571032978030313,0.0015807819004655583,-0.00025334768469310995,-0.00014812490598177318,0.0001429448104023084,-0.00042544729223643196,0.00037800307244610296,0.0015197990951309733,-0.0019825388039878917,0.00040008501072621327,-0.0006259887702856659,-8.294825078288706e-05,-0.0009021381993251326,-2.780608065457068e-05,1.3329313819410112e-05,0.000262172856098476,-0.000331893923108252,-0.0008331913192976845,-0.00019185616421807614,-0.00026493645705799,-0.00022360588723812922,-0.0002905501232624258,0.001064997528155477,-0.00018228233668676506,-1.6641321741931165e-05,4.131871776046247e-05,-0.00013498367508649645,-0.0003221346575208817,-0.0002614728173142485,-2.3872217575520783e-05,-3.082396336074134e-05,0.0006201649169641761,-0.00044047098964999774,-0.00020628939450443264,-4.838654343886859e-05,0.000423267110353372
IMAC,-0.0012764556749494005,-0.0004612849124822888,-0.0010145912501476747,-0.0006825112035212994,-0.00011626432780425201,5.9821712476164e-05,-0.0010158182031270624,-0.00010963843861483245,-0.00041676123337348257,-0.0015158528943990425,-0.000928147369337044,0.00038125149073754575,-0.004561768334390216,-0.0014724849338560914,0.0015807819004655583,0.005818212775096918,-0.000983440692541423,-0.0004844225758502443,0.0009028619687927127,-0.0015291848568101374,0.001631659441004673,0.0035122946394597968,-0.005736364006226836,0.0018311834481392552,-0.0016226561936039823,-7.143035479024376e-05,-0.0024184177587619595,-0.00017411053763000898,0.0003910445912110749,0.0017319003360229013,-0.0012852769681977645,-0.00285017462753707,-0.0005901698026642749,-0.0008205596325866326,-0.0010040522564035274,-0.0013201276400593824,0.00519292042490123,-0.0005554215647033754,0.001048780554042364,0.0001788309521233264,-0.0005475653729427022,-0.001241261006316969,-0.0010239533323541578,-0.0006246771829361976,8.611874415455042e-05,0.0008502217078855644,-0.0016098781792885767,-0.000614334737299441,-0.0008652772640700879,0.0010445141181665923
ISDX,0.00022526884248921314,7.021998125131891e-05,0.00018184614111525194,0.00012082382752039065,-8.341165564430465e-06,-1.5454568572773246e-05,0.0001576787640900861,3.1540303030048164e-05,6.67147423516463e-05,0.0002346959994850218,0.00017588256349645922,-8.988141249728596e-05,0.0007096723566682214,0.00025593330110766166,-0.00025334768469310995,-0.000983440692541423,0.00016996382477265314,7.798114888292538e-05,-0.0001332075647016151,0.0002639644946273164,-0.0002738242125387787,-0.000478018745715674,0.0009515825535783481,-0.0003210254368604911,0.0002637992798557315,1.371424451095074e-05,0.00037725860483974074,3.423615778354322e-05,-7.620675427444341e-05,-0.00026102352773543834,0.00021561386803433283,0.000466912113443062,0.00010319416904100861,0.00015873026892133845,0.00019871635971791581,0.0002293094211747167,-0.0008471148527163212,0.00011482817726367987,-0.00015327943152007052,-2.5395829407376787e-05,9.94949959325217e-05,0.00023115628386453753,0.00017746644434500744,0.00012883113666230716,-2.5553479502844424e-05,8.166817073641396e-05,0.0002848005732761547,0.00010610013084448845,0.00017781718868119172,-0.00022690243789869592
IVES,9.606850126172934e-05,4.915210887533554e-05,7.17408109115827e-05,5.146747615068678e-05,4.288556029452675e-05,2.0142587566787472e-06,9.708921615146808e-05,-2.27021008266313e-06,3.765767877105855e-05,0.00014862558124330695,6.00367557536972e-05,-2.012191817494535e-06,0.0004397216929282835,0.0001243900868434679,-0.00014812490598177318,-0.0004844225758502443,7.798114888292538e-05,4.445150421365027e-05,-9.147037252929785e-05,0.00012227656497352916,-0.00013626046129610486,-0.00041630373301288685,0.0005045420379063978,-0.0001392067609398678,0.00014936295781822423,5.8161147413814605e-06,0.00023718299497896907,9.439382765351484e-06,-2.0743059496801807e-05,-0.00016990840175974765,0.00010818689854640538,0.00025289299597358844,4.6552080794720744e-05,5.0043634937405904e-05,5.463826214446167e-05,0.00010244205197293337,-0.00045390872000142707,2.6850055563939455e-05,-0.00010350147775119516,-1.93622566438587e-05,3.861388976188599e-05,8.251071755559114e-05,8.066013219662686e-05,2.6384957719738364e-05,4.618016120704815e-06,-0.0002959788965374993,0.00012193002586368933,4.987415713599901e-05,3.750442696929535e-05,-4.180207681260656e-05
KNDI,-0.0001721852181740418,0.00011384741498141377,-0.0002673789028807481,-4.834126256777357e-05,0.00017472944423526483,0.00010196987534075837,-0.0004116425371997567,0.00023635586389523204,-0.00016366598581431227,-0.00035216835117280777,0.00017569399500981663,0.00019646300554413765,-0.0013836987038711051,0.0005859348343888271,0.0001429448104023084,0.0009028619687927127,-0.0001332075647016151,-9.147037252929785e-05,0.0005777273364679609,-0.00015016746184944247,0.00040378866134925496,0.0008817147522710442,-0.00029355210767377624,0.00033026778411309474,-2.3524974510883692e-05,0.0001319885286434361,-0.00029131146257545205,-5.288720045899637e-06,0.00011528939188408744,0.001063475951459496,-0.00025309531668959566,-0.0005121474217629446,1.181936566411544e-05,0.0002014365434936061,0.00010762671958147053,-0.00026022936526391466,0.0018529368725767389,0.0002333551640348059,0.0010421586264531932,0.00010151902961164833,-2.581920206209272e-05,4.205899251104801e-05,-0.00013696950347098102,-9.149930726141542e-05,-1.7778326683604672e-05,0.0021656621280140642,-8.707034239837546e-05,8.706256023659068e-06,-0.00010497696575413363,-0.0007298141624309639
LBRDA,0.0003453757222237996,0.00014911905584234767,0.0002533901762856798,0.00019249012868395525,4.826079816412986e-05,-2.6178839072046056e-06,0.0002148494133834883,8.026577809628184e-05,9.019991092694826e-05,0.00036587788160558055,0.0003103286860393222,-9.070710287064104e-05,0.001046618140317267,0.0005327132402925358,-0.00042544729223643196,-0.0015291848568101374,0.0002639644946273164,0.00012227656497352916,-0.00015016746184944247,0.0004201791431780173,-0.0004015246208288858,-0.0007990930598370133,0.0016012893169584964,-0.0004797717659692199,0.0004602729792503064,4.459823519346356e-05,0.0006324011831460358,5.226208382929822e-05,-9.899553627218921e-05,-0.0002989539915804804,0.000327545990130114,0.0007285453648379094,0.00017505150816004704,0.0002842105774682034,0.0003261447241650637,0.0003408219283399207,-0.0011652993834196414,0.00021343682680206156,-0.00010904478935601539,-3.143116751057053e-05,0.00015813580313300086,0.0003791536954589437,0.00027542221657432173,0.00017828112172787897,-3.427633008005816e-05,0.00025796330888787036,0.00045861839190599235,0.00018084657937963197,0.00025037586909964544,-0.0004582180290466253
LITE,-0.0003627466320912368,-3.9419429092785246e-05,-0.000347278113381764,-0.00017635200157262404,9.352405676778307e-05,6.413882479875901e-05,-0.0003677635242366737,5.353418343573817e-05,-0.0001520198473196682,-0.0004386045725330267,-0.00015816634019206454,0.00020575595645992147,-0.0014604162366782894,-8.512678168798413e-05,0.00037800307244610296,0.001631659441004673,-0.0002738242125387787,-0.00013626046129610486,0.00040378866134925496,-0.0004015246208288858,0.0005171004077627662,0.0009360019010151342,-0.0013306288225459677,0.0005515741821146923,-0.0003428023158869949,3.689613004877964e-05,-0.0005916483574038599,-4.763953469629437e-05,0.00014896066393322628,0.0007649205933285867,-0.00038012214075478515,-0.0008041147043433257,-0.00012805189126933813,-0.0001259153465445201,-0.00021927685944348496,-0.0004033870043788527,0.0018424582649420713,-5.6898924373861956e-05,0.0006212697252934263,7.298090597545402e-05,-0.00014027214648280393,-0.0002852549481691527,-0.00028520524446601147,-0.00021095539185952194,2.9171551544878805e-05,0.000716984380028699,-0.00040442387000905346,-0.00013263468654138195,-0.0002821003369871686,3.70086261177028e-06
MKTY,-0.0004575557790442603,-0.0006954295246219639,-0.00016354476807029693,-0.00026582235127573715,-0.0012022307290501988,-0.00022378684467267942,-0.0009054159450509604,0.00019095914425337692,-0.0003046495702349447,-0.0015776464007201396,-0.00014524157220564176,-0.0007689110680284073,-0.004375169261548189,-0.0012807533763925616,0.0015197990951309733,0.0035122946394597968,-0.000478018745715674,-0.00041630373301288685,0.0008817147522710442,-0.0007990930598370133,0.0009360019010151342,0.00590895309487033,-0.004562246330232625,0.0006661688327538906,-0.0015255977368098938,-9.782289204302476e-05,-0.002630309700951682,4.628110936225858e-05,-0.00016098946922254187,0.001533684909082613,-0.0007910718826441374,-0.002186040876192014,-0.0003168455987743798,-5.118975344934565e-05,0.00020360906850333776,-0.000537273077370904,0.0033871886737957724,0.0001481153433910782,0.0007843075623250894,0.00021941325924893038,-0.0001337118447510836,-0.0001852713916476247,-0.000481508609756631,0.00043308789076071933,-0.0003089326361132599,0.006815950355848673,-0.0006549264386715525,-0.0003732308040178923,0.000560599256209614,-0.00043439258213399186
MOGO,0.0011644010625683435,0.0009546662517064982,0.000614893837943103,0.000706405300057572,0.000942714229029515,0.00021360900199933908,0.0006979645407020985,0.000426044366211655,0.0002657431512648718,0.0015879097158802706,0.0012763176017732169,0.00029902086406081286,0.0040625507661450795,0.0030117260124650222,-0.0019825388039878917,-0.005736364006226836,0.0009515825535783481,0.0005045420379063978,-0.00029355210767377624,0.0016012893169584964,-0.0013306288225459677,-0.004562246330232625,0.007157042818424365,-0.0015329657886972309,0.002229657143829747,0.0003382249579609606,0.0030441299563150094,0.0001418277813524218,-0.0001172482335727277,-0.0005696891695378196,0.0011825402409962784,0.0028966145846386717,0.0007405500505153989,0.0011728009120408854,0.0010810478230992911,0.0010926194952543332,-0.003448103614528555,0.000878354247464108,0.000396827309705704,-9.98996693933703e-05,0.0005536897688161046,0.0013744163919447302,0.0009865680348834847,0.00026744694457020847,2.1406761970027762e-05,-0.00015756817348134574,0.001724466936889975,0.0007839132259506976,0.0004248696091624235,-0.0020785197199666293
NWL,-0.0004384344717060557,-5.0375710319474306e-05,-0.0004026657715445432,-0.00022244883416882905,0.0001559253201419753,7.314065135995012e-05,-0.0003334574580456869,-1.618032282389484e-05,-0.00014470498492243604,-0.0004123948234572355,-0.0002811741591348262,0.0002830395821955237,-0.0013587996409766948,-0.00024065267242102766,0.00040008501072621327,0.0018311834481392552,-0.0003210254368604911,-0.0001392067609398678,0.00033026778411309474,-0.0004797717659692199,0.0005515741821146923,0.0006661688327538906,-0.0015329657886972309,0.0006450439723665629,-0.0003895881553912946,1.4754682407301956e-05,-0.0005862030381931481,-7.062197179317744e-05,0.00018788218212514879,0.0006453914417241891,-0.0004136801589861709,-0.0008490278906007373,-0.00016945457795539788,-0.000249337864639909,-0.0003699023890378832,-0.0004619748665661747,0.001819113089190176,-0.0001730956346861325,0.0004934030875006482,5.6698333814167e-05,-0.0001864587672105797,-0.00041752098314878813,-0.00033606883716326235,-0.0003044413696900871,6.914460101765768e-05,-0.00015540583811857008,-0.0005153189171491633,-0.00017130533504474148,-0.00041186924181865986,0.000285716723649752
PPLT,0.0003095770763313316,0.00033979372096581804,0.000116534500705196,0.00019954308302081174,0.00039475923768237384,9.938250212357188e-05,0.0001705918610449541,0.0001500213567729816,5.987117805097387e-05,0.0004788336271797795,0.0003910602402329017,0.00019115598271258376,0.0011449171459489095,0.0010437241423458031,-0.0006259887702856659,-0.0016226561936039823,0.0002637992798557315,0.00014936295781822423,-2.3524974510883692e-05,0.0004602729792503064,-0.0003428023158869949,-0.0015255977368098938,0.002229657143829747,-0.0003895881553912946,0.0007191734923096715,0.00012824195768844484,0.0009707854500474391,3.235855816323368e-05,9.195956060678235e-06,-4.326880540593721e-05,0.0003251359811618248,0.0008426307715525935,0.0002267353028267348,0.0003612466650518869,0.00029331962490610646,0.00027749094998278837,-0.000788955411337048,0.000273013737357198,0.0002736472583389437,-2.2579817764435956e-05,0.00015262602443879032,0.00039018298123490196,0.0002725252989120436,1.225936030561417e-05,2.8632096139741902e-05,-0.00014500773345036357,0.0004946818153534398,0.00024245290047144832,3.979190926607327e-05,-0.0006791075081134582
PRFZ,1.0454417493404723e-05,9.24107881859853e-05,-4.839152864905474e-05,2.2443676047025834e-05,0.0001242211292831604,4.502963555260399e-05,-6.605495400076771e-05,8.12762444201472e-05,-2.8325889581321025e-05,7.109205481267819e-06,0.00010802946709581077,9.177783154379771e-05,-0.00011352147333166912,0.00033188572959912946,-8.294825078288706e-05,-7.143035479024376e-05,1.371424451095074e-05,5.8161147413814605e-06,0.0001319885286434361,4.459823519346356e-05,3.689613004877964e-05,-9.782289204302476e-05,0.0003382249579609606,1.4754682407301956e-05,0.00012824195768844484,5.534431307823713e-05,0.00011479782192565967,2.954877765963389e-06,3.354895609871247e-05,0.0002443105691832113,-2.9777126626467654e-06,3.1372091841255044e-05,4.292395395735707e-05,0.00010863271474532892,7.011275746836656e-05,-1.6006320096534242e-05,0.00030440544649405635,0.00010019805453132831,0.00029915816871129526,1.9367955640924625e-05,1.8996364330513606e-05,7.405945226220557e-05,1.4148942979343803e-05,-2.8179906529313834e-05,4.491687021623157e-06,0.0004332661621937377,6.402292696517198e-05,4.540290796679482e-05,-2.930212104066815e-05,-0.0002867330832784273
RIBT,0.00043299777985468036,0.00042312644629482435,0.00021396249704499205,0.0002590884001706133,0.0005332974287679372,0.00010880545939545962,0.000407356786555095,7.242268505131574e-05,0.00014615492604830408,0.0008079908296586464,0.0003879895269096536,0.0002543933173282132,0.0021518546009583928,0.001124676637631257,-0.0009021381993251326,-0.0024184177587619595,0.00037725860483974074,0.00023718299497896907,-0.00029131146257545205,0.0006324011831460358,-0.0005916483574038599,-0.002630309700951682,0.0030441299563150094,-0.0005862030381931481,0.0009707854500474391,0.00011479782192565967,0.001453467317589328,2.9421834061500734e-05,1.5590472246194771e-06,-0.0005242721049902312,0.0005148201772017284,0.0013153638852999973,0.00027919357893363504,0.00033725752632502343,0.0002554962050081923,0.0004323483040791472,-0.0017640132859486324,0.00020906329449709625,-8.336566009971645e-05,-7.931866324246308e-05,0.00018600456310985793,0.00042679752928904936,0.00038792639593940027,-2.1312754466992897e-05,7.612640443797929e-05,-0.0016209460645491823,0.0006333223239560386,0.0003041560957254339,-5.737370915440161e-06,-0.0004727891505434081
ROK,5.066600646503269e-05,1.6594992194539675e-06,4.525858006250163e-05,2.7170614085990844e-05,-3.579920396454187e-05,-9.8247384754552e-06,1.4093695548053991e-05,1.8235430183993595e-05,8.43750006031201e-06,1.770869272310882e-05,5.01012426326635e-05,-4.673967026143917e-05,6.093148942902335e-05,4.56467113257463e-05,-2.780608065457068e-05,-0.00017411053763000898,3.423615778354322e-05,9.439382765351484e-06,-5.288720045899637e-06,5.226208382929822e-05,-4.763953469629437e-05,4.628110936225858e-05,0.0001418277813524218,-7.062197179317744e-05,3.235855816323368e-05,2.954877765963389e-06,2.9421834061500734e-05,1.1427357550991343e-05,-2.5742515547794968e-05,-1.7068174601844264e-05,3.679357612383608e-05,6.611415607793279e-05,2.126410893842209e-05,4.817575931851336e-05,6.62882483828883e-05,4.8287507272154485e-05,-0.0001245133958296681,4.155168472730644e-05,-7.764240467238932e-06,3.9851622276938285e-07,2.5096837447138486e-05,6.342918726383529e-05,3.6299705081852766e-05,4.9715587954177336e-05,-1.697974695038776e-05,0.0002563133740023887,6.357097061831024e-05,2.0405443549993648e-05,6.780651236496811e-05,-8.999426822025936e-05
RPAY,-0.00011901776019040353,6.174834335638893e-05,-0.00014827471289441597,-5.136379362915312e-05,0.00017550721056947276,5.678625072524997e-05,-8.793147549148476e-05,1.650789116328069e-05,-4.323656768076272e-05,-4.524574852052285e-05,-4.351764056475671e-05,0.00018017302548165235,-0.0002539180278325791,0.0001293466635453862,1.3329313819410112e-05,0.0003910445912110749,-7.620675427444341e-05,-2.0743059496801807e-05,0.00011528939188408744,-9.899553627218921e-05,0.00014896066393322628,-0.00016098946922254187,-0.0001172482335727277,0.00018788218212514879,9.195956060678235e-06,3.354895609871247e-05,1.5590472246194771e-06,-2.5742515547794968e-05,8.771289956470328e-05,0.00023089812071902868,-9.632350331781929e-05,-0.0001490636430484467,-2.177136530498809e-05,-3.7912199454503395e-05,-0.00011012440346410928,-0.00013323421167165593,0.0005484956362219836,-2.7008390275665124e-05,0.00024557774944867865,1.441940421028282e-05,-4.8245549856654074e-05,-0.00010184658501865605,-8.098104597426461e-05,-0.00014156778439086535,4.381770825431298e-05,-0.00027846460597502436,-0.00011173902877729594,-1.8055785872674826e-05,-0.00018640707578325327,6.023690145934769e-06
SBLK,-0.00034317105657610456,0.00021896663785832133,-0.000520282390722911,-0.00010217306773482461,0.0003601645504816872,0.00019768959853784068,-0.0007602794482537013,0.0004253105387401442,-0.00030463546228850743,-0.0006435948695304003,0.00029843246020796446,0.00040139286450318327,-0.0025467127679277167,0.0010762530103803902,0.000262172856098476,0.0017319003360229013,-0.00026102352773543834,-0.00016990840175974765,0.001063475951459496,-0.0002989539915804804,0.0007649205933285867,0.001533684909082613,-0.0005696891695378196,0.0006453914417241891,-4.326880540593721e-05,0.0002443105691832113,-0.0005242721049902312,-1.7068174601844264e-05,0.00023089812071902868,0.0019630497059606195,-0.0004809221236671449,-0.0009609019438690835,1.3502092219613472e-05,0.0003461146529222532,0.00015832718122525544,-0.0005040720991882827,0.0034666299380125805,0.0004066670996190144,0.0019275401916657696,0.00018528567270808334,-6.085792117949227e-05,4.329806388701694e-05,-0.00026916210481613926,-0.0002042127179450707,-1.9154976274634614e-05,0.0037809108481996322,-0.00019035264499143366,8.941685556566732e-06,-0.0002413869349466346,-0.0012955476373159049
SPE,0.0002809684314257308,7.503266849559397e-05,0.0002415493471113245,0.0001444663852544028,-7.4114388140390206e-06,-2.702536987362588e-05,0.00025482371190487874,-6.380777921399902e-06,0.00010437125240333006,0.00034496421467664014,0.00016708822894856234,-0.00010921719889947708,0.0010824274803565193,0.00021791230651962003,-0.000331893923108252,-0.0012852769681977645,0.00021561386803433283,0.00010818689854640538,-0.00025309531668959566,0.000327545990130114,-0.00038012214075478515,-0.0007910718826441374,0.0011825402409962784,-0.0004136801589861709,0.0003251359811618248,-2.9777126626467654e-06,0.0005148201772017284,3.679357612383608e-05,-9.632350331781929e-05,-0.0004809221236671449,0.00029069461883381246,0.0006351413055898879,0.00011739947713888948,0.00014237604417079023,0.00019399355954975839,0.00030064608241760915,-0.0012795993266744815,8.527895531553789e-05,-0.00034337121309384024,-4.814367599720674e-05,0.00011482755823973344,0.0002482674275667773,0.00022439444606759523,0.00014328553225073477,-1.7696950678574787e-05,-0.0004021126301986087,0.0003370971236047503,0.0001223470399858765,0.0001953910029778866,-0.00012420117080510292
UFCS,0.0005869779774896967,0.0002616466337122676,0.00045233642521090795,0.0003132659298099039,0.00017552942988245679,-5.467123427999594e-06,0.0005494580621756203,6.003832831135283e-06,0.00021726822172868636,0.0008280326308280014,0.000383910132657025,-7.982400736840961e-05,0.00247104142575047,0.0007101097174565928,-0.0008331913192976845,-0.00285017462753707,0.000466912113443062,0.00025289299597358844,-0.0005121474217629446,0.0007285453648379094,-0.0008041147043433257,-0.002186040876192014,0.0028966145846386717,-0.0008490278906007373,0.0008426307715525935,3.1372091841255044e-05,0.0013153638852999973,6.611415607793279e-05,-0.0001490636430484467,-0.0009609019438690835,0.0006351413055898879,0.0014553967870106828,0.000277281080064546,0.00032717873919940667,0.0003789910245474791,0.0006202754961688178,-0.0026464894619566835,0.00019336185292148102,-0.000592871259975138,-0.00010576150622520114,0.00024114148294152791,0.0005258610376424229,0.00048413594544507744,0.00021112568392036928,2.0897223446469513e-06,-0.0012938381718969358,0.0007402904830429936,0.0002939498069861373,0.0002955051835993296,-0.00032511477381341004
VALQ,0.00013226324377505096,9.696552020430286e-05,7.087403265694618e-05,8.1674548414047e-05,7.189690130849349e-05,1.959732646337977e-05,4.412249478822284e-05,7.027975207756114e-05,1.862142560029296e-05,0.0001326394599146367,0.000167768118112098,6.327980216069513e-06,0.00031556436187345276,0.0003533730567054647,-0.00019185616421807614,-0.0005901698026642749,0.00010319416904100861,4.6552080794720744e-05,1.181936566411544e-05,0.00017505150816004704,-0.00012805189126933813,-0.0003168455987743798,0.0007405500505153989,-0.00016945457795539788,0.0002267353028267348,4.292395395735707e-05,0.00027919357893363504,2.126410893842209e-05,-2.177136530498809e-05,1.3502092219613472e-05,0.00011739947713888948,0.000277281080064546,8.475152194377065e-05,0.00015874089830676436,0.00015718853535973416,0.00011738712664817921,-0.00027304448101797736,0.00012914005299818627,0.00010737623900791121,-1.331705818482999e-06,6.779801445918826e-05,0.00017699642068878883,0.0001076838337774,5.548560191165388e-05,-1.2262896013806276e-05,0.00034041970105670803,0.00019957244391896964,8.783389419472266e-05,8.263589683476593e-05,-0.0003123816758828046
VNLA,0.00021535317950904044,0.00017404421006562913,8.940352585819282e-05,0.00014502722120593212,9.185463029293768e-05,4.3251886474495816e-05,-5.2806948218288667e-05,0.00020918047839939445,-1.4341854455963778e-05,9.491085932612878e-05,0.0003802552905589771,-1.0467755621419798e-05,7.597731109329699e-05,0.000764347951194487,-0.00026493645705799,-0.0008205596325866326,0.00015873026892133845,5.0043634937405904e-05,0.0002014365434936061,0.0002842105774682034,-0.0001259153465445201,-5.118975344934565e-05,0.0011728009120408854,-0.000249337864639909,0.0003612466650518869,0.00010863271474532892,0.00033725752632502343,4.817575931851336e-05,-3.7912199454503395e-05,0.0003461146529222532,0.00014237604417079023,0.00032717873919940667,0.00015874089830676436,0.00037307838967007637,0.00037240079645410216,0.0001609560072160546,2.430917583281842e-05,0.00033126552233973415,0.0004842932652739897,3.316206576357048e-05,0.0001298613978138483,0.0003721386408219296,0.00016737129198990402,0.00013585100414001546,-5.3796733316802326e-05,0.0016646442548035603,0.0003596984059205865,0.00016033636877303215,0.0002014897969291544,-0.0008378827921868959
