,AGO,AKR,ALYA,ASMB,ATO,AZRX,BCML,BFI,BHAT,BHE,BPTH,BSA,BUYZ,BYD,C,CCLP,CEN,CIL,DFVS,EDAP,EDRY,EFZ,ELSE,ELVT,ERES,ESSC,ETN,EVSTC,EXPD,FAX,FFIU,FITB,FIW,FLRG,FLRT,FLT,FTDR,GBGR,GEL,GGN,HMOP,IIGV,INOV,IYLD,JDST,KDFI,KOIN,MEOH,MKD,MODV,MSN,NHI,NSIT,NUAG,OIA,OPOF,OSIS,OSK,OUT,PBW,PCK,PFFL,PIE,PLSE,PNFP,RJN,ROKU,SAL,SF,SHE,SJW,SPGM,SVBI,TLTE,TTOO,UNF,USSG,VRT,XLB,DNP,EAOK,EDUT,FUNL,GEO,GOEV,JNUG,KEN,LIVN,MSBI,NEWP,PRDO,REPX,SJM,SMAR,TCFC,VETS,CARG,HE,SPDV,OCAXW
AGO,0.0012725981225239276,0.0005805802337766128,-0.0011334093004381025,-0.00036164347164439637,-7.212827816780747e-06,-0.0005840703734615611,0.0002611974088603289,-7.283264225561865e-05,-7.761341920596767e-05,0.0001271889909998063,0.0017490148985896342,-0.0001044958059860007,-0.0003411866541491127,0.0005480941254630186,0.0003415116854021607,-0.00030388217530947234,0.0004377081357710639,-5.916285361544584e-05,-0.00011623307619742194,-0.00019663820053983797,4.3744905821704455e-05,-0.00029228176782077606,0.0003106444158100876,0.0003862502083645902,-0.00015685357514861492,-0.00015667294341159706,0.00022458069316105863,-0.00014463884118220697,-5.12883840599799e-05,-0.0001017190406235053,-0.00019565855050841807,0.000352068262412432,4.87368502203464e-05,-1.692045202527774e-05,-0.00015420105627873915,0.00048290689003044004,-9.624868776537939e-05,-8.563889965981925e-05,0.0002825916663567319,-0.0001263058119419402,-0.00014026920167531614,-0.00019523654353870656,-0.0009588716494748133,-0.00012623504011692377,5.49320512842023e-05,-0.0001306199043157911,-8.654592232754072e-05,0.0002173626704769834,-0.0011450698339023745,7.216176983591942e-05,-5.02942472771544e-06,0.0001744132093025218,0.00040566167407899063,-0.00021317952286989094,-2.5602306871059864e-05,0.00011581767957556774,4.939276879737093e-05,8.76621144493797e-05,0.0005431428168341233,6.275128742627451e-05,-0.00020478759022053797,-6.105498083160326e-05,-0.00011362271027969593,1.9411395726121103e-05,0.0007640667929154545,-0.0006670143712020536,-0.0003966444746928714,0.00016730377696756244,-2.5015976071057425e-05,1.9009737311774125e-05,-4.1503673709265525e-05,8.239310273463574e-06,-0.0002880718341050595,-8.039327808944617e-05,-0.0001409959619964391,-0.00024107285025143555,-1.1931237360771657e-05,0.00021166073612169145,0.0001072229576898016,-6.946275644869963e-05,-0.00013045522339598433,-0.0003680301976773102,0.00011692762653883065,0.0005247152183657151,-0.00013743715322944442,-0.00029689811226466835,0.00027720724108006717,0.00022346385145301798,0.00036975279771715296,-0.0017618267858151098,0.00036135180217334765,-0.0024629942016202696,0.00010599991453739141,-0.0006574619424056144,3.894528509322785e-05,-0.00014490917404243704,0.00020747750542702146,-1.257247193288745e-05,0.00024002095624978747,7.452647381285673e-05
AKR,0.0005805802337766128,0.0005583452933699665,-0.0005193315115431677,-0.00046939073985306486,2.0780459816071816e-05,-0.00015121973702696977,0.00031079241492501584,1.703640338872897e-05,-0.00015714903547798682,9.735111224492746e-05,0.0007538252585107452,-0.000185155444598785,-0.0001486968188278242,0.0002326283341782705,0.00014653590756591347,-0.00019836019794092013,0.0001208373692687588,-5.4746775003754545e-05,-0.00017023002387091986,2.5439010408677983e-05,-9.04313117007227e-05,-0.0003823856492305067,0.00013770348088969485,0.00040484310310797295,-0.00018610766711284362,-0.00018649226990016986,8.283694196773879e-05,-0.00018212446759432858,5.927585189182872e-05,-4.373090654299204e-05,-0.00019835084019271618,0.00028222722735031703,3.933489195805201e-05,-2.3732926056899346e-05,-0.00018054990177612739,0.0003565196628056957,-9.489512000070816e-05,-5.7122469093900564e-05,9.772726827704318e-05,-9.251071942636862e-05,-0.00018462136519990324,-0.00018898327292009206,2.7655406976145593e-05,-0.00010603817714117032,-0.00031532993264143407,-0.0001222417183497179,-2.577579202097119e-05,0.00025057730346138643,0.00039048482262296836,5.925363233098245e-05,0.00018401566453173085,3.610179627810908e-05,0.00021969144767538433,-0.00020522403184740598,-0.00012148722107380818,-0.00019375339940144414,9.382435410117149e-06,0.00013168421345527388,0.00029626415802615745,0.00010909189820809402,-0.0002014890542030865,2.506085406735121e-05,-9.395401621982614e-05,-0.0003653253692674014,0.00021572973336774328,-0.0003572800743295811,-0.00022018139002914232,0.00016891889650847932,0.00010467041682187001,9.838524617847255e-06,2.15251256390273e-05,2.7392706072951376e-06,-0.0001360653934202194,-3.037329426806987e-05,-0.00016586748022418902,-0.00012705686392818665,-3.39600530948539e-06,3.141772565228279e-05,2.4747152029257803e-05,-0.0001586037348709535,-0.00012962894112126885,-0.00017055315448655676,6.791438666027209e-05,0.00020214504536440023,-0.00022449387797912572,-4.713888402431277e-05,0.00012764772834076681,-4.3229724468178735e-05,0.00010791726851462621,-0.0009334802750291246,0.00022701306742435113,-0.0025736528502238805,-5.454083093282166e-05,-0.000168540201434092,1.9133119937590615e-05,-0.0001904850703100341,0.00010116396113788869,4.248592585009329e-05,0.00010597150309315964,5.2479073124653844e-05
ALYA,-0.0011334093004381025,-0.0005193315115431677,0.0019926769533521525,0.0001305309582642542,9.96172581093724e-05,0.00028247223955679283,-8.026278141525057e-05,-8.010387533745392e-05,-0.00023733295335678895,-0.00023444087920048676,-0.0011396975190093288,0.0001129163883363675,0.00010490435065147342,-0.00037018543636601085,-0.0001205645730329847,0.0005691936370353407,-0.00027669402315837405,8.079532598447272e-05,6.272922619608259e-05,0.00016490343293839083,-0.0002732271622512538,0.0002498396414617964,-0.0011803456602037126,-7.534332119875757e-05,0.0001468019423663925,0.00016030839826940954,-0.00014328926662225536,0.00013716000379147727,0.0001758734708699872,5.024733364689713e-05,0.00018848784864544687,-0.0003213134270627764,-2.5612408595004685e-05,-1.5145477383845333e-05,0.0001443503144265538,-0.0005857980000253478,0.0002797707003351653,-3.3420748883344418e-06,-0.00029252360919610637,0.00022960510332403728,0.00012344834224437538,0.00020320909419244547,0.0011985984506150845,9.87556587343954e-05,-0.0005328477075982157,0.00018402084588825505,-2.3156079941004262e-06,1.807564360096776e-05,0.0018420754680300816,0.0001527688722774742,-0.0008995293995553164,-6.8530972729405165e-06,-0.00021416747383094456,0.0001859066396223402,-1.3042765914991553e-05,-0.0004756336031952351,-0.0002829019487701935,-8.464182761489368e-05,-0.0004046746465725243,-2.0237247770827472e-05,0.00024973203550750364,0.00014245627826895292,0.00016833238098004462,0.0006866824113269247,-0.0006146209242607832,0.0005153207805934951,-0.0001878325986600911,-0.0005082591336980567,0.0001884764236254128,-6.145156999530825e-05,-0.00011030786593478964,-1.7584031576404285e-05,0.0004626152132263977,6.578882165006321e-05,0.0004385523771892537,0.00044277816601962763,5.11426006134844e-06,-0.00027799771577503656,-0.00011569330288574039,1.7367027355007563e-05,0.00010965370901349337,0.000570816804759067,-9.144520262195807e-05,-0.0003756441839099878,0.0001299603841113073,0.0007284430065658264,-0.0005547306892661366,-0.00032396198203640017,-0.00022810579893029053,0.001359451857678002,-0.0002788582242986595,0.00040614687416625807,-7.2031345703549055e-06,0.0007011669077915422,-0.00012867953776527272,0.00012504883873443835,-0.0005447079338315519,0.00030944494107806273,-0.00015744813371799593,-0.0002478776455734586
ASMB,-0.00036164347164439637,-0.00046939073985306486,0.0001305309582642542,0.0005669554035236694,-6.708036027091666e-05,0.00022520908006729742,-0.0003073192040934329,6.431930230321521e-05,0.000314933319525073,-8.518524455141901e-05,-8.660166842055815e-05,0.00025462490506173764,0.00016645186850103205,-0.00011983866815529047,-2.617986173390384e-05,0.00020632290101240517,2.7936994729532358e-05,6.399294885726635e-05,0.00024062381054650083,5.5331668244900735e-05,0.0006478506831838195,0.0004828942769657736,2.2550040782423323e-05,-0.00035073825218056816,0.00024817227791970375,0.0002441002245285637,-1.8285928668380408e-05,0.00024422694621961406,-0.00013950371728353237,0.00012437874664717987,0.0002449076938297119,-0.0001399406634468779,-1.5822770771650584e-05,3.780046732549532e-05,0.0002554987228801131,-0.0001451743625161102,8.548063169554214e-05,4.114565629157716e-05,-5.6033803573632e-05,3.7955136291830284e-05,0.00024555518406158244,0.0002180762813673142,5.230146226089094e-05,0.00013444217321302636,0.0009121745809311044,0.00016835118561211762,3.17064846595725e-05,-0.0002465785178650118,-0.00028066696173323705,9.843482225561371e-05,-0.00017550369172014127,-1.837060717084267e-05,-0.00013894416456872652,0.0002503402803901193,0.00022136994738612475,0.00029400000380502475,-2.4391246530334515e-05,-2.176637711268864e-05,-0.00019473775221818304,-4.902006238331713e-05,0.00026159843950581156,-1.929712955142295e-05,0.00012024867601733328,0.00032644727446662944,-3.842708345645857e-05,0.00031791905351826757,0.00020751938565652367,-2.068104635886422e-05,-0.0001090068158100703,9.648480363758175e-06,-3.0072243318858703e-06,-1.4951320996145948e-06,0.0001185079549577857,5.6130535360536006e-05,-7.608879627728814e-06,0.0002248622033338301,-2.000905095267077e-06,0.00011727677597947338,1.3990527275640125e-05,0.00020265343812434804,0.0001649343800804462,0.00012278972621489206,-1.6590494143776118e-05,-0.00016596658478602606,0.00029320954506842573,-0.0004105114619683873,-5.020139706562784e-05,-1.3403173750978778e-06,-2.0250624716648313e-05,0.000549248267180502,-0.00011445427973747702,0.002004306650441264,0.0001132927243280546,-5.836593622142933e-05,0.0001487120061047376,0.0002511151075038614,9.539519255081712e-05,-0.00011162217162582985,-4.0403254981914475e-05,0.00015508984060951653
ATO,-7.212827816780747e-06,2.0780459816071816e-05,9.96172581093724e-05,-6.708036027091666e-05,0.00013667515471838982,0.00011685859805681633,2.081967295537293e-05,-2.3610521881608647e-05,2.6530318789168808e-05,-0.00010891819259263631,2.969941560885865e-05,2.469977132314036e-05,-5.443193969262027e-05,8.287456235125739e-05,-1.7154959391408625e-05,0.00019941756537884172,-9.039824190122968e-05,3.4776929662608255e-05,4.504258641420883e-05,-0.00016666666512432505,-0.00017879249277100086,2.8361144779176053e-05,-0.0002683984082453397,-2.432990684580328e-05,1.034951487926868e-05,1.4800450951365465e-05,-2.3718638556956954e-05,1.794885384966469e-05,7.177327213946636e-05,-6.313743143423506e-07,2.7464553011481765e-05,-0.00010371318265035578,2.7193074883599842e-05,-2.039791540618634e-06,2.9953950822197726e-05,6.268980631978665e-05,0.00012894431786777242,-1.8739684171709925e-05,3.619481193483515e-05,1.5439305250334882e-05,1.703721539800588e-05,3.325053478359422e-05,0.000607677825700057,2.3186784178089168e-05,-9.600879651689871e-05,8.873963519877702e-06,-1.9613710976727602e-05,-2.2859644085801023e-05,-0.0006130490422382311,0.00011745715925121189,0.00011299190280257332,-7.405567888870393e-05,8.665473092622563e-05,2.840543962445627e-05,-2.3432975637005628e-05,-7.340128470549513e-05,-0.0001375672392623738,4.1235431171900254e-05,0.000100792857522295,-0.00018837554498059796,5.38564247980872e-05,1.85085541037839e-05,-1.9455658584500705e-05,5.991897428447734e-05,7.500857676956571e-05,7.098001199714499e-05,8.436570271880016e-06,-6.896214852238828e-05,9.90296400611559e-05,-1.6097689039269484e-05,9.691784563179429e-05,-1.1786228777909369e-05,9.711352729145643e-05,2.1530970650278295e-05,5.528910542978646e-05,-0.0002486923533892667,-7.992925281168674e-07,-7.078520970713751e-05,-3.4906865564105376e-05,-2.9561983168456777e-05,1.4136078030099805e-05,-7.463597504239534e-05,-7.5121565352125115e-06,-0.00041303626313473685,4.2625039894734e-05,0.00012831204737486965,7.869056851422365e-07,-0.0001087440782578779,6.901309721722781e-05,-8.277325718896118e-05,-3.4084689227319796e-05,0.0005938408500349683,6.626640727990324e-05,0.00012639188268080833,-7.654252067432641e-05,2.057214778329399e-05,1.2526900870721122e-05,0.00011355084037879275,-1.2416445278473215e-05,-2.6261413346570755e-05
AZRX,-0.0005840703734615611,-0.00015121973702696977,0.00028247223955679283,0.00022520908006729742,0.00011685859805681633,0.0011169515139683225,-2.2151477285857716e-05,0.00013877713583028935,0.00019895704743505126,-0.00029128897665309933,-0.001634541581005779,0.00017799160662157937,0.00022171733950728347,-0.00022909841484293497,-0.000134015955829119,0.00017934198130966617,-0.0003501935524286428,8.909231927681235e-05,0.0002289474627830891,0.0002498605883302309,0.0003145680429550283,0.0003350275516649954,-0.0002484651834167633,-0.00011318824473554234,0.00020438241268941738,0.0002012197890577893,-0.00012614808516555982,0.00020796163292834946,5.911652804903903e-05,0.000226284142983841,0.00023222567238185887,-0.00012922666259483474,1.1015899590929845e-05,4.7985205569279185e-05,0.00026416564045070925,4.16594550422503e-05,0.0003590348070188437,6.765168745308821e-05,-0.0001416672700261527,-7.441605388396037e-06,0.00019529696148529082,0.0002041602649505844,0.0016364405592262203,0.00017574298031961444,0.0004118660836889654,0.00016875145209117553,0.0001009656573301253,-0.0002383053235633288,0.002649978180182842,-3.569606458294282e-05,-0.00035584432179075904,-0.00027201628293618065,-0.00012176688561302848,0.00025543757333813344,0.0001753932573579924,3.307710608240141e-05,-0.0002828938559314284,0.00012907548656461673,-0.00026586916921934596,-0.0002575189023630542,0.0002873008172256713,3.412951852904048e-05,0.00017216463398382379,-1.194423398065266e-05,-0.00023053246319271054,0.0003691472381133616,0.0002530134495142944,0.00023257295803374514,5.731204010915319e-05,-3.784331545302595e-06,0.00011723725000119978,1.0600900621386284e-05,0.0004801542244754045,0.00018753033597802073,-0.0003382276916048584,0.0001117753321505118,1.7584611835710286e-05,-0.00010296542673469497,-7.437956416756088e-05,3.278530523090608e-05,0.00016386392729923318,6.923761095866104e-05,-2.0143519185789192e-05,-0.001074627027988733,0.00014332755901495597,-1.1701057061513089e-05,3.620346642673828e-05,-0.0005436389714157938,-4.6894142600919356e-05,0.0007714733483568909,4.663817688630552e-05,0.003097351828571725,2.8713727534067294e-05,0.0002552378624067134,0.00027444777254759684,0.0001967907491058552,1.691194126096657e-05,2.5443901853452276e-05,-0.00014378154240249442,-3.0277345603301953e-05
BCML,0.0002611974088603289,0.00031079241492501584,-8.026278141525057e-05,-0.0003073192040934329,2.081967295537293e-05,-2.2151477285857716e-05,0.0002651154789534891,-3.009949580212334e-05,-0.0001496216165395123,6.756340170842678e-05,0.000380871635319879,-0.00014615847855686798,-0.00017473117997387794,0.00010727352508503005,8.117008860564791e-05,-0.00011121572015308602,4.256978344921996e-05,-2.7537300843125755e-05,-0.0001417594195660772,3.896474763350242e-05,-0.00015983803617294478,-0.00029791590272076034,-0.00024510838263571983,0.00033096282790788853,-0.00015309406194095524,-0.00013479157495586687,4.778307543752886e-05,-0.0001421507407555802,6.89706379895454e-05,-3.824776609387173e-05,-0.00015184854507554148,0.00018577844173995955,1.5476000080124342e-05,-2.222072019187263e-05,-0.0001402217755746445,0.0002618471599494179,-1.429496574022778e-05,-3.9735648493497005e-05,5.485072440824383e-05,-5.7331510425762e-06,-0.00015005161737284643,-0.00014589412481499282,9.585235579578997e-05,-8.595811007591623e-05,-0.0006523364124523437,-7.717519753502002e-05,-1.381071904836512e-07,0.00016020390135216745,0.0009533542123526551,-2.3148529921073825e-05,-0.00015973213205105026,-8.257560937694835e-06,0.0001425705468816694,-0.00015606086372097283,-0.00010414254224848115,-0.0002516870231250946,-8.894696217896138e-05,1.8464931846818504e-05,0.00014140749648112216,8.702314887453944e-06,-0.00015400838204735552,1.4542060919266416e-05,-5.091128628950456e-05,-0.00017754724113381887,0.00012374191832848172,-0.00018080838324103756,-0.000251401059887761,7.790960417761571e-05,8.831641035756162e-05,-1.0821674493252541e-05,-4.159954895192366e-05,5.718300345329333e-07,-1.0016490661179486e-05,-1.2589858566221333e-05,-6.880062841554399e-05,-8.962587128137112e-05,1.294754516051772e-05,-4.288165208148497e-06,2.079117687764502e-05,-0.0001374763831772818,-0.00010409386201941042,-0.00012074761203092702,3.544812381675201e-05,3.5730536593641386e-05,-0.00018725981805768144,0.00034511200419330137,7.870749500187386e-05,-0.00011165917178647469,4.191707066186874e-05,-0.000244476090659079,0.00016247628093788645,-0.0009026682662476839,-5.470376523033383e-05,-2.257847456344914e-05,4.1445619020069314e-05,-0.00015201769217570402,-0.00010530809753873848,0.00011347407991670451,5.9883399570883104e-05,-0.0001498783096820838
BFI,-7.283264225561865e-05,1.703640338872897e-05,-8.010387533745392e-05,6.431930230321521e-05,-2.3610521881608647e-05,0.00013877713583028935,-3.009949580212334e-05,0.0004333476315839728,-0.00010709188311374811,0.00017543637164790023,-0.0008473585908115545,0.00024222426352034712,4.554517424774054e-05,0.00015243717985689024,0.00010866082811734832,8.766083310419087e-05,-3.082756525570502e-05,0.00011872382130738696,0.0001486597474180453,7.532187339060599e-05,0.00015227287604906067,0.0002852429895267818,-0.0001989119243469767,0.000307911175827396,0.0001862438164498234,0.0001864936938083898,2.2110639304724438e-05,0.00018253245742765604,-7.838432762172893e-05,0.00014954754515025045,0.00017617826500010626,0.00010820595227332095,3.101363939629086e-05,2.167781619193482e-05,0.00019503770969425072,3.683284731166248e-05,0.00010961115729185656,-6.298728627418026e-05,-0.0004439228515653928,4.198588322318342e-05,0.0001771180028796804,0.00016459248068976978,0.0002983354607870672,0.00014438178221658424,0.0008545874761650741,0.00014809982083725795,-3.41399467126007e-06,-0.00019632969268467543,-6.81497499764231e-05,0.00011484514021390748,-1.9875164023301162e-05,4.140102818832914e-05,-5.8975750074412395e-05,0.00018879293868054949,0.00024080842422419903,8.056013911435468e-05,-0.00012616887583453542,0.0001643891829640415,-0.00025609466316536654,0.0001113067118508841,0.00024206129051912217,9.81581390820532e-05,2.5974807215183435e-06,-2.707871895631526e-06,-0.00010689057142936181,-2.1062412248661812e-05,-0.00016418308215059295,7.046707697547965e-05,3.83643683712906e-05,2.5346253557315875e-05,3.0314457055472484e-05,-1.803491626637939e-05,0.00020609731760703272,5.643447368911809e-05,-0.00011086268179598832,0.00036331422240172296,6.666799854593811e-06,-3.65514340991869e-05,7.300379147256772e-05,8.375386022869972e-05,0.00012367494437424267,0.00015161651600336496,6.346699483483867e-05,0.00037056108913642154,0.00021469975584301255,-0.0005007702171072728,9.328517728698788e-05,-0.00022461185994494617,0.0001401366724839732,-0.00032901625234973595,0.00027151085957029627,-0.0022598508335676657,0.00015161856692995308,-6.794209207052396e-05,8.12381025498606e-05,0.00019013480339328826,0.00041340368648884956,-2.994793924074993e-05,4.8877107414665595e-05,0.00017194674472553186
BHAT,-7.761341920596767e-05,-0.00015714903547798682,-0.00023733295335678895,0.000314933319525073,2.6530318789168808e-05,0.00019895704743505126,-0.0001496216165395123,-0.00010709188311374811,0.0004820106413264415,-0.0001523311450174712,0.0014034640742154826,4.316997397396572e-05,7.81913828749265e-05,-2.101709231003217e-05,-3.288609435473382e-05,0.00028001528028391966,6.387069922204169e-05,-2.3510532322822415e-06,0.00012210081102514278,-8.485591180105526e-05,0.0007486844109958991,0.00015941584927430108,0.00012773171220653568,-0.000370286478469531,5.843446853293912e-05,5.907406099318573e-05,-4.930297627050357e-06,6.480319706019522e-05,-6.161407141744597e-05,6.028198041842582e-05,6.649433733523931e-05,-7.795583902241714e-05,2.23703180992618e-05,1.3887158555981615e-05,8.322086745078906e-05,0.00022544488574495646,-2.3498438080896948e-05,2.5202762679996994e-05,0.00029120057525406864,-4.4266190392506075e-05,6.785658881293631e-05,4.918405124257309e-05,0.0005652217711908554,1.9446133655380678e-05,0.00047533591291910513,3.0034305830184156e-05,2.4029191795541336e-05,-2.800584953184758e-05,-0.0010466929252194112,0.0003096482174114444,0.00042196200103259134,-0.00012051994792602941,7.857060903254155e-05,6.32058782948336e-05,7.903390033230968e-06,8.415996383086982e-05,-2.5651702971050825e-05,4.7568360351646494e-05,0.00022635866686696631,-0.00016532682192112343,6.133294197869225e-05,-3.0308015353293054e-05,2.2027647499136344e-05,-9.772098524670451e-05,0.00016990396944550624,0.0003241088577879106,0.00032409556476291834,5.155867844427304e-05,3.31799169567831e-05,6.601150754421787e-07,0.00013726754466964627,-9.309409768497356e-06,-7.20495736119167e-05,2.6092239101595043e-05,-5.6797010708292514e-05,-0.0002866832117022763,-9.74136640934684e-06,0.0001830706093026174,-2.9084859850851495e-05,5.813059537210307e-05,4.2665215974209165e-05,-0.00015812179220343756,-9.313708106362185e-06,-0.0006134769024051709,0.00011700200507678277,-0.00032984630236551204,7.216626935395498e-06,6.265277615136739e-06,-3.3019380965751475e-05,0.00022691789962954074,-0.0002169336126747776,0.0021246923053265285,3.8909426063357084e-05,-5.146016141788828e-06,0.00010807507766586239,6.859129522459753e-05,9.300866418738395e-05,-3.7858492971373537e-05,-9.53319210216888e-06,0.000250397249884699
BHE,0.0001271889909998063,9.735111224492746e-05,-0.00023444087920048676,-8.518524455141901e-05,-0.00010891819259263631,-0.00029128897665309933,6.756340170842678e-05,0.00017543637164790023,-0.0001523311450174712,0.00030727494079357636,1.0896766570706596e-05,-3.4783259405267126e-05,-0.00010315171702418246,8.549244953579889e-05,4.724523859492211e-05,-0.0001860130399548398,6.965495500920527e-05,5.856661892623629e-06,-9.434209368810397e-05,6.121312942994561e-06,-0.00013395395071340614,-0.00013707423333835493,-2.568020113510774e-05,0.0002756801714735367,-7.284448508763238e-05,-5.4949409007665456e-05,4.7683079188616396e-05,-6.8651839078185e-05,-6.839306050131806e-05,-3.0656558555825574e-05,-8.534458789965496e-05,0.00017523434317040864,-8.298095332566191e-06,-1.2978649215207406e-05,-8.859213076680191e-05,0.00010665970265937607,-0.00015508453177101583,-4.2761590644980705e-05,-0.00017681221680873073,3.803416197796924e-05,-7.045523400271269e-05,-8.176342212161206e-05,-0.0006804008876071231,-4.136508378170606e-05,-0.00019648512630533353,-4.2517925216046795e-05,1.7756271362839955e-06,-2.244773054958755e-05,-0.0003890027916329394,-9.925112018797252e-05,0.000136223057105199,7.105001244538544e-05,-2.685375344273327e-05,-8.327822252458361e-05,3.0215476653676667e-06,-3.7714158608225104e-05,5.9423027068182185e-05,-4.060446397869678e-05,-0.00010046447946136768,0.00014888057683791516,-9.992564336836455e-05,1.0357584554744507e-05,-9.850331570841815e-05,-0.00025290980400312016,-2.3511058684650596e-05,-0.00014620673704071922,-0.00017599662328201022,4.6575201143580816e-05,-3.37567795423251e-05,1.2941398097991757e-05,-6.897060516363113e-05,-9.59012263714855e-06,-0.00011577826457888254,-5.2845695258307916e-05,7.200847506739337e-06,9.371228046256704e-05,1.57887124231834e-05,2.4476407285433878e-05,8.823278818758095e-05,-2.4561283758889718e-05,-5.644835615178509e-05,-3.7885432239091145e-05,3.42577881807259e-05,0.0006430521140330998,-5.9263050285016566e-05,4.143788852542761e-05,0.00013643316990618264,7.302824579473338e-05,9.024577796471964e-06,-8.584938849098273e-05,0.00015599998121570096,-0.0016271390698515194,-2.2159717475225616e-05,-9.599813372007584e-05,-1.0073443923827204e-05,-6.304179248771007e-05,0.00012295236591184806,-3.5334032129228434e-05,6.820764671971514e-05,-5.487005651388009e-05
BPTH,0.0017490148985896342,0.0007538252585107452,-0.0011396975190093288,-8.660166842055815e-05,2.969941560885865e-05,-0.001634541581005779,0.000380871635319879,-0.0008473585908115545,0.0014034640742154826,1.0896766570706596e-05,0.014017249754082542,-0.0005288240207985663,-0.0008060139175661618,0.001049073395028466,0.0007897106420128019,0.0013658192477138645,0.0015204086880972701,-0.00021642912599019492,-0.0002997740557772018,-0.0007087528593977548,0.0033660088479449592,-0.0007865223535506802,-0.0007500065095951171,-2.4132911085745434e-05,-0.000551099880535233,-0.00046750215384824454,0.000536633804583685,-0.0004935939923800071,-0.00013403736394882292,-0.00018288336885892195,-0.0005679907036436481,0.0007296670327515151,0.00023581003213677009,-0.0001394910644667223,-0.0004910945371822129,0.002128905683387184,-0.0007826196545011162,-0.00032642373712806947,0.0018516497427801862,-0.000134383050706474,-0.0004938548590784383,-0.0005742327177839387,0.0010756961948556463,-0.0005231078099928438,-0.0001827102779274259,-0.00028804903472228843,-0.00019275170909122396,0.0012651971805607487,-0.007288350369336614,0.0024440620115114427,0.0017780312034389402,0.00012703192371213846,0.0014417493185932212,-0.0006747612554108342,-0.0006348612161157768,-0.0010848699452190099,-0.00019441259746395196,0.00032398940824750986,0.0024589234045784944,-2.3984721267053498e-05,-0.0006041473056516962,5.8776053684289416e-05,-0.0003587175618863584,-0.0005508308534930407,0.0018726257808891083,0.00032966257803612855,-0.0003921418659797906,-0.0002926674944764955,0.0007410702185543744,-5.1303232737508966e-05,0.00026577032633575006,-0.0001089301224988288,-0.0011941513674801573,-0.0002776296025909872,0.0004172870980714263,-0.0015426282594931853,-6.693100829985302e-05,0.0012140153934669681,8.792426939421686e-05,-0.0002678088287824309,-0.0004323092358759232,-0.0010010011758747651,0.0002153144978938137,-0.0005443679316193831,-0.00019063492867475785,-0.0008213352337876611,-0.00017755501582213327,0.0004597437739591407,0.00023881706781906251,-0.0020976817686610798,-0.0005365881608962069,-0.004060570839537682,0.00013412970985073522,-0.0005670103404300885,0.00016529358378284488,-0.0004986075317615906,9.287670253194088e-05,0.0004748226492104623,0.0006257167768312837,0.001172265045962348
BSA,-0.0001044958059860007,-0.000185155444598785,0.0001129163883363675,0.00025462490506173764,2.469977132314036e-05,0.00017799160662157937,-0.00014615847855686798,0.00024222426352034712,4.316997397396572e-05,-3.4783259405267126e-05,-0.0005288240207985663,0.00030255421816464045,6.476751572033108e-05,0.00011952883721739148,0.00010519513335578639,0.00023716684865522162,1.3144191408888842e-05,0.00011545990217694865,0.00023699002278286492,4.02856894255906e-06,0.00030393639716291945,0.00044931169242210303,-0.0002370753804828534,3.096966051628809e-05,0.0002597349305826892,0.0002530634396638394,1.911052396893398e-05,0.00025584914155871483,-7.285749548984591e-05,0.00014368178828157437,0.00025384450349037914,-4.5272775888472147e-05,2.5732245599121746e-05,3.105818624521522e-05,0.0002741760383971332,-8.119031049841572e-05,0.00021110320805915777,-3.2983522470718734e-05,-0.00026385122169166346,4.2911033100450626e-05,0.00025337596460950975,0.00023700719313526233,0.00038767729462589736,0.00016780268436227252,0.0010066968580405814,0.0001906681886283798,-1.842257553857997e-05,-0.00021049526611980216,-0.00028705547109652093,0.00017986844872608474,-0.0002677041026870429,3.920375070467287e-05,-2.8627755874835165e-05,0.00026050700752429,0.00026437750727774785,0.00018496877088830196,-0.00015601551239482477,0.00011927621917817806,-0.00016765336407881107,-1.384641611672525e-05,0.0003224495132334019,5.9147871584251205e-05,8.170286787143677e-05,0.00038734129659961095,2.0908643199723504e-05,7.85841289684834e-05,-8.645603045271725e-05,-3.719724020337983e-05,6.1522861750402975e-06,1.1367306338418208e-05,2.5355604234865867e-05,-1.150758537966404e-05,0.00024854010264695984,7.131289637757366e-05,-2.4867764226604418e-05,0.000296935664376063,-4.321143906778614e-06,3.3062390240217077e-06,3.3268876801957964e-05,0.0001502740546464309,0.00017135298855248368,0.0001648975702271684,3.5450416417361674e-05,2.3829818430276938e-05,0.00030498206525739554,-0.0004880211179426544,-1.4509196711153066e-05,-0.000163800634695393,0.00016323726683638886,-0.00021587419275648673,0.00012928529588839493,-0.0005519287009008014,0.00020849472884962607,-8.980249043156506e-05,8.170182425180073e-05,0.0002625202904401477,0.0002658378931262185,-8.076851382293653e-06,2.328508952049685e-05,0.00016804695765232364
BUYZ,-0.0003411866541491127,-0.0001486968188278242,0.00010490435065147342,0.00016645186850103205,-5.443193969262027e-05,0.00022171733950728347,-0.00017473117997387794,4.554517424774054e-05,7.81913828749265e-05,-0.00010315171702418246,-0.0008060139175661618,6.476751572033108e-05,0.0003007928951248989,-0.00023663823323492482,-0.00010570930131287394,-2.9913762323704274e-05,-0.00010096737700814817,-1.3583260882647586e-05,8.171057086849203e-05,0.00020162441518853554,0.00022900819906631248,0.00018753301821663134,0.000501061045460005,-0.0002544787658911781,0.00011823748727850417,8.342199690912215e-05,-7.749725639859233e-05,9.601990108606095e-05,-2.859785686968147e-05,7.242257396728449e-05,0.00011303365675652785,-0.0001037526873388083,-2.105583505802751e-05,2.3472890055817546e-05,0.00010109006536277488,-0.0002974224443409065,-2.1940118215783337e-05,6.634938256769559e-05,-8.037594815374255e-05,-5.5293273800693585e-05,0.00010201543211071954,0.00010680147743043265,0.00013874736918940885,7.284987083519358e-05,0.0006546997066447509,5.7964712617170164e-05,2.8940806539752707e-05,-5.0846691905698725e-05,0.0006055419711970775,-4.362388949781938e-05,0.00011553008148337234,-4.037156879544506e-06,-0.00020050005512712554,0.00011956585568308165,6.748142671660386e-05,0.0001767871076227192,0.0001567918027049418,5.321175475715264e-05,-0.00019244167935559674,0.00013498992837745303,0.00010799430583521681,1.0684628290749866e-05,9.306557931370918e-05,-2.592951336754028e-05,-0.0003121722658329763,0.00013810645736427922,0.0003087728544134316,4.7717650637720923e-05,-7.39331175145514e-05,2.202567626029171e-05,3.297769951493525e-05,1.5035606042593008e-05,2.6306049566709503e-05,3.902586069080482e-05,-8.818413741281541e-05,0.0002792923284853885,-1.792803307865571e-05,-2.947381128828935e-05,-5.530444466435582e-05,8.586178501259804e-05,8.548288389449909e-05,0.0002233674270938689,-3.435647044610583e-05,-4.004453115327768e-05,7.524359563430705e-05,-0.000441102190827188,-0.00013253147811488345,2.2094898550498244e-05,-0.00013795096926501956,0.0002333524822751398,-0.00013129918149911744,5.0557089176729326e-05,-5.829115062286513e-05,6.915874384789344e-05,3.10824079966397e-05,9.498053743445655e-05,7.4506419687496e-05,-0.00016603724959704175,-9.694430804698642e-05,0.00021003738428108546
BYD,0.0005480941254630186,0.0002326283341782705,-0.00037018543636601085,-0.00011983866815529047,8.287456235125739e-05,-0.00022909841484293497,0.00010727352508503005,0.00015243717985689024,-2.101709231003217e-05,8.549244953579889e-05,0.001049073395028466,0.00011952883721739148,-0.00023663823323492482,0.0004503427861093718,0.00025518739550752526,0.00019340767425523534,0.00020393481527659088,7.314882946882301e-05,6.917236785818159e-05,-0.00022674407496232202,0.0001353803442521818,6.826878484960302e-05,-0.000381470797205479,0.00032824543830915916,4.164538316945238e-05,5.5631836171249615e-05,0.0001283495728444039,5.5137801663739885e-05,-2.8856529477235866e-05,2.857065731144733e-05,3.1819438680478656e-05,0.00015423471352333701,6.792832305880215e-05,-5.136001821376503e-06,6.43782413193709e-05,0.00034629837151169726,0.00010102078780683654,-0.00011389123855988422,-3.9847885297926466e-05,1.1095137323564759e-05,5.2072268571548965e-05,2.924071393084871e-05,0.00019271873777632328,2.788814252202975e-05,0.00040388804370131766,4.460349169816755e-05,-7.199779342985618e-05,7.529061833763121e-06,-0.001486946616266926,0.0003276431728837324,2.6059790689695537e-05,7.41271325847605e-05,0.000276479940487165,2.5149312845714435e-05,9.778982683723156e-05,-2.6731450559236322e-05,-0.00019805696948798292,0.00014884080631504185,0.0002576663321829896,-5.92207887779592e-05,8.95636874681485e-05,5.0992600317338465e-05,-7.236375640307039e-05,0.00015883826023171602,0.0004308462274391324,-0.00020571118958653017,-0.00034845195685915013,-2.2386396731277423e-05,0.00012163647814667378,1.8059375115733415e-06,5.3410930304355414e-05,-2.5153693293503744e-05,3.4070054823991976e-05,-4.915642160151335e-06,9.504681125922817e-06,-0.0001194745228723293,-2.8833569995266603e-06,8.078594351507143e-05,7.739970123894402e-05,2.912676542775108e-06,1.5843328202460974e-05,-0.00014579950668257963,9.076975905223953e-05,0.00016072286225969276,0.0001237568921497042,-0.0002895962856725902,0.00013506716623086656,-8.327058252929404e-05,0.00031690267126704296,-0.0010310393566967746,0.000254037886368763,-0.0020580682036495167,0.00021899703043825293,-0.00025012666468718706,3.6166658023943547e-06,6.216150314177071e-05,0.0002992398822741704,0.00011785016186527405,0.00016262424817736182,0.00013016067424211953
C,0.0003415116854021607,0.00014653590756591347,-0.0001205645730329847,-2.617986173390384e-05,-1.7154959391408625e-05,-0.000134015955829119,8.117008860564791e-05,0.00010866082811734832,-3.288609435473382e-05,4.724523859492211e-05,0.0007897106420128019,0.00010519513335578639,-0.00010570930131287394,0.00025518739550752526,0.00024141940094742778,9.669058449037905e-05,0.00022761411844282042,3.78405315536941e-05,5.376276708341258e-05,3.6265423822541535e-05,0.0003870471138375747,9.87942777858155e-05,-0.0002170029226431353,0.0002747220896473958,7.049656803545767e-05,7.320494767991563e-05,0.00011358407100904388,7.174701271174321e-05,-4.839013590335677e-05,6.239993505396784e-05,5.1979298248988466e-05,0.00018796585565799274,3.855393549831835e-05,7.500989347838587e-07,8.002172388983464e-05,0.00017972640547639883,5.9367554966944194e-05,-7.380524570694542e-05,-5.59215176683614e-05,-1.1781183063080971e-06,6.69955855338763e-05,4.2164903269522735e-05,4.8274018366382524e-05,2.9901564477338407e-05,0.0004993222870091188,7.555885381108925e-05,-4.189840639861984e-05,6.611240568680207e-05,3.7943043886122816e-05,0.0002487113649859729,-0.0003099401893997245,0.00011653613066236394,0.00015989987315173328,4.3916853638121715e-05,0.000117114081098664,-2.4056631740440513e-05,-0.00011299130089461505,0.00012791674455847927,0.00012368396418889322,0.00010931422401148,9.523728407122464e-05,5.277355085812043e-05,2.0922818546942274e-05,0.00023351710376660808,0.00024723631461441727,-0.0001638144473273065,-0.00031742460478188827,7.415162044976259e-06,6.10520639154697e-05,7.891538087644516e-06,-4.415777138662529e-05,-7.784298081017059e-06,5.2089852055371275e-05,1.1508434528474865e-05,-4.4254096121243127e-05,0.00021706952868942952,-6.561889618305467e-06,0.00010980546955297523,6.166581420816964e-05,3.17961983163879e-05,3.2977291637294026e-05,3.9512022577858966e-05,7.750080612996893e-05,0.00028856145094512,9.187150842491715e-05,-0.0003542218176284383,6.252673772965955e-06,-7.956247370203449e-05,0.000192226684149812,-0.0007167685093585835,0.00021635749733203333,-0.002151144930155442,0.00013229231776922041,-0.00025051717041995193,0.00010847371859887671,6.895883629503396e-05,0.0001564627244724997,4.5647883900013585e-05,0.00012446496089967013,0.00015154260314888834
CCLP,-0.00030388217530947234,-0.00019836019794092013,0.0005691936370353407,0.00020632290101240517,0.00019941756537884172,0.00017934198130966617,-0.00011121572015308602,8.766083310419087e-05,0.00028001528028391966,-0.0001860130399548398,0.0013658192477138645,0.00023716684865522162,-2.9913762323704274e-05,0.00019340767425523534,9.669058449037905e-05,0.0008383496672448556,1.5133221218369554e-06,0.00013286002652807783,0.00023557044612174935,-0.00023967079670013548,0.0005693560856850483,0.0003798307555788807,-0.0008712443360869323,-8.51641969524021e-05,0.00019670865736632771,0.0002113626086151757,-2.0126958377202417e-06,0.00020617834506600954,3.561156833698691e-05,0.00012864170237325301,0.00022459545749622223,-0.00015736669083536234,8.26613623068891e-05,5.914036408045534e-07,0.0002388057788152205,0.00017063588047358996,0.00023700903605270322,-9.281497503923178e-05,-1.993599607713602e-05,9.557651296988411e-05,0.00020026638094928045,0.0002199237720462236,0.0016884844945231718,0.0001294204122031219,0.0006736077223148511,0.00018031168356541356,-5.138504420697042e-05,-3.982211546232288e-05,-0.0018344570854074824,0.0007405882923288314,0.00020467319735617272,-7.583344345182741e-05,0.00018097195594663808,0.00021812082917346104,8.983733601116914e-05,-0.00023127332966992433,-0.0003689427182644971,0.00019406091021297432,0.00018841015131006823,-0.00022665740272254017,0.0003212521812136857,0.00013385330377161455,1.9978392118555532e-05,0.0003168023766806573,0.00010082519964038449,0.00045637237288911534,-4.619571196320225e-05,-0.0002747819934950834,0.0002994631717578992,-2.7916334976690424e-05,0.0001948827936592774,-5.08374856035046e-05,0.0002470141817755038,6.488701271255909e-05,0.0002129408245011745,-0.00017052203512199477,-1.3283971634189784e-05,2.3621928947335826e-05,-3.9238416403869454e-05,6.16459410035545e-05,0.00013593199379013324,6.914870549887421e-05,1.908827172688202e-05,-0.0006860585733263998,0.00033183178650324246,-0.0002880470659736359,-0.00018902725055859544,-0.000298246959647988,0.0001256457319302973,-3.806354012371226e-05,-0.00015005207873269486,-0.0002641247776725524,0.00024590802742553556,0.00026597738202526107,-3.776278646385585e-05,0.00021390966465828078,0.00018349324377269302,0.00024826502523941284,3.073648539691957e-05,0.00030075127545596005
CEN,0.0004377081357710639,0.0001208373692687588,-0.00027669402315837405,2.7936994729532358e-05,-9.039824190122968e-05,-0.0003501935524286428,4.256978344921996e-05,-3.082756525570502e-05,6.387069922204169e-05,6.965495500920527e-05,0.0015204086880972701,1.3144191408888842e-05,-0.00010096737700814817,0.00020393481527659088,0.00022761411844282042,1.5133221218369554e-06,0.00034077574612198047,-2.4263046541212773e-05,-1.2879802759289243e-05,3.608312569344892e-05,0.0005446368547760746,-3.682243856849733e-06,6.349596684228588e-05,0.00013278560672596324,-8.005551813293128e-07,-5.25463991522476e-07,0.0001348568192075919,-1.607610023574346e-06,-8.88289617872451e-05,2.6178341581835336e-06,-2.765703713902771e-05,0.00020953136489747096,2.009181616909624e-05,-7.161689224256648e-06,-7.142194171687931e-06,0.00018290905345956274,-9.694583422501918e-05,-5.076839467120872e-05,0.00012573003661301842,-3.1957031473299043e-05,-1.380310956778691e-06,-3.687578567995956e-05,-0.0004647164801346317,-4.012479729111776e-05,0.0003846539255826956,1.1026026664972789e-05,-4.020208376073225e-05,0.0001494414965315526,-0.00034369724785525646,0.00022658569166775542,-0.00017596723177924447,0.00015276050082231777,0.00016339502038796328,-4.3022987107442066e-05,4.2233975920319757e-05,1.926078557810571e-05,3.319953827841867e-05,5.63658143855206e-05,0.0002279310739590431,0.0001725512760588189,-2.5302563354455624e-05,3.692950697226662e-06,4.709004719219056e-06,0.00016432831048251165,0.0003078371217286233,-0.00017805947302031505,-0.00022753390557153053,7.415285511648986e-06,-4.18409510572719e-06,1.138719497320876e-05,-8.025941139170089e-05,-8.524257011495404e-07,-0.0001445770832320386,-3.686896178113508e-05,-1.0428621449284295e-05,0.00015312503197840343,-1.2812220634646499e-05,0.00020898349716111538,6.483601287004456e-05,3.41106605549683e-05,-2.0896635500124232e-05,-1.6320468321200016e-05,6.484450745456477e-05,0.00042204664961206377,2.0436184877610486e-05,-0.00037402594326092363,-1.2082962895787346e-05,0.0001224834161842558,0.00012080264047511558,-0.0006611413016369034,0.00010584814443326845,-0.0018169935624106522,6.359091562843557e-05,-0.0003369950600557933,0.00010403597134244321,-4.4137963498571425e-06,7.602329400014733e-05,-2.3870449974049653e-05,0.000135293942810124,0.00018534169350434575
