,ACI,AGBAU,AIA,AOK,ARDS,ARMR,BAUG,BGI,BHVN,BOXL,BSCN,CI,DCT,DFP,DGP,DXJS,EGF,FBMS,FDIS,FKU,FLMN,FNY,FUN,GAA,GDOT,GE,GSV,HAFC,HEPA,HPF,IQLT,ITEQ,ITIC,IYY,JOF,LEVI,LRMR,MBIO,MLHR,MQT,MTZ,NQP,NSEC,NUEM,PGHY,PHCF,PSO,QMCO,RARE,REGN,RNG,SFUN,STKL,SVT,SWX,SYRS,TADS,TESS,TFFP,TSC,TSEM,UHS,USX,VCYT,VOLT,VOT,WLDN,WMB,WMC,WMT,DWAT,EDRY,EYES,HE,HYLN,IDT,JAMF,KMT,KSA,LSEA,MED,MTC,OLN,ON,PEBO,SKOR,SPEU,SPMD,TECK,TPH,VEGI,VGT,XLSR,ADXN,IEHS,IGR,KOMP,MSCI,RODM,SCHG
ACI,0.0002706917217213192,5.6046325268925325e-05,-3.2687105339552735e-05,4.850623691371587e-05,-2.37581676777606e-05,3.006181419031515e-06,2.2261104805767078e-05,7.951200284220428e-05,5.363340431220694e-05,0.0003121812698311985,5.699729643446421e-05,-9.641542279189622e-05,-4.554118092959019e-05,3.094748062907059e-05,-4.6333866468085064e-05,-1.0269458945255235e-06,4.479388231790087e-05,-0.0001001568432400811,4.037759535671067e-06,-0.00012732352264801483,0.00014346144189660468,6.536810220096712e-05,-5.974753969598915e-05,1.546196021579559e-05,-2.926011821837586e-05,-5.6151214197146915e-05,1.296096763037924e-05,-0.0002480520675356761,0.00030381219330549047,2.9249713092752023e-05,1.0659231841988491e-05,6.473407822503887e-05,0.0002619158959622299,1.9339349771369156e-07,-6.035509175144423e-05,-6.586135372285732e-06,-0.0001186608745157291,-0.0001778711958916224,-0.00011479244054677352,5.827431930972517e-05,3.401470369960713e-05,2.3017557001580127e-05,0.00041740553656858945,-1.4063330695319614e-05,5.894656160072745e-05,0.00021420181637910857,-0.00015934337393734438,0.0001402235690511417,0.00025817508527489666,6.153180274154854e-05,1.7353534778753115e-05,6.831920167952537e-05,0.00025672195589209845,-8.24532019376544e-05,-6.514759692397362e-05,0.00036253789442656955,1.6184433111673546e-05,3.214273897186954e-06,-0.00013258036868016608,-0.00018077758534501437,-0.00022579082822353486,-3.3403517461116117e-05,0.00011156070463994094,-0.00010983354406600844,-0.00010836536806972785,3.793352790432169e-05,0.00022344752964656181,-5.3803955738893835e-05,-0.0003293062904810613,8.739200496139633e-05,7.990892687278735e-05,-0.00030191768506508974,-0.0012532056186449598,8.72858966822875e-05,0.00011296467144238929,-0.0004815634197411855,0.00013592619498221275,-5.0599256953297474e-05,4.416655090723889e-05,4.8226049219220166e-05,-0.00016939456510664007,0.00027155456310377153,4.17250285862543e-05,-2.4731402888931494e-05,-9.231318985394029e-05,6.540149042515359e-05,-2.5043003910671155e-05,-1.5019968138614027e-05,-0.00030737955278882804,6.594858702235152e-05,2.9247329959851044e-05,7.473661226362025e-06,-3.177690414182108e-06,-0.000185356057977253,-2.2406568846979116e-05,4.539569098293655e-06,2.186576117283953e-05,2.0496075912720705e-05,1.410112606749986e-05,6.070554989690225e-05
AGBAU,5.6046325268925325e-05,3.3089166631623966e-05,-3.3746958725144013e-06,2.879442727677671e-05,6.272328911351369e-05,1.4973795469907426e-06,1.5562312077625797e-05,7.859791213475173e-05,1.5691724772351977e-05,3.096771903018868e-05,3.3160558848000714e-05,-8.210104506147084e-06,1.75454719382563e-07,2.5810973911636574e-05,-4.510678885927532e-05,8.021499963363437e-06,2.8702461732211463e-05,-5.172228219483128e-05,1.2356494794151797e-05,-1.2346697215741482e-05,6.277078192662607e-05,9.918318785273914e-06,1.464987085901957e-05,1.603154161290935e-05,-4.794680653286784e-06,2.6486852264738722e-05,-0.00010355212369415475,-4.4971904672110296e-05,2.741767504395879e-05,2.256385624414576e-05,7.981216708674775e-06,2.2769100928584743e-05,8.780080563412566e-05,-2.533965947603126e-06,1.9925555833358733e-05,3.116936756514035e-06,-8.467848193032107e-05,-0.00011775621172872917,-1.458968797283415e-05,4.306473041457822e-05,4.382227160936058e-05,3.282529470708275e-05,0.00010531142578551781,-5.1650698072347545e-06,3.652292452188331e-05,9.33060758132125e-05,-2.4425291827009875e-05,6.12565169613459e-05,5.9361992036274394e-06,5.370811389470397e-05,-5.143801846838731e-07,3.988721048384538e-06,5.403139830115111e-05,-1.6004146317572964e-05,2.7355854188844383e-06,6.754118426796431e-05,1.0582080014010718e-05,-2.618930719567648e-05,4.706052817066127e-06,-3.146895720645798e-05,-9.743104429392817e-05,1.5679766133614578e-05,-5.789220713969637e-05,-6.422453658726591e-05,-3.229338420214404e-05,4.426411603381778e-06,3.344675959794778e-06,-2.1046511115702362e-05,-0.00010391119963418135,1.936995998128278e-05,4.2622517977226425e-05,-0.00010513838860864705,-0.0006299905433349343,2.2752951233214306e-05,2.116869698193762e-05,-0.00019682759930667127,4.515753637715731e-05,-1.2573414027542322e-05,5.419432970525948e-06,4.4060782303193215e-05,-1.4501972106937288e-06,0.00016269521856128536,1.878920574553353e-05,-2.9843203407940125e-05,-2.371893439360748e-05,3.5238144966800713e-05,-1.547640402600857e-06,-2.5166508943624902e-06,-9.268341063628228e-05,7.171771757309677e-05,8.099617127016222e-06,-3.460052026398862e-06,2.630705942552071e-06,0.0002410935199251678,2.1977834649410768e-07,1.658775782748316e-05,-3.624009346579224e-06,-5.157194769133018e-06,1.5143225888790045e-05,3.3602098250039026e-05
AIA,-3.2687105339552735e-05,-3.3746958725144013e-06,4.3868866920201994e-05,-2.571951134452233e-06,-9.818564964856444e-06,8.993549298490115e-06,-1.7813896722330529e-06,8.332279483912227e-05,8.208453364301773e-06,0.000199333874479787,-3.792299763636203e-06,1.4376942951617726e-05,-3.758151253467376e-06,4.793130132399485e-06,-1.1592400728393827e-05,-7.610211467789053e-06,7.466315327371692e-06,9.992272399375194e-06,1.8530963475485785e-05,1.7047410856919458e-05,-7.787288810349034e-05,1.1411082726565124e-05,-4.4762855347648175e-05,-4.749948733396482e-06,8.309031228284111e-05,3.112877736675619e-05,-8.839792765609403e-05,1.121956696265354e-05,-1.103400140241789e-05,-1.0952967933020286e-05,8.332142148131614e-07,1.2997692351427421e-05,-1.956803906921394e-05,4.083590769318824e-06,2.4035992395181192e-05,6.017852055583265e-05,0.00015563433108925544,3.1687170762153194e-05,2.2590986452085983e-05,-1.1442987769820849e-05,3.600035433220836e-05,5.576259286403033e-06,2.9155387170558876e-05,2.7186014320614332e-05,-1.6518421886453037e-06,-4.5477204836450354e-07,-4.993797671536085e-06,0.00012877198665416117,-5.870134060221576e-05,-6.249487009096557e-05,-5.163889421223398e-06,-3.7065176886624067e-06,5.3297441542728536e-05,-1.9720646748427263e-06,-4.1523101891439346e-05,-0.00019563972153027027,-2.877833344753348e-06,2.9643067176804928e-05,0.00013793207130387394,2.5635148490732617e-05,5.5946253282389544e-05,2.529874840070416e-05,-9.424736886804533e-08,0.00012720858811327088,-1.53844947031692e-05,1.4335509356288798e-05,-0.00012338970901413753,-1.7331872097884895e-06,4.237762176219172e-05,-2.1928816998442465e-05,-1.1124479851416467e-05,0.00011459761726672749,6.39241446855254e-06,-5.991945192326617e-06,-2.1512378196452383e-05,0.0001447504577822368,-3.017512388337447e-06,4.316231589525974e-06,2.998745563741357e-05,4.602146843893669e-05,9.78725762469877e-06,-9.637297697934151e-05,2.9741629626117626e-05,-2.000471088222851e-05,3.2042665581873226e-06,-8.43174301180272e-07,9.349907666804659e-06,1.4536778190110866e-05,0.0001469451731635584,7.828396829330522e-05,-5.707072524895255e-06,4.2132566778208506e-06,-2.668637099446426e-06,8.289344877928979e-05,1.0031480325526392e-05,-4.402213625803965e-06,1.3866123085016755e-05,2.054845655100112e-05,5.482392980259374e-06,-2.444926107175124e-06
AOK,4.850623691371587e-05,2.879442727677671e-05,-2.571951134452233e-06,2.6152171341281603e-05,5.5156019214689585e-05,1.0588614283991778e-06,1.3073544868392003e-05,8.320956409749995e-05,8.33641685053895e-07,-2.3364758290407884e-05,2.890064614793723e-05,-1.0357724620252766e-05,-6.150903455607769e-07,2.6821816176561106e-05,-3.688891804053273e-05,9.377580515215471e-06,2.533100390426514e-05,-4.560352489062321e-05,1.049303439161919e-05,-4.119751006234864e-06,2.8715295653403932e-05,5.312476785680341e-06,1.122159335360417e-05,1.2721477214759695e-05,-1.4965545260280544e-06,2.2786988846387465e-05,-0.00011443272806618674,-3.70135018404381e-05,-1.2895498917363279e-05,2.0330633194752995e-05,8.396777851435533e-06,1.6631230543453286e-05,7.3263730129665e-05,-2.677410986238811e-06,2.2199101465310667e-05,3.5537684137087627e-06,-7.242145099064231e-05,-0.00011195227767261412,-1.041595323106959e-05,3.275700776574317e-05,3.9719910434800694e-05,2.6856516778806405e-05,0.00010364705261505793,-4.254479426440716e-06,3.1204639316095785e-05,7.941206756698081e-05,-2.0749431552174913e-05,3.904518344027928e-05,-1.7932847098134986e-07,4.4272010610186014e-05,-5.108191645515497e-06,-1.1133085281280189e-06,4.92958900396944e-05,-1.4030192950599369e-05,1.105293554213994e-06,1.0990041577337645e-05,9.76534855207425e-06,-1.5929687229409985e-05,3.953742510545761e-06,-4.3992134075627745e-05,-8.462848896985331e-05,6.252608323930997e-06,-5.337191868722636e-05,-6.895945064501779e-05,-5.178961147194488e-06,2.041417863317708e-06,-3.7364980483975344e-06,-2.5725667925978637e-05,-9.856461175344188e-05,1.7252463886129257e-05,3.779521429630032e-05,-8.641284823230786e-05,-0.0004900035246067823,1.9658031414651117e-05,1.76180276416129e-05,-0.00017577898213242391,4.4126883783860626e-05,-1.3197685219885645e-05,3.586454944386948e-06,4.5113208500850164e-05,-1.4249889112518812e-05,9.362747087414393e-05,1.8579281460101044e-05,-2.7935248487868627e-05,-2.351577407112714e-05,3.048332998560298e-05,-7.364123163136787e-07,-1.7547331669892082e-06,-7.790989198122937e-05,7.100180137301384e-05,7.450805183278367e-06,-5.666058640057894e-06,2.1330581848845284e-06,0.00022489163545176658,-2.183835885938822e-06,1.487077112046942e-05,-9.13884737156209e-06,-1.0255302573253922e-05,1.4425064707413149e-05,2.915420701274838e-05
ARDS,-2.37581676777606e-05,6.272328911351369e-05,-9.818564964856444e-06,5.5156019214689585e-05,0.002384463269791196,4.7922673223083515e-05,5.559789688749592e-05,0.0006294559525135338,0.0002509828155455782,-0.0015924889934086812,5.393791154261675e-05,8.545523101817886e-05,0.0002109642331567019,0.00021089451020559708,-0.0005412745723866549,-0.00013032339403244825,4.712122015520384e-05,-0.0001356972914222496,1.2189253462885249e-05,-0.00021553019194290842,0.0007331240179896599,0.00012697827969515492,-0.0003307244632599014,6.64788417065319e-05,0.00014590382597667344,9.308026591436817e-05,-0.0003399571461271595,4.375191982641408e-06,1.7257873393312657e-05,0.0001089625155104175,-3.361948784476322e-05,0.00023693231280852802,0.00018213902499827545,7.0767534659115496e-06,6.31740778272922e-05,-0.00021725040274446088,-0.0006606363006462812,-0.0013867775828404023,-3.356738966942318e-05,-1.5648027621393894e-05,-8.57770423418252e-05,3.1875031983857656e-05,-0.001242348267465181,-8.049790997699144e-05,7.27156496920609e-05,0.0003948106413144797,-0.00023392232577709358,0.0003726593866983357,0.0002626338577475087,0.0003257030495965994,-0.0007936937834599646,0.00011701927447474714,-0.0005123305820801946,-9.179805330203742e-05,0.0001680235157240283,0.0010666568512161028,7.149487828794487e-05,0.0007270860975570882,0.00030792921334434547,-0.00010900966574344141,-5.1335084913712315e-05,3.3073009715821904e-05,0.00026548164669785496,5.957492742553877e-05,-0.00046348342508496483,6.54655142854617e-05,-0.00039140666924499147,5.302684299119989e-05,0.00030002323558982067,7.191133471608061e-05,4.820360764610803e-05,-0.000487883295287438,-0.0029571322971928596,2.8166267696708917e-05,0.0007807643817043026,0.0006290141052979459,0.00015677777006004062,0.000277381865648556,-7.090493870815862e-05,-0.00025157460662468133,-0.00011332999977848254,-0.0005039807750670374,0.00036164721710462723,0.00025424678547455483,2.9186243424495518e-05,4.80777674562468e-05,-4.855858121508486e-05,7.94040478188906e-05,6.092546998789957e-06,0.0002524867636803836,9.633779302849646e-05,4.4777027880403385e-05,2.8363337331161542e-05,0.0005909543671213154,1.4256595774178642e-05,0.00020314195764215386,8.86510964496964e-05,-0.00016988257245590673,-4.035204657446037e-05,6.029552270000678e-05
ARMR,3.006181419031515e-06,1.4973795469907426e-06,8.993549298490115e-06,1.0588614283991778e-06,4.7922673223083515e-05,7.261276756717333e-06,2.0181153698207927e-06,3.171953572018952e-05,-3.6332007716547854e-06,8.6516783868772e-05,8.710283319742783e-07,8.182104960504295e-06,1.6234638275688603e-05,-1.7264309836511475e-07,-3.188543626494148e-05,3.7429202377647435e-06,8.449252739597217e-06,1.6376967272427888e-06,9.640471858921702e-07,-4.967555205243857e-06,9.873431479515597e-05,9.08328396998502e-06,-1.6944630610518996e-05,1.7258570618341088e-07,5.572891920184077e-05,3.315432217466206e-05,-3.57441291868195e-05,1.1967501507318247e-05,2.7673808383848526e-05,1.3506701612596847e-07,2.176143109646694e-06,7.2020955452008005e-06,2.238253430821338e-05,1.4298508095702514e-06,1.1183175018531705e-05,3.471011417455772e-05,-3.911374857691105e-06,1.5021371069937754e-06,6.426252267325835e-06,2.1664109575632205e-06,2.9362727533161243e-05,1.3407355898772673e-06,1.1978511127855231e-05,6.14613466986996e-06,2.722189777599761e-06,1.1937974828552778e-05,-2.8077339091767854e-06,3.301686694894905e-05,-2.696897176241168e-05,-2.3063449735046217e-05,-4.9935350558604195e-05,8.854095413791234e-06,2.149454656438877e-05,-2.288418209155192e-06,-2.012747683030722e-05,-3.6455215627037604e-05,9.846922528061493e-07,2.647464046324323e-05,3.480918722367267e-05,4.3779191899691515e-06,-3.530914547424264e-06,2.3105250194993006e-05,1.7231965920960256e-05,-1.6852036182863042e-05,-5.246296290312083e-05,2.8833922498892634e-06,-1.8678992570071385e-05,2.8704460767157754e-05,2.0124435892262266e-05,4.009204204745196e-06,-3.846142984401533e-06,2.6999334462112266e-05,-0.0001386767392415234,1.2767978512923432e-05,-8.487482554154301e-06,3.7123428096984996e-05,-1.2928160020703803e-06,3.035814753538743e-05,1.2313387026569912e-05,5.88539445589639e-06,-6.294256250317163e-06,-4.2888141769577516e-05,4.951931311139558e-05,-1.6296399343589559e-06,7.079987874318353e-07,9.463704605490555e-07,2.3577286062397896e-06,8.411998073599695e-06,4.318407209363005e-05,1.1658713937080144e-05,5.987353119888225e-06,-3.0823342590220466e-06,-9.431538210301764e-07,6.622814644096511e-05,7.005400331173982e-06,8.727917388176238e-06,9.09184261717036e-06,-5.432705076122679e-06,2.4278384302501645e-06,2.2858201531388807e-06
BAUG,2.2261104805767078e-05,1.5562312077625797e-05,-1.7813896722330529e-06,1.3073544868392003e-05,5.559789688749592e-05,2.0181153698207927e-06,8.39805430204384e-06,3.870556641874948e-05,7.098493989834717e-06,2.9736147515877322e-05,1.528106472234318e-05,-4.31488306572631e-06,4.672158380177708e-06,1.043099817295882e-05,-3.2342903998841756e-05,6.740061750284466e-06,1.4571073881591115e-05,-1.9210403850100223e-05,6.152708251049083e-06,-6.699619721784826e-06,6.274956278906919e-05,5.413070614768564e-06,6.314991547303099e-06,9.780370058288422e-06,3.1785342988383354e-06,1.6591400685555923e-05,-4.874726782006579e-05,-6.668219312638831e-06,3.1955122877356295e-05,1.0405243265990095e-05,4.605118926585329e-06,1.0788034707635575e-05,3.557708119455285e-05,-9.230511049039332e-07,8.17081273820928e-06,3.7209859940338303e-06,-6.523786644211677e-05,-6.623790220190548e-05,-7.871593710685956e-06,2.2595006974177844e-05,1.6147355714688827e-05,1.5445868007943116e-05,2.6353540586391077e-05,-2.7387366782215097e-06,1.7527693314530126e-05,4.0122722066899484e-05,-7.41877059139084e-06,4.641973387328721e-05,-1.457182106326665e-05,2.9818481768402937e-05,-1.9938971599847873e-05,2.316166186687885e-06,1.5157390640886698e-05,-4.597272524206936e-06,5.980553913834159e-06,5.594648392476551e-05,5.237090211864946e-06,-7.717573169458292e-06,8.908532089303533e-06,-6.719368394891098e-06,-4.262001044138311e-05,1.625230600401076e-05,-1.9455709094875634e-05,-3.714719142430718e-05,-4.24875905518809e-05,8.943281131807074e-07,1.1852561737018046e-07,-3.995917502191626e-06,-4.404826476990508e-05,9.673879592730482e-06,1.5846912716177685e-05,-5.556813384742347e-05,-0.00028170449736054595,1.3251817096179115e-05,4.543629687773254e-06,-7.308595414855209e-05,1.4578717685409669e-05,-1.3258792829434892e-07,3.162367482378569e-06,1.0326166183075678e-05,1.1036755836401003e-05,4.989138971167968e-05,1.4092342149652184e-05,-1.1489117561993323e-05,-5.665345312128567e-06,1.5873370141322694e-05,7.720103930312653e-07,2.7670586406619904e-07,-4.131988888904578e-05,2.587844414018707e-05,4.9016328933383266e-06,-1.8203602676739694e-06,2.122453133970654e-06,0.0001472041565430013,2.2180820430025743e-06,9.925125753295156e-06,-2.2724050844194246e-07,-4.472951145816691e-06,7.638307935765126e-06,1.558371805118194e-05
BGI,7.951200284220428e-05,7.859791213475173e-05,8.332279483912227e-05,8.320956409749995e-05,0.0006294559525135338,3.171953572018952e-05,3.870556641874948e-05,0.0008450561635736329,-8.522500680648898e-05,-0.00021730850175545653,7.564034328962812e-05,-0.00010923099225867563,-1.7944959575272625e-06,9.555943091914963e-05,-0.00013900885431925882,8.522295344644394e-06,0.00012998784248522384,-0.0001631519363364896,0.00014427334474808727,0.00012461340836451238,-0.0004370864865036179,9.877713639664575e-05,-0.00018056320059450746,3.754933980183644e-05,0.00034104088818661565,6.390352515784717e-08,-0.0004203035350376806,-2.5060905577430013e-05,6.0785960765508934e-05,4.810813612534706e-05,4.4609433004778855e-05,0.00011136339298585172,0.00010478861042208197,7.811958520079753e-06,0.00015844122770872457,0.0001011299346408716,-1.0818729698186246e-05,-0.0009434163339208695,-2.6926495094829882e-05,8.068627580231597e-06,7.062293067807083e-05,6.47289420456207e-05,0.00017558519938985935,6.255572568495576e-05,6.949218609476012e-05,0.0002199657100976754,-2.7158397770603527e-05,0.00027462106957600675,-3.8933038668176457e-07,0.00014587344358285188,-0.00037243211227228106,-7.306198195244555e-05,0.00020863087939354826,-6.85499610860657e-05,-0.00011391286229055128,0.00027468606302865625,5.7332442281880966e-05,0.0003090711906617453,0.00035294973651846164,-0.0004568814113693367,-3.85836575891217e-05,-2.1832792463063483e-05,-2.5634262161783502e-05,0.00014414757137669117,7.112907017027582e-05,7.761940691891244e-05,-0.0002532015355944483,-0.0003336177581309482,-0.0004089958067759476,6.045806640586767e-05,3.674893799556266e-05,-0.00017042223485350054,-0.00047659631336170174,3.7601853119777418e-06,0.00026407376163829316,-1.210420437508277e-05,0.00022566668734773842,-0.00011119470002288785,5.126903217866766e-05,0.000201587400668293,6.064461780153149e-05,-0.0011324352625901204,1.044529445089287e-05,4.116188157130297e-05,-0.00011019188298535404,8.508531435600081e-05,4.1711318490239255e-05,5.7649489161755904e-05,1.691434921715297e-05,0.000581283208169742,2.5622675574023528e-05,1.3896793538067576e-05,2.1916640020971694e-05,0.0007076649018512888,-3.0119649555632647e-05,8.039505397929755e-05,-3.3902235372837847e-06,-1.107199396630891e-05,5.761192252314192e-05,8.267845334050036e-05
BHVN,5.363340431220694e-05,1.5691724772351977e-05,8.208453364301773e-06,8.33641685053895e-07,0.0002509828155455782,-3.6332007716547854e-06,7.098493989834717e-06,-8.522500680648898e-05,0.00034106082250673765,0.0003334544913550324,1.687677439824788e-05,9.231902502573997e-05,-0.0001426262832897581,7.463850238463422e-06,2.044583755363223e-05,-0.00015444724832130261,-1.4560323646745794e-05,-7.90260593607377e-05,1.3139987482107556e-05,-0.00018663335337988773,0.00010436431671780704,8.12425358435834e-05,-6.919322777292105e-05,7.470550146904286e-06,-7.354043066531763e-05,-4.719744341453574e-05,0.0003516898616953409,-0.00025074153894959965,0.00031643110079184627,1.7841609747903448e-05,-5.331122612125114e-05,0.00011719283637705473,0.00010006976665163205,7.796807637173701e-06,-0.00010067030415278054,-0.00014400746663637814,0.00020078520106953421,-0.00029119023027291617,-6.095498789748132e-05,3.9409260852163784e-05,-2.5779166894842213e-05,4.435190766907098e-05,-0.00015924762819179722,-1.9921576827811547e-05,2.358940864863318e-05,0.00017449040875448002,-0.00018803021182321077,0.00022224378397262123,0.0003318921386763933,4.926136969926827e-05,0.00022722378173844771,8.625661723762052e-05,-2.7843449459447146e-05,-7.740738179066126e-05,6.149965708124468e-06,0.0008667315912794779,5.727139980762101e-07,5.221277086246105e-05,4.4823693446901485e-05,0.00013456386369830787,-1.390871928270358e-05,-4.500402570594701e-05,9.301792322465885e-05,0.0005284397464098598,-8.963983715565899e-05,7.087630119050159e-05,6.304674699720911e-06,-1.9137739930735626e-05,0.00010197817547310505,-6.4139900092611525e-06,4.964401216061347e-05,-0.000294176982618607,-0.001703921964153824,5.400107828688456e-06,0.0004301032155402804,-1.3657269341005536e-05,5.288485735012601e-05,-2.749186794538174e-05,-6.449246037881682e-06,-7.204585040996079e-05,1.3201528464393536e-06,0.000977331169902514,-4.788089511440743e-05,7.54447234312513e-05,-2.183487303393866e-05,2.6384634990624037e-05,-4.84455407437483e-05,-1.352492156920846e-05,-0.00011582727272696752,6.334597317441169e-05,-1.061038670627222e-05,6.757284741961646e-05,7.192673689226165e-08,-0.000508703847388303,7.163654698763431e-06,-2.847224924027079e-05,0.00011031445005156992,9.695553502729334e-05,-4.752838673387742e-05,1.9233026832667355e-05
BOXL,0.0003121812698311985,3.096771903018868e-05,0.000199333874479787,-2.3364758290407884e-05,-0.0015924889934086812,8.6516783868772e-05,2.9736147515877322e-05,-0.00021730850175545653,0.0003334544913550324,0.005994335655599101,2.6528900323585606e-05,-5.3753877677073304e-05,-0.00021152835298575732,-0.0003906021581632619,-2.329648019962894e-05,5.366559741018565e-05,0.00016552933302666916,9.958706673299114e-05,0.00017286422515172832,-0.0001704804333266633,0.001316637020624824,0.00029685248816130165,-6.14095673301151e-05,3.7171956789455424e-05,0.0007368330583648979,0.00019333306900269924,0.000942676911497103,-8.39172867452695e-05,0.002677647785171102,-0.00013411428979898335,3.673819751881271e-05,0.00012586641521272944,0.0002819129381919803,5.1992995797086214e-05,-0.00020020075044331896,0.0007137373640349021,0.0005898280714153769,0.0008434439767329244,-0.0001724385432682948,0.00030059292065575175,0.0003101092947940285,0.00011603707124647712,0.0013349907440838524,0.00022949318658781336,5.703594981582932e-05,2.1166657883948785e-05,9.56649023136758e-06,0.0014858838062147901,-0.00036075995776358203,-0.0004023367668462702,0.0001731650568235583,0.00017455777130571652,0.0011037380914468735,-3.69084825585153e-05,-0.0005261861807687728,0.0015328136651902066,-4.965826957167483e-05,-0.0004570456328347557,0.00048126609372498366,0.0005109987323891915,8.783586599896204e-06,0.0005606524083453486,0.00040089220153866463,0.0008031553851378736,-0.0014639718028102574,0.00016984804816685552,0.00043652079345980494,0.00022869434584128304,-0.0003353616665436694,4.0988049498972895e-05,-0.0001373017187691723,0.00011495447248696085,-0.0014013162395906378,0.0002381096331872064,-0.00056213619375114,-1.2709093107259507e-05,-0.00020582504824665515,-4.85744639577231e-05,0.0004125954004960205,0.00010044558460569854,0.000694310145921342,0.0010259674038437718,6.171186223805958e-05,-0.00015037161129680156,6.361770377561186e-08,6.340693395773074e-05,8.779038588549679e-05,3.9236622673662626e-05,0.00024138981252885326,-3.856543765952264e-05,-3.357923025795492e-05,8.920695787263105e-05,-1.2689417796687497e-05,-0.00013035159418253904,0.0001460008665156587,-0.0001452175525876665,0.00035920217110622607,0.00047836755742401325,6.473752101957402e-05,5.329083009917941e-05
BSCN,5.699729643446421e-05,3.3160558848000714e-05,-3.792299763636203e-06,2.890064614793723e-05,5.393791154261675e-05,8.710283319742783e-07,1.528106472234318e-05,7.564034328962812e-05,1.687677439824788e-05,2.6528900323585606e-05,3.334573371131093e-05,-7.958620791386074e-06,-2.942736325960349e-07,2.5968768304484045e-05,-4.142446627288605e-05,7.060422004972281e-06,2.8197209784914434e-05,-5.3681147191139265e-05,1.2283209077243487e-05,-1.210781765944766e-05,5.2259953524862044e-05,9.67186203934173e-06,1.5965584537611572e-05,1.5567519483282564e-05,-8.857929724800863e-06,2.4395261296687046e-05,-0.0001003338742204526,-4.973806340046671e-05,2.464474389534085e-05,2.2687906113333154e-05,7.574914795949999e-06,2.2886166768739325e-05,8.982434083272337e-05,-2.648160226850881e-06,2.0120208856390882e-05,1.3238004129611083e-06,-7.770611866147445e-05,-0.00011229517442116491,-1.4390293021407508e-05,4.297955984504082e-05,4.440893342613943e-05,3.308824681767491e-05,0.0001096543597676409,-5.353909778349311e-06,3.650788767119764e-05,9.455763772783096e-05,-2.485984425423034e-05,5.5000809665792394e-05,1.3180556888326595e-05,5.401877457242106e-05,6.940002854705083e-06,4.023393529829992e-06,5.574093325484236e-05,-1.6629348412110285e-05,2.3414333882793757e-06,6.626319904852759e-05,1.0521407192582827e-05,-2.9729281855367987e-05,1.2051845214527338e-06,-3.223140241788544e-05,-9.887611866683582e-05,1.3528995743553268e-05,-6.198128410599249e-05,-6.184253685679968e-05,-2.474750841888124e-05,4.810340272361729e-06,4.964101158152204e-06,-2.2614638801487246e-05,-0.00010485660211014123,1.9073957370788903e-05,4.418428472562054e-05,-0.00010360948412260449,-0.0006399015537601478,2.1126396032097325e-05,2.2232589825902346e-05,-0.00020406104576470806,4.680760990942682e-05,-1.4725983130420371e-05,4.760070667888882e-06,4.676118299522224e-05,-2.6367164939991894e-06,0.00017865089594255488,1.528721633516728e-05,-3.044225109383365e-05,-2.508498496929365e-05,3.554096705901732e-05,-2.0783803750015805e-06,-3.236040151378053e-06,-9.502767025693711e-05,7.295696025932736e-05,7.622591784072278e-06,-3.070318372037316e-06,2.4367464044202106e-06,0.00022796256439974543,-3.3570557415170155e-07,1.6130466920971664e-05,-3.8654748112030405e-06,-3.9165686265693665e-06,1.4894470479517527e-05,3.371764924447501e-05
CI,-9.641542279189622e-05,-8.210104506147084e-06,1.4376942951617726e-05,-1.0357724620252766e-05,8.545523101817886e-05,8.182104960504295e-06,-4.31488306572631e-06,-0.00010923099225867563,9.231902502573997e-05,-5.3753877677073304e-05,-7.958620791386074e-06,0.00022717277530559236,-0.00010514391487363107,5.107804807549647e-06,8.63604242685955e-06,-7.543918305437142e-05,-1.2277493052624297e-05,-8.691909750896024e-06,-4.522727523922156e-05,-4.554541516612548e-05,0.0005098521365037821,-3.2857958766167635e-05,8.343453390191929e-05,-2.1188555974108556e-05,0.00014271569782845284,0.00024525835828420356,-9.369827218881268e-05,1.781612507047142e-05,-0.00041764605622452783,2.5442050331637693e-05,-3.214341741366163e-05,-1.023266324444272e-05,3.712094249227669e-05,-4.741871354281064e-06,4.188883092815265e-05,1.822863898559353e-05,0.00010516096770607471,-4.77324481601343e-05,0.00010017834635834385,1.4179317026232944e-05,0.00020750164495950317,3.4455885466162396e-05,3.1716721722613956e-05,-1.8486104047367112e-05,4.482635095167022e-07,2.873608861269524e-05,-3.9914776220508725e-05,-0.0002175210941338684,-0.0001738010701361465,-0.00015564984806356826,0.0001331092243768371,1.3238843843960918e-05,-7.678013494148893e-05,-4.409362377179161e-06,-2.014201160588161e-05,-0.0003153902221028448,-1.2056492428061534e-05,3.0362476373696073e-05,5.080253801845698e-05,0.00017228916652332551,-2.996743248354724e-05,-1.1784464062824581e-05,-9.036976060367083e-05,4.290581383599848e-05,0.0001214574888201905,-2.7583717801822867e-05,-0.00010871723265649664,0.0001714528252321483,0.0003113108065173898,-3.3791446792279507e-05,2.5209246072339275e-05,4.799552357002854e-07,-0.0009377810745801653,5.9070776511531835e-05,0.000189639714434178,-4.4301622599038115e-05,-3.6584582971836814e-05,0.0001528358109907801,-3.694910631462709e-05,6.783598881732302e-06,-0.00010466794611958545,0.0006611167067297541,0.00020907761189022447,-8.148410749276521e-06,9.189704568595833e-06,-1.3265757159883954e-05,-2.527963447134146e-05,3.462726301124293e-06,0.00013921030483624022,1.9201748338270967e-06,-3.068613943170395e-06,-2.8022166497769507e-05,-9.507972825949045e-06,0.00034560427275546666,3.3270232248680226e-05,-1.1894380928816119e-05,2.202802898372885e-05,-5.81586556325621e-05,-2.952988875874615e-05,-5.9400759462690175e-06
DCT,-4.554118092959019e-05,1.75454719382563e-07,-3.758151253467376e-06,-6.150903455607769e-07,0.0002109642331567019,1.6234638275688603e-05,4.672158380177708e-06,-1.7944959575272625e-06,-0.0001426262832897581,-0.00021152835298575732,-2.942736325960349e-07,-0.00010514391487363107,0.0007867029449693786,3.3459004882782085e-06,-0.0002945504949528292,0.00016007823732286917,2.527793286052312e-05,-6.810570545190811e-05,7.373738907533228e-06,0.0001337274735789746,-7.27791325392439e-05,4.733273928660303e-05,-6.804257864360303e-05,1.5144723442236897e-05,-9.572828048190463e-05,-3.356437245911635e-05,-8.536677399241238e-05,4.796671208434052e-05,0.000588867402585063,-2.1123553809891295e-05,3.2668336632253905e-05,6.49554112849484e-05,0.00031343664602342307,4.344410330658884e-06,0.00022972487521569332,0.00019353457794808217,5.636696212021053e-06,0.0011878869231970453,0.00010497487058488103,4.4451473880049725e-06,5.3332173271094565e-05,-3.198030399121565e-05,-0.0005672252535777012,3.363349898303801e-05,1.790126390360927e-06,7.630879878551846e-05,0.0002770343885151737,-0.0001324980528517535,0.0004504177509484734,0.00012938510641842164,-0.0004431566243733834,9.977177671910798e-05,-3.624101389637399e-05,6.571243103822147e-05,-1.1089555028678814e-05,-0.00030369564417695466,2.647658566822124e-05,-0.00015948224143552437,-1.4814656359359639e-05,0.0001317790812062608,-7.025612402041721e-05,0.00034402637349199524,-0.0003319430737588037,-0.0005358549859057242,-0.0004165664896714212,2.8003701338107553e-05,-0.00010069280414460437,0.0002994736149041841,0.00028027117377607856,7.860790228034489e-06,1.7838028223694053e-05,0.0009341371344620983,-0.0013292050886834174,-0.00023415872046567685,-0.0006870518286743665,0.0003714059462991511,-1.4641877608774322e-05,0.00021422844130799683,4.302634692723731e-05,0.00016206765573464386,0.00028980277878616384,0.00022704612705833643,3.782639353702881e-05,-3.990886807483643e-05,4.859144311782219e-05,2.1883384340193162e-08,3.567056125434462e-05,5.193277046151059e-05,0.00036116409266120274,-6.692259782470999e-05,5.28954290905813e-05,1.9471829873925252e-05,-6.093391323023141e-06,-0.0005186860352712208,4.743450592129005e-05,0.00022415117531421195,2.4636852907434325e-05,2.95966310567164e-05,4.451646574295315e-05,3.637989650100694e-07
DFP,3.094748062907059e-05,2.5810973911636574e-05,4.793130132399485e-06,2.6821816176561106e-05,0.00021089451020559708,-1.7264309836511475e-07,1.043099817295882e-05,9.555943091914963e-05,7.463850238463422e-06,-0.0003906021581632619,2.5968768304484045e-05,5.107804807549647e-06,3.3459004882782085e-06,8.400311882178604e-05,-7.402461597504902e-05,-5.2711967906825925e-06,3.7015688028962227e-06,-2.922704688164819e-05,-1.7589173237915397e-05,-4.02097876060692e-05,-3.01032213953115e-05,-1.868985640342223e-05,-3.4189231382537697e-05,5.5486005993936804e-06,-6.071425268625796e-05,3.551496911937482e-05,-0.0003198604532309221,-5.64943477318852e-05,-0.0002919672629977909,2.485523970276368e-05,1.1016695910353891e-06,1.7769347362596232e-05,5.604072264487435e-05,-5.431238574436069e-06,1.9925202403244538e-05,-3.354174270153476e-05,-5.0952676993156544e-05,-0.00010875400377104868,4.212234958012436e-06,5.68472771537819e-07,3.089602795557754e-05,1.5160475475302692e-05,1.8614334036215743e-05,-1.8614187733118457e-05,3.214364489629631e-05,0.00010311908396897286,-8.680670148120965e-05,9.40312017721106e-05,-1.0250799543865989e-05,1.1575323796996421e-05,2.618934838139112e-06,1.017465521448194e-05,-8.600302385604771e-06,-2.1270067692645527e-05,3.50344040260458e-05,-0.00039377747974750186,6.322254981976043e-06,4.538332213738472e-05,4.2544112100818114e-05,-2.1756751039645798e-05,-7.265659493945297e-05,-2.4502158001481134e-05,-3.308207136329533e-05,-8.254137010406351e-05,4.771967911107216e-05,-9.294165910980985e-06,-0.00012906766248940504,3.550687508144814e-06,-1.7291449560055992e-05,-1.6600149357266597e-06,5.4264466148819686e-05,-5.1967539427938264e-05,-0.0006133251431594633,2.4795519107444817e-05,4.503276483446396e-05,-8.95378282492811e-05,5.3385505337077133e-05,1.7870368208412968e-05,-2.8105583001203517e-06,4.0776808598654956e-05,-0.00016170896634965827,6.939422055447363e-05,9.026610842188159e-05,-5.504353510033969e-05,-1.281197740002517e-05,2.6805836415249898e-05,-1.5094675237170263e-05,-1.1357380646987285e-06,-1.3778578009298296e-05,7.226750180089544e-05,1.1914630163380602e-05,-1.4816953085636315e-05,-3.611532901995152e-06,0.0002963277021882103,-4.552704665781567e-06,1.4518519560233875e-05,-3.0584373903009544e-05,-4.822200240178511e-05,8.200873331353606e-06,2.4222733349003122e-05
DGP,-4.6333866468085064e-05,-4.510678885927532e-05,-1.1592400728393827e-05,-3.688891804053273e-05,-0.0005412745723866549,-3.188543626494148e-05,-3.2342903998841756e-05,-0.00013900885431925882,2.044583755363223e-05,-2.329648019962894e-05,-4.142446627288605e-05,8.63604242685955e-06,-0.0002945504949528292,-7.402461597504902e-05,0.00034244124883432486,-7.868983056857734e-05,-4.796690664925284e-05,2.0321934226665433e-05,1.9951514456496584e-05,5.895775038150318e-05,-0.0005930002424355105,-2.526665265273494e-05,7.645595217231323e-05,-3.4507965169201485e-05,-6.110391596210305e-05,-0.00015911848590429461,0.0004435220159393568,-5.8304205943176374e-05,-0.0001506046614792167,-2.6525692082163406e-05,-2.388418189350586e-05,-6.0281339614892836e-05,-0.00022134948529350056,4.906923249318108e-07,-8.784364341680885e-05,-0.00012559925781261864,0.000322043211160538,-0.00017857549451180695,-2.4323922672761183e-05,-5.8358118470455315e-05,-0.0001105299176618517,-2.3655686417224882e-05,0.0001940250102356185,5.943592588272601e-06,-6.154203470259654e-05,-0.00017208304327626559,1.0650131487494012e-05,-0.0003115550779987675,7.544867840457136e-05,-3.754446491634946e-05,0.00036122772035802024,-8.333768995215086e-05,2.3740448709180808e-06,-5.806165884888678e-06,-2.152694914682455e-05,0.00034195118254115846,-1.8376704818686872e-05,-4.935528997509467e-05,-0.0001316877295595371,-0.00011402512126957681,0.00015112749587131054,-0.0002157020953419874,3.346847149051688e-05,0.0003988771039372163,0.00047360155802357834,6.679486790848837e-06,0.0001575079771405259,-0.00023562907052835356,-0.00010381818380022087,-2.8642073149954374e-05,-4.226477991738201e-05,-0.00016071100057192766,0.0016518048162012659,-3.878372662470371e-05,0.00023037973148739093,-0.00010241117742514872,-1.989508156966045e-06,-0.0002046177677365343,-5.1296416816544094e-05,-2.477667392102193e-05,2.6565564458205532e-05,-6.640893734564964e-05,-0.0002892565793025568,7.820847371398729e-05,-3.7282944613998295e-05,-4.052178594816155e-05,-5.518548624224791e-06,-3.712041386123568e-05,-0.0001330306273802413,4.624297484182676e-06,-5.53923048486966e-05,2.261427077994882e-05,2.421553502262924e-06,-0.0006402637752231748,-4.662074412821832e-05,-0.00011509868682020753,-1.3619248725567148e-05,6.806013212153903e-05,-3.5296979106708344e-05,-4.4270397416561046e-05
DXJS,-1.0269458945255235e-06,8.021499963363437e-06,-7.610211467789053e-06,9.377580515215471e-06,-0.00013032339403244825,3.7429202377647435e-06,6.740061750284466e-06,8.522295344644394e-06,-0.00015444724832130261,5.366559741018565e-05,7.060422004972281e-06,-7.543918305437142e-05,0.00016007823732286917,-5.2711967906825925e-06,-7.868983056857734e-05,0.00010984078222617133,1.9602119697390993e-05,3.303590169125309e-05,-2.137114304973389e-06,8.084135544139166e-05,3.9736567556879404e-05,-3.0169371936532285e-05,4.356774402229375e-05,1.3379313491196388e-05,-1.7884842305839396e-05,2.0684681778530716e-05,-0.0001913184365759713,0.00012568961944717108,5.109732055675925e-05,-8.977231176669883e-06,3.5140940753471514e-05,-4.2787711917356e-05,7.650670235793495e-06,-3.6552848100576805e-06,5.412955563101785e-05,9.623055306129921e-05,-0.00018451172966090472,0.000301298388865043,1.747695149867514e-05,2.0583581451118996e-05,8.609760439040635e-06,-8.299308285348248e-06,4.112203742268213e-05,1.0804847303800483e-05,9.082635624239309e-06,-5.0213062081334236e-05,0.0001153669079017288,2.4274919532085446e-05,-0.00015076993677602316,2.563140873672578e-05,-0.0001454489924589905,-1.950419652480499e-05,3.212256133560433e-05,4.873442065012526e-05,1.7347118161545054e-05,-0.00035689791984196004,2.400854856849579e-06,-0.0001084646133342441,-1.9878639112152275e-05,6.92114576564422e-06,-4.2299007764914e-05,0.00010529239596864384,-8.766069759820277e-05,-0.0003430208821096565,-0.00013402909153371545,-3.279326034460013e-05,9.821203216653147e-06,5.696976195068771e-05,-7.281482472566117e-05,8.099704625294806e-06,-1.1076575965952165e-05,0.00018287506532757897,0.0004330825373179895,-1.0629881566942903e-05,-0.00034877490153261683,-2.5848871950162803e-05,-4.071633193774038e-05,2.4627025599840464e-05,2.2606233354737362e-05,4.162730469481551e-05,7.74562780603949e-05,-0.0002977206356513063,1.9702521423662845e-05,-7.269665432949011e-05,2.7079717870184876e-05,4.054181384228874e-06,2.992106025430314e-05,6.271075780580392e-06,3.533642938538268e-05,-6.649819127263425e-05,1.1624199761626314e-05,-2.8395960259288753e-05,1.0736710029865122e-06,0.00033558696820563494,1.0254246488166888e-05,3.677059871525465e-05,-4.5446661492934876e-05,-2.770912148549476e-05,3.823052301066608e-05,5.560443734816076e-06
EGF,4.479388231790087e-05,2.8702461732211463e-05,7.466315327371692e-06,2.533100390426514e-05,4.712122015520384e-05,8.449252739597217e-06,1.4571073881591115e-05,0.00012998784248522384,-1.4560323646745794e-05,0.00016552933302666916,2.8197209784914434e-05,-1.2277493052624297e-05,2.527793286052312e-05,3.7015688028962227e-06,-4.796690664925284e-05,1.9602119697390993e-05,4.2015796723904315e-05,-5.149913816494905e-05,2.8269939541612594e-05,2.181547780489773e-05,8.492951276319756e-05,2.4264822912062233e-05,7.1514371403798065e-06,1.4618641297740978e-05,8.176475424908566e-05,4.079936920506462e-05,-6.648860996496095e-05,-9.570744075029626e-06,0.00011851862195100664,1.6513171036379652e-05,1.4102459944933509e-05,2.333342603819526e-05,8.978587963633069e-05,3.1521996679998394e-07,4.398524377496358e-05,5.414978022750858e-05,-6.012243604612338e-05,-0.00010945818855618016,-4.110407303067584e-06,4.006904196641647e-05,6.579312198169822e-05,3.0463021715347856e-05,0.0001240742402521676,1.1615808228854077e-05,2.9448077578909513e-05,7.254971680579879e-05,1.590713542494061e-05,3.609511171148272e-05,-1.4001312841609916e-05,3.81663628861152e-05,-6.747610248527588e-05,-3.4981906164417926e-06,8.649979398822731e-05,-1.0724948487204282e-05,-3.401437279969641e-05,0.00012781774217513142,1.3128766866573358e-05,-7.155353949623932e-06,3.551577750223155e-05,-5.976814274973711e-05,-7.537332940147453e-05,3.95222745377513e-05,-5.5199416457670945e-05,-6.334406539170055e-05,-5.684898832696865e-05,1.1833604419621883e-05,1.0085216316482087e-05,-2.2519979862358674e-05,-0.0001058783414801907,2.5091174309533717e-05,2.298797286887886e-05,-4.292435700133175e-05,-0.0004779484806516775,1.6333298088358377e-05,-5.762114506455461e-06,-0.00013798280110736128,4.090648231880578e-05,-1.7360426987997449e-06,1.6889163115826473e-05,6.03276011743921e-05,5.366706662354083e-05,2.640121408373944e-07,2.356731343839621e-05,-1.3049604091232096e-05,-2.68812795626553e-05,3.018917334694887e-05,1.0405979050569348e-05,8.831949099942808e-06,-3.9302555242236436e-05,9.762003160812214e-05,9.96321032965193e-06,-2.8890261242528526e-06,4.1935437243999905e-06,0.0002378329875946098,4.103922968963449e-06,2.691465954883763e-05,6.738902278126844e-06,2.19358060910448e-06,1.987692722264533e-05,3.0527175074318264e-05
