,AAOI,AEM,AEMD,ALOT,BHK,BMY,CCXI,CHIX,CHX,CL,CTIB,DAR,DRQ,DVLU,EBAY,ERC,FAT,FIHD,FLEH,FLMX,FLRN,FLRT,FTCS,G,GAME,GLDG,GNRC,HDEF,HSBC,HT,IDMO,IEV,KRC,KT,LMNR,LTRPA,MEOH,MQT,MYSZ,NAD,NKX,NRGU,NXGN,PFI,PHGE,QDYN,RFI,RGI,ROIC,RPD,RSLS,RVNC,SAGE,SFUN,STX,TAN,TBIO,UAPR,UL,USAK,XPH,ZSL,ZTO,ZYXI,A,BYM,CMDY,EWM,FTV,HEFA,JPIB,LRGE,MBNKP,MCD,MUSA,NOK,PKI,QTT,SELF,STRRP,UUU,VHT,WTER,XLC,ZYME,AOR,CID,EEA,FXB,GPRE,MNDO,POLY,PRFZ,SZNE,VOO,CBH,FEMB,IMOM,IVLU,TNC
AAOI,0.0015730431008628126,0.00020690937039914204,0.0005931292946715056,0.0008142864172713551,0.00016747245823335973,0.00042807571577482384,0.001161946634650776,0.0007082799906737424,0.0028603220761165425,0.0009275349669753751,0.004080782275702335,0.0017931217002421377,0.003422384304300636,0.001273441609641699,0.0005990179187777565,0.0006595481105527491,0.0006549741004665164,0.001758001199851878,0.00011927747718364903,0.0008895955763173459,2.2593578120966008e-05,-0.00013202655785524446,0.0010719721717919299,0.0013819554839908795,-0.002436916355311839,0.00044265902803266113,0.002076406801108733,0.0009169823294198963,0.0006635361246190081,0.0014236653813137247,0.0003489315296450619,0.0010160773775278924,0.0005665383312929462,0.0014206328011138287,0.0015687855316066353,0.0006847521276309159,0.0017685849187615327,0.0004901659994658977,-0.00037950240000111035,0.0005664346164284406,0.0005773461945645778,0.006565129576167426,0.003353805008065907,0.0010200815471337805,-0.0010045877481308172,0.00023709651176853077,0.0015170826872674477,0.0008203801229823695,-7.497475466847514e-05,0.00023111140408817461,-0.0005493245349960786,0.0030293700070740098,0.0009533323868295993,-0.0014702507992159154,0.00041311852566254526,0.001341885654640211,0.002813132314968255,0.0009867150861309145,0.0010483493152008987,0.002284808473517,0.0007758243119189185,-0.001850993797814665,0.0009477749059168596,0.00028454584952308104,0.001503740630486857,0.0004806817932081283,0.0003516429283322557,0.0010265210944655327,0.0007198903495022844,0.0010617532593400038,8.90417050860561e-05,0.0007768416695649478,-0.0027197220429547387,0.0008847390828461974,0.0004370875834988179,0.0010901581468220176,0.0011178740469232464,0.00099660744406112,4.833015546425737e-05,-0.00027342060030594733,0.002709207310301707,0.0010055311556384902,-0.0007996908256329389,0.0008252794673961983,0.000953609167645073,0.0005630282632532078,0.0013012969709716353,0.0011978523317875266,0.00018111989998920668,0.002603711660293366,0.00038412674734605645,-0.0007613002551983385,0.0009631505280900939,0.0007966902890672739,0.001013594240599657,0.00023955383943886707,1.6014562189356991e-06,0.0010472448488618004,0.000836018995425274,0.003114936309692937
AEM,0.00020690937039914204,0.0006778651148525812,-0.00047803966072634883,9.165215186203367e-05,0.0005141864480002492,-0.0002861381636624994,-0.00016483954562376883,3.0041994105846425e-05,0.0015746306351005735,0.0002630641419186338,0.00018033600573959894,-0.0004340606460641502,-0.0003609841699392634,0.00011300677779689214,0.0002687044399231365,-0.0002929128033835756,5.2205506962832776e-05,0.00014763444128396247,-0.00017995962390761014,-0.0005362533143271399,-2.0947297713479426e-05,-6.395539679888323e-05,0.00019901710296073928,-0.0006514440625032905,-0.0005139112782016632,-0.0002576729517238214,-0.00027106543163570924,-8.278485695995634e-05,-0.00041888243957989725,-0.0016061765294765782,-0.00010976117935776054,-0.00011647383905391698,-0.00039755266940269703,0.0002736549056615518,-0.0003632881398139159,-0.0012748750674421105,0.0002428601508684105,-0.00010066548508655911,0.00037648119341569266,-0.00012754189076058604,-0.00016545058975159753,6.36444851471561e-05,-0.0004587134491022399,0.0002183832376450759,0.0006434953665788497,-0.00010011792629235017,0.00020244819214156607,2.3551294106717352e-05,-0.001125407712799178,-0.000512866514589769,-0.0006186061436341539,0.00014675983543961999,-5.442851403270768e-05,-0.0003601302081394053,0.00014554619261594775,-0.0001270823695829699,0.0011735167383130432,-0.0011271563369704709,9.585601603254065e-05,0.001322744626734334,-8.66066958866805e-05,-0.000743250396142385,-5.574155771703444e-05,-0.00047081637142552465,0.0003305810622125754,0.00017030201356959423,0.00010413823106778487,-0.00048486864382308394,-0.0005493828189809648,6.005914301103903e-05,-7.389208597341697e-05,1.212400979870843e-06,0.00040143824409481137,9.903691593615816e-05,2.8149145317343697e-05,-0.0002422134201171241,1.0420518381364305e-05,-0.0001086837510403283,-0.0004364476400174095,-8.417114871813925e-05,-0.00010379697307467568,2.8237362941614843e-05,-0.0004070904624346699,-9.639815290748588e-05,-5.040361954048179e-06,7.503271612049807e-05,-0.00022652593432138983,-0.0004148552013603872,-1.0397285371883598e-05,-0.0028516593030207113,-6.307248654235341e-06,-0.0007821422989790746,-0.0002468175617861181,1.3523314675464142e-05,9.577194563434432e-05,6.000654736245406e-06,-6.91857055411596e-05,-3.488249175541719e-06,5.52277316190596e-05,8.667458878982521e-05
AEMD,0.0005931292946715056,-0.00047803966072634883,0.001430160606950631,-0.0004716123677167683,-0.00035228258888824425,0.0005668097567709219,0.000780388250423227,0.0004785474389377011,-0.001169054389062484,0.0003039128073326057,0.000810145733845677,0.0018789294095769506,0.0009703069653866053,0.0005567938545526813,0.0007114266017856013,0.0004311789329833482,0.0009331455688374258,0.001107966569496316,0.0007731504159062893,0.000748060174882003,-1.033425201120066e-05,-0.0002999717759531588,0.0006357492515365476,0.0014504865595834416,-0.0005071386773331825,0.0007954905528744316,0.0019995088541775842,0.0005225449323101647,0.001572724390877544,0.0022940635871041433,0.0006778511848313953,0.0007744589349265686,0.0008270116483472467,0.0012066207514111636,0.0020287876673106262,0.0030735340416703436,0.0018846336566264888,0.00021308674150326848,-0.001016188458146786,0.0006556888750261127,0.0005156598291818613,0.0038455414483604504,0.003496304013429748,0.0008277886838988127,-0.001226238294279841,0.0009734585322521182,0.0007355114958180295,0.0006753079657073355,0.0016027246330224947,0.0006372920715716631,0.0005156658870885946,0.0029388120824736736,0.0008669902277788706,-0.00016782393502906236,-0.00012354626404764813,0.0009091488453993048,0.003116018888480921,0.0017368848785902515,0.00047906726257459923,-0.0011212942110367225,0.0007565250254071702,-0.00036244232942777085,0.00029427063646718284,-0.0002642393119167573,0.0005968985154230907,0.00021652472998786755,0.0004608895891188845,0.0008575049319117861,0.0002258831471980661,0.0007110979987023345,4.748920176586505e-05,0.0006114039777564398,3.4496390097770814e-05,0.0007396879124098102,0.0004172226411360929,0.0007743892579426827,0.000963871113955167,-0.00021839335729826774,0.0007638555546007188,4.7098346398571206e-05,0.00027255478293874313,0.0007232108298636477,0.0010374724032067044,0.0006085205722745105,0.0007233753739630036,0.00033433145224533194,0.000984671171831977,0.001214973630193451,-8.334063804255404e-05,0.00360409057330143,8.026825703038433e-05,0.004406785712497847,0.0008733095559867624,0.00068569496072082,0.000723604358779018,0.0002531319417624774,3.5535804526871546e-05,0.0007671345814831249,0.0005351764810228867,0.0018667733121447805
ALOT,0.0008142864172713551,9.165215186203367e-05,-0.0004716123677167683,0.0012793040072697137,6.93959206667933e-05,0.0001076516353486963,0.0005323922311634119,0.00019755611545542342,0.0027768709668173144,0.00039586896740054765,0.0032395899640381785,0.0002616387675226995,0.002888125203467778,0.0006279432135317411,-0.0003959386521909202,0.0005041683128024786,-0.0003717324984619385,0.0005074284406335304,-0.0005410295450124121,0.0006337394359338821,5.481251543810636e-05,0.0002467823794064997,0.00024911581153113,0.0004998410651537848,-0.0015237468333960708,-0.00015165805974979118,0.00027403929130268457,0.00047630246642236217,-0.000608147287550747,0.0005364113287760058,-0.00026315252423232075,0.0003396312681550412,7.714472306607665e-05,-7.350300450366242e-05,-0.0002035274562173002,-0.0013984820366834804,-0.0004128095695207448,0.000379868083649437,0.00034422861603166456,6.267819536557554e-06,0.00020533769521813034,0.002674100082245798,0.00017366618529257618,-3.173137355957709e-05,-0.0003385849591160634,-0.0007099030064514983,0.000605547111012694,0.00010845580820990504,-0.0007460520627358666,3.9563967247078886e-05,-0.0005484397232112836,-0.0001382639240667667,0.00011461794857176182,-0.001021369377574369,0.00042972754887378017,0.000546208574570591,-0.0015318916979902314,0.00022593492755575357,0.0004918629585104891,0.0023594950435920988,7.825046474521774e-05,-0.000847078299409429,0.0007301667534694263,0.0010319806882486363,0.0006200027258774935,0.00010899495446201351,-0.00022839629050140127,0.0006103392058879174,0.0010332938150791364,0.00028868007718944644,0.00011227486229917728,0.0001531047428993232,-0.0032761857457310737,3.472574204839823e-05,-1.920667287802044e-05,0.0005368927036530563,0.00012106074488484931,0.001386841866401644,-0.00036207294085459845,-0.00025841176321159587,0.002650159641646505,0.00024669069541131044,-0.0015772884922933023,0.00029976967513124965,0.0002235392877202225,0.00015838450611824233,0.0005161686230808553,0.0003368494581381526,0.00029042600720823795,0.0015400042417406355,0.0003227022598786117,-0.004829274771764212,0.0003006951718340721,8.18339813832157e-05,0.00019063763481260852,-2.8070321956568783e-05,2.8871077837009247e-05,0.00027307350778652646,0.00024655824329039837,0.001169482212698669
BHK,0.00016747245823335973,0.0005141864480002492,-0.00035228258888824425,6.93959206667933e-05,0.00039013996688065964,-0.00021265605222579864,-0.0001160865697907375,2.8776129111505277e-05,0.0012023419658469666,0.000205978449863559,0.00015753622831189202,-0.00031136762886245706,-0.00025637282430259975,9.45681626476098e-05,0.0002120128260082089,-0.00021797050452930907,4.870665630046e-05,0.00012657083160941463,-0.00013132035907858093,-0.00040045848293891577,-1.5965486350371455e-05,-5.134997602247719e-05,0.00016000063507704424,-0.00048158833027072063,-0.00040396815418446456,-0.00018928228261701284,-0.00018524363347805712,-5.620705675740687e-05,-0.00030592142139204,-0.0012034161029812768,-7.76666529270607e-05,-7.97627811789942e-05,-0.0002952778257482054,0.00022217268358366485,-0.0002571315514571848,-0.0009478825647546921,0.00020471257387546062,-7.352707692131994e-05,0.00027852776023818494,-9.061841426725175e-05,-0.00012047547997420941,9.876035203640068e-05,-0.00031324406271888647,0.00017594433313058056,0.00047843791973401075,-6.861309831049045e-05,0.00016488292355583718,2.5613132192490763e-05,-0.0008469952313798938,-0.00038571886986559065,-0.00046993740081342425,0.00014332179437073696,-3.2020408770266586e-05,-0.0002809260228130769,0.00011154640780216567,-8.575597109529339e-05,0.0009266808383885605,-0.0008436579120029094,8.015222994143319e-05,0.0010086099003756709,-5.795919174790243e-05,-0.000575752493383248,-3.709584375011753e-05,-0.0003598527842142218,0.00026155113087815754,0.00013306621581618932,8.389676646285244e-05,-0.000360024946391407,-0.00041476093457925667,5.454824074769416e-05,-5.569157441858573e-05,7.975576285547671e-06,0.00029679392664987223,8.384933982812506e-05,2.5948326164376835e-05,-0.00017537520079697488,1.868701111243683e-05,-8.092069814564933e-05,-0.0003271969505370322,-6.480199054676743e-05,-6.771697071148918e-05,3.0174095299905526e-05,-0.00030584797728436264,-6.629934077721131e-05,4.620325390502745e-06,6.154972753409101e-05,-0.0001611853774236915,-0.0003035111270790286,-7.882830314900025e-06,-0.0021396379123785254,-2.8945517264097287e-06,-0.000567821392014615,-0.00017863043432138568,1.795770475347252e-05,8.169763421669458e-05,7.206947691295477e-06,-5.249420907189421e-05,6.441712947251767e-06,4.882787119100558e-05,9.021904076977473e-05
BMY,0.00042807571577482384,-0.0002861381636624994,0.0005668097567709219,0.0001076516353486963,-0.00021265605222579864,0.0003141068157484005,0.0004943107505163911,0.00025025438397010397,-4.095028637545088e-05,0.00018969075795853153,0.00113882821879025,0.0009377213631796162,0.0012020340481140711,0.00037985986860104615,0.0001629363945551113,0.00035741918136359833,0.0002974183933239546,0.000580013605332993,0.00022191349799355223,0.0005634535900281466,1.267946561994206e-05,-5.6116823014585806e-05,0.0003045247078050337,0.0008481118497111245,-0.0005233932920217428,0.00034200778852801406,0.0009673248846027357,0.0003570485183112269,0.0005841682260032511,0.0013659521151370294,0.0002405895275602715,0.00043552661539750286,0.00043499793069975555,0.0004557931503337833,0.0008732488642204415,0.001158922339059205,0.0006649901461365667,0.00020290491688214115,-0.00040611521580423095,0.0003020228317230862,0.00029829398190413166,0.002313412363675055,0.0016117783298817405,0.0003126914989531485,-0.0007100618276414413,0.00025261979759323017,0.0004369062714708212,0.00031295646499148,0.0006711891077159011,0.0003620576700442888,0.00017750886366852924,0.0012006691655725122,0.00040862705078944123,-0.0002747211374387792,3.337555173232285e-05,0.0005471096354059781,0.0007653725091968195,0.0009748666631004585,0.0003147918253172654,-8.723296149448171e-05,0.00035709380975916484,-0.00025480041173841356,0.0003193742582852051,0.00022069035133762176,0.00036143319910412325,9.399998265915083e-05,0.00012346640997086512,0.0005964604317246513,0.0004430078639873965,0.00036825092870367145,6.015237621582591e-05,0.0003003418369198674,-0.0008762515538573382,0.00031021106878137503,0.00016943666130456213,0.0005048259350523875,0.00044172765305604505,0.00027421312683240085,0.00030281561834152567,-3.223141272655917e-05,0.000803354608554613,0.00036772438068482637,0.00010792449260614514,0.0003512902716931537,0.00036707369427533784,0.000171647167913738,0.0005871964287888086,0.0006695021533215016,3.94142174149511e-05,0.0023731063582032984,0.00011700297238113656,0.0007855423284070345,0.00048812105512309326,0.0003122152570258624,0.0003432825523600601,0.0001003540887075778,3.3202145357601096e-05,0.0003981052770870061,0.00028301326698725417,0.001081858135039609
CCXI,0.001161946634650776,-0.00016483954562376883,0.000780388250423227,0.0005323922311634119,-0.0001160865697907375,0.0004943107505163911,0.0010202381875970413,0.0005692445252703214,0.0014092994742331533,0.0006234946907245327,0.0030883520901183997,0.0017125933362026173,0.0028259488668800807,0.0009701583651335758,0.00041244803783435457,0.0006588118560982277,0.0005639792068880534,0.00137554853823742,0.00023792069578663748,0.0009619659910455764,2.456440581119965e-05,-0.00010284275610741559,0.0007907070361884477,0.0014486441717798354,-0.0016817910848565328,0.0005159167065269412,0.0018721881006995918,0.0007769347772242945,0.0008233884761786076,0.0019489742749099516,0.00037373610646147283,0.0008898444833522474,0.0006692855578778724,0.00107910493203211,0.0015289073509065709,0.001331799748440006,0.0014200931616624077,0.0004317719267751522,-0.00053774104111788,0.0005431280447812198,0.0005531931389453732,0.005306393157458565,0.003058234700169745,0.0007622349945457677,-0.0011386122502538656,0.0003139416277406871,0.0011352567838033524,0.0006756121479350609,0.000554858333934168,0.0004442692427433543,-0.00011424917451016394,0.0025136262453326285,0.0008262335902460596,-0.0009809885789452137,0.00024113514240746696,0.0011533338365077859,0.0019510213562525963,0.0013706705450731468,0.0007995313541862956,0.0010812627974557984,0.0006944827031249002,-0.001132111241669975,0.0007671395867510141,0.0003803367083128179,0.001059799516765104,0.00031505268973611666,0.0002680435920155709,0.0010551686397737745,0.0007885399303601587,0.0008466309517725064,0.00010183380199530987,0.0006455928973742671,-0.002214240058499952,0.0006998547913408652,0.00035918810233745836,0.0009967983027579686,0.0009336243697332364,0.000775887428592323,0.00028743422424297254,-0.0001678800186174604,0.002115308778941595,0.0008182315887996133,-0.0003386802493445896,0.0007214935628829502,0.0007925150945452669,0.0004273026725269537,0.0011703054031799631,0.0011908143429957497,0.00013298895298942038,0.0034723829228612436,0.0003005383998897776,0.00016850236087812936,0.0009122831968262643,0.0006627861409292863,0.0007969738590837415,0.00020305033713388106,3.270622722913794e-05,0.0008668635221095543,0.0006610197145780558,0.0024988873903435383
CHIX,0.0007082799906737424,3.0041994105846425e-05,0.0004785474389377011,0.00019755611545542342,2.8776129111505277e-05,0.00025025438397010397,0.0005692445252703214,0.000358972366975385,0.0009080836851833767,0.0004200470675067403,0.0016494279005460374,0.0010081439750846523,0.0014013569721163341,0.0005851433902832021,0.00039085633242244826,0.00030321554289433335,0.00043977317522619994,0.0008801629636269056,0.00019353322030919902,0.0004325461126825654,4.028349820910857e-06,-0.00011740104808649561,0.0005376022139015191,0.000749890519620042,-0.0010253950094513337,0.0003072115880465226,0.0011496118852754589,0.0004332513901609125,0.0005395872392120856,0.0008633817247841363,0.00026123639559433906,0.0005200199194233947,0.00034611595256097034,0.0007917555445408615,0.0009663732653513318,0.0007959337537019346,0.0010595539749615067,0.00021240926945859806,-0.0003218245459566578,0.0003326877758742555,0.00030312226469323176,0.0031815103706716186,0.00191248438163443,0.0005621039119902292,-0.000567335959510039,0.00028576757568749635,0.0007185538555085957,0.0004408785971697755,0.00022044168432586538,0.0001752615242441298,-0.0001392153837013966,0.0017291087046463257,0.000522920911432375,-0.0005932470513964968,0.0001337831327912231,0.0006646132603154126,0.001779384794449202,0.0006288274003266687,0.000486417491203442,0.0006906440826724066,0.00043284859244588966,-0.0008046848432990947,0.00039744155778117477,3.8189145936037014e-06,0.0006950818762370303,0.0002333578912435437,0.0002340962256669214,0.0005095599333467895,0.0002582301554372869,0.0005380778691641676,3.563418741342487e-05,0.00040959818125866883,-0.0009301182049585409,0.0004843351960908303,0.0002486242970122315,0.0005355435205769022,0.0006082757345630337,0.0002998517720648553,0.0001438234234701174,-9.495368594491042e-05,0.0010184271122519522,0.0005178120473432689,-9.79094336331828e-05,0.00041779611929494226,0.0004963830962461757,0.00027988431783850117,0.0006577081775035007,0.0006539293103253964,4.590530372888011e-05,0.0014590790626974632,0.0001540975855884019,0.0006089860862078731,0.0005110372837779699,0.00043377188719048113,0.0005266617828517691,0.0001407125199953374,2.2023425123766244e-06,0.0005394271068712331,0.00041904176217830836,0.0015235290181512648
CHX,0.0028603220761165425,0.0015746306351005735,-0.001169054389062484,0.0027768709668173144,0.0012023419658469666,-4.095028637545088e-05,0.0014092994742331533,0.0009080836851833767,0.00945490670150381,0.0018213671285321922,0.008492114598710946,0.0009721935564829358,0.00642426935084605,0.002164887757487402,0.000355197270141562,0.0007375075696992332,2.906083143951405e-05,0.0024175783793442085,-0.0010819154297593118,0.0006580430452478382,6.27638107394004e-05,0.00015927071577821316,0.001585754324581157,0.0006146331113184655,-0.005199603138951904,-0.00037685153716467005,0.0015160977857914609,0.001287798967246014,-0.0012145487683550983,-0.0010901996187317373,-0.0003435572964346083,0.001089810580602053,-0.00019055768551528123,0.001496516920166561,0.00021340291550833447,-0.004027247213746661,0.0011828906665740462,0.0007759370733984025,0.0009462787600625037,0.00020708807276700961,0.0004518496590526045,0.009315886509749353,0.001994017327994322,0.0011482013455652133,-8.92943669465969e-05,-0.0011019370543411664,0.0024862729598479055,0.0008447174201329135,-0.003324602537211376,-0.0007240196682963215,-0.002433201913031844,0.0023992079739877286,0.0008103200947636414,-0.0033887884563799965,0.0012560477208552695,0.0016403949788678408,0.0020080842324061506,-0.0010071156463505198,0.0017487732099212756,0.007892891309312882,0.0005567396401437256,-0.00413296315141474,0.0017545696740911602,0.0009294505874453148,0.0027390170122915864,0.0008591551903339773,0.00011405226371560308,0.0008240555664348935,0.0011197519706583445,0.0013779568161999497,0.00010334599250067206,0.0008381444939946014,-0.006405719580347185,0.0009222624127301082,0.0003604141337994235,0.0012155179413133926,0.0010690381734681032,0.002707331556320412,-0.0013419933499009954,-0.0007682987357009079,0.005989550351623282,0.0012099310272191241,-0.0038185535853251735,0.0009187403058653336,0.0010715917506975937,0.0008200219040666412,0.00137586088888716,0.0006652262636417721,0.0005688993578792357,-0.0009689869572951815,0.0007830660658897596,-0.009517706312512716,0.0007439660136870643,0.0007664730310543272,0.001256418375199622,0.00015271792468246452,-8.41282911450682e-05,0.0012232752047034578,0.0011296523293049278,0.004372775435576224
CL,0.0009275349669753751,0.0002630641419186338,0.0003039128073326057,0.00039586896740054765,0.000205978449863559,0.00018969075795853153,0.0006234946907245327,0.0004200470675067403,0.0018213671285321922,0.0005851341532737003,0.002223355743559184,0.0009764737201120935,0.001738576169243469,0.0007421341384767606,0.0004605855681213578,0.0002920776946260677,0.00044599794021538244,0.0010566521152196883,8.523988389643437e-05,0.0003680307024756401,4.120920303700363e-06,-0.00011758489267517087,0.0006733885756644497,0.0006564271833615693,-0.0014536499418411361,0.00022917047802254592,0.0011831573991501856,0.0004968981311864245,0.0003724585876082702,0.00047358375170058423,0.00021422905935357574,0.0005630434742272445,0.00025316514499367415,0.0009326289517738338,0.0008986519922800787,0.00027633313778501015,0.0011703903276159232,0.00024168729044682306,-0.00018331004922196115,0.0003177241672665898,0.0002974623060209046,0.0037678222034146355,0.001931932929152676,0.0006723812181568886,-0.00044305307570573443,0.00019021015705427872,0.0009121263513282315,0.0004954752174837606,-0.00021681294995675135,2.726747040727104e-05,-0.0004162076203151478,0.0018932866377901994,0.0005592998446100163,-0.0008781348125071935,0.0002427886084585845,0.0007401042337550949,0.0021131462204352445,0.0003390033045195354,0.0006139286546603323,0.0014554909662646217,0.0004474991406645255,-0.0012091435250017265,0.0004975339615807419,-2.4760134372203946e-05,0.0009301118573575606,0.0003196015962326555,0.0002584977136955445,0.000464826400693815,0.0002239387220529279,0.0006336036337618655,2.7889748654325453e-05,0.0004598980121979057,-0.001264455743659748,0.0005579063181722137,0.0002745959884759195,0.0005626579510614548,0.0006730214481602522,0.00045400214302457364,-2.99784359139002e-05,-0.00016053382291495545,0.0013809818940869172,0.0005964277829671238,-0.00042651947009115197,0.0004546736185671885,0.0005597859613708921,0.0003447535483333618,0.0006968324656849769,0.0006102182866318724,8.089312001950512e-05,0.0008317926005754859,0.00020261463291243795,-0.00017665449569070018,0.0005064516931339704,0.0004813787463745498,0.0006211286693198865,0.00015013039744047056,-1.6591814385182904e-05,0.000612587708291289,0.000498782253336931,0.0018091949329301989
CTIB,0.004080782275702335,0.00018033600573959894,0.000810145733845677,0.0032395899640381785,0.00015753622831189202,0.00113882821879025,0.0030883520901183997,0.0016494279005460374,0.008492114598710946,0.002223355743559184,0.012241212405918758,0.004128233571335601,0.010754314156659568,0.0032909421693549223,0.0005346527942044697,0.002119562183447156,0.0007892971759380079,0.004078519658238222,-0.0003759154666910735,0.002871432682131066,0.00012722993562918022,9.273024050538007e-05,0.002351947282230189,0.0037344736148620388,-0.0065641016072720375,0.0008147611147287478,0.004623000061810606,0.002486073075625441,0.0007413138768248139,0.004358473551436056,0.0004066322354232468,0.002522044601366288,0.0014316998829874278,0.002585154099153727,0.0030390335618138446,0.00019467725679610479,0.0028496690198689546,0.001521503041237434,-0.0004994313001406406,0.0011994736291430696,0.0015004771178861874,0.016499557032663554,0.007126927198190504,0.0018724129803172917,-0.0027702231208293557,-0.00040343286093406374,0.0036995579287400723,0.0017592485458212412,-0.0005407324393569097,0.0007758433188587406,-0.0014872506997297718,0.00576244525677919,0.002071736206872721,-0.004067558138228942,0.00130623482714761,0.003444364498807512,0.0029838770719269347,0.0028376977127619087,0.002675048834340449,0.006934309833978747,0.0016882470547953442,-0.004398606165986925,0.0028644997974257005,0.0021551120280750716,0.0036256903140832347,0.0010092038163036711,0.0003468209966254063,0.003086386229320369,0.00306236287122156,0.0024550804740878338,0.0003615831923933003,0.001742547163459618,-0.009885501572164196,0.0017519057210368199,0.000828789222264532,0.0029915838580182605,0.002373535556624332,0.0038456657470973613,-0.00015082558459796145,-0.0008368839643676433,0.00889398999312428,0.0023050405256943413,-0.00343635946838233,0.0020805871766583265,0.0021888749238456475,0.001286484548740881,0.0033759232638518512,0.0030337688763946496,0.0007441469549390053,0.008656065799540646,0.001187474870375732,-0.007409226528378235,0.002433452635665749,0.0016826302910450397,0.0022130231708690938,0.00043621516371375837,7.660677200660097e-05,0.002438735118656354,0.0019541354979250775,0.0076697581815287005
DAR,0.0017931217002421377,-0.0004340606460641502,0.0018789294095769506,0.0002616387675226995,-0.00031136762886245706,0.0009377213631796162,0.0017125933362026173,0.0010081439750846523,0.0009721935564829358,0.0009764737201120935,0.004128233571335601,0.003276985977107484,0.0038629759265623375,0.001533620486942172,0.0010456695325900454,0.0010203639167662537,0.0013479637276478957,0.002412076173803163,0.0008208980424679057,0.0015611240568416062,1.651436853107718e-05,-0.0003524796023941087,0.0014045182505326751,0.002620501851848053,-0.0023663363321482457,0.001138922107445948,0.0035749233424342856,0.0012572482313251711,0.0020445574454321367,0.003662933472621257,0.0009141938844215884,0.0015688149291209499,0.0013128066437355554,0.002172241738150264,0.0031939426970819997,0.003607020141250664,0.0030625991457303133,0.0006314964147326392,-0.0013100501085831031,0.0010859355610832546,0.0009856684986335222,0.00889889643434445,0.006010192416647724,0.001520071277120193,-0.0021028248809530944,0.0010706984753805764,0.0018693849045812853,0.001275304342954543,0.0016471534275681733,0.0008968048479854876,0.0001568835921230943,0.005075379744754563,0.0015768333822739832,-0.0012939297231045663,0.00020345230388262232,0.001966078182619106,0.0047426821657936356,0.002669417460824011,0.0012795454578066665,0.0005959845174160519,0.0013395568846407352,-0.0016743529189891216,0.0010788588849215564,0.0001530746704853425,0.0017009824845900421,0.0005469619770385118,0.0006668328063409964,0.0017572568360093577,0.0009700785386269648,0.001501457963423013,0.00013857754981770045,0.0011896139929457503,-0.002409107668885738,0.0013636007357033077,0.0007243891229225583,0.0016688268154066732,0.0017817616405888799,0.0006941946372603453,0.0008274955769467402,-0.0001680982478993621,0.0025775557723258925,0.001473238757806612,0.0003309567463636392,0.0012570724465562424,0.0014388182183138402,0.0007466949514155945,0.0020256686638473512,0.0021910621225788504,8.579764043184732e-05,0.0061641266395562,0.00039887095955886917,0.0033775724873616794,0.0016470361985577264,0.0012669766640358575,0.0014606695158037137,0.0004208634475825028,5.2268293646112324e-05,0.0015559939584850004,0.001158592687899796,0.004242045391419642
DRQ,0.003422384304300636,-0.0003609841699392634,0.0009703069653866053,0.002888125203467778,-0.00025637282430259975,0.0012020340481140711,0.0028259488668800807,0.0014013569721163341,0.00642426935084605,0.001738576169243469,0.010754314156659568,0.0038629759265623375,0.009861313135687534,0.0027968412399032444,0.00016875531940946186,0.0021049993921476466,0.0005566792488502991,0.0034112544436431702,-0.0002739138811274932,0.0029516937632171145,0.00013342548814825855,0.00017269570996192654,0.0018703412423921647,0.00374425130204849,-0.005402312129256064,0.0008599690306490927,0.004154585097391791,0.002244499356713142,0.0008414322522591135,0.005022055665894742,0.0003805630335691449,0.0022763772290816794,0.0015301771267898613,0.0019500710312762902,0.0028062595616887122,0.0009066443745462003,0.0021354945950759546,0.0014286976583368553,-0.000652363504464733,0.0011108937947706238,0.0014300120608684334,0.014329332993999747,0.006391683559495829,0.0014005583913795534,-0.002896816731085276,-0.0003900017629087855,0.003067050465494844,0.0014827915754802425,0.00028861981113094404,0.0010611080306514287,-0.0008685736055945679,0.0047132405461261856,0.001807975235432395,-0.003329044145507715,0.00106412867868545,0.0030987771392749675,0.0013191636379700574,0.0033110163389508318,0.0022669367087655764,0.005233569558080871,0.0015035696200768475,-0.0032770724189536593,0.0025880042104230025,0.002369385280714501,0.002907381253136667,0.0007366161134069032,0.0001694176270709235,0.003088351129694647,0.003195033579793714,0.002072885365856266,0.00038253627834008226,0.0014942523160762573,-0.009231445403547967,0.0014043105553371142,0.0006725097512963689,0.0028057010338178087,0.0020126537517639455,0.0035744628496998734,0.0001483527637545072,-0.0006858014727710174,0.008050700327278955,0.001963785016187422,-0.002861381619568815,0.0018817088161669695,0.001887757707904229,0.0010534749717115805,0.0031133728766450032,0.002939872986068707,0.0006873562707180077,0.009795652309039338,0.0010633531641252685,-0.006502615947665187,0.0022965274836246477,0.0014212824966234078,0.001823403164785199,0.00035759597048866745,0.00012377523322075666,0.0021059291933302146,0.0016471635433250719,0.006603038421048445
DVLU,0.001273441609641699,0.00011300677779689214,0.0005567938545526813,0.0006279432135317411,9.45681626476098e-05,0.00037985986860104615,0.0009701583651335758,0.0005851433902832021,0.002164887757487402,0.0007421341384767606,0.0032909421693549223,0.001533620486942172,0.0027968412399032444,0.0010367019141967085,0.0004956532162769372,0.0005598933990893357,0.0005600836799883947,0.0014455333881270036,0.00013600476003174436,0.0007688898129182367,1.8678534935753262e-05,-0.00011489930413181564,0.0008745013694813006,0.0011974671750211445,-0.001946455248856201,0.00039954856708853634,0.0017574030691874184,0.0007594913068846364,0.0006161335653020491,0.0013119526245716437,0.00031249776593035534,0.0008508036307886405,0.0005068035861245518,0.0011734184315053359,0.0013567719326181458,0.0007364288679614289,0.0014812990939810239,0.0004060009138979254,-0.00036384444824437797,0.0004865489847167046,0.0004913705299153668,0.005409949126828342,0.0028505298082932445,0.0008399181705785116,-0.0008858038269407678,0.000234662725543682,0.0012347182823608618,0.0006832758791202082,6.059027453095621e-05,0.00023612423163845716,-0.0003884235575448803,0.0025384829670010486,0.0008013666566667893,-0.0011662303877035384,0.00031851990707535734,0.0011176449478062043,0.0023227555306108436,0.000916006078552463,0.0008541686920323058,0.001718436460290857,0.0006563066340151678,-0.001460361526120442,0.0007734407359242506,0.00023979344373678776,0.0012121106417191396,0.00038537474978335884,0.0002953489766916641,0.0008804901693071328,0.0006122260178543924,0.000876175862892884,7.68173750144161e-05,0.0006468855769593425,-0.0021950692970181505,0.00073376696229135,0.0003656421785477971,0.0009162119479001901,0.0009339008592350602,0.0007940296728948918,9.13057083476044e-05,-0.0002128272264229378,0.0021848011003475585,0.0008332188383908697,-0.0005776625727148244,0.0006902848534825555,0.0007932834549133545,0.00046076285591101744,0.0010930960646185757,0.0010289192122615806,0.00014205502924866955,0.002370916125778061,0.00031107547037042307,-0.0003902022481835325,0.0008188402569661919,0.0006652282207803579,0.0008364050961032206,0.00020186091319734695,6.106746102792252e-06,0.0008699561779066257,0.0006884934946525091,0.002565829494859396
EBAY,0.0005990179187777565,0.0002687044399231365,0.0007114266017856013,-0.0003959386521909202,0.0002120128260082089,0.0001629363945551113,0.00041244803783435457,0.00039085633242244826,0.000355197270141562,0.0004605855681213578,0.0005346527942044697,0.0010456695325900454,0.00016875531940946186,0.0004956532162769372,0.0008574880400088476,1.4559361961157767e-05,0.0008217002531803054,0.0009760661324886953,0.0004852834023392876,1.9039976887146342e-05,-3.318970765363772e-05,-0.00032079334519675865,0.000674202113508726,0.0004755794589817277,-0.0007660823762496768,0.0003940561852563623,0.0012976328108591595,0.000292442232482093,0.000893358392905411,0.0002175969495764813,0.00045354669502922383,0.0004712362312222665,0.00026394805626930634,0.0012264329630471613,0.0012731332658010882,0.0013230705324804273,0.0017630476497242104,3.846659713177605e-05,-0.000470705894180648,0.0003954212462831883,0.0002306070381433732,0.0028747128043148037,0.002310294477063609,0.0008693796375057974,-0.00031967630259994545,0.0007357445145164343,0.0007255802001372594,0.0005481340099983082,0.0002461585226365222,5.5066740541585335e-06,-0.00014197489230985709,0.0024811400515310817,0.0006240190434535225,-0.0003923406871233851,5.5434990040773686e-06,0.0005497118235145788,0.0037349162178445285,0.0002663345661967602,0.0004293356001252092,0.0001857773925023146,0.000508593888937273,-0.0009319159248721517,0.00011577169832505444,-0.0007539309402275246,0.0007384095946017316,0.00032662100148920993,0.00048547075624400974,0.0001574104072540585,-0.000441853780432069,0.000596120101755742,-4.356340671399179e-05,0.00047205897685401654,0.00069975001792947,0.0006784821839191087,0.00035927974881884433,0.0003325169473471695,0.000762864048401474,-0.00039839187873561135,0.00021446590930465553,-2.1629923865540706e-05,-0.00011454759240320143,0.0005785984345449033,0.0005650140547095832,0.00036269325103887906,0.0005485721645422216,0.0003235385788308245,0.0005160042045714238,0.0005319103757750732,-0.00010125991014467847,-3.598410504073791e-05,2.945544551419206e-05,0.003152986526065338,0.00042690666590112803,0.0005489775287297069,0.0006490550202371775,0.00020869509552916098,-4.124008188124826e-05,0.0005804258676568236,0.0004557923045113199,0.0014605781111083672
ERC,0.0006595481105527491,-0.0002929128033835756,0.0004311789329833482,0.0005041683128024786,-0.00021797050452930907,0.00035741918136359833,0.0006588118560982277,0.00030321554289433335,0.0007375075696992332,0.0002920776946260677,0.002119562183447156,0.0010203639167662537,0.0021049993921476466,0.0005598933990893357,1.4559361961157767e-05,0.0005256432488785307,0.00016683997354201573,0.0007133395413980513,5.5265505789437765e-05,0.0007824635587459707,3.1059299194250764e-05,2.8132864713911282e-05,0.0003610239386892614,0.001023434708150015,-0.000956767086089186,0.0003003085241589776,0.001042238303684924,0.0005025866903865132,0.000400780939833577,0.001599824875808496,0.00015689798380552205,0.0005374979435647657,0.00047224062882820486,0.00040033564637655854,0.0008056331158103319,0.0007634596094557538,0.0004974428186270172,0.00032379175533407066,-0.0003091709840061482,0.0003030842766748468,0.0003651299890296178,0.003086112289121852,0.0016472956117049961,0.0002785559628529414,-0.0008379663693725712,2.6178548359614084e-05,0.0006021724847211802,0.00033613797082580985,0.0004879477073188801,0.00039723611382151626,3.88079297757473e-05,0.0011100034021759126,0.00043594797156111553,-0.0005665328811214398,0.00015908702769215852,0.0007118721410697539,0.00017829769773960083,0.0010907371142256598,0.0004547934074129994,0.0005768435702249491,0.00037659144210449083,-0.00046666643960877746,0.000544838190167311,0.0005723335762398503,0.0005251698175508078,0.00011444490439380299,4.0318166941987736e-05,0.0008036372648769431,0.0007933752246186987,0.00044449580743559787,9.878704673095334e-05,0.0003395523204524521,-0.001915077775242868,0.0003051072136636675,0.00015624827031939328,0.0006755320188030881,0.0004657930584679858,0.0007129097034982385,0.0002073578564309848,-0.00010767158357946187,0.0016261862859452436,0.0004327618350784231,-0.0003689988607195685,0.000441895067397987,0.00042698035118022534,0.00021164372435260304,0.00074774623347536,0.0007830330296384886,0.00013102561487911637,0.0029763839318807162,0.00021618626180830897,-0.0007193665170765653,0.0005847081014324434,0.000327634557060969,0.0003868381723594371,8.79498222514531e-05,4.5897908647431614e-05,0.00047266606243020473,0.0003488478830728829,0.0014137403224385027
FAT,0.0006549741004665164,5.2205506962832776e-05,0.0009331455688374258,-0.0003717324984619385,4.870665630046e-05,0.0002974183933239546,0.0005639792068880534,0.00043977317522619994,2.906083143951405e-05,0.00044599794021538244,0.0007892971759380079,0.0013479637276478957,0.0005566792488502991,0.0005600836799883947,0.0008217002531803054,0.00016683997354201573,0.0008650411773451945,0.0010721206479265507,0.000563978916112873,0.0002735902526760991,-2.4656569564737634e-05,-0.00031315098968049695,0.000695951208077182,0.0008141768706609057,-0.000783100972296156,0.0005230521502988055,0.001568287369918248,0.0003950793669564555,0.001102433826639157,0.000888138010867393,0.0005247725771772799,0.0005956959064667688,0.00044919135396054093,0.001256588417029335,0.0015370194821903212,0.0018380264057944727,0.0018380479988935475,0.00011128341723673485,-0.0006373834530935804,0.0004885146057749083,0.00033536282531606887,0.0033921914465680795,0.0027578086988107823,0.0008832492036640341,-0.0006246207253793615,0.0007991765505384963,0.000780660105640424,0.0006100797827678561,0.0006359237775817857,0.00020173362407370816,2.971543406676047e-05,0.0026956263903529323,0.0007243033489419291,-0.00038416646518266135,-1.3703786707852889e-05,0.0007037247635414221,0.0035934324695647297,0.0007375898514374757,0.00048169974564919927,-9.876033303708521e-05,0.0006049517815858579,-0.0008269733434010684,0.0002087907092608963,-0.0005792006361782137,0.0007480390471901754,0.00030849329026243785,0.00048287107119499484,0.00040644751868385,-0.0002022337415066159,0.0006643636649316597,-1.1697409468524085e-05,0.0005373865011636139,0.00036355168639439704,0.0007208980415097053,0.0003878163886709053,0.0005043958611072592,0.0008550493740156668,-0.0002906147546813784,0.0003732071099436237,-1.338316631774142e-05,0.00012560583938111986,0.000653404432871756,0.0006541951430472242,0.00046411927667262614,0.0006305944206751743,0.00034479468994409875,0.0007010829108926632,0.0007749504568037666,-8.534508877251839e-05,0.0011542263083879033,6.123351743753885e-05,0.0034128675162921965,0.0005921038635421361,0.0006126293788079125,0.000701966389271002,0.00022778734131593314,-1.7617153098718074e-05,0.0006694729073860133,0.0005065675179904709,0.0016878243790120011
