,ADM,ADME,AEP,AGNCO,ASTE,AVD,AWI,BCM,BNOV,BSRR,CAJ,CCEP,CCM,CNSP,CRVL,CTRE,DISH,DMO,ELTK,EMN,EWJE,EXK,FBMS,FRAF,GBCI,GBT,GCBC,GEF,GHM,GIM,GOOS,HPS,IBDQ,IHF,INFI,JHMC,KALU,KBWD,LC,LTC,MBIN,MESA,MGNI,MNKD,MS,MSN,MXL,NAZ,NDAQ,NGG,NNA,NZF,PHI,PIXY,PQSG,PSCT,QRTEA,QRVO,QURE,RHS,RYB,SAA,SGEN,SMB,SMMF,SQLV,TAP,TGNA,TPYP,TTAC,TY,VBIV,ZGNX,ASYS,AUMN,BXMX,CBNK,EWL,FLEX,GCC,GTHX,HYXU,IBM,JFR,LSEA,NHTC,NUSC,PESI,RVLV,SBT,SHAK,SPXL,TGA,CNQ,KMED,ONEV,TWTR,UBR,FNX,UNM
ADM,0.004587050423734851,0.001041844656183433,0.00481792858894675,0.007543778351217731,0.0031779352231794586,0.006611951272223214,0.0044933240505515264,-0.0016616788452066139,0.002462202036480309,0.011676040501795115,0.0022693112502658506,-0.0007352203231173255,0.0029800404056602985,0.007221460759316044,0.008221474647592007,0.008374577840467575,0.007833398330388751,0.0023401773090527206,0.005289031116416591,0.002955971049960643,0.0022754985513892003,0.010403077753469638,0.003184159422347789,0.006732795240683424,0.00592060776597159,0.0057062596478965645,-0.0010210377112468859,0.0060046349521721675,0.004042195411431753,0.006612644539794728,0.004412337794805163,0.004988574036372566,-0.00045461334459575827,0.0040556045771269885,0.0009950551807001915,0.0034797702095130992,0.004223712429611183,0.002724815087220697,0.00746859134231586,0.008278833059311598,0.010114070120045265,-0.001931289487570423,0.010954083947740827,0.00997056213428385,0.004644322809243606,-0.002543870164345361,0.007412212550158294,0.0013510838619997753,0.005198043795053929,0.005886941633632001,0.0024460557729215544,0.0016330949599906793,0.003936752241727175,-0.0051578854614088045,0.004618427783658071,0.004443155954063259,0.0039237673024488506,0.006240616260000848,0.0026181312382539653,0.003471293879658768,0.0023416500681526053,0.009670566298881949,0.0028057956394631793,-0.0002504875849414249,0.005192158513565915,0.0027487309026331397,0.00247023205006994,0.0032623854950131394,0.002975746139772847,0.003257082015022118,0.004170436354491822,0.0053743515105740365,0.0021907653140403513,0.0034954289484114254,0.004931805286287543,0.0033263276786297327,0.022420297395516788,0.003292857178188398,0.006188918080260852,0.0010622778314628779,0.006894960263595787,-0.00011142909860833755,0.0034283647481875754,0.002974860349191626,0.00010573615361436783,0.004648769189177469,0.005068329620634318,0.0005362420164635652,0.006607866662162107,0.008037341130722164,0.007956015487147782,0.010542259107382282,-0.0016932684535881286,-1.2904579729593971e-05,0.0019685006442016406,0.004283477335876418,0.004010119528836249,0.009896782980519516,0.00425236225632281,0.004573133948417032
ADME,0.001041844656183433,0.00048394690500958574,0.001399502047154023,-0.0005740030201397999,0.000649531592106506,0.0021142302578690208,0.0013921021065433751,0.0001154207663365481,0.0008825062627391675,0.001629780513154823,0.0009044848569117532,0.0007957544919033357,0.00017625185757902804,0.003665996808143916,0.0019225543592560996,0.0019030456813614888,0.0017981204175386359,-0.00034031227795471903,0.00116403558633342,0.001143222610371818,0.00081825955426123,0.001681431998923405,0.0009346683543464702,0.002068228939929945,0.0014371139587760655,0.0027992645989507446,-0.0018276143835238934,0.002313842810713637,0.001078441500900975,0.000788770758053413,0.002028041495812174,0.0012263104600483564,-5.333103905042299e-05,0.001471497816403332,0.001337627357154867,0.0011142526860951514,0.0013367806318685805,0.00041635242683316326,0.0019107570872702873,0.0019323035629645602,0.0018299859125378152,0.0006490397603480221,0.0029041224207323863,0.0027902023142200917,0.0016525711351610016,-0.00033715165184749953,0.0013863884488541079,6.271964902295239e-06,0.0017766070380421987,0.0016704638596211042,0.0007155992669801101,-4.44947010712838e-06,-4.112386550016788e-05,0.0005785605091468947,0.001359340545927997,0.001365569704815548,0.0007103902831220304,0.002131530555225384,0.0011907220276294599,0.001027826622603019,0.0010978318954984168,0.002660875915802028,0.0008589608178468271,-8.760207697676087e-05,0.0010902392978291927,0.0006698767608043465,0.0004565841399556501,0.0009273394961344245,0.0005189967404254476,0.001223426471986879,0.0008496432623348877,0.0012202333143170666,0.0008830297805282816,0.001716990237457258,0.0005840408622226016,0.0009439806391812163,0.00800084807107611,0.001102143034593033,0.0014745576156843365,0.0003117728159109695,0.003083649377787146,-6.736270245100215e-06,0.0012337395127865202,0.00045018975371485304,-3.1370889952021256e-05,0.00037453828187390144,0.001638589333336292,0.0009712776135218771,0.000911116932530346,0.0013370469154319281,0.0022087920748483938,0.0038184151045582274,-0.0014273264941742619,0.0010569664127438065,0.0007483175102945471,0.00131140665265368,0.0014066708089599644,0.0030691152817739313,0.0013277308825486434,0.002012025930665979
AEP,0.00481792858894675,0.001399502047154023,0.008119375505978918,-0.009025698550114139,0.0016341679134639986,0.007010685957445913,0.002929301886415389,-0.003451769962910814,0.0021314728822810296,0.005704669515365094,0.0015779734398633444,-0.0019154067649006278,0.0019992964181186432,0.004476357519699907,0.005834702596581516,-0.006673128403337956,0.00450552326054884,-0.004723430016720058,0.00162239657723742,0.0007749747885364312,0.0017999560307423263,0.011352117987553676,0.0009731799178834498,0.0055787441945202125,0.004847057770121588,0.006622026692764853,-0.0036676157811635665,0.010542052609592291,0.002916021727911279,0.00039766907756211707,0.005972655434481432,9.33677179215794e-06,-0.00019224302282587217,0.0031814496945779085,0.0009971585434686626,0.0015245627085049575,0.0037811524059236028,-0.0011983683168776803,0.005590805633945192,0.004382958190553394,0.007973116701616205,-0.004620813691396193,0.009232743879645868,0.010254111875941697,0.004091916722968915,-0.0016068326384291443,0.0027294924588403737,-0.0023834379467803585,0.007109493169402793,0.00752394012013521,-0.0062530852831923465,-0.0013392610598516692,0.0005916873616985288,0.0059965506638716,0.0021416241411981052,0.0032487739621687205,0.002927235982275544,0.006376815217255907,0.002727359193060819,0.004515650700584813,-0.0006997111659859706,0.005857434076437669,0.001784030050217235,-0.0009121621578927761,0.0028870332182339285,0.00015924719508207552,0.003410828017706774,0.002179443137145255,-0.001061482444902108,0.0027766799046288373,0.0013011554553093987,0.004286973903608216,-0.00020806466833683877,0.0044588425003637775,0.0055905586543698255,0.0005423733637855909,0.029098150121038974,0.002583540817460478,-0.0001758779636307499,-6.453832133434799e-05,0.005535372910372665,-0.0012314549988882194,0.004704908108593606,-0.00136363848493076,-0.00013199956531396856,-0.00010849812353315338,0.0035767127578568993,-0.0003232062331451277,0.0033826163452172825,0.004630662307716955,0.005784369910873125,0.01071069306269369,-0.00379903971270005,-0.0049523671261619395,0.0014706721090361487,0.0034037870491387926,0.000525514505376984,0.003460135924809986,0.0025819545173536313,0.00552514867956871
AGNCO,0.007543778351217731,-0.0005740030201397999,-0.009025698550114139,0.10802360124029914,0.014273788554668163,0.008987600988227644,0.01564258739945013,0.005363884555492393,0.005591085596924375,0.05711623058999887,0.006793190290094769,0.0021922819227173087,0.012235416664159785,0.0226882926151372,0.028001527951214997,0.09497266778064066,0.032355655701746394,0.04458646551322386,0.029337388077152454,0.01584596459323158,0.0060405249325724535,0.0170799951611512,0.017230010451282293,0.01752827209143966,0.01680231792930734,0.0020502450478594434,0.016854150930381593,-0.01536847415317864,0.01338618763800634,0.04756484413916376,-0.0025179495217214384,0.03617070008379079,-0.0022976496683356435,0.010853958314854341,-0.0011387484662035655,0.016119013717219653,0.009295745746839735,0.026739519305481765,0.023501139152170034,0.03654514189649743,0.03248646339874112,0.008228674139585643,0.028976735330681472,0.016170905943176155,0.010292373490119433,-0.010943892446548698,0.04029953421361693,0.023479903657582797,-0.0017625485747100995,0.0019022073903154184,0.05088232956567297,0.02014954570636815,0.027984524661644836,-0.0764837561460419,0.021200271139005803,0.01392928349208365,0.013320254818105214,0.009440903735935324,0.0027373816556609705,0.0005289504791186474,0.019192988676382236,0.037496311933748666,0.010236876116440752,0.003424620660507219,0.022579867335693553,0.018728668419947154,0.0002670472964169864,0.011439591487549477,0.027521392411123863,0.007425536016712328,0.02355761389153922,0.016247642928057745,0.016165484630023586,-0.0005861956138191343,0.007961842831987797,0.020852171839410755,0.000565635517805044,0.009023197366187693,0.0448840251322576,0.007768556514405502,0.01621174748554412,0.005716128934377356,-0.0013795814329328464,0.029974665817161447,0.0016726837258696186,0.03586376884994065,0.016384714066142225,0.003312807906608357,0.03116371366803818,0.035739856859326,0.025566234791451554,0.015486149707930353,0.011069114241209098,0.02343357861210496,0.0058646465648282695,0.011974110687797277,0.024747224715876683,0.05108204696924739,0.016043642343008018,0.0014395460033695285
ASTE,0.0031779352231794586,0.000649531592106506,0.0016341679134639986,0.014273788554668163,0.0034305134159473847,0.004541412456637948,0.004650244338070186,-0.0007859556361949319,0.002056450298453458,0.010510457920808696,0.00244495823083462,0.0005598004357016074,0.0025136742507126295,0.007767572981990674,0.007628828099101104,0.015620677061837542,0.007823920534642198,0.0045617548173987185,0.006349084215963329,0.0036399577086782997,0.002030610444120056,0.006000196460819948,0.0035639149725677274,0.005663216727828181,0.0047861861835953165,0.004044942417332716,-0.0007750011791273551,0.002660968936756502,0.003336607546421555,0.007735084573061117,0.0025349117735612606,0.0053574131544588,-0.0006345595510805833,0.003671584858743586,0.0011652384157837474,0.0037111850298558215,0.003610714110793762,0.003635978252135269,0.0067438780222151395,0.007668857197659764,0.007226766185853625,-0.0007009134683290323,0.008884195548303116,0.007144713961720098,0.0036607047874254216,-0.001363671087996525,0.006776881006514444,0.002317973597089502,0.0028458442809750064,0.0030449247280513727,0.005484457391970637,0.0021445950384653798,0.003908873492186186,-0.003799289854817307,0.004609106960173234,0.003837371469614886,0.0031999032616771713,0.004364035781260702,0.0021879358976006754,0.0018784385569932992,0.0032843914161480607,0.009071555020277332,0.0025399883721657617,-0.00043190194366227056,0.004569399006059488,0.0036291932343318336,0.0007616030324305408,0.0030595133110211344,0.004234767356234562,0.002852226760222591,0.004291376785065014,0.004052277319350205,0.0024251740434075237,0.0016967533301507588,0.001902097472106236,0.003487637440878896,0.011759662171844976,0.0030185198642802627,0.008842930974769668,0.0014793183838924292,0.006379782636183903,0.0004471853723734903,0.0018253774825295083,0.0030911459955049424,6.815701621289312e-05,0.005806250788963424,0.004420064286497653,0.0011014222659454212,0.006572218852667953,0.005535766000878331,0.007164123884644405,0.007866380246825786,-0.0010846773182577396,0.00275937471248636,0.0012654789654452775,0.0036045560565887164,0.0050288234891235125,0.010369852803920224,0.004013500549225567,0.0024183228794760025
AVD,0.006611951272223214,0.0021142302578690208,0.007010685957445913,0.008987600988227644,0.004541412456637948,0.011547271359539455,0.007633787536293752,0.00045401536792790916,0.004649612626677466,0.016907878111128954,0.004316845778150989,0.0019858615161976708,0.003194700651332019,0.016891758609457252,0.012465578513019855,0.01546054312881319,0.012128823840844564,0.003941044924838122,0.008140572545439095,0.006205247482856372,0.004317079064826753,0.013734956514568178,0.005983039419184897,0.01176192468031453,0.009358837613479342,0.012505972718811452,-0.0041980846824866405,0.009493088688126454,0.007009880690033707,0.009768350743795314,0.00909112038894275,0.010303440611745849,-0.00039000048909701673,0.007702120998559125,0.004615565765049548,0.006618327889182604,0.007171019301720621,0.005112886391187399,0.01180828155270958,0.013989808671540293,0.015316828183541801,0.0025741610737530034,0.0178413071703064,0.016050027154158236,0.00891680219546393,-0.0043572280813039,0.012636376196759766,0.002987522499692967,0.008769576319320694,0.009512728753203685,0.00810397276260158,0.0028580949126059277,0.004592203422296967,-0.012326324718204683,0.008643455612806777,0.008063183346004874,0.005639893696702366,0.01149045003625105,0.005337664047375037,0.00557850019677553,0.006347441341379205,0.016840842662610635,0.005201168772107518,0.0004626181571130055,0.00851795722873658,0.004718193626363737,0.003539706981933666,0.005585346757045496,0.0052511656540667265,0.006223737322389794,0.007007067703172941,0.008665620967130153,0.005787964057966598,0.008194478934491637,0.006704754232215925,0.006873372536666613,0.041054748632458456,0.005901838434156045,0.010239780168451123,0.0020304343216794897,0.014744342725268481,0.0003588583684441254,0.006034869574698664,0.006647601921076288,0.0002079865989149228,0.006211852074774303,0.00954042600666228,0.0035923675637986154,0.008653920085139875,0.013663327942018398,0.013342360525272106,0.0196149816868185,-0.004065349269982205,0.005010448066639375,0.004526184789809448,0.007606330964306464,0.008338248136490265,0.01954924052806088,0.007894174714909077,0.010007200485688405
AWI,0.0044933240505515264,0.0013921021065433751,0.002929301886415389,0.01564258739945013,0.004650244338070186,0.007633787536293752,0.007207011410339435,-4.206628980111659e-05,0.0035280273567101076,0.01302211982172302,0.004148664715283478,0.0026151995561260327,0.0025897656752768023,0.014795132142156652,0.010816939695783064,0.021802756877766012,0.011025139484741197,0.004875415735556659,0.008797815555223668,0.006017367484661858,0.003442707519864057,0.007307326629036017,0.005439453789352131,0.009037329988069326,0.006957304483991994,0.008619237114963433,-0.004000955669658989,0.0055122284925383895,0.005064247618296354,0.00958023341042821,0.005581357630355989,0.007911094499541515,-0.0007689350009654075,0.006229309587706504,0.0037682000745118604,0.005857921812179153,0.005792993506417686,0.004810335564876734,0.009893624212166158,0.011006978991545013,0.009500537416346192,0.001289615804806053,0.01336872479108787,0.011120726656335175,0.006353836091287349,-0.0016203545275369647,0.009174921997271148,0.002792956860575216,0.005182394087890771,0.005021557547163799,0.008225015158496014,0.002395125350463739,0.0037976519144001177,-0.0029264064069906837,0.007135249036547034,0.006129384838630309,0.004192962931471183,0.0075926989791094985,0.004209589536669346,0.0031412119962196186,0.005765427436550689,0.01372850700419157,0.004033346591983853,-0.0005661491959478486,0.006352087690358598,0.00517233982628942,0.0009607024049866307,0.004670262311812877,0.005684690801364257,0.004945205793530102,0.0059143811707941425,0.005796899267382176,0.004265193306658966,0.004279366450329326,0.0018556114444400792,0.0053704199889347826,0.022528325497082075,0.004920888196358429,0.012460701400004947,0.0022103565140464613,0.011900813292839617,0.0006804729402209511,0.003475281852677661,0.004159793876788498,1.0174586748892367e-05,0.0068712794518504,0.007216776101195931,0.003192483451780745,0.008106288140551672,0.007219175557061761,0.010873496457633107,0.013874967233290184,-0.003425204415620204,0.005971610087786096,0.002457722113066823,0.005756291616806635,0.008039037001937107,0.01631451589933022,0.006378539552620593,0.005409508665154819
BCM,-0.0016616788452066139,0.0001154207663365481,-0.003451769962910814,0.005363884555492393,-0.0007859556361949319,0.00045401536792790916,-4.206628980111659e-05,0.006894610611512277,0.0007465007507164014,0.002300963438758601,0.00026616051993119205,0.004394618852963829,-0.0016121874068122392,0.006334353684552704,-0.0012257561797711152,0.008418561200452928,-0.00012198660801611503,0.0063915145667857816,0.0001110708210227112,0.002468484513461955,0.0007448706216500863,-0.0038057074588561134,0.0021566899014873126,0.0010329647924633323,6.61104934669937e-06,0.0027645144148142962,0.0011430215923648242,-0.005256483496372787,0.001434390796017462,0.002821383314126135,0.0010536933456937313,0.007822659935908274,0.0007098090309279666,0.0012762652791449285,0.0032823230818375126,0.0020476372092672447,-0.00026041924000038026,0.004163302446142993,-0.0005412135004682433,0.0034525656586166346,0.001560305862220035,0.011560043722343701,0.00024147176517699993,-0.0013245121529985799,0.001946126147170246,-0.0027525449854383785,0.005520339805080245,0.004764118703895318,-0.0013685280367451153,-0.0008578735254304508,0.013185602808712532,0.003356228166642065,0.000757368760373007,-0.024577220934842672,0.0029677594140541524,0.0016597784419009678,-0.0003601625218681219,0.0015321228358460633,0.0005493074939831003,-0.0008602040919948937,0.0054623385473565895,0.0032232865826687935,0.0014289693617046226,0.0029376564880488924,0.0020571731773721697,0.001263870390202516,-0.0003769274246338361,0.0005968138677357792,0.003091555385186537,0.0008929159488567893,0.0023749823660959278,0.001053533083102457,0.005460829691901661,0.003376160330230971,6.512568785841158e-05,0.00446051379463635,0.002518111872166618,0.0004549100677444962,0.0018354377950352912,0.000844988111018336,0.004021311715859149,0.001638964352204441,-0.000464462299679669,0.007989555350497226,0.00047597005780858207,0.0009588102439145451,0.002519876472245864,0.003867132478356036,-0.0015705480360400834,0.006778700098911475,0.0008550426362832415,0.0019612073782638018,0.0016342430525298202,0.010064153785272407,0.002946855481154649,0.0010840647475509914,0.0039638163273709205,0.008774800392055304,0.0020541962209147955,0.003523020219172133
BNOV,0.002462202036480309,0.0008825062627391675,0.0021314728822810296,0.005591085596924375,0.002056450298453458,0.004649612626677466,0.0035280273567101076,0.0007465007507164014,0.0020358912663325374,0.006927910948916953,0.002073889001997139,0.0016211074546425366,0.0011102299291480002,0.008314908834749996,0.0053334365121643764,0.009272129078106008,0.005378406790095653,0.002347883422044276,0.003929872814972093,0.0031368869893559095,0.001932362680603264,0.004478073757957171,0.002871259383206937,0.005047009932026027,0.0038248328786373515,0.005478683457559494,-0.0021693053754308594,0.003308944861307886,0.002963508390524306,0.0045568715455441035,0.0037385092707514574,0.00487644355538257,-0.00020028149624038715,0.0034659090212250266,0.002454748531087237,0.003133688867724211,0.003082325442240939,0.002586688973503314,0.005056758681892279,0.006104543710875716,0.005817605027596112,0.0020491848823225092,0.00738641182800144,0.006353117239151683,0.0038464668396461124,-0.0015668174011380345,0.005451993558580606,0.0016491958523663073,0.003287237979597394,0.0034097959553059686,0.004856787709168742,0.0014018652556948264,0.001805299104396409,-0.005132701544107866,0.003974110660910198,0.0035164136556906627,0.0022242019411056464,0.004733511927843834,0.0023989945752809026,0.0020258151993523626,0.003368575848735976,0.007472858526378714,0.0023124307157663623,0.00020501914469319593,0.0036075778067868403,0.002402843873192058,0.0010084715094050862,0.002475157073914566,0.0027436761952338335,0.0027784701057515073,0.0031713679135765204,0.003458502158883785,0.0028559818294457543,0.0033891151270812486,0.001904281840011901,0.003242812449242288,0.015720935522495254,0.002633354077109404,0.005416518868233346,0.0010653284617882393,0.006855472939156766,0.0003715238839431723,0.002288805650856564,0.003099366664445806,7.680493718685149e-05,0.002958173837969485,0.0042106044723996166,0.0020683112073874416,0.003642230627496954,0.005310688741444655,0.005794550629690111,0.008281235110713318,-0.0018466873621794634,0.003565318154409727,0.001931548112213081,0.0032742222379259045,0.00422453193176556,0.009215835947218674,0.0035644699566036225,0.0040993442215683466
BSRR,0.011676040501795115,0.001629780513154823,0.005704669515365094,0.05711623058999887,0.010510457920808696,0.016907878111128954,0.01302211982172302,0.002300963438758601,0.006927910948916953,0.04922781274026871,0.005746927598578356,-0.0010073032236469599,0.010694409037756585,0.021174911182889347,0.025359946201566026,0.049576144058520434,0.026590156785840424,0.026090665732024117,0.01978237551103382,0.011429349034261576,0.006613219869506606,0.02970644921850061,0.013174356713158,0.019818285273089587,0.018449306503152366,0.01167252690067763,0.009348603908045483,0.0024969243891672446,0.014164213846632176,0.03308047189118707,0.0076569428112205,0.028696852008024954,-0.0010349628767161788,0.011679023052667289,0.0009867802644131032,0.013094051554286262,0.010862480681901123,0.0180313276594263,0.022572232495590483,0.032603778260655095,0.03703654034031154,0.004749075567447515,0.032843014538888,0.025512494295370603,0.013714859071390547,-0.01319708070806606,0.03508682541147699,0.014946141866420147,0.009101978494466458,0.013475001089783202,0.030578682447565907,0.013792907639223802,0.020999474922479843,-0.06511035481225982,0.018213383771468524,0.01465893877401907,0.013356522337661308,0.016781360219831662,0.005282786832060512,0.007213869381791183,0.013476236204054628,0.03424545140305913,0.009984387443087491,0.003567805457489134,0.02084303773350017,0.012025141358153213,0.006712372064597602,0.01061122314321945,0.017359616935835598,0.008788896648505212,0.01870415961758168,0.01856977326062667,0.01338897922835955,0.008791491812223863,0.017289612504644548,0.01704270164345552,0.049059545724039234,0.00927952524879441,0.0265375363886899,0.0049103337613663105,0.018837540468901248,0.002585576098093886,0.006183178901559947,0.02391528742931886,0.001414663133760995,0.023351573253639454,0.017162497149813116,0.0025183379726868085,0.024311279391431337,0.03833622932830928,0.024998904944344112,0.026478460873921902,0.004422445741721243,0.011007902973792186,0.008361031837129254,0.013283188508584143,0.017514827240202552,0.042156253835600864,0.014971788669182508,0.011973470511678526
CAJ,0.0022693112502658506,0.0009044848569117532,0.0015779734398633444,0.006793190290094769,0.00244495823083462,0.004316845778150989,0.004148664715283478,0.00026616051993119205,0.002073889001997139,0.005746927598578356,0.0025425358026805946,0.0022206957817408226,0.0009272974074004407,0.009430275619102542,0.005729635299989386,0.01201688077159035,0.00583377614058311,0.0018213014875068886,0.004722363073417111,0.003579836159631496,0.0020278453433423675,0.0028874142023711017,0.0030212220937505625,0.005084574101452491,0.003621693065315734,0.0055887725452001685,-0.003535954471223351,0.0035576105357682745,0.002681026057605092,0.00444625085397317,0.0036010337741704417,0.004015399856422937,-0.0004071138723770965,0.0036828653005909354,0.0028729586479312548,0.0033285609937166397,0.003328855321573626,0.002311114247419761,0.00534421863844909,0.005657156637291686,0.004212862868715019,0.0013679776333067068,0.007174796393612792,0.006056841089387883,0.0036984908184785753,-0.0004088599779141016,0.004304911055160743,0.0011452420807223193,0.0030430545125993596,0.0026518627919485563,0.004350200343435183,0.0008681423324079346,0.001143999037245188,0.0010422278605120034,0.003929840991202684,0.0034195315626724403,0.0019817823428873557,0.004368492811698336,0.00267916693460541,0.0017187530233521786,0.0034522756710894664,0.007466984897900313,0.0022417694067898303,-0.0004516714033199247,0.0031263197223490575,0.0028222315792110152,0.0002339686716975451,0.0025833243970430223,0.0028904657982955356,0.002958060442843614,0.002960831229972351,0.00286878678922803,0.002421096194198214,0.0027490579633831745,0.0001580668558291249,0.0028570732226835495,0.013156744921837693,0.0028611425684517008,0.006866612783550858,0.0012449303808257921,0.00741674142474472,0.0003797797594013917,0.002070548330358117,0.0017204131078696523,-6.501488702173496e-05,0.0031167453321248005,0.004073289011609556,0.0023610214473307454,0.0038046345568022613,0.002847563337703158,0.005969106088020142,0.008203862509685125,-0.002719207126409511,0.004040638911472348,0.0013773523981100717,0.003219311158722507,0.004651452285484064,0.009068984136543529,0.003583213044189321,0.003343877261418933
CCEP,-0.0007352203231173255,0.0007957544919033357,-0.0019154067649006278,0.0021922819227173087,0.0005598004357016074,0.0019858615161976708,0.0026151995561260327,0.004394618852963829,0.0016211074546425366,-0.0010073032236469599,0.0022206957817408226,0.005903714909667773,-0.0019792003674118566,0.011607775124394376,0.0013408780067795747,0.011994171516819967,0.0020405361765464874,0.0017592493872110304,0.0023107288588262464,0.0038992009975369743,0.001653149387545003,-0.005276379466473634,0.002637504293218288,0.0029269479580775826,0.0007427992169994856,0.00604965641842264,-0.005300162632775765,-6.552039919470063e-05,0.001379317440618928,0.0011945521460071966,0.0032636080012242987,0.004498211275766484,0.00011098965750300493,0.003027825516209616,0.0054139907587751656,0.0029308358276691525,0.001739817276169829,0.002222096611239792,0.0018004530995754844,0.002832987033293402,-0.0013767612156883107,0.008280074093925992,0.0023442745850680456,0.0012309246372059577,0.002973905170662358,0.0004682674984195365,0.0020147841946910007,0.0017686296792210714,0.0006991517028706012,-0.00036909642286486754,0.008427219425026292,0.0006762446743277199,-0.002076724627930612,-0.0017155410366106166,0.0032365483747819855,0.0023471611582041333,-0.00045400206080075387,0.002787248206907499,0.0025391427070320023,-9.867307196949132e-05,0.005291648316088057,0.004588702943690279,0.0017075293082058631,0.0005940591592751065,0.001075571313686037,0.0021426440405877185,-0.0015320280664060388,0.0014943624881190067,0.002445175119616572,0.0024417993800872457,0.001614595747102875,0.00042602284680580725,0.00391749887929088,0.0034881469601548767,-0.0035795313515678056,0.0031198695156036856,0.006415988121720459,0.00198037280908082,0.005039658383547623,0.0012054025264157668,0.007938064144824331,0.0011133526808156887,0.0007707807578920995,0.002656122634413534,-5.239311517105677e-05,0.00023505938615126312,0.0032072873942763664,0.004944318441317565,-0.0009214676381475372,7.068675560634305e-05,0.0029725620865743833,0.005762271527898545,-0.0030027396186422172,0.009710309902917894,0.0018318455019205352,0.001985445513920997,0.005066508342969244,0.008750108415356719,0.0028048102726156623,0.003641559270968302
CCM,0.0029800404056602985,0.00017625185757902804,0.0019992964181186432,0.012235416664159785,0.0025136742507126295,0.003194700651332019,0.0025897656752768023,-0.0016121874068122392,0.0011102299291480002,0.010694409037756585,0.0009272974074004407,-0.0019792003674118566,0.003047533496716574,0.0016640978972020742,0.005772396292430066,0.008384415050423083,0.0057632779984907205,0.004477491917808663,0.004246365796707482,0.0015227881244125343,0.001053084318369702,0.007911770748570413,0.0021481270545988464,0.003699303718081775,0.003948103796109928,0.0009042458707355177,0.0027091974175131217,0.001376665867957059,0.0026020864319540467,0.0068350677538385396,0.000780732215889476,0.0041067867617563675,-0.0004348747315775428,0.001857762986868067,-0.0013307265002261352,0.0020921201655104606,0.002191313511275696,0.0029240470111343217,0.004896686889486508,0.006127536487151159,0.007942249364837877,-0.0026682758758286413,0.006813514593286174,0.005582701024998132,0.0021063397362370774,-0.0023100669501668783,0.006345498674251622,0.002161843553640851,0.00199656148994678,0.0029815173367909635,0.0030301631484942354,0.0023328239774741332,0.004920852481984857,-0.008810391030716902,0.0029726431623530595,0.002526852177647196,0.00310468737247803,0.002821181315993681,0.0006370554366410689,0.001663587150780649,0.0011258488379703516,0.006285166742391675,0.0016539535286541134,3.22972714837357e-05,0.004036572981028674,0.0022243561818500067,0.0016458931018506746,0.0020256011883260693,0.003021400633388429,0.0013746511822965613,0.003482960381655913,0.0037642544567226227,0.0012334126133813936,0.0004864742412799708,0.00410996689461304,0.0024054489528772603,0.008347448110590908,0.0016718767745085318,0.005161538228515691,0.0007897400117739188,0.002094821139926405,0.00011140952552222169,0.0012047341154747654,0.003233673248969616,0.0002173948345226447,0.005195729296000371,0.0027642768811392392,-0.0009963853528690192,0.006024755526030524,0.006876853024484025,0.004944144874511581,0.004379423663278818,0.0011674439868550677,-0.0009419657991690516,0.000869341140163377,0.0023913802254823084,0.0024283673858383685,0.006313144988028848,0.0024816371678109787,0.001111499966362769
CNSP,0.007221460759316044,0.003665996808143916,0.004476357519699907,0.0226882926151372,0.007767572981990674,0.016891758609457252,0.014795132142156652,0.006334353684552704,0.008314908834749996,0.021174911182889347,0.009430275619102542,0.011607775124394376,0.0016640978972020742,0.03969207467631384,0.01937573980448211,0.04549878535031433,0.02030706897850634,0.009391655130785652,0.01612125490650867,0.014609704223679024,0.008066222489109352,0.008201854950950386,0.012262658689729047,0.019539424019741482,0.0131991450122481,0.023878658929935424,-0.013293790632257269,0.010779093608776973,0.01089915270022204,0.016458909780246913,0.015213513307375923,0.01990206066881208,-0.0007602452451148128,0.014570775901182213,0.01364548382122312,0.013432483424805831,0.012075321394356691,0.010648594464637404,0.01877062322660426,0.02266779139741156,0.016528229246611723,0.0142138841240738,0.026501715619966608,0.02182596105069806,0.015418878761489962,-0.003717311549469619,0.01914565282061827,0.006904329043886635,0.01115597445318788,0.010086860967632364,0.02415453571656901,0.00496926565318255,0.0035761441126022533,-0.013622437098406992,0.016309211647351603,0.013820353439686114,0.006739328331416414,0.01792125795533324,0.010582035125578013,0.006234463658479241,0.01643017633759216,0.029253701004600036,0.009253940482809473,0.0006848440464338565,0.012625708310678569,0.010516955473526674,0.0010909180150881848,0.009754220694955053,0.011773000714869445,0.011685645221631924,0.011986997899719362,0.011336224301730875,0.012911990272799958,0.013854903289324396,0.001216222551080787,0.01349469825869104,0.05516819445143373,0.010825369389970491,0.024403596021825145,0.004899674390931181,0.030779819751160384,0.0023677608124394152,0.007998221255260967,0.011769926376119417,8.859531940943407e-05,0.010425653989747935,0.01691218876944005,0.011863691317306628,0.011480317761197751,0.015536146634903849,0.02223767490012952,0.03271762416148707,-0.00961821828512072,0.021780477617848088,0.00764112237080997,0.012694711228494674,0.019378876771312326,0.03901375825462248,0.014552397031130688,0.016237439578109403
CRVL,0.008221474647592007,0.0019225543592560996,0.005834702596581516,0.028001527951214997,0.007628828099101104,0.012465578513019855,0.010816939695783064,-0.0012257561797711152,0.0053334365121643764,0.025359946201566026,0.005729635299989386,0.0013408780067795747,0.005772396292430066,0.01937573980448211,0.0180255642711673,0.03203382038526298,0.018189507919011767,0.009597138042088898,0.013943499984011374,0.008496331946951688,0.005139937150526647,0.01653219368621872,0.008414239948100019,0.014361274648124221,0.012048774250803614,0.011679500770804293,-0.0023752335774895796,0.008285031662065206,0.008597342907262438,0.017315141174426354,0.007891755993426348,0.01346414909613543,-0.0012034469649078107,0.009238331544346482,0.0034994086657920013,0.00889463690514937,0.008966603803984362,0.008344033114372255,0.01623712605523802,0.01888432619073967,0.019143043883355863,-0.00034254102670163225,0.022460747413505025,0.018791418987662352,0.009805111969375464,-0.004449390042260553,0.01703906818273738,0.005297492832369317,0.00844269025720671,0.009276743209837925,0.012565623712631886,0.004996122636854298,0.00890278810050646,-0.013232361027739536,0.011313860741488478,0.009789828753578688,0.007883881555431219,0.012111467601804855,0.005723137452970547,0.005556497824118236,0.007983138366948467,0.022247014172241734,0.006422751462565023,-0.0004008296827450492,0.011411664643015358,0.007973178027978865,0.003005506151351164,0.007435369080792975,0.009308959386149765,0.00726374875022277,0.010233470556999923,0.010624021785717336,0.006473002128229191,0.0062187339453633785,0.006606019825699406,0.008769984307977626,0.03709451836782958,0.007432360059134346,0.018815715308463696,0.0032761635207989555,0.016423275109691986,0.0008749557810050926,0.00558110617814407,0.008304662900060293,0.00024482648830117344,0.01251353985658037,0.011362940649510432,0.0030443857832313857,0.014850170739071588,0.015742554746712236,0.01755798590247349,0.021200045622508105,-0.0031031061669347954,0.006251810180969892,0.004072229154251062,0.00920637611996198,0.011714580480065311,0.025450819579964205,0.009978833814161899,0.008215883477052693
CTRE,0.008374577840467575,0.0019030456813614888,-0.006673128403337956,0.09497266778064066,0.015620677061837542,0.01546054312881319,0.021802756877766012,0.008418561200452928,0.009272129078106008,0.049576144058520434,0.01201688077159035,0.011994171516819967,0.008384415050423083,0.04549878535031433,0.03203382038526298,0.10560670039379068,0.03622222373988903,0.03735699616445929,0.03279264367214434,0.02214509807717062,0.00962517847473381,0.010302461656946326,0.020641836699726045,0.024434606983402146,0.01898482429296734,0.017052405934574976,-0.00021740857776006485,-0.005361578640910071,0.015467558806676043,0.043757509278498675,0.0072590721379477635,0.03716830407072412,-0.002485877220739129,0.01746732578138152,0.009894192983743758,0.020672028061724353,0.014436106145610628,0.025651631607709377,0.028411268214335244,0.0388836747229893,0.027918833433232045,0.01613423901155215,0.035511068666199117,0.022923640027134103,0.016626684478878266,-0.007071911993449239,0.03785205059315681,0.020599563661135984,0.0041526189303181344,0.004579574574641256,0.05306631265821943,0.016515372459980266,0.01982387472795174,-0.05020027253375401,0.025492024124281313,0.018280669146355722,0.012427964325713454,0.016670681646415313,0.009352580736761951,0.002788366875258423,0.025464276155597022,0.04484822942745937,0.012971030998270636,0.001702408043336495,0.02250330200875856,0.02121007342553199,-0.0018261512661353378,0.014400480182277358,0.027870665611517194,0.01308556402658335,0.02380315717441654,0.016591355591717833,0.01954734334237048,0.006980522658549938,0.0006132148870370593,0.02297991342705096,0.025892923882755135,0.01369092681712119,0.051382657611870795,0.009251420484632792,0.0330068730352173,0.006023746964509575,0.002938444121688443,0.026338118089818063,0.0009287230381094467,0.03218253449570492,0.02202035317270759,0.011740777425010191,0.02863907992725461,0.028649705631969592,0.03205576793406634,0.03083882345888785,-0.0002776922417692232,0.034544174194344864,0.00790668160051185,0.016172528963590727,0.031702535516708076,0.061699108443801574,0.02071554270315704,0.009497157118281214
DISH,0.007833398330388751,0.0017981204175386359,0.00450552326054884,0.032355655701746394,0.007823920534642198,0.012128823840844564,0.011025139484741197,-0.00012198660801611503,0.005378406790095653,0.026590156785840424,0.00583377614058311,0.0020405361765464874,0.0057632779984907205,0.02030706897850634,0.018189507919011767,0.03622222373988903,0.018701687603306674,0.011834949691976324,0.014666579576524785,0.009136160016540445,0.005229316603321719,0.015541265200464536,0.009026204283943228,0.014463095390679774,0.0120776072434162,0.011442563572239545,-0.0015628285238908086,0.00644021811028739,0.008837293499507003,0.018860056111570815,0.007400734837686911,0.015182393252714622,-0.0011916579212232143,0.009400065823945035,0.0037332628243678537,0.009420101044968036,0.008882436049504012,0.009579490356326133,0.016360276398009844,0.019823378924709114,0.019401192910319817,0.001393330565716765,0.022465865607013427,0.01819554822357251,0.009917074852186835,-0.004814397457852932,0.01838827735549875,0.006592381576010196,0.007626352207850234,0.008544893576393835,0.015786040560590284,0.005967130173205085,0.009655021894381999,-0.0179252408498286,0.012002356178566166,0.01004938795373906,0.00794495040998954,0.011947479003619152,0.005633016985417605,0.005074990673236536,0.009119028181865623,0.023087939416430812,0.0066867364599809955,2.50444281479148e-05,0.011956445933705487,0.008624327431421911,0.002632661781440525,0.007626022695370292,0.010472797375798138,0.007326143230430973,0.010990651681343114,0.010767129339430258,0.007451769474892463,0.006112918993368211,0.006240654732772415,0.009715691096408668,0.034680370284711326,0.007514698990457754,0.02033267527961566,0.0035898376558584117,0.01682149913525763,0.001302263393008165,0.0050754989835038586,0.009957473678484208,0.00034100500603972115,0.013612173155454863,0.01174454705523235,0.0035656505936342247,0.015265390520226246,0.016847575610692573,0.01785310744175435,0.020885759322269184,-0.0023594705847907577,0.008354556861209814,0.004365311108289277,0.009344076301301157,0.012768142722665257,0.027416451508091612,0.010400497014956817,0.008080769468717013
DMO,0.0023401773090527206,-0.00034031227795471903,-0.004723430016720058,0.04458646551322386,0.0045617548173987185,0.003941044924838122,0.004875415735556659,0.0063915145667857816,0.002347883422044276,0.026090665732024117,0.0018213014875068886,0.0017592493872110304,0.004477491917808663,0.009391655130785652,0.009597138042088898,0.03735699616445929,0.011834949691976324,0.022314244302925158,0.010274809791371535,0.006569594238375868,0.002442952968021417,0.007527912968204601,0.0075613982069556865,0.007046374087362319,0.006843291444308371,0.0012743568541621817,0.010348382891510218,-0.009866301188946765,0.006385151557932864,0.020743605228388372,-0.0007797385329550795,0.019790306987632324,-0.00020225657076012286,0.004277197695304483,4.735967306833877e-05,0.006929033244453895,0.002872312462216773,0.01331308970899106,0.008298456698166406,0.016880337004239635,0.016412526257754325,0.010065293820594647,0.011555837580034502,0.0057576172226619215,0.004987110065032384,-0.007801111247431942,0.02081949993322096,0.012795694807848921,-0.0014005803234179073,0.001293456558871343,0.027895111404355303,0.010807503419764764,0.012965456267988583,-0.05442740931860787,0.009815952357598183,0.006309031476555834,0.0055023664353392515,0.00470656739435745,0.0005748386612473797,8.529749647770814e-05,0.01005508692974218,0.016174521642285413,0.004774853908319136,0.004035972778038313,0.0107878303498751,0.0073173027169169975,0.0012025158552033848,0.004518061797945957,0.012320492192984932,0.00282442412916993,0.010915257268051714,0.00788095353121337,0.009810345411998947,0.002127046436788421,0.006268853301076063,0.011125198725164402,0.004037713041188598,0.0032048310835191083,0.016184534374430355,0.0031732414270571737,0.00676982203441002,0.003115755158412106,-0.0007106455560157265,0.018479895133969578,0.0011771990996368336,0.014689563390359959,0.007732561677825905,0.002465280389899463,0.011395042361741069,0.02196090555288873,0.00994941424250152,0.006429321035626624,0.007241377758179133,0.013337594014717728,0.004636055216060484,0.005169657102692412,0.010886694265334352,0.0245708009181386,0.007164237972607283,0.0031561800415372695
