,AAIC,ABG,ACOR,ARKR,AVLR,AXLA,AXTI,BKSC,BLRX,CHH,CMSD,CPTAL,CRSP,CVBF,EFT,ELVT,EVGBC,FCG,FEN,FL,FM,GCC,GCV,GER,HEWG,HTLD,LAZR,LBTYA,LOTZ,MILN,MKD,MTA,NAIL,OBLG,PPD,PRIM,SCOR,SIEB,SOHOB,SOHU,VRRM,WVE,BDCZ,BR,FTGC,HGLB,PCK,BNGO,PAM,PESI
AAIC,0.0007885151021854477,0.00018072556384774447,-0.0018084833351565057,0.000221263074060302,-0.00039481622658865906,-0.0017494585682053692,-9.301910098560994e-05,0.000553132088511106,-0.00037887125679154416,1.902167444578355e-05,0.00029408848101913,0.00013949162185052766,-0.0009148327712952969,0.0002965083714072244,0.00039327578530712153,-0.0006785855386217563,1.7072044594426894e-05,-0.0004868986680868904,0.00028986934078059206,-0.0012434866301130184,0.00018332176714239148,0.00029153635939262233,0.0007304641743489648,-0.000268167791546999,0.00014597564678018077,2.480984778588922e-05,-2.1744557412468017e-05,0.00010628917506824192,1.0334842895722511e-05,1.344679941988384e-05,0.00017342355447251312,0.0023741290751105176,0.0011716918620048073,0.006070495132796792,0.0004931793878808369,0.00040607036878124796,-0.001799810953810983,1.989570170128646e-05,0.00033822305500481615,-0.0005005920974664131,-9.071835371537133e-05,6.915876856949103e-05,0.00047773552633250386,0.00011731650265232058,0.00032906046258174325,0.00044518250227441934,0.00019940381006803732,-0.0012518436350871503,0.00014247465918656578,0.0007261416735350417
ABG,0.00018072556384774447,0.00014668985980837644,-0.0004587387239829136,-4.4729633833023744e-05,-0.00032556886833281113,0.0002144380914685911,-7.70532377687282e-05,8.763585378639314e-05,4.268246627409053e-05,6.323575808660925e-05,9.668954331205749e-05,7.954901957603358e-06,-0.0003381474697819799,6.605139614168916e-05,9.631083929503872e-05,-8.345771864506702e-05,-9.164848175796777e-06,5.946561538528126e-05,0.00014657814051087279,-0.000328688542622544,-1.6479367848132145e-05,8.853620704538898e-05,0.00018591675551138804,5.4187792287353896e-05,7.907914120458396e-07,9.870783410654317e-05,-3.042696715491251e-06,-1.3697169466356781e-05,-1.0185281688109956e-05,2.7001521781344302e-05,-0.00031693562081510946,0.0008962399168812396,0.0007166026817557569,0.0013793649041485485,7.145980189520248e-06,0.0003423833481274219,-0.00020722469039727217,-0.00017910640980901038,6.154229515683784e-06,-7.510875304363895e-05,3.792165187273619e-05,-8.106766836323394e-05,6.890130173342276e-05,-6.589008057282031e-05,0.0001209248416456616,0.00011225289968159064,6.151147525754343e-05,-5.127501618699677e-05,0.00031508604254552956,0.00031354255723331693
ACOR,-0.0018084833351565057,-0.0004587387239829136,0.00652436199079182,-0.00032356566098996014,0.0018056261087496654,0.004440540893106706,0.0019751201624398406,-2.2537279435278618e-05,0.00193796278587085,0.00022584489814668398,0.00018433757111642024,0.0012129348969428693,0.00363215191631479,-0.001034860717903439,-6.472390969993364e-05,0.0015044602853983768,0.001461147067503619,0.002026272217547899,-0.0004842648251161181,0.005675696789606285,0.0004784260419283411,0.00034194965441958154,-0.0016065498252717833,5.141383400597308e-05,0.0005391436574063075,0.0010220204383519535,0.0015864259842859679,0.00034632513795970863,0.0014767173138452668,0.0004373083063428524,-0.0012545581730687406,-0.00631422814193888,-0.004474229970360464,-0.005779150363877349,0.0010134881060923444,-0.0005759807311561879,0.005051911404095989,0.0007361108028883591,0.0004095349286911052,0.00209227278860559,0.001509703782865022,0.002856485535801672,-0.0009073595653480446,8.954040477066211e-05,0.00020098477510153122,-5.859896115211291e-05,0.0011672895075596084,-0.0022993017396042304,-0.0016280696679953682,-0.0010079095212112334
ARKR,0.000221263074060302,-4.4729633833023744e-05,-0.00032356566098996014,0.0007860832308863143,-5.67716612675864e-05,-0.0008441480934860098,-1.529310995684609e-05,0.0009091191756701073,0.0006455884908492649,0.0004270808347296538,0.0004917118661349223,0.0005786944628774748,-0.000556910364654281,0.00047490453576313265,0.0005509150279521993,-0.0003400751403557092,0.00046054832020574145,-0.0006700980202699349,-0.00011563100734844602,-0.00048544667919956665,0.0006606972511160166,0.00045752525845531154,0.00044856043405224497,-0.00016312452964028872,0.00025532516796824124,0.00041294535158459576,0.00044384615664670696,0.00039789082553254383,0.0003949688605320491,-4.443700494526439e-06,0.00011042513159190739,-0.00012524862829689333,0.0001500701254263517,0.0028834055116428218,0.0007569030802127177,0.00029119252114021346,-0.0018097817706516273,0.00010528145623938252,0.000665502837004085,-0.0003963177394235605,-3.035814611062199e-05,-0.0007467512202950997,0.0005007564360268024,0.0003218968253135868,0.00047521059620120256,0.0005666442421112188,0.0005672173035876798,-0.0015246202476797215,-0.00014954324264904599,-0.001103310977758447
AVLR,-0.00039481622658865906,-0.00032556886833281113,0.0018056261087496654,-5.67716612675864e-05,0.0010637682412972301,-0.00031882656149242387,0.0008099985099747399,1.545662802385431e-05,1.732108957606924e-05,-0.00019226604998613474,-4.318540514203524e-05,0.0003607018693976941,0.001415603286601429,-0.00040123995157016285,-5.594535287132535e-05,0.00019894043117726912,0.00041194430682209337,0.0003402939119196114,-0.00020585330334358713,0.0017883961335651277,0.00016958151156108784,4.1825940406978336e-05,-0.00046562296791510577,-0.0003150253077701462,0.0002484227383958157,2.0130584973408416e-05,0.0004105814641843284,0.0001281033144649735,0.0004351827755953245,0.00010755123943723553,0.0004338226698412886,-0.0020784140972696843,-0.002238027645957632,-0.00046959180843487514,0.0005727233220159257,-0.0007278417579830679,0.0011765142635892323,0.0006759432923698284,0.0002385620614359555,0.0005808126525994024,0.0003758001982421991,0.0015351354962501963,-0.00019602821218431341,0.00019573932103434614,-5.575374849887797e-05,-4.6891484031953674e-05,0.000278243662452139,-0.0014076732492694418,-0.0011498090494597112,-4.485365683070243e-05
AXLA,-0.0017494585682053692,0.0002144380914685911,0.004440540893106706,-0.0008441480934860098,-0.00031882656149242387,0.007721422391906615,0.0003490831940469439,-0.0009312512782000395,0.0021324028676190025,0.0005061050299046573,-0.0001284599191671347,0.00010366946918002716,0.0015783768755431036,-0.0006659425997822865,-0.0004895601200026739,0.0018991119503499365,0.00041238747186180067,0.0022526360282930447,-0.00014780256013757688,0.0032306031965477454,-0.0003638094529198069,-0.00013656591666951168,-0.0014240007601792563,0.0011336233884359146,-0.00023004888342635185,0.0009237283729194674,0.0006000567491544346,-0.00021377802431496315,0.00041411554655337987,0.00024520881636223515,-0.002815046271372596,-0.0035299733540088123,-0.0003616218927913955,-0.010993886237678129,-0.0009994397370642132,0.0007877795853888263,0.005181840811017892,-0.0009411224533921425,-0.0007183660727717587,0.001549986942863911,0.0009223671527607007,-0.00012198943872854283,-0.0011646277739927639,-0.0006615807928759943,-8.567949046629243e-05,-0.0005448774304537161,0.00023547591749745954,0.002509560296257045,0.001026518009315548,-0.0008569186889465281
AXTI,-9.301910098560994e-05,-7.70532377687282e-05,0.0019751201624398406,-1.529310995684609e-05,0.0008099985099747399,0.0003490831940469439,0.0013558297445096191,0.0007128454665401995,0.0006187193974405941,7.751038333164612e-05,0.0005033436875094232,0.0010203928012538432,0.0013845224393630913,-0.00039156073164504695,0.00047795829590251983,4.520199134810143e-05,0.0010251569984442938,0.0007920041728068904,0.00011316217400485066,0.0023184996829310567,0.0005373258088786678,0.0006286375674054445,-9.878775542644308e-05,-0.0004205113675023793,0.0006035853875700105,0.0006742017366217694,0.0010519555428356293,0.0003616552744225932,0.0010405821632183216,0.00034193115281391974,-0.0005273688435445669,-0.0008988486307967223,-0.0016293316386601648,0.005134335312518352,0.0014547129719085473,7.23393613699618e-05,0.0011220099991623358,0.0006397635028157536,0.0007486448674310392,0.0008109669359057047,0.0009649584727462092,0.0024759656408658817,1.7358459118752015e-05,0.00022794480745745853,0.0005712179073800576,0.0005639025345311508,0.001071951973002647,-0.0035651055489258144,-0.0010703352582005932,0.0006490094021030249
BKSC,0.000553132088511106,8.763585378639314e-05,-2.2537279435278618e-05,0.0009091191756701073,1.545662802385431e-05,-0.0009312512782000395,0.0007128454665401995,0.0017023202555829105,0.0010915212773344658,0.0006127801387683069,0.0010412832973589624,0.0013357565169647041,-0.00034101518657609107,0.0004445699536784753,0.0011157528499763413,-0.0005990258399490957,0.0011573676270280589,-0.00034185015015229586,0.00014466803863529405,0.0002515635102777686,0.0011209711033149756,0.0010692369432271968,0.0008071422483128142,-0.00045017437283225846,0.0006985224393599109,0.0009978823183956521,0.001152083825259067,0.0006936466572351169,0.001087906080910389,0.00023385296006294063,-0.0004756364998610448,0.0007201710739436169,0.00015430178619042794,0.009195579710512353,0.0018841858012210813,0.0008161285718030068,-0.0020199293480726863,0.00033729657635645714,0.0013118939986726567,-0.00014989217723077158,0.0005728679792747104,0.000575945649822621,0.0007664776575877387,0.00047318099829706114,0.0010954971023168815,0.0012138496944371054,0.0014207883754474432,-0.004276097546613712,-0.0004798623200883615,-0.00041629766114894455
BLRX,-0.00037887125679154416,4.268246627409053e-05,0.00193796278587085,0.0006455884908492649,1.732108957606924e-05,0.0021324028676190025,0.0006187193974405941,0.0010915212773344658,0.0018967335722983797,0.0007858296380085865,0.0007971497968976194,0.0011701944250069576,0.00034089499877753616,0.0002101217675984578,0.000721846746681446,0.0002987126989152212,0.001137219373352208,0.00035381295562579313,-0.00011358884300497079,0.001438069887367145,0.0008970896139727661,0.000796936915415896,3.3949762578274754e-05,8.739825115982013e-05,0.00046802000912050007,0.0011729231544363226,0.0012012663580079235,0.0005559220476559132,0.0010607143809610276,0.00023081691055404748,-0.0012568815825946926,-0.0015965895707478715,-0.00035937525699720433,0.0018031091439318573,0.00113576551373735,0.0008088242445491157,9.534326562699739e-05,-3.9705690929480865e-05,0.0008547605871243036,0.0003922842312972854,0.0007062814989925883,-5.4252635248712447e-05,0.00020902565113930407,0.00021787746155550194,0.0008268566556527276,0.0007586307167731389,0.0012436328217242084,-0.0023533270700786895,-0.00010777805264301635,-0.00137608207671176
CHH,1.902167444578355e-05,6.323575808660925e-05,0.00022584489814668398,0.0004270808347296538,-0.00019226604998613474,0.0005061050299046573,7.751038333164612e-05,0.0006127801387683069,0.0007858296380085865,0.0004025587829835572,0.0004104060426384144,0.0004889310729522415,-0.00027789972565405135,0.00026107107193758624,0.00040493015494649857,-3.9110535843482965e-05,0.0004361238325008244,-0.00011228918425762069,-2.1351583914228377e-05,4.312379186107445e-05,0.00044650343068375196,0.0003887317465501364,0.00022345432606486328,2.9140169665922773e-05,0.00018878268927192314,0.0004991046771530465,0.00045268794864222354,0.0002700150274063315,0.00039031243852286307,6.19584506265816e-05,-0.00046653171030137117,-0.00014719225709031132,0.0003157368577294484,0.0016444981247608545,0.0005015455100782808,0.0004795125645613125,-0.0006607997759838966,-9.417288205086746e-05,0.0004290412709942292,-7.256374411372347e-05,0.0001724692252318252,-0.0004343623251204243,0.00024249407093945155,0.00012561724062475535,0.0004202177073155236,0.0004221623989689565,0.000527062540159868,-0.00100417094083743,0.00011467798012975827,-0.0006958497496459239
CMSD,0.00029408848101913,9.668954331205749e-05,0.00018433757111642024,0.0004917118661349223,-4.318540514203524e-05,-0.0001284599191671347,0.0005033436875094232,0.0010412832973589624,0.0007971497968976194,0.0004104060426384144,0.0006725301934807744,0.0008665271291673364,-0.00013868350440351143,0.00022920722088329087,0.0006990354216181331,-0.0002915317518247209,0.0007696580429321771,-3.811418573469524e-05,0.00012595156972349447,0.00034920417643808386,0.0006811670429734948,0.0006943046621438785,0.000461478423003555,-0.0002286723623022627,0.0004436697126079466,0.0007050913681679202,0.0007782556271256945,0.0004228508549249271,0.0007289320848548127,0.00017879011932033786,-0.0005283352226440387,0.0004563807707626572,0.0001688340522898351,0.0056770310870131535,0.001170411959497448,0.0006191617352774769,-0.0009591867882750081,0.00014980463484673648,0.000798106491215717,9.787277477082062e-06,0.0004526936114331504,0.0004675664452740111,0.00042457832033244346,0.00024883884336461033,0.0007174749809473743,0.0007646253514840201,0.0009407686554085751,-0.002670804007801727,-0.00022081232423332614,-0.00016347937296373917
CPTAL,0.00013949162185052766,7.954901957603358e-06,0.0012129348969428693,0.0005786944628774748,0.0003607018693976941,0.00010366946918002716,0.0010203928012538432,0.0013357565169647041,0.0011701944250069576,0.0004889310729522415,0.0008665271291673364,0.0013007461888116247,0.00048061238869964934,0.00010146229979676497,0.0008774716302994618,-0.00020653617355278348,0.0012097566105475194,0.0002124714229801092,7.850353278593698e-05,0.0013670279469055122,0.0009502920657173971,0.0009303706853632735,0.0003472591804944361,-0.0003737286519634514,0.0006782116371842505,0.0009904930982989548,0.0012304730836148648,0.0006000240756694787,0.0011659254389646515,0.00029513794414392586,-0.0006734089877254613,-0.0004154678081994387,-0.0007076712774395217,0.006787308968813274,0.0017342402521634901,0.0005657124503992905,-0.0005104781476751219,0.00042621964814348315,0.0011164855038661243,0.0003346500336946487,0.0008050887013159577,0.001255389182997913,0.0004202941628168198,0.0003736138047945395,0.0009238462586526985,0.0009657028791322315,0.0013731417399287119,-0.0039899338846083945,-0.0007092376649428182,-0.0002634626389248882
CRSP,-0.0009148327712952969,-0.0003381474697819799,0.00363215191631479,-0.000556910364654281,0.001415603286601429,0.0015783768755431036,0.0013845224393630913,-0.00034101518657609107,0.00034089499877753616,-0.00027789972565405135,-0.00013868350440351143,0.00048061238869964934,0.002555826537625356,-0.0008968130423269264,-0.0002551269237229121,0.0007526956297355896,0.0006499365310825519,0.0013254914211614905,-0.00018887405772732526,0.0035367431110720966,1.9435877473502515e-06,6.5960517488966065e-06,-0.0010281689116267876,-0.00019229317661154696,0.00030375016801450404,0.0002190231006221308,0.0006991551072051538,4.273877340836327e-05,0.0007083145238523229,0.00026800234807816095,-0.0002363004898027406,-0.0032914662131014,-0.003171639438130073,-0.0024626309701906183,0.0005571249981044882,-0.0007891470033765996,0.0034233437187346726,0.0007318063419481053,6.868253111810723e-05,0.0013600459064007327,0.0008922999028636344,0.0027397915623302246,-0.0006548039502484008,2.825856336240875e-05,-0.00011952424841244876,-0.00023831016992919302,0.0004296312991369922,-0.0014937992563784626,-0.0013640523436047876,0.00041124587184442367
CVBF,0.0002965083714072244,6.605139614168916e-05,-0.001034860717903439,0.00047490453576313265,-0.00040123995157016285,-0.0006659425997822865,-0.00039156073164504695,0.0004445699536784753,0.0002101217675984578,0.00026107107193758624,0.00022920722088329087,0.00010146229979676497,-0.0008968130423269264,0.00043471188768374254,0.00027971130152642756,-0.00030756324038851244,1.2190567960013046e-05,-0.000621151172820944,-1.4712902693718552e-05,-0.0011172329121992284,0.000267433000289849,0.00017363501420217454,0.00043021798857977315,6.423778413972741e-06,1.2371410408078077e-05,0.00011544508508625185,-5.684764330188237e-06,0.00014956007278879677,-3.180867589105411e-05,-7.777142341525044e-05,9.23876369580966e-05,0.0007147228742107869,0.0008863820428486678,0.0014960433186597144,0.0001289170546399439,0.0003244798015327217,-0.0016056673982466306,-0.0001673368151640655,0.00023936571448627893,-0.0005162271011705868,-0.00025651739435268283,-0.0010987920163626512,0.00036372027699728643,0.00011896895847005491,0.00021468760514589685,0.00027811956664449956,0.00010769315700447161,-0.0001360552641063682,0.00031760779677865285,-0.0006353401017550703
EFT,0.00039327578530712153,9.631083929503872e-05,-6.472390969993364e-05,0.0005509150279521993,-5.594535287132535e-05,-0.0004895601200026739,0.00047795829590251983,0.0011157528499763413,0.000721846746681446,0.00040493015494649857,0.0006990354216181331,0.0008774716302994618,-0.0002551269237229121,0.00027971130152642756,0.0007437484763952961,-0.0003940550590580072,0.0007617581191844409,-0.0001585304621703203,0.0001392835664294326,0.0001583499080587655,0.0007153278532592167,0.0007192110155879996,0.0005532985980747156,-0.00028001501490735394,0.00046038381939632745,0.0006812297481192556,0.000761712920968329,0.00044281169523864415,0.0007188257024410839,0.0001685775604911471,-0.0004187765005206481,0.0006788914946448235,0.000245429698051772,0.006348472185334382,0.0012355649923070906,0.0006167534417544391,-0.0012671955347427985,0.0001811321472111655,0.0008495275434443246,-8.008949024846876e-05,0.0004101555960445305,0.00043778500825268266,0.0004975746030397906,0.0002833589665273301,0.0007430911742299233,0.0008132392812906705,0.000949089709246067,-0.002825472352256565,-0.00024649082776348496,-0.0001378479469624764
ELVT,-0.0006785855386217563,-8.345771864506702e-05,0.0015044602853983768,-0.0003400751403557092,0.00019894043117726912,0.0018991119503499365,4.520199134810143e-05,-0.0005990258399490957,0.0002987126989152212,-3.9110535843482965e-05,-0.0002915317518247209,-0.00020653617355278348,0.0007526956297355896,-0.00030756324038851244,-0.0003940550590580072,0.0006444809423684045,-8.391052951626418e-05,0.0005849951813178131,-0.00017841663864917535,0.00106034735749026,-0.0002722158797486204,-0.00028935808221047007,-0.0006504200798349853,0.00030829411116076297,-0.00017333638782510467,-2.363722487140789e-05,-4.130078949810375e-05,-0.0001622013788877396,-6.940924091522379e-05,2.494050406001442e-06,-0.00035779198214085984,-0.001738937967375668,-0.0007298363606884115,-0.005395785254713056,-0.0005682370078710713,-0.00023251722493804742,0.0018359927369205153,-0.00013483244425478423,-0.0004080015027846893,0.00048589604899038313,0.00011041322602211315,-1.6439324303194904e-05,-0.0004826673791074427,-0.000191882287270642,-0.00030910605947359046,-0.00043673475683104156,-0.0002319824575524345,0.0013709923482889698,6.328720945280534e-05,-0.0003700432608229003
EVGBC,1.7072044594426894e-05,-9.164848175796777e-06,0.001461147067503619,0.00046054832020574145,0.00041194430682209337,0.00041238747186180067,0.0010251569984442938,0.0011573676270280589,0.001137219373352208,0.0004361238325008244,0.0007696580429321771,0.0012097566105475194,0.0006499365310825519,1.2190567960013046e-05,0.0007617581191844409,-8.391052951626418e-05,0.0011475263509800628,0.00034450683694617405,5.5057252984475584e-05,0.0015621320235862468,0.0008476525596629029,0.000837019513042044,0.0002055141852946261,-0.00031952439276840315,0.0006267664307235374,0.0009345880102947847,0.0011747268272391262,0.0005384869212214665,0.0011120506719649935,0.0002916660782578325,-0.0007024714875399601,-0.0006897604929603434,-0.0008613737860669683,0.005669846382655748,0.0015764839071888124,0.00048004336252208753,-8.621559308736435e-05,0.00040829390068982606,0.0009928722394241586,0.0004370640555188483,0.0008132816657520013,0.0013181692342335307,0.00030320304418357655,0.00032068947171425715,0.0008240620062368636,0.0008411799505492476,0.0012755641007626878,-0.0036362856118038805,-0.0007039031541215561,-0.0002296717260125265
FCG,-0.0004868986680868904,5.946561538528126e-05,0.002026272217547899,-0.0006700980202699349,0.0003402939119196114,0.0022526360282930447,0.0007920041728068904,-0.00034185015015229586,0.00035381295562579313,-0.00011228918425762069,-3.811418573469524e-05,0.0002124714229801092,0.0013254914211614905,-0.000621151172820944,-0.0001585304621703203,0.0005849951813178131,0.00034450683694617405,0.001292599500154953,0.00013616741476649545,0.002106534700933471,-0.00019489690644633613,4.7434624245720254e-05,-0.000567354312723188,0.00010542303401969269,0.00012261258764550102,0.0003069353284108971,0.00040696483914179246,-9.66205629679005e-05,0.00039373650843638284,0.00024054467523746228,-0.0009661424389571138,-0.0008954852224818964,-0.0008873498158745455,-0.0008493555707174256,0.00012257760105670773,8.435769804099319e-05,0.0026881269024793117,5.903964480059047e-05,-0.0001474863162704338,0.0009675507719593559,0.0007261650793319202,0.0017595506628374053,-0.0005123420369179395,-0.00021938323248316658,2.2298646694217615e-05,-0.00012917470597045166,0.000284515530962588,-0.0005015597248787694,-0.0002179130437980762,0.0009387818055185813
FEN,0.00028986934078059206,0.00014657814051087279,-0.0004842648251161181,-0.00011563100734844602,-0.00020585330334358713,-0.00014780256013757688,0.00011316217400485066,0.00014466803863529405,-0.00011358884300497079,-2.1351583914228377e-05,0.00012595156972349447,7.850353278593698e-05,-0.00018887405772732526,-1.4712902693718552e-05,0.0001392835664294326,-0.00017841663864917535,5.5057252984475584e-05,0.00013616741476649545,0.0002170544675499591,-0.0001596242337199564,-7.593637268481373e-06,0.00014354389264953474,0.00023369673390304219,-6.790540502219156e-05,7.804500656593272e-05,8.927644329930585e-05,5.495008357771896e-05,-2.9737980126274483e-06,6.68273870825435e-05,7.003050903709116e-05,-0.0002555044276230854,0.00116886950273055,0.0005555706650274317,0.002814933059935389,0.00020530944381495016,0.0002988953353922104,-0.00015567002200964246,-4.450706427912659e-05,7.982265323365639e-05,-5.703375993226777e-06,0.00013896851481071782,0.00044813265951880053,9.047729558753482e-05,-3.896990794817941e-05,0.00016449356467008054,0.00017360731709456913,0.00014044246081056398,-0.0005994532869231218,0.00012964236574619116,0.0007103429767203176
FL,-0.0012434866301130184,-0.000328688542622544,0.005675696789606285,-0.00048544667919956665,0.0017883961335651277,0.0032306031965477454,0.0023184996829310567,0.0002515635102777686,0.001438069887367145,4.312379186107445e-05,0.00034920417643808386,0.0013670279469055122,0.0035367431110720966,-0.0011172329121992284,0.0001583499080587655,0.00106034735749026,0.0015621320235862468,0.002106534700933471,-0.0001596242337199564,0.005508514314023439,0.0004976298456434588,0.0005604175540508996,-0.0012097309830546772,-0.00026457642820104416,0.0007337298783043269,0.0010192879533931767,0.001664874749303938,0.00036633928550444125,0.001607864215583963,0.0005464709608779907,-0.0012126030840526286,-0.004511559334932934,-0.004115132955374802,-0.00025681306817246707,0.001546956810814976,-0.000403625041347372,0.0046068578533848,0.0009437176637097389,0.0006302329047382707,0.002069910120799513,0.0017146457154203984,0.004041721496107302,-0.0007091821034030155,0.00013138655234307578,0.0004205693024862206,0.00022736733967880485,0.0013844449377425866,-0.003798105452589284,-0.0018254664140220215,0.00032207557300713985
FM,0.00018332176714239148,-1.6479367848132145e-05,0.0004784260419283411,0.0006606972511160166,0.00016958151156108784,-0.0003638094529198069,0.0005373258088786678,0.0011209711033149756,0.0008970896139727661,0.00044650343068375196,0.0006811670429734948,0.0009502920657173971,1.9435877473502515e-06,0.000267433000289849,0.0007153278532592167,-0.0002722158797486204,0.0008476525596629029,-0.00019489690644633613,-7.593637268481373e-06,0.0004976298456434588,0.0008015821575868106,0.0007003593779878391,0.0003924654063750423,-0.00027887101997991495,0.0004768637181887387,0.0007062990599717932,0.0008502329065228256,0.0004975443245440852,0.0007953380952324364,0.0001545916364284164,-0.00029492017173876774,-0.00025363079231411744,-0.0003093378931600387,0.004973866338845442,0.0012677055922842302,0.0004266274934611755,-0.0011020055448198412,0.0002801018248537852,0.000894961126890205,-4.939126946465063e-06,0.00041202085977717955,0.0003445395885642644,0.00045266836984154447,0.0003456187358804472,0.0007043814722953659,0.0007698665435015141,0.0009832830155611717,-0.0028226730955281435,-0.0004513911231463933,-0.0006201524126352269
GCC,0.00029153635939262233,8.853620704538898e-05,0.00034194965441958154,0.00045752525845531154,4.1825940406978336e-05,-0.00013656591666951168,0.0006286375674054445,0.0010692369432271968,0.000796936915415896,0.0003887317465501364,0.0006943046621438785,0.0009303706853632735,6.5960517488966065e-06,0.00017363501420217454,0.0007192110155879996,-0.00028935808221047007,0.000837019513042044,4.7434624245720254e-05,0.00014354389264953474,0.0005604175540508996,0.0007003593779878391,0.000729874232547065,0.00044252067352183386,-0.000272374135297307,0.0004893559983428141,0.0007356050860944625,0.0008469354869415206,0.00043796293539163857,0.0008012670843901377,0.0002083918500022295,-0.0005509541962161176,0.0004115879646847988,6.562475882124176e-06,0.006118215169526772,0.001277770628163729,0.0005994360842898051,-0.0008117381729914289,0.00021596599561087362,0.0008407274129693526,9.098155101547049e-05,0.0005348960965294489,0.0007430778744897971,0.0004116456948809133,0.0002607058371045585,0.0007459114459500672,0.0007925649458767874,0.0010082974316259576,-0.0029521502949399745,-0.00032699132184663024,-3.5421934734011003e-05
GCV,0.0007304641743489648,0.00018591675551138804,-0.0016065498252717833,0.00044856043405224497,-0.00046562296791510577,-0.0014240007601792563,-9.878775542644308e-05,0.0008071422483128142,3.3949762578274754e-05,0.00022345432606486328,0.000461478423003555,0.0003472591804944361,-0.0010281689116267876,0.00043021798857977315,0.0005532985980747156,-0.0006504200798349853,0.0002055141852946261,-0.000567354312723188,0.00023369673390304219,-0.0012097309830546772,0.0003924654063750423,0.00044252067352183386,0.0007864106076631446,-0.00022514767841347343,0.00021122171142860208,0.00024731480572218027,0.00017569571149734638,0.0002318375310745212,0.00017365855202501582,2.5805113891926585e-05,-1.6140526027957132e-05,0.002063631206968649,0.0012444290909390506,0.00615937083349925,0.0006668737284351955,0.0005875266158151195,-0.002078428490621432,-3.561487673436933e-05,0.0005153875588209981,-0.0005388488652898349,-4.389543274477354e-05,-0.0002774842812807441,0.0005709127339724564,0.00017814415102963653,0.0004927994649816375,0.0006050325850432795,0.00041377003816718224,-0.0015474751373089357,0.00019960600924329532,0.00022671079895696903
GER,-0.000268167791546999,5.4187792287353896e-05,5.141383400597308e-05,-0.00016312452964028872,-0.0003150253077701462,0.0011336233884359146,-0.0004205113675023793,-0.00045017437283225846,8.739825115982013e-05,2.9140169665922773e-05,-0.0002286723623022627,-0.0003737286519634514,-0.00019229317661154696,6.423778413972741e-06,-0.00028001501490735394,0.00030829411116076297,-0.00031952439276840315,0.00010542303401969269,-6.790540502219156e-05,-0.00026457642820104416,-0.00027887101997991495,-0.000272374135297307,-0.00022514767841347343,0.0003344805930176998,-0.00026324299187998425,-0.00011794971680852963,-0.0002987187554051245,-0.00018037997362670336,-0.0003215988680581776,-8.395271902343214e-05,-0.000246369665677879,-0.00029604933210893497,0.0004679581164687951,-0.00380358244723743,-0.0007124145017117912,6.418120571043787e-05,0.0005261292026405315,-0.00037089125643996083,-0.0004122540208060937,-1.7518024983151257e-05,-0.00019684608041106282,-0.0008593693282880613,-0.00021989630473253038,-0.00019737299174056247,-0.0002467712165674338,-0.00032116000966420663,-0.0003739581524231278,0.0017422836485993364,0.0005308171953713231,-0.00033616955035806954
HEWG,0.00014597564678018077,7.907914120458396e-07,0.0005391436574063075,0.00025532516796824124,0.0002484227383958157,-0.00023004888342635185,0.0006035853875700105,0.0006985224393599109,0.00046802000912050007,0.00018878268927192314,0.0004436697126079466,0.0006782116371842505,0.00030375016801450404,1.2371410408078077e-05,0.00046038381939632745,-0.00017333638782510467,0.0006267664307235374,0.00012261258764550102,7.804500656593272e-05,0.0007337298783043269,0.0004768637181887387,0.0004893559983428141,0.00021122171142860208,-0.00026324299187998425,0.0003788141656830179,0.0004724188910986829,0.000631544134276397,0.0003037487373959722,0.0006121745382997726,0.00016621896833251702,-0.0002666015657494617,-2.292799672615729e-05,-0.0004369388641077916,0.004238196831291281,0.0009733035242202809,0.0002446235889108244,-0.00027667850026320324,0.0002946076375241631,0.0005978404309660529,0.0001869400815964748,0.0004419930092639659,0.0009101015156003088,0.00023074191970561743,0.0002061144956133994,0.0004791589778303672,0.0005144119829798635,0.0007167804023598121,-0.002291852539838256,-0.00046352048525968636,9.500982401779704e-05
HTLD,2.480984778588922e-05,9.870783410654317e-05,0.0010220204383519535,0.00041294535158459576,2.0130584973408416e-05,0.0009237283729194674,0.0006742017366217694,0.0009978823183956521,0.0011729231544363226,0.0004991046771530465,0.0007050913681679202,0.0009904930982989548,0.0002190231006221308,0.00011544508508625185,0.0006812297481192556,-2.363722487140789e-05,0.0009345880102947847,0.0003069353284108971,8.927644329930585e-05,0.0010192879533931767,0.0007062990599717932,0.0007356050860944625,0.00024731480572218027,-0.00011794971680852963,0.0004724188910986829,0.0008965330391347535,0.0009703187758484154,0.00044238727179380814,0.0008925396295553494,0.00023775974433297545,-0.0009215069306714541,-0.00024362731219976523,-0.00010695411509974818,0.004491089329805742,0.00118255078746053,0.0007032040903436913,-0.00018868775161168293,9.866795315150645e-05,0.0007877226644864341,0.0002878135305535237,0.0006560367881168552,0.0006315743981091045,0.00027486963899401315,0.00019771804582144147,0.0007576405359900025,0.0007446432972166949,0.001079822428947644,-0.0026724747553051376,-0.00021356124824098096,-0.00032362350745997746
LAZR,-2.1744557412468017e-05,-3.042696715491251e-06,0.0015864259842859679,0.00044384615664670696,0.0004105814641843284,0.0006000567491544346,0.0010519555428356293,0.001152083825259067,0.0012012663580079235,0.00045268794864222354,0.0007782556271256945,0.0012304730836148648,0.0006991551072051538,-5.684764330188237e-06,0.000761712920968329,-4.130078949810375e-05,0.0011747268272391262,0.00040696483914179246,5.495008357771896e-05,0.001664874749303938,0.0008502329065228256,0.0008469354869415206,0.00017569571149734638,-0.0002987187554051245,0.000631544134276397,0.0009703187758484154,0.0012067924255730529,0.000540662668214488,0.0011391394658503496,0.0003029187170777843,-0.0007817293500799886,-0.0007729653256633172,-0.0008812911097912648,0.005521790946773461,0.001578277122825339,0.0005070396989126221,4.0126451660279627e-05,0.00039291827292081835,0.0009905036858913773,0.000482395206612472,0.0008497958295126893,0.0013460447932379794,0.00027963342712951903,0.0003089833262361291,0.000834974889928976,0.0008414227776987915,0.0013009816704906132,-0.0036379762677232292,-0.0006908195856589711,-0.00024153665173224178
LBTYA,0.00010628917506824192,-1.3697169466356781e-05,0.00034632513795970863,0.00039789082553254383,0.0001281033144649735,-0.00021377802431496315,0.0003616552744225932,0.0006936466572351169,0.0005559220476559132,0.0002700150274063315,0.0004228508549249271,0.0006000240756694787,4.273877340836327e-05,0.00014956007278879677,0.00044281169523864415,-0.0001622013788877396,0.0005384869212214665,-9.66205629679005e-05,-2.9737980126274483e-06,0.00036633928550444125,0.0004975443245440852,0.00043796293539163857,0.0002318375310745212,-0.00018037997362670336,0.0003037487373959722,0.00044238727179380814,0.000540662668214488,0.0003096409085989968,0.0005074434279849849,0.00010214369034601924,-0.00018786453203385343,-0.0001862056613272789,-0.0002389385905138967,0.0031236825747262996,0.000803395627898835,0.0002548167559603802,-0.0006313073499617455,0.00018849042776440553,0.0005594506448817435,1.987025551029692e-05,0.0002740126581239619,0.0002768619244978194,0.0002724740918613059,0.000215201875940914,0.00043842784345329974,0.00047785715369762786,0.0006206901948232736,-0.0017975756548581504,-0.000304992842522298,-0.0003583458057261488
LOTZ,1.0334842895722511e-05,-1.0185281688109956e-05,0.0014767173138452668,0.0003949688605320491,0.0004351827755953245,0.00041411554655337987,0.0010405821632183216,0.001087906080910389,0.0010607143809610276,0.00039031243852286307,0.0007289320848548127,0.0011659254389646515,0.0007083145238523229,-3.180867589105411e-05,0.0007188257024410839,-6.940924091522379e-05,0.0011120506719649935,0.00039373650843638284,6.68273870825435e-05,0.001607864215583963,0.0007953380952324364,0.0008012670843901377,0.00017365855202501582,-0.0003215988680581776,0.0006121745382997726,0.0008925396295553494,0.0011391394658503496,0.0005074434279849849,0.0010829954573059145,0.00029331720214361757,-0.0006857320306314068,-0.0006653244373709484,-0.0009020751109727568,0.0055514169685405975,0.0015323718753271424,0.0004401391661727177,4.9037432099895075e-05,0.00041835425512291055,0.0009459961748784393,0.0004696896213743842,0.000817813346406079,0.0014216670249398524,0.0002668131004268569,0.00030062695827917353,0.0007849363573619024,0.0007981346461207034,0.0012313138448577774,-0.003559724959876282,-0.000717832428189443,-0.00011257701913365223
MILN,1.344679941988384e-05,2.7001521781344302e-05,0.0004373083063428524,-4.443700494526439e-06,0.00010755123943723553,0.00024520881636223515,0.00034193115281391974,0.00023385296006294063,0.00023081691055404748,6.19584506265816e-05,0.00017879011932033786,0.00029513794414392586,0.00026800234807816095,-7.777142341525044e-05,0.0001685775604911471,2.494050406001442e-06,0.0002916660782578325,0.00024054467523746228,7.003050903709116e-05,0.0005464709608779907,0.0001545916364284164,0.0002083918500022295,2.5805113891926585e-05,-8.395271902343214e-05,0.00016621896833251702,0.00023775974433297545,0.0003029187170777843,0.00010214369034601924,0.00029331720214361757,0.00010303678923547394,-0.00027725446839155666,-1.5064689022947818e-05,-0.00021052774216803142,0.00173455649659569,0.0004004127889671998,0.000147524481805646,0.00025029745260322185,0.00010423220357361288,0.00021297475871550391,0.00020227277139798147,0.00028158712204450533,0.0006082138074892395,2.5685571882362984e-05,4.111174903912249e-05,0.00020454481734107131,0.0001961849906192938,0.0003271832957242275,-0.0009800666884288677,-0.0001766924298376246,0.00022208709410162893
MKD,0.00017342355447251312,-0.00031693562081510946,-0.0012545581730687406,0.00011042513159190739,0.0004338226698412886,-0.002815046271372596,-0.0005273688435445669,-0.0004756364998610448,-0.0012568815825946926,-0.00046653171030137117,-0.0005283352226440387,-0.0006734089877254613,-0.0002363004898027406,9.23876369580966e-05,-0.0004187765005206481,-0.00035779198214085984,-0.0007024714875399601,-0.0009661424389571138,-0.0002555044276230854,-0.0012126030840526286,-0.00029492017173876774,-0.0005509541962161176,-1.6140526027957132e-05,-0.000246369665677879,-0.0002666015657494617,-0.0009215069306714541,-0.0007817293500799886,-0.00018786453203385343,-0.0006857320306314068,-0.00027725446839155666,0.0017402838472115403,-0.0002265938019091287,-0.0006814621157347296,-0.002313293251516921,-0.0005549867444805527,-0.001071403875761793,-0.001146846893066364,0.0003608665428212364,-0.0003157161923551949,-0.0005658605851026896,-0.000774781711825819,-0.0005964901588261848,6.774833078416277e-05,0.00014467141076038038,-0.0006141527188690209,-0.00047430884019214557,-0.0008418784868106199,0.0012985695773809283,-0.00046490227547418795,-0.0002580868992424118
MTA,0.0023741290751105176,0.0008962399168812396,-0.00631422814193888,-0.00012524862829689333,-0.0020784140972696843,-0.0035299733540088123,-0.0008988486307967223,0.0007201710739436169,-0.0015965895707478715,-0.00014719225709031132,0.0004563807707626572,-0.0004154678081994387,-0.0032914662131014,0.0007147228742107869,0.0006788914946448235,-0.001738937967375668,-0.0006897604929603434,-0.0008954852224818964,0.00116886950273055,-0.004511559334932934,-0.00025363079231411744,0.0004115879646847988,0.002063631206968649,-0.00029604933210893497,-2.292799672615729e-05,-0.00024362731219976523,-0.0007729653256633172,-0.0001862056613272789,-0.0006653244373709484,-1.5064689022947818e-05,-0.0002265938019091287,0.008838140220973912,0.005293977948607587,0.015290224757927007,0.0002197959529147012,0.0016602149162630927,-0.00423743470271357,-0.0006951009561421365,0.00012973992029688712,-0.0014788126403149967,-0.00046020459082828286,-0.000320293456023694,0.0010326515358082635,-0.00018110635120574482,0.0005964369358897911,0.000811884846929321,-0.0001358757260524915,-0.0009869862117705104,0.0016408546077775676,0.0032877416191372426
NAIL,0.0011716918620048073,0.0007166026817557569,-0.004474229970360464,0.0001500701254263517,-0.002238027645957632,-0.0003616218927913955,-0.0016293316386601648,0.00015430178619042794,-0.00035937525699720433,0.0003157368577294484,0.0001688340522898351,-0.0007076712774395217,-0.003171639438130073,0.0008863820428486678,0.000245429698051772,-0.0007298363606884115,-0.0008613737860669683,-0.0008873498158745455,0.0005555706650274317,-0.004115132955374802,-0.0003093378931600387,6.562475882124176e-06,0.0012444290909390506,0.0004679581164687951,-0.0004369388641077916,-0.00010695411509974818,-0.0008812911097912648,-0.0002389385905138967,-0.0009020751109727568,-0.00021052774216803142,-0.0006814621157347296,0.005293977948607587,0.004899965887180728,0.00379949271836949,-0.0009377627031479554,0.0015465800119442478,-0.0030957144858683163,-0.0012866035205749773,-0.00035930484032521145,-0.0013705697533635773,-0.0008009246591528436,-0.0028615546052767568,0.0005861265428223228,-0.0003414339175077065,0.0002102804669932755,0.0002522586180401862,-0.0005220771143262574,0.0022448228757822497,0.002287283067171945,0.0005880443753121196
OBLG,0.006070495132796792,0.0013793649041485485,-0.005779150363877349,0.0028834055116428218,-0.00046959180843487514,-0.010993886237678129,0.005134335312518352,0.009195579710512353,0.0018031091439318573,0.0016444981247608545,0.0056770310870131535,0.006787308968813274,-0.0024626309701906183,0.0014960433186597144,0.006348472185334382,-0.005395785254713056,0.005669846382655748,-0.0008493555707174256,0.002814933059935389,-0.00025681306817246707,0.004973866338845442,0.006118215169526772,0.00615937083349925,-0.00380358244723743,0.004238196831291281,0.004491089329805742,0.005521790946773461,0.0031236825747262996,0.0055514169685405975,0.00173455649659569,-0.002313293251516921,0.015290224757927007,0.00379949271836949,0.0755472160374244,0.011479655152338116,0.005087544499189509,-0.01165546690823537,0.0024884032129862013,0.007065458572202908,-0.0008401532838598029,0.003837951281426678,0.009701688283290578,0.004615582162508892,0.002215292088907336,0.006283068807692712,0.007182431048977317,0.007619808297348995,-0.027864730564277657,-0.002868739391309596,0.006753471226474987
PPD,0.0004931793878808369,7.145980189520248e-06,0.0010134881060923444,0.0007569030802127177,0.0005727233220159257,-0.0009994397370642132,0.0014547129719085473,0.0018841858012210813,0.00113576551373735,0.0005015455100782808,0.001170411959497448,0.0017342402521634901,0.0005571249981044882,0.0001289170546399439,0.0012355649923070906,-0.0005682370078710713,0.0015764839071888124,0.00012257760105670773,0.00020530944381495016,0.001546956810814976,0.0012677055922842302,0.001277770628163729,0.0006668737284351955,-0.0007124145017117912,0.0009733035242202809,0.00118255078746053,0.001578277122825339,0.000803395627898835,0.0015323718753271424,0.0004004127889671998,-0.0005549867444805527,0.0002197959529147012,-0.0009377627031479554,0.011479655152338116,0.0025328957983342384,0.0006484196020406312,-0.0011728693041888356,0.0007558232777914872,0.0015854547572101945,0.0003280425790774801,0.0010450537070902863,0.0021402528437817207,0.0006926057575762938,0.0005676668509288285,0.001257055935178167,0.0013751385275776367,0.0018290432214628114,-0.005944910695124446,-0.0011612748241070013,0.0001829847493234109
