,ACBI,AIRR,AMEH,APVO,AQN,ARVL,ASRVP,BRP,BWX,CACI,CALM,CBIO,CNHI,CTBI,CUE,CUT,DDS,DKL,EEMX,ELA,ERF,ESGV,ETNB,EXPD,EYE,FLDR,FLSA,FRI,FSR,GNUS,HBCP,ICOL,IJAN,IMO,INDI,ITMR,IYJ,IYT,JOF,KHC,LHCG,LLY,LTHM,MARPS,MOTO,NMT,NPTN,NVO,ONEW,OVM,OXBR,PFG,PFN,PIM,PLOW,PPH,QABA,QLYS,RBCAA,RBCN,SCS,SEE,SMLP,SPPP,SRC,STLD,STRO,TTEK,VBF,VIV,WRB,AAAU,ACGLP,AGCO,ARAY,BBIG,CNTY,CULP,ECHO,FLBL,HCCI,IIF,JHML,JQUA,MKC,TECK,TENB,UBT,VBK,VYNT,BAM,CAF,CSOD,IQDE,IRDM,SR,VGIT,WMT,EBLU,JPIB
ACBI,0.01675230757880595,0.008050451732647066,0.0045721471413975425,0.0036686551305925995,0.0066649316784036594,0.0008159085465566165,-0.0008009403240624418,-0.0010850462191384466,0.0018111154093875656,0.006312101065848508,0.003294550906373147,0.005400261131624623,0.006239840776013538,0.008328487277183303,0.00936742353569435,0.006154765379709444,0.004538873533594031,0.012525618418453491,0.00434827949373138,0.00043499178475597317,0.004201866234081553,0.005514668144361263,-0.0008467899856220187,0.0031410504707661034,0.012602951769761936,0.0005461404345557904,0.006122615061286235,0.007122066283823973,0.0009337111736063709,0.008375604364300116,0.011855996644243567,0.007543841331930166,0.004197928445425984,0.005529613095634475,0.0019786534458740646,0.005037123630087237,0.00631648549402705,0.006272515209268784,0.0038425808012812414,0.003400106216955649,0.002773553496528421,0.00362357955642549,0.007795681773328583,0.003389587011059316,0.0063661685565307045,0.0044392521851994325,0.004460618946882224,0.0035886622614001115,0.018284236375421183,0.0018810763424531307,0.007213101208125822,0.005467278554137249,0.009224534294324573,0.004257196733624857,0.008825063603521902,0.0045629396957393075,0.008298996483431133,0.002133388311919786,0.01041481267665772,0.0016012427068856881,0.007511890175142187,0.006702666276217717,0.019978226023593223,0.0019072977160874774,0.010101404897800521,0.00890510082143294,0.009006657073217432,0.006201783648690999,0.002995154620657311,0.0072192327507824075,0.0053501063738522255,0.0013293447649874786,0.004965963924087166,0.011152945828215763,0.010770883431782135,-4.8088599444583494e-05,0.01714957029776073,0.006592893022256047,0.00773186040847858,0.0011329233237999492,0.01714494551333716,0.007251978088538406,0.005456118312262993,0.005167754076121766,0.0027171423386604153,0.011732725082458218,0.005267390799664254,-0.001052685873296723,0.00610490277109297,0.008342017914855275,0.0071855578590218315,0.002891358615126355,0.005787195469126238,0.004277907477345195,0.01166482712776661,0.007444148820161114,-0.0002519832497720755,0.001182841394275468,0.006071358069814265,0.008308671594448905
AIRR,0.008050451732647066,0.0043532378809610795,0.002451624397289294,0.0020299578053605974,0.00428646638184728,0.0004907051452791079,-0.000382846850472933,0.0002684026445231758,0.0007523909094829184,0.0033651539839744497,0.0015272327256586498,0.003246680339427805,0.0034325840667612604,0.0042191765668311955,0.005134868442645905,0.0034051119717168014,0.003660660448470186,0.007042122400762949,0.00257352979159236,9.476025329583252e-05,0.002892297140355106,0.002924573637861524,0.00011923311368893237,0.00174270874250108,0.0075169043710938774,9.937364595959694e-05,0.0034318269664389274,0.003739098708353157,0.000531170759143215,0.004964674979348252,0.006282538313397151,0.004244135815783619,0.0023737991700060533,0.0031567977162309403,0.0010269334154920976,0.0030687857823041387,0.0035776942384291837,0.003592850455753381,0.0020240146493460836,0.0019554132216773167,0.0014279026830210915,0.0016209138890112464,0.005185152144584546,0.0017111121663004386,0.0034813751571233483,0.002922968576821944,0.002198916859299591,0.0014874416713790018,0.009932770480357065,0.00100016616926767,0.0037935020417160844,0.0036299676969588756,0.004811775562682725,0.002125235095255109,0.004120603095907003,0.0022934199135529448,0.004364820389590727,0.0012797203246382267,0.004629235432443656,0.0007246019470104918,0.004605460659353994,0.003870194916605679,0.010347799100092937,0.0016006011284145135,0.005857852999633309,0.00448194566373228,0.005032882745540252,0.0031393102809561617,0.0016350528338462884,0.003863716478908688,0.0027596694188151824,0.0006273390357411553,0.0029320425084756446,0.005644201621630293,0.005921576037552385,0.0003751333197718518,0.009526126709271976,0.0034368999059472514,0.004148422178585841,0.0005267009971930529,0.009128307094375405,0.004082268923227607,0.0029434156642045538,0.002772017751575034,0.001470637825199027,0.006503056858692507,0.003043120285896091,-0.0010061277914905032,0.003271658154209307,0.004617175430876329,0.004455858706674505,0.00163770573193225,0.002800692128114828,0.0024395234439855175,0.005541918280836304,0.003944453130886197,-0.00019378571266158301,0.0003618975271015611,0.003258885687803802,0.004237685808371691
AMEH,0.0045721471413975425,0.002451624397289294,0.0033075894352083083,0.0012620384906231617,0.002982635474387308,0.0002145799297508921,-0.0006497337513935939,0.0004387305007918764,-0.0002765229694922694,0.0010460021599689227,0.00031635513657145265,0.0010979745651760544,0.001118590913501851,0.0036123206525063628,0.002318337351330597,0.0022574519207376274,0.00488336652360182,0.0019664881993363627,0.0010825140301200964,-0.0013817175664299684,0.0009127879520991138,0.0021203884647977705,-0.0019601456836038787,0.0016030414988881195,0.003662998285846361,-0.0002612208121559076,0.0024097726435385143,0.002061632492907861,0.00019825873854992782,0.004692919969388717,0.0047546896392660935,0.0008359155688074583,0.0013886414222299482,0.00027689927745086696,0.00015986064928888262,0.0005565550978512545,0.0024136429327971456,0.002272345771811264,0.0006060241369706637,0.001885536927154316,0.002376025043166349,0.0023887560047992956,0.0040626397225478955,0.0011170710764381122,0.0016077319092167278,0.0013485436926437392,-0.000897384728548615,0.00094883658179052,0.0032565483093857377,-0.0002707865360454947,0.0034631015897902623,0.0019705131127705,0.0008432675151446288,0.0008485942645450132,0.0012104873917934934,0.001695731814179178,0.003323394517668365,0.0014037828355258548,0.00416735198278774,-0.000128299774009262,-0.0008318232064983551,0.0005113978462762398,0.004844747511953246,-0.001258034251738298,0.001543564144519172,0.002502873538305762,0.0028195597202758937,0.0023845663698520707,0.0006019283842247042,0.0036959529481713368,0.0025669264536163634,9.473759035681737e-05,-0.0007713380097631472,0.002673598145238441,0.003115581301431359,0.0002676622146245944,0.00027003123723054294,0.0012892213044643035,0.0028058040487524455,-0.00021762000554252734,0.006502355868276571,0.001341342364593623,0.0022318077472962346,0.0021845735709606477,0.0023240484075938072,0.0029126760863237605,0.001133706396078383,-0.0032047667109627413,0.001960201339875088,0.00040661989906502636,0.0031727424421948646,0.00016164362792622745,0.00036800043276639645,0.0012875895891774195,0.0029576837747462103,0.004933249705468824,-0.0004021587795392133,0.001775159502417559,0.002421364264851882,0.0035147911018171157
APVO,0.0036686551305925995,0.0020299578053605974,0.0012620384906231617,0.005240904017868529,0.001952382020113431,0.0006010820217753263,0.0004330264655376156,-0.0015043732412088203,0.0006279378643760688,0.002570038781438194,-0.00023786587887379197,0.002521659810855432,0.001764341695275682,0.00146584947261518,0.0056466874796046364,0.00179471733933585,0.006948351350002691,0.005755722501313162,0.0006304126090579113,-0.0013321447804276248,0.00336538350240048,0.0014740398279851697,0.0003164079816323825,0.0009174179925078054,0.006511004213463133,-0.0006516502069743725,0.0010492273367902866,0.001828640085829022,0.00026620762761244245,0.0070639104166888055,0.003727805033985012,0.0013814727267947233,0.0010030763911823704,0.0061298277440750976,0.000772366371068739,0.0034662434841303425,0.001906083396991411,0.001864313776407783,0.0011971962100551048,0.0005084005757026106,0.0016748202618389553,-0.001171573344013091,0.001078652215435627,0.0013375783571849093,0.001664620131616246,0.0025605792024511326,0.0021085725668860797,-0.000591932052425714,0.009542915177936135,-0.00041413401675445885,0.0029472742472768034,0.003566918714663334,0.003595355403875829,0.0009402757748351717,0.0033528432660424566,0.0007200662021732555,0.0021419416850609148,0.00023984480938143808,0.0011832658435222655,-0.001246395826791357,0.004482444923606582,0.003785872588939759,0.010207148681503889,0.0019851791578359744,0.0051417284817332565,0.00613585347478413,0.002702125204364735,0.0012147520632272788,0.0004339289524404104,0.0017808527013574906,0.001146993886219017,0.00013061305771259598,0.0011549018868912662,0.004961008259390091,0.000647795932446274,0.0002668594268281501,0.008202201644158007,0.000653339160917112,0.0010937791106992204,-0.00028138502757156855,0.005676189665846399,0.0012077373490255205,0.0012872418311315756,0.0011593000891587327,-0.0003635739573552618,0.007236179452991002,0.0013180446290381473,0.0002253574856099134,0.0017940108547515254,-0.0014549018846291934,0.004103077809393568,-5.3555763001051166e-05,0.002141991163673315,0.001035597866093294,0.002586330791932773,8.00528000630014e-05,3.552490198756851e-05,-0.0008743299259760449,0.0010529508508429005,0.0019288574420734108
AQN,0.0066649316784036594,0.00428646638184728,0.002982635474387308,0.001952382020113431,0.007873884996856295,0.0007517235469718918,0.0005198893441162066,0.0033985319128689126,0.00024762781571382124,0.003046829462313161,0.001435205715875611,0.0026226304786854874,0.0047543952002068466,0.003946298667611767,0.003185412386017186,0.004165131255504396,0.005383226245985907,0.007251573982880996,0.003030309811028284,-0.0015019333343277398,0.004151404015675555,0.0033370190709734616,-0.002013241376336185,0.002268005947309835,0.009157659204630911,-0.00017580887593380447,0.0038505356658204565,0.004456164726060426,0.0005011214449828497,0.00318584910900223,0.00635070425730417,0.005108127015880811,0.00243649485587189,0.0030270433682091833,0.0006967738246352031,0.0040838015155391085,0.004577162610523923,0.0039979179521774,0.002241519667769266,0.003517083732108556,0.0009520670644615455,0.0028319508494490772,0.00926755591941975,0.00362660684114204,0.0032720016050000007,0.0037515254204612074,0.0014931168041638753,0.001964979519545748,0.007187796799397745,0.0010895558376023242,0.004456366415214449,0.005740135119336676,0.004013505001931925,0.00268279041601875,0.002381095007142594,0.002902099610742676,0.004710335677849999,0.0018966667681818076,0.002847076207656512,7.696594341224369e-05,0.003759418578267542,0.003714082257346804,0.0060343940459532406,0.002716551087216125,0.006107916839204883,0.0030301222240372325,0.0028097207812617588,0.0027206522069467944,0.0018266602792974397,0.004493035813104854,0.0042735668521255085,-0.00011228376633520643,0.004029712291012314,0.004517799901549048,0.0073622839097063,0.00022766664783118237,0.0035099578666959604,0.0019472140583193754,0.0023510624792490113,0.0010986412781598142,0.006810886921489921,0.00588278809031867,0.0036277382911220992,0.0035532660629297476,0.0037915656958652016,0.005093853448617487,0.002870846355603129,-0.0029771341802711116,0.0032704760112342345,0.0036671380584008153,0.007581583855618948,0.0013131224879870532,0.0016870260855093812,0.0029671319011191763,0.003292814043623795,0.00568512773045947,-0.00041250659143905066,0.0003802340031547523,0.004354600717665259,0.004285287722110879
ARVL,0.0008159085465566165,0.0004907051452791079,0.0002145799297508921,0.0006010820217753263,0.0007517235469718918,0.00019903239107377715,7.389738913864576e-06,5.649122330147166e-05,4.471022983392325e-05,0.0005074676933676138,0.0002688977998357081,0.0005451425571594187,0.0005201012348740542,0.0002965648524267707,0.0005104343770016012,0.0005230969694831277,0.0011736143332125822,0.0006933966709346714,0.0004133406078516851,-0.0004606530357304501,0.000530590295055941,0.0004633983338685571,-1.3452334347803911e-05,0.0004908304328748571,0.001350675813830265,0.00013571970169362738,0.00032633491069074174,0.000597053548275283,0.00011234509636038684,0.00019201081452932696,0.0008808331936629763,0.00045227261806002924,0.0002615346566895685,0.0005304840607268119,0.00022439352761242462,0.0008379726849765227,0.0006245108214801157,0.0006109030345910833,0.0004149884732534025,0.0006262940140625497,5.032476271387164e-05,0.0002482821710745333,0.0009540394117892219,0.0003282526858750616,0.0005021201309174485,0.0007993761176812308,0.0002485276105775874,7.715734879524337e-05,0.0015012629543069342,0.0001486115741358897,0.000645442611896274,0.0010175648783919855,0.00044300945167704913,0.0003398994813590619,0.0007140257914742689,0.0003845089729290801,0.0005435209847904477,0.00019313415038869512,4.8696764715491433e-05,-0.00022679923880126443,0.00043957609943201975,0.00013909562490992518,0.0010010932616095532,0.0008152636327303494,0.0010901856772493658,0.0006948464283006557,0.0004974548472127362,0.00039953392667413596,0.0002533094365209754,0.00023162805375760283,0.0007376489163715686,0.00017679860783593874,0.0007706306557252817,0.0004092041263347271,1.5100261936521343e-05,-0.0007336253642829038,0.0023750061857049417,0.0005316548761708785,0.00013701700516015612,0.0002187278715194875,0.0011646587264544457,0.0006184609915883865,0.00048032574734433456,0.000484593702715514,0.0006549379841233928,0.0009032067812808813,0.00027584699036131927,-1.854390519979932e-05,0.0004530389593469009,0.0002801212137167713,0.0009323984033836829,0.00013613657665820174,0.0005560692037386351,0.0003870245678586424,0.0004727628312279249,0.0005576826958714382,-2.4339009598015693e-05,-2.1543337629219067e-05,0.0005545890684274708,0.0006491364089222369
ASRVP,-0.0008009403240624418,-0.000382846850472933,-0.0006497337513935939,0.0004330264655376156,0.0005198893441162066,7.389738913864576e-06,0.0008565365435936029,0.0005503069987785487,0.00030333297002695586,0.00012940194834079713,-0.0005735778145849027,-0.000347237793430212,0.000539661875076277,-0.0008690116234887135,-0.00010386754690691319,-0.00022210622889065504,-0.0007646023572759656,0.0011180055860110795,-0.0003068672205302913,-4.1758868784073066e-05,0.0009185888155526029,-0.00028658537210372994,-0.00044832640431997174,-0.00042264619503459036,0.0011019738913582264,-0.0002403076596425104,-0.0005142394976362226,-7.04164147671791e-05,-0.00012995854026748714,-0.000748640621287744,-0.0009049919486986335,0.0007627958452244895,-0.0002515178002688817,0.0016375396733651901,-9.592354234545287e-05,0.0005067218245902438,-0.0001357820133874266,-0.0004684823727719232,-1.7930867250037846e-05,-0.0004122478193109825,-0.00047729385544946826,-0.0005892297529056362,-0.00012924987773755347,0.0008656772424024185,-0.0003411401469296835,-0.00033915626960129985,0.0009109007821256063,7.303725152730579e-05,-0.0001349332166511973,0.00011242743630570107,-0.00039836523500596285,0.0005349772722461272,0.00041071262231558945,0.0002259152548605265,-0.00043634989634092877,-0.00025486731873347764,-0.0006002366319368554,-0.00033061435683425655,-0.0012909227439203642,-0.0003039539078146831,0.0011217006873289294,0.0011103815919482648,-0.0003721056498219062,0.0007981887585203399,0.00013415978458742036,-3.698330605585478e-05,-0.001568683452884585,-0.0006820390443481762,2.4963254844951118e-06,-0.0006217418484658055,-0.0006069729417599483,-0.0003827030231827631,0.0007988350694825618,0.0005196515733189251,0.0002736900913798969,0.0006677955115568522,-0.0013943180944125096,-0.001535541903887671,-0.0013718900856376317,0.0001641226795915629,-0.002278897528751309,0.000482093626034581,-0.0002646116839325289,-0.00029877457885989944,-0.000739927613839832,2.312256272408368e-05,-8.239670785672948e-05,0.0005638733655840361,-0.0002924179387360509,-0.00032363715546283455,0.0007852901732769108,-9.606716777160902e-05,0.00023158769549094132,-9.001581105209855e-05,-0.0009688757160820447,-0.0013838510848527973,0.00010916571699273644,-0.00096998154170432,-0.0003091010832868141,-0.0006557224371332847
BRP,-0.0010850462191384466,0.0002684026445231758,0.0004387305007918764,-0.0015043732412088203,0.0033985319128689126,5.649122330147166e-05,0.0005503069987785487,0.0036164180090094873,-0.0005260343855057484,-0.0004335036216397668,4.7170749927641596e-05,-0.0003775907661674944,0.001187529448454298,9.679837664735215e-05,-0.002152053192988082,0.0006718099454388997,-1.8377344142750467e-05,-0.00026636316270424183,0.0007813576019655475,-0.0004542312943084725,0.0009552477083456444,0.00033071110400804976,-0.0013154079561063996,0.00046095891196378446,0.0015903148950765032,-6.853143614716954e-05,0.00077654528025032,0.000698559148276037,-1.1316184196583768e-05,-0.002473515727081834,-1.746279496105905e-05,0.0014306380512846195,0.0003576376947315704,-0.001169497922286681,-0.00033868264118662087,0.0005500551468356105,0.0008988167226840181,0.0005279160771407293,6.991277845634149e-05,0.001103622756588893,-0.0007622676953426497,0.001275590011640183,0.004366456913005198,0.0012415091468933475,9.771443427829846e-05,0.0003193346509642289,-0.0006216188951130912,0.0007230639089555961,-0.0031653238077725947,0.0004917385081810938,0.000715441239508872,0.0015379931735327963,-0.0006752318928189078,0.0004230705411062352,-0.0019692214015143215,0.00048301236241596996,0.0003679801526982207,0.00044391692999795374,-0.0010635176576617577,0.0003281149889067567,-0.00032676026954401113,-0.0002952202496436635,-0.004236303297209173,0.0008629696658119341,-0.0003514130874691153,-0.002650488319503916,-0.0015081049298833556,-0.0003704700923547922,0.00048429568411579546,0.0006889141274016406,0.0008764280510173509,-0.000580811600475842,0.0014167386618079997,-0.0011979313586938506,0.002711529829591917,0.0009624964078013572,-0.004701228824934861,-0.0010635495275331819,-0.0007655954902980432,0.0005653894794441545,-0.001923592247204034,0.0018691966453873766,0.0006342485216928165,0.0006683896486608302,0.001703101861777199,-0.0019992236669294857,0.00040259794131192314,-0.002050073554621442,6.110662879899033e-05,0.0013967289486897516,0.0023193436537426314,0.00033593830846731477,-0.001406320312536269,0.0006460380490968079,-0.0018807720662447022,0.001981514638847741,-0.0002471547400427799,8.908438292295451e-05,0.0010073712563203386,-8.397674168925766e-05
BWX,0.0018111154093875656,0.0007523909094829184,-0.0002765229694922694,0.0006279378643760688,0.00024762781571382124,4.471022983392325e-05,0.00030333297002695586,-0.0005260343855057484,0.0007123413784033032,0.001105068355824911,0.0002448565137168112,0.0007313307178384581,0.0010440509880103965,0.00022598029246353077,0.0015238793357553095,0.0003358959323380144,-0.000964360594170579,0.0029769793616044077,0.00021305136894539194,0.000519248416535501,0.0007383348663714456,0.00025411149641839007,0.0007704470700274309,-0.00031560013109659997,0.0015357732633204087,-6.319758888458482e-05,0.00020509635908032406,0.0006471141666205947,3.2888868207605047e-05,0.0011552866468616785,0.0004836174189461213,0.0016116428341478163,0.0002856363766571041,0.0016143826827120086,0.000281280893130371,0.0006825524368513316,0.0003294042518116539,0.00023307055818736288,0.0005077545397036862,-0.0003200689219051193,-0.00020104043485933844,-0.0004058235499072741,-0.0002755209622206522,0.00038495657214937464,0.0005194781843948223,0.00029042591881267506,0.0013661660650053228,0.00027192637306549535,0.002957276936163255,0.0003585594047626222,-0.00033055053458733814,0.00033332325630118514,0.0019252482540107628,0.0006201248307095217,0.0011688291251317911,0.00013689026524159876,0.000389016321004708,-9.332028178176571e-05,0.00036568150517138907,0.00022273665948199326,0.002261512390721612,0.0020339961705620304,0.003129185428637611,0.0005282922842455411,0.0017251030879409496,0.001334219530980057,0.0005099779437591871,0.00027444747151935653,0.0003375177182172441,0.0002676452736273759,-0.0002462359975745513,8.263923524854165e-05,0.0010036906089047266,0.0019926122835216215,0.0013029799787985543,0.00038795721841585466,0.002253300606896793,0.00027604325418453124,0.000302857547238672,0.0002371595891453717,0.0007205409189849982,0.0010365862650069731,0.00018202514087017131,0.00010237090862842891,-0.0009947892199170564,0.001584686223162345,0.0006979055615481593,0.001146197583444,0.0004867381447275403,0.001467328216200618,0.00038008188287777875,0.0004061878137110299,0.0014368801600522093,0.00028625850635370057,0.0014406330564398046,-0.0009032822807333174,0.00014384231307407083,-0.0008201741109292191,0.00020200177484711843,0.00027238444333395974
CACI,0.006312101065848508,0.0033651539839744497,0.0010460021599689227,0.002570038781438194,0.003046829462313161,0.0005074676933676138,0.00012940194834079713,-0.0004335036216397668,0.001105068355824911,0.003358028245946982,0.0011511748166065608,0.0030263436165523204,0.003201963571472376,0.0024924473597848925,0.00505373896999126,0.0025417680279848196,0.002638331680947865,0.007613461030029168,0.0019487063712884233,0.00019031991390168617,0.0030096767631524013,0.002110966174388377,0.0011173057065332712,0.0009382990276622922,0.006674500569221441,-2.3555159730964225e-05,0.0022411353449201445,0.002932269067152557,0.0004319278259059676,0.004342483177969301,0.004450108032462416,0.0040576589772052165,0.0017237193720113482,0.0042622509805349635,0.001045076285653385,0.003188244091318888,0.002697782846371834,0.0026432624522592634,0.0019213828909875866,0.0011934335555219314,0.0006821354388730126,0.0002416107160963779,0.0030961132745090697,0.0015095130732942002,0.002781240896638137,0.002786867663093002,0.002871915476912959,0.0007954466027937982,0.010039718578625238,0.0009336004057390379,0.00198273807689618,0.0032663960553617134,0.004908966603231463,0.0019075964641400067,0.0039447884760607085,0.001549890460733187,0.002992760809802122,0.0007925828983350927,0.0023897452814022023,0.00020058668364711325,0.005494274920165265,0.004524604254972589,0.009661203990622579,0.0023769378797281293,0.006118678663136416,0.004647681013186224,0.0038405710353144433,0.0022144411848167775,0.0012860685914687835,0.0023022840150435306,0.0016964883145005572,0.000561080206268478,0.003194344782111482,0.005269204714221205,0.004088135989802436,-8.370571207522367e-05,0.009871368042447476,0.002678577186956087,0.0026238138762885166,0.000562621889338433,0.006586810240282716,0.0036082644126686275,0.002037919620303238,0.0018692757076443289,0.0001942923712466485,0.0063206834134082995,0.002514912984205704,0.0007410639546093755,0.0025577544313638997,0.0036550937484229637,0.0035732411741936426,0.001335122071520322,0.0034138469119808497,0.0018850369155212945,0.004542701592298214,0.0011984734411912487,3.8072179878048983e-05,-0.0008143850560531619,0.0022318090268031456,0.0029352484593073956
CALM,0.003294550906373147,0.0015272327256586498,0.00031635513657145265,-0.00023786587887379197,0.001435205715875611,0.0002688977998357081,-0.0005735778145849027,4.7170749927641596e-05,0.0002448565137168112,0.0011511748166065608,0.002807751930948743,0.0011304976094377902,0.0018628053846382318,0.00135715726726984,0.0002846952146408795,0.0012060490640808507,-0.0008283043412104351,0.0023586595113364154,0.0013169858835964552,0.0005223942251353059,-0.0005860259528946898,0.0007651764795611913,0.0009848439125264763,0.0002069816114899507,-0.0012567805036665788,0.0004164573807386911,0.0013939226081307347,0.0016329395933876742,0.00038383898298087916,0.0006244716123008335,0.0015774718585673754,0.0014029911361018476,0.0007158067617696665,-0.0016559710749888897,0.00046476606518000763,0.0011148915642503717,0.0007693031531520685,0.0010535618457284338,0.0012822174667927637,0.0011707333468100667,-0.0009047516190679718,0.0010464651209999478,0.0017535850265543605,0.000137741199633791,0.0010529884430565573,0.0017397156841419093,0.00019810466476387537,0.0007859083386822179,0.002051681150748315,0.0005431591442335366,5.358523303798166e-05,-0.00023686603000979632,0.0024881308369767243,0.001043401049501977,0.0020872691713669325,0.0010824820032379265,0.0016590887556303545,0.0005480605821893508,0.0016494774066743649,0.001179392536936844,0.0013273748448980834,0.0008999593304232759,0.0009240042248369126,0.00020478340302516277,0.003154998230025643,0.0005984005740019822,0.0018419270449200982,0.0008104327889861063,0.0005137474636814019,0.0018882938270821832,0.002136217202053815,0.0002405689855275703,0.0011934380444616913,0.00047940139322488843,0.002890236190102431,-0.0011973707857604093,0.00015716444844060803,0.003360195778094463,0.0014188934684316466,0.0008368178399361794,0.00262857262328791,0.0022684694888551035,0.0006974060477225579,0.0008389235066418175,0.0018383195756387048,0.0005395302251687,0.0008879063400191037,0.00034679171302553054,0.000928322402415074,0.0019259327037386169,0.0003653242111902934,0.0005177010252632366,0.00020293513682734213,0.0007396694426412496,0.002426089980940483,0.0020030505799988403,-3.500534728249248e-05,0.0006839569516197578,0.0013670059720740978,0.0003816798598437784
CBIO,0.005400261131624623,0.003246680339427805,0.0010979745651760544,0.002521659810855432,0.0026226304786854874,0.0005451425571594187,-0.000347237793430212,-0.0003775907661674944,0.0007313307178384581,0.0030263436165523204,0.0011304976094377902,0.003640533936886311,0.0025016707806918845,0.0022502047035848098,0.0047845144735064885,0.0022881822212147663,0.0039196044491136344,0.005668930227150672,0.0019209852604239223,-3.980599830960612e-05,0.0026760598547908325,0.0019111940600733933,0.0022795963840326074,0.0013791146180729562,0.006895783797689882,0.00021603868196317673,0.00205170093478724,0.002749755357752654,0.00048747298191560647,0.004759272648086524,0.004341134635232551,0.0033414969634410516,0.0017798937036281976,0.003204933276355104,0.0010935329739058636,0.0034222521467712785,0.0025143565302619517,0.0028315917337393675,0.0017251534150148026,0.0010344836276716914,0.0005077136963511287,-8.540785410062301e-05,0.003159298362374071,0.0003241241692115381,0.002776756376713989,0.003001422623976022,0.00206176781411592,0.0001616232627230174,0.009666544553146776,0.0007692363320022769,0.002794771639800332,0.0034774735564321187,0.004185407024236556,0.0013770642988547585,0.0037940564690526492,0.001175498917378928,0.0028404668359466295,0.00040179557267573765,0.0020379042328589657,0.000384194973365684,0.005144376893420786,0.0030877248300930976,0.009717661676665284,0.0025428922520466636,0.00566880863614346,0.003956489992337726,0.004311109429389841,0.0018720783032103194,0.0014114744894362966,0.0020925948595606004,0.001517135202581026,0.0008174886957720172,0.0030377286240685013,0.004411079875006369,0.0028281598383277508,3.3201413724251773e-05,0.012798728193065892,0.0028029722143359,0.0028004206155490823,0.0004750246318720703,0.007280290509190169,0.002671406312103798,0.0018429677143257058,0.0016733434462475867,7.627496365467352e-05,0.005869379938280521,0.0025827460695512674,0.0004316365857273963,0.002418001786135029,0.004077578321323541,0.003217884900477583,0.0013828136618118283,0.0027302602354441186,0.0017549511165664625,0.0040733097493948125,0.0015410721255440015,-3.120385735536448e-05,-0.0006941959549485482,0.0019160974757904533,0.0024687798734982177
CNHI,0.006239840776013538,0.0034325840667612604,0.001118590913501851,0.001764341695275682,0.0047543952002068466,0.0005201012348740542,0.000539661875076277,0.001187529448454298,0.0010440509880103965,0.003201963571472376,0.0018628053846382318,0.0025016707806918845,0.004263597745835506,0.0025100595269002836,0.003563096607198135,0.002831128542886116,0.0013561321779777748,0.008176128056813184,0.002190367692639016,0.00011001632116546995,0.002954108814734448,0.0021284237803482807,0.000258624596935576,0.0007023057260488516,0.00593998518906893,-0.00012297503264459286,0.0025737970085494047,0.0034235120762244158,0.00041135897377691757,0.0031824906476877767,0.00406959632973545,0.004922427972480732,0.001743135953986317,0.0032158996189618093,0.0008154318375106472,0.0033149575950969026,0.0028602010779022733,0.0025346664829177354,0.002128370013787572,0.0016806073075493972,-0.00011184986673944135,0.0010443506812723561,0.0048239419114859934,0.002411364843817279,0.002533460917464169,0.002837245476250026,0.002580845920769292,0.0014610706262913947,0.007824257068656281,0.0011296125687801294,0.0016744449944027238,0.003222217485254559,0.005198291944742827,0.0023880483101120114,0.00315374231804057,0.0018891122547560876,0.0032151799014305763,0.0010053211663489635,0.0020843892899407865,0.0006263801662009185,0.005311563662125361,0.00485527753377716,0.006885403054743157,0.002223142234004607,0.006276603933010147,0.003348350888782831,0.0025134165369740304,0.0018157908190565525,0.001407659457850652,0.003068632647133992,0.002421241650624476,3.827116073534999e-05,0.0036572954610262372,0.004751791925292446,0.0062093760330420005,0.0003200050041310014,0.004139762695060082,0.002312903663282018,0.0018647143588134737,0.0010633362067143594,0.0047851274786932805,0.004957271128774873,0.0021582317116878866,0.0020748722309016426,0.0012104816084023823,0.004746838979708707,0.0025280476247360926,6.613857038541094e-05,0.0024391902100647095,0.00393060501028661,0.0044482309716828115,0.001273527998573904,0.002521295223025653,0.0020404953798310492,0.0038925071366882487,0.002111614565484996,-3.172329605436557e-05,-0.0007009615211080343,0.0027533317391685405,0.002388414881675803
CTBI,0.008328487277183303,0.0042191765668311955,0.0036123206525063628,0.00146584947261518,0.003946298667611767,0.0002965648524267707,-0.0008690116234887135,9.679837664735215e-05,0.00022598029246353077,0.0024924473597848925,0.00135715726726984,0.0022502047035848098,0.0025100595269002836,0.005376094619498324,0.004564531680371465,0.0034777062849084208,0.0041922172471260885,0.004946579014911722,0.002359361249061687,-6.658879580875355e-06,0.0019065611573736965,0.0031295220755166026,-0.0017597614483902135,0.0020001944411528064,0.0057939796544361575,-3.802245459699658e-06,0.0038739156445106136,0.00342962878406381,0.0004735564395519042,0.005195908886038567,0.006977316843547966,0.0027305228002601606,0.002360636551540505,0.0018555096259151673,0.0007058848963398289,0.0017209150543532569,0.0035071350414829657,0.0035338709239755603,0.0015151256906502767,0.002186016338026627,0.002588832780288786,0.0026783438125548287,0.005178933474793615,0.0017763887238952665,0.003261071336605401,0.0020740944016560624,0.001055829805093335,0.0019039626848558315,0.007778997234360943,0.000535690511618969,0.004695347888130303,0.0025947984378544313,0.003528939386686398,0.0017690232667945584,0.003568266943056477,0.002613510105534043,0.004843785718358142,0.0016786131506678296,0.006661747634399989,0.0008065065702508996,0.002095112491348773,0.0025584752323920103,0.009245585597241198,-0.00031418489671513185,0.003938230315878194,0.004217900865407778,0.00534134108552123,0.0036847611417220594,0.0012593351446213577,0.004753368350689278,0.003227232512759793,0.00047706906329651337,0.0010320524837467266,0.005096831593865537,0.006190932382066601,0.0006438965939253411,0.005548044296901217,0.0035143323077951715,0.005062849443861937,1.801671870239758e-05,0.010078123121485887,0.003159997047157509,0.003174731614216437,0.0030511049958331198,0.0024492947152452405,0.005837443006700774,0.002546358897555293,-0.0026478161462524814,0.0032468673472114146,0.0030672287165826595,0.004040393904180552,0.0012553614190614645,0.0015488425387597158,0.002287971191079406,0.005654288164775534,0.005794432749438949,-0.0003749741966399191,0.001881531604996205,0.003459952428036334,0.004970460769855784
CUE,0.00936742353569435,0.005134868442645905,0.002318337351330597,0.0056466874796046364,0.003185412386017186,0.0005104343770016012,-0.00010386754690691319,-0.002152053192988082,0.0015238793357553095,0.00505373896999126,0.0002846952146408795,0.0047845144735064885,0.003563096607198135,0.004564531680371465,0.010925073658377589,0.0036637573433703093,0.007059967110775986,0.012655660268004371,0.0024522054161038643,0.0010916493944966822,0.005449538165384537,0.003024945747662745,0.0019349624561177789,0.0009010632524312327,0.01045130629852752,-0.0010235738469474708,0.003643252547668024,0.0034120861302880676,0.0005807177770930616,0.011638854295129954,0.007453656511363477,0.00472897234846947,0.0027383637225564584,0.009285729344242334,0.001451509291674591,0.0042109411929921675,0.003684900811786411,0.0038709872784493463,0.0021841914475603454,0.0003865715008382442,0.003140336875600871,-0.0013190052822216213,0.0026162087462959457,0.001748467064185806,0.004231447320431572,0.0037486192367546384,0.004785528748728885,0.00015582286552910416,0.018064706357815197,0.0005065626118031295,0.0035133914158097693,0.004330471054962768,0.007886032860926036,0.001983957815496757,0.006028257335353847,0.0017107657296593335,0.004563666426514223,0.0012188283784508628,0.005033860492596018,-4.543966714019011e-05,0.00974140379060539,0.008727744426383837,0.019394803651790877,0.0023091362984783387,0.00915087550529018,0.00966943453262327,0.007959338275138051,0.0036731768282796803,0.0012277761920482177,0.0040405710371875375,0.000994213393210634,0.0006479603519927663,0.002537176755392616,0.009875164473812871,0.006138069247305944,0.0023547224397701847,0.015618260248250554,0.003852275418575411,0.005842352902025329,-0.0006670236536328363,0.0124242408307905,0.003656813545465332,0.0027240177737781054,0.002330697287422939,-0.0017573642437524756,0.013035920823530672,0.00397013123684824,0.0005585440810718215,0.003968745731544671,0.0031283617847724554,0.005107170206823079,0.0017181818523746388,0.004673585499894736,0.0025482872308324575,0.007369041502943428,0.0006928629996755702,4.685011320282123e-05,-0.0011123746170414795,0.00240016306327745,0.004632897088812527
CUT,0.006154765379709444,0.0034051119717168014,0.0022574519207376274,0.00179471733933585,0.004165131255504396,0.0005230969694831277,-0.00022210622889065504,0.0006718099454388997,0.0003358959323380144,0.0025417680279848196,0.0012060490640808507,0.0022881822212147663,0.002831128542886116,0.0034777062849084208,0.0036637573433703093,0.0030453849670546668,0.0041047084079874506,0.00526230496981711,0.0022675903651967126,-0.0006129972908314881,0.0025431962857003273,0.002629856168107997,-0.0009297972754648788,0.001785366692693384,0.006142749850603331,7.948675891069228e-05,0.0029317487659735867,0.0031065793443684703,0.0004644144396270056,0.0032008260571938945,0.005419580016696204,0.0030699108628274513,0.001881895320593425,0.002524525050410485,0.000790565323052216,0.002639258573914614,0.0032630127261208597,0.0031300745477809452,0.0017116412137163797,0.002387994633647064,0.0013904878365626867,0.0018525767027386016,0.00516409717771948,0.001978777463271417,0.0028325472054362994,0.0027772491928923027,0.001446756051418895,0.0012968987069827585,0.0074346319127106325,0.0007535014991687751,0.003314470113011142,0.0035529109513896245,0.0032428137400883216,0.0018080406450606754,0.003080191913389738,0.0022039994554690664,0.00369351378988298,0.0014500872178795177,0.0034229498609099625,6.502461854799862e-05,0.002784178739840437,0.0026200595081517374,0.006920605901729449,0.0016452337713222017,0.004726167338293974,0.003609627084811791,0.0038081717181254362,0.002777436788347278,0.001220627718383017,0.0031338824393415537,0.0030298911611289507,0.0004515563801962561,0.0024374562327093416,0.0039024972942847576,0.004394931235972512,-0.0006285522678505345,0.006702992720130012,0.0028501403676945893,0.0030408791232117895,0.0004794922476201076,0.007322379880837534,0.003556760292054603,0.002711071801827031,0.0026277685174469806,0.002408164092286728,0.005150884001605204,0.002157397525459012,-0.0014357650432301596,0.002713360511814151,0.0026748015903400512,0.004352710092916163,0.001112091945511898,0.0021050598751536135,0.002146146001055997,0.003944778391412583,0.0039366300807609205,-0.00023627664208090792,0.0006651575209471927,0.0030615144222133563,0.003933273696373505
DDS,0.004538873533594031,0.003660660448470186,0.00488336652360182,0.006948351350002691,0.005383226245985907,0.0011736143332125822,-0.0007646023572759656,-1.8377344142750467e-05,-0.000964360594170579,0.002638331680947865,-0.0008283043412104351,0.0039196044491136344,0.0013561321779777748,0.0041922172471260885,0.007059967110775986,0.0041047084079874506,0.017637139180025053,0.004260097327371957,0.0021369340554648936,-0.00469086297145102,0.004835289005450388,0.0037094887301597525,-0.001380515230774254,0.0038751788910438983,0.010860311639452298,-0.0008109714542461057,0.003301999816968916,0.003038687339035349,0.0006271592957827531,0.010808849962673114,0.008677987459257096,-5.3317293076542864e-05,0.0022522817593265748,0.005573369405052971,0.0009304664612896104,0.004506707200431205,0.0048280489802677625,0.004902424538575671,0.0014592389106936545,0.004007466273863088,0.00471213908227442,0.0011937865533527153,0.007145797282401263,0.0016729093186267155,0.003260975500346308,0.00566594274930242,-0.0007482782019678705,-0.0012323525451336677,0.011698526317931727,-0.0011280753743667775,0.006973487486049568,0.007675081524817988,0.0012105205457787387,0.0007596324598729909,0.0031262898541396383,0.002279542784676797,0.004966124039651181,0.002353634654789316,0.0025555090499404993,-0.0030243853434271046,0.001262133108631662,0.0013559479926550401,0.011591542259595095,0.0024574102379487585,0.006237996983169437,0.007875131110007256,0.0062393591659365205,0.0037262794832499937,0.0006873717149659005,0.00423965694943495,0.004632234987921898,0.0006451836853958458,0.00016395426466340408,0.00426664751691626,-0.00043579321729344796,-0.0018998083543728629,0.012584414246615591,0.0024397048006865535,0.003554944334834207,-0.000904248686664149,0.013019780971619401,0.0012835833885194133,0.0037966354619840964,0.003698394457041942,0.004102954440633006,0.009970312187909473,0.0017375464739938112,-0.004618118731387943,0.0035492296459351497,-0.003364697455951032,0.008131025275804367,-0.0002934839249380873,0.0017099261091361164,0.0024807066203686437,0.002914106365191073,0.006011833750686706,-0.0006252479539931839,0.0014676527869663108,0.0035873725700471637,0.006026915232465432
DKL,0.012525618418453491,0.007042122400762949,0.0019664881993363627,0.005755722501313162,0.007251573982880996,0.0006933966709346714,0.0011180055860110795,-0.00026636316270424183,0.0029769793616044077,0.007613461030029168,0.0023586595113364154,0.005668930227150672,0.008176128056813184,0.004946579014911722,0.012655660268004371,0.00526230496981711,0.004260097327371957,0.024130198531820773,0.003763751936924072,0.001884535652715573,0.007243801835814462,0.003642106119396749,0.0035652620678567706,-0.001229452470976308,0.010276300871877754,-0.0022515724945401023,0.00525073193452204,0.0051757334988092995,0.0006931504984765206,0.015186528806445356,0.007781595951498474,0.010049551089110799,0.003382849022593707,0.010860834892954318,0.0015719221900119468,0.005107700289691963,0.004891160458000872,0.004247211583634424,0.0038772528839395395,0.001340216285857267,0.0018470494498795606,-0.0010399731595271222,0.005661120767623364,0.0041837302545907505,0.004776328332855633,0.006245853743286808,0.006521125968324126,0.0009876728340435417,0.021850040328908017,0.001336491164670093,-0.00142516050565033,0.0046173844464172924,0.013032184914544139,0.004188660059863073,0.006226898621371444,0.0026635277192692164,0.005853328852693285,0.0029691314799171285,0.0036634417191469667,0.00037208232121825266,0.014740878532119306,0.01617729296982649,0.020371863136440595,0.002661909715799144,0.015590053359279219,0.011437412779622373,0.008142023576274353,0.004203462648873351,0.0015031059518061,0.006694790212356084,0.002101381410289282,-0.0002813706224269928,0.004328259109016054,0.012886338802253499,0.013362653468597059,0.0028927718409409264,0.005786268799898785,0.005503542731639593,0.0058913500644650445,0.00036845194330099824,0.011225422189036912,0.009258588672452949,0.0033383264826323616,0.002969820163896653,-0.0017210877631419115,0.014651534814449071,0.00546501125666162,0.0017338036758695048,0.004921954982209932,0.005576790192457658,0.007210436073938237,0.0021761201175125662,0.0071102655715575246,0.0035483825646506206,0.0096565835000079,-0.00037452912100102595,0.00022386581756187861,-0.0029001814305957916,0.0040491561730562125,0.004533163865190711
