,ALCO,AUD,BCD,BCH,BIOX,BTU,BUI,BWZ,CADE,CMCT,CME,COLB,CQQQ,CUBA,CYB,EJAN,ELP,ENTX,EOD,EPC,EWK,FI,FIBK,FMN,FNGO,FORM,FXB,FYC,HBT,HIHO,HOFV,HOLD,HOVNP,HYHG,IDHD,JAGG,JOBS,KINS,LAD,LFEQ,LIZI,LXU,NEE,NFJ,NTLA,NUHY,OGEN,ONE,ORBC,ORRF,ORTX,PCSA,PEP,PHYS,PLAB,PMAY,PSEC,RBUS,RLJ,RNDM,RYH,SLGG,SOGO,SPHQ,TDY,TPIC,UHAL,USDU,VIRC,XLB,XPH,ACU,AGQ,AUTL,AWP,CMCO,DFEN,DXC,FGFPP,FNCB,FUND,GMOM,NHC,PSN,PYT,RIOT,SCHC,SMTC,TRTX,CBAN,CEV,KBWP,NBRV,PALL,RILYP,ROAM,SMPL,LTL,ZIONO,BKSB
ALCO,0.0006411772897118748,0.00017163935355544177,-4.8555014658763895e-06,-0.00021676501649984918,0.00045199805160655237,8.020578303798684e-05,-6.4478883446400255e-06,0.00010918665025497895,-0.0010574104185848683,0.0002793452973650591,8.19407961911137e-06,-0.0006759460054130157,-0.0004084879493383135,6.972900056118185e-05,9.761841134025354e-05,4.999377329845134e-05,-9.629263294317704e-05,-0.000737764906452541,-4.9592141778195326e-05,0.00011016622085536082,-0.0002753192265984702,-0.0004886544429773852,-0.0005581578324530414,0.00018029840443704252,-0.00021408939840605718,-0.0005002456197921931,8.415556126063051e-05,-5.756200796548446e-05,-0.00028287184986099,-0.00018014010675208262,0.0001477698943525974,0.0001850115341232047,0.00035595857584982135,0.00011755010714833067,-0.00012392717913505124,0.0001625031115617128,-0.0008575295330669571,-0.00040776716972634324,2.4619271148308988e-05,2.542994151083766e-05,-0.0004394434212385911,-0.00025423097245743075,0.00025853427531626505,-1.3511721957049417e-05,0.0007324537024095001,0.000132366579145324,4.221357765029655e-05,0.00011883791925602013,0.00010081062669248875,-0.00013526477188003597,0.0001662833999640852,-0.0008640544197354532,0.00023425553313945064,0.0001820097967076799,-0.0006837821427670342,8.584838288240346e-05,-0.00041867103279692405,0.0001423326373143326,-0.00013722763954840525,-4.357597718471477e-05,0.00013917302956391637,-0.0005696302211500433,-0.0011106605070100425,5.878534436475503e-06,1.9406507681695108e-05,-0.00010626513819779949,3.1919380704325294e-05,0.00019848307576495112,-0.0012787206787424684,-7.671066328648569e-05,0.00015524960528755143,-0.00026991787571715477,-6.340460540144319e-05,-0.0004706745023507041,-0.00023570446002017713,-0.00044660225233064124,-0.000277476253793306,-0.0008247680417159054,0.0002828815846545752,-0.00026210534589864013,1.6243140224607137e-05,0.00018382874454069177,-7.915526492986267e-05,0.00022270261916585422,-0.00024266224083701842,0.00017168388667524175,-0.00013552371610527094,-0.00034227461043505466,-0.00041377461894191947,-0.0005220691307261196,7.656348728648194e-05,7.808494296933295e-05,-0.00048728836807128813,-0.00029633481480620833,5.353665174028921e-05,-0.0001037598341432663,-0.0006772178939201231,-0.00011051265674085376,0.0001360459228514024,-0.00018835934714057375
AUD,0.00017163935355544177,0.017058445823851808,-0.00027438360980532706,0.002557506248464866,-0.003346233143297266,0.003618070928446961,-0.0005050578353989607,0.0001411386273580014,0.0034103284860980557,0.0015713988735683681,-0.0011817980110971403,0.00325975102804283,-0.00022482175978796013,0.001227015826962815,-0.0002196194244130113,0.00019128530723814925,0.0030782984760876404,-0.008684374937557356,-2.309271631347635e-05,0.0005187915431390768,-0.0002759146255144312,0.0019959228234612326,0.0026064437751614285,-0.00019880980757162918,0.0001835429286498065,-0.0003083801670493659,2.2281070350807356e-05,0.0009538788576749575,0.001253236751980329,-0.00024856708994480285,0.00032085182686729174,0.00018632984527389013,0.0007451875039476148,0.00018208063081234544,-0.00011635686288457713,0.00014995442478267146,0.0021552313529488074,0.0023419740088372,0.0028081512917637864,-8.9174558206618e-06,0.0013670429196363536,0.013143860603418465,-0.0016247882116855867,-0.00018346251536025337,0.001143768838861368,0.0003943566793371339,-0.0024637821710516536,-3.883436642657595e-05,0.005457929476640329,0.00182326734396298,0.004130680810123644,0.0013951636339207835,-0.00026179694992021607,-0.00041993745189625235,-0.0012741140530230387,4.810517601483439e-05,0.0013651986592249682,-0.0006386622368740172,0.0027081914084785916,-0.00023772969204167386,-0.0005214924463753348,-0.004633170132034913,0.0008936405177236015,-0.0001469125919088752,0.0006687379707509211,0.0012089255654123526,0.000982715278692184,0.00019309074620699033,-0.001869183336592102,-0.00013975433030436463,5.2783838809804594e-05,-0.0002110122598122555,-0.0037297590872947322,-0.00039977478722783564,-0.0008332912205201724,0.0014901046242114665,0.004769824384729161,0.0022989458035457214,-0.00035797476631459674,0.0030933775350469135,0.0006590975799471684,-9.81037787396522e-05,0.0011525873170519288,-0.00034924975755735283,0.0024830453049296667,-0.0011539124628780048,-6.589630205661787e-05,-0.0015480008270408654,-0.000454114730352404,-0.00021752960211471873,-0.00016856547079713153,0.0016847971472170836,-0.005970067286939618,-0.00022014686825307995,-1.8632560075306222e-05,0.00017708735763024666,0.0005836052130022318,-0.0002989560662354193,0.0005154386470600929,0.0023705663095984833
BCD,-4.8555014658763895e-06,-0.00027438360980532706,0.00011180940971475763,-5.111459367868871e-05,0.00010586150243999042,-8.865245631721184e-05,2.0429939676351183e-05,8.803872945792871e-05,-0.00033034201250959353,-5.538912811176434e-05,0.00011495463863156012,-0.00038465568028146535,0.00019885013767501086,-9.745715995679451e-05,6.667824472821018e-05,9.064054767575329e-05,-9.397148320903863e-05,0.0004403239708903746,1.7329367853719134e-05,-0.0001598755366355512,-7.248315204144529e-05,-0.0006899143038633581,-0.00030391467238208807,9.56014215596788e-05,0.0001226875656988864,1.9457569343003407e-05,0.00011143323992467881,-8.034292563310941e-05,-0.00012777841286833126,0.00014750645903346054,5.249800127740884e-05,6.828982580633749e-05,1.8871631814361954e-06,5.58614883826264e-05,3.49612108021821e-05,7.591135253761339e-05,0.00025788098545107647,-7.713585138658084e-05,-0.00016012783915495321,1.1790027497808147e-05,0.0002104044180610554,-0.0007159120087497302,-1.908541930294115e-05,2.3709789624319028e-05,0.00023744735150617798,4.943791036364929e-05,0.0004587441800858717,-0.00024049940099995105,-0.00046529322884354197,-0.0005524922669085218,-0.00016030802705077285,0.0009125248842518054,-7.052599268913493e-06,7.863263240306613e-05,0.000327354633347278,4.417500817941459e-05,-0.00016473505003431664,3.608074681206568e-05,-0.00010264739789268825,5.1168229197242405e-05,3.202218076871631e-05,0.00043544313291262615,0.00015524743748108062,1.4713029508941026e-05,2.1331560324706765e-05,8.006646655425222e-05,-0.00010484007378925485,6.251363044685474e-05,0.00010515628836365492,2.4654937282862842e-05,2.379323785826265e-05,2.6941293586627016e-05,0.00017366265463339704,0.0001396689750524497,6.546252758583157e-05,-0.0003571902451638813,-0.00045131340744303776,-0.0004860265598953529,8.298498290283644e-05,-0.00011184191679116442,7.902187094633361e-05,7.272820749533856e-05,-0.000153394045708696,7.791781130716525e-05,0.0001783221680339714,-0.0002444833671798402,2.1282669953250944e-05,-3.71563257721214e-05,-9.864875916699555e-05,-0.0002651997565158255,8.163352962872775e-05,-7.82774534131178e-05,0.0006132565612586926,0.00010981705433412479,0.00010547811251491788,7.244008126986534e-05,-0.00022980973888475013,-0.00011817066131179846,-1.6091202467440097e-05,-0.0002373350726615257
BCH,-0.00021676501649984918,0.002557506248464866,-5.111459367868871e-05,0.0005464777031779392,-0.0007494847354779458,0.0004977658664229207,-9.028116134529665e-05,-5.7102027482086095e-05,0.0008989867849431192,0.00019804660984345021,-0.0002751373774888055,0.0008170099950878392,0.00015834008775501482,0.00020171025243150112,-0.00010276845051592084,4.355413753098452e-06,0.0005376485015299573,-0.0011917153199367918,-9.567102768198592e-07,4.585484951446204e-05,2.6291959607425093e-05,0.0006620067549463295,0.0006738156229129966,-0.00012260623463604997,0.0001461303237927573,0.00020405299538267166,-7.077551116554637e-05,0.00017595077347295546,0.0002133432885313749,-0.00011145959512405044,-5.1531294173456656e-05,-6.496543198335933e-05,-0.00010417247068799257,-4.611167065665144e-05,1.1758800026763471e-05,-5.988354203470305e-05,0.0006070252771759405,0.0008388843294228008,0.0005214721965588063,-6.6623330166948085e-06,0.0003457181650202221,0.001970267511340109,-0.00035793935721497607,-4.75826411075736e-05,-0.00017146483922104416,-2.1348595048485681e-07,-0.00046703909229962507,-0.00021351542931063476,0.0006436730965555959,0.0008865559729246831,0.0006552314485231595,0.0008853687902758549,-0.00015476414825934875,-0.000136037280971897,2.4127268014916956e-05,-3.147520815046564e-05,0.00026579861282789,-0.00013969417205129917,0.0004619005352202611,-0.00010076227218994157,-0.00013390437967318112,3.5694542156866236e-05,0.0005537013874461855,-2.451899083604505e-05,6.656091437245222e-05,0.00023532015198586992,7.33280306205093e-05,-5.7843217359158126e-05,8.667552246512559e-05,-3.4015807977756084e-05,-6.136450842074598e-05,9.509685630963741e-05,-0.0004162042944985407,0.0003547377239938738,-0.00010700903016523345,0.0005481627843382754,0.0008756820322171106,0.0005393779128843402,-0.00020944861906978832,0.0005517100599123806,9.367760043859976e-05,-8.87227953725783e-05,0.00014367586910963323,-0.00014798255511639288,0.00046574452027262205,-0.0001301496416909611,3.07793778705685e-06,-0.0001001497151286926,3.0878713483320993e-07,0.00010865876236144925,-6.950849549445784e-05,0.00019603783913729124,-0.0002801839592749585,8.629507762807758e-05,-0.00010018857188336595,8.487565137004468e-05,0.0004860330726588478,7.12917311178295e-05,1.489862326182945e-05,0.0003688489351554726
BIOX,0.00045199805160655237,-0.003346233143297266,0.00010586150243999042,-0.0007494847354779458,0.0016854859456749435,-0.0003208113080164718,6.306777887745076e-05,0.00010754432427357101,-0.001161366197930607,-0.0004827304356538648,0.0005573031527998073,-0.0011825336896075338,-0.00012037656660005073,0.00011146320411283105,0.00010320824765235455,3.405689184285887e-05,-0.000490315717966848,0.001040090534807106,-7.782382628252529e-05,-7.470300875118547e-05,8.229394971757927e-05,-0.0002785574096811155,-0.0009398473448652365,0.0002489949367254706,-0.00036944586496395434,-0.0005457375580267917,0.00012788169536662145,-0.00038757103436387586,-0.0002633985882397808,-4.1904866540768534e-05,3.896977310201638e-05,7.928598855588259e-05,4.278610285670037e-05,5.3788368559849416e-05,3.695948028937962e-05,7.083851067208324e-05,-0.00022155178675066985,-0.0012622866431703402,-0.000930936291466798,5.280419695188123e-06,-0.00038618847839212174,-0.002231140328481129,0.0007419586926975327,5.282533475217531e-05,-0.00021420692810038017,-9.788786487491825e-06,-0.000666137203667661,0.00016061702674461748,-0.001167806328357329,-0.001054947141025067,-0.00037346003581593495,-0.0011917575199722878,0.00037217111736485544,0.00015241071239362005,-0.0005836125272400978,6.529919470406603e-05,-0.0009836530306178187,0.0002829433230367992,-0.0009275744984716283,0.00022827980268101114,0.0002901987716930688,0.00031043784850093374,-0.000591141132848547,5.770048375100787e-05,0.000154658205026198,-0.0005175076539727975,-0.00012414379600450594,2.573204587501258e-05,-0.0009888823713191312,0.00010817712518997767,0.0001152498741221139,-2.3733884606975695e-05,0.0002734102000392323,-0.0008334533654334865,0.0001270872374623867,-0.0008298771765255148,-0.0008428354106410478,-0.0013066713016975171,0.00039252876202922656,-0.0006615449781314742,-0.00013497885767251673,0.00011806342730588662,-0.00021672347529063396,0.0003372293696898145,-0.00014761500957654147,0.00016460898520551166,-1.3838738703818496e-05,0.00024839935493881587,-0.00039774501765702083,0.00011717017751920477,5.547006175016611e-05,-0.00025883301036017694,0.000473044254577474,-0.00026419274008326605,0.00020628638889003522,-3.6347974385431345e-05,-0.0008230494484526456,-0.00012027480928820505,-0.0001338651095474843,-0.000756662648045474
BTU,8.020578303798684e-05,0.003618070928446961,-8.865245631721184e-05,0.0004977658664229207,-0.0003208113080164718,0.0015151498396673065,-0.0003024482338052068,1.6910848115781156e-05,0.0008816539892137883,0.00020390339205666845,-0.00025859437061328774,0.0006955584491902551,-0.0001047614230217152,0.0006109920233666307,-3.5295096998017935e-05,-2.1459670819856127e-05,0.00026851827360718864,-0.0021767296904531786,-9.80980262203797e-05,-3.63972639394206e-05,-0.00011755145563389453,0.0010956428807030202,0.00044309885701207676,-5.609956296765557e-05,2.8124780931048496e-05,-0.00024689306665706695,-6.48846323356636e-05,6.762223897066918e-05,0.00029749713181294085,-0.0001806102209380402,6.399770815873797e-05,-8.406577311415011e-06,0.0003193781666296417,-3.5820938801052835e-06,-2.814026262477635e-05,-7.104886075975461e-06,0.0008759309123984207,-0.0003434632165514363,0.0001985944195246577,-2.245059036961769e-05,0.0005734769149337403,0.0033404488567179216,-0.00013252595324884982,-1.6729030184520883e-05,0.00022413469803197875,2.5848550418476277e-05,-0.0010600806288346871,-0.0001958583616878091,0.0013930303117082742,0.00032967280562164604,0.0007279443661784017,0.0010138041817854503,2.5379238882512806e-05,-8.114337553301428e-05,-0.0007773702503065161,-1.759893121948286e-05,5.753797088416819e-05,-7.70943802493552e-05,0.0002073244799353288,5.05020212445587e-05,-2.975223724311776e-05,-0.0017493459920135614,-0.0005443596097220407,-2.3991169502267868e-05,0.00018812737928239302,2.5645359136696252e-05,0.000196985564833253,-3.7504127879595285e-05,-0.001494289995005114,2.0580601468734548e-06,5.0170314880222424e-05,-3.19604072077126e-05,-0.0007721646899462125,-0.0007410930195019139,-0.00019390933238043503,0.00023045676981771934,0.0008522194178643388,0.0007536158146677549,3.990292851371423e-05,0.000701397465340108,4.7770022450756896e-05,-2.9235896322963622e-05,0.0003406170491079697,1.3392524818594533e-05,0.0007392239701514998,0.0015857449416066339,-2.034754266900721e-05,-0.00010757684899625329,-0.00019221103137153695,3.9352662819980636e-05,-3.8951122977055006e-05,0.00037248173054420664,-0.0030785692062089945,-3.3498978737821004e-05,-0.00013046196052695722,-7.518265560563689e-06,-0.00010872308842204071,-0.00013943418872205339,0.00012783140362150313,0.0003573678059884351
BUI,-6.4478883446400255e-06,-0.0005050578353989607,2.0429939676351183e-05,-9.028116134529665e-05,6.306777887745076e-05,-0.0003024482338052068,0.0001337634591506415,2.8483685387906496e-05,6.113656990238741e-05,-0.00011887613430029971,8.59013884050409e-06,-6.134476379840588e-05,5.020920648259439e-05,-0.00012418895122216656,2.1244692954071804e-05,4.500298664015189e-05,6.187231823812172e-05,0.0007625539573007865,2.1384492158866104e-05,1.2228527379700395e-05,9.325008397733147e-05,3.57906573540574e-05,-4.417046923055284e-05,1.933564981960732e-05,-0.00010248934033371924,4.6441201196555555e-05,5.4874375651130025e-05,1.629107135172422e-07,8.718479364003257e-05,0.0001453468875151702,1.9170523898851782e-05,2.7844885481360368e-05,-1.517438252775741e-05,2.1199430861877824e-05,5.327754789834412e-05,2.055689751242427e-05,-4.5466086379804175e-06,-0.00017769232414786352,8.988325933381817e-05,1.183870113128601e-05,-9.74616163697033e-05,-6.714403697557674e-05,1.2013292971273375e-05,1.4130964532564966e-05,-0.0001941000589156949,5.227353505793846e-06,0.00047559035810292597,6.469535474885304e-05,-1.7128213489544957e-05,-0.000310781033152447,-0.00021222495642318252,-0.0002920902631555812,4.681956969324505e-06,1.4393420672836261e-05,-1.8195796187222348e-06,1.761797827869077e-05,-2.5410410508792383e-05,-1.0221158122875752e-05,0.00012952445298246144,2.0675035735554474e-05,7.581462547812852e-06,0.00010536944445414227,0.00030525362028213724,-4.952758871396182e-06,2.106279665238851e-05,8.803667440244499e-05,5.534881636598298e-05,3.192851903420719e-05,0.00027217084152659246,2.928675198231061e-05,-9.944420823384525e-06,0.00010304088357711084,0.00010458469651899381,-2.4934859199516966e-05,8.712834893753595e-05,4.831545032423295e-05,0.00014174099316128895,9.101144443347814e-05,9.193288348381949e-06,-0.00018946374300853817,5.6888996642134274e-05,-3.1715954148684654e-06,8.7139049865093e-06,8.180071943813314e-06,-3.2051665499379944e-05,-0.0005582202872380393,2.0331127503825537e-05,-8.301520376165802e-05,2.0475802489498064e-05,3.701234844312069e-05,1.8794147394042708e-06,-4.120223037716376e-05,0.00029662192098065736,6.247700248940565e-06,0.00011105858677050559,3.9786381666991665e-06,-8.968018641494916e-05,3.877249688401642e-06,4.4495769777511793e-05,-5.453052841825469e-06
BWZ,0.00010918665025497895,0.0001411386273580014,8.803872945792871e-05,-5.7102027482086095e-05,0.00010754432427357101,1.6910848115781156e-05,2.8483685387906496e-05,0.00011231531548081715,-0.00032979691664551886,-2.1686031981339043e-06,7.926354029376485e-05,-0.00037669134084582055,7.870400124572204e-05,-6.816201019175502e-05,8.464428493088477e-05,9.61707902978786e-05,-4.7165933071587185e-05,0.00024078089466590382,1.1058992458061549e-05,-0.00011016863939907381,-9.337172178456633e-05,-0.000611685109206249,-0.00031641683365885476,0.0001121194914527565,3.818237965226549e-05,-8.81106853033642e-05,0.00012726685234567037,-5.60992511639801e-05,-7.06376235056293e-05,0.0001625487735058002,9.855101009813084e-05,0.00010564993090892158,0.0001264754778368429,8.341992845245516e-05,2.0175922862836384e-05,0.0001051815729710874,0.00014055708688544708,-0.00028300906557939735,-7.481227165868779e-05,1.4543007482068841e-05,0.0001383998131395328,-0.000214572759596827,-4.334449814660011e-06,2.5590173298528753e-05,0.0003488947424553766,7.565272139038021e-05,0.0004966456257952158,-0.00012699096055935393,-0.00013447182525823829,-0.0006868224788472136,-0.00011180892704645536,0.0005334907789553549,3.551670005110464e-05,9.330877063106503e-05,0.00010634431727348846,5.6340229164345194e-05,-0.00013839365512525382,3.106310176237436e-05,-1.1227356560851226e-05,6.047052278143348e-05,4.0554019906486505e-05,-8.303557341910138e-05,-3.4752694126883774e-05,6.865327049333817e-06,4.488738393092294e-05,9.414691948691884e-05,-1.899969609932158e-05,0.00010112536732142594,-0.0001421180285619832,2.2067731782638277e-05,5.110050730541946e-05,-1.4319530705733665e-05,3.7417582330453014e-05,-9.484120344605054e-05,3.1353749344374965e-05,-0.0003649540395527066,-0.0002925243651254851,-0.0003669759973028983,0.00012990941569122468,-9.948176118223845e-05,9.588301932514965e-05,9.010519519819914e-05,-7.822640227901509e-05,0.00010029092468144436,0.00016181728404404948,-0.0002212028209843326,7.786151007997652e-06,-0.00014800743328640453,-0.0001260016985656833,-0.00030121759621405886,8.320300744890188e-05,-4.2380819044099814e-06,3.323109338679324e-05,4.110863465679138e-05,0.00013367819722337153,3.403327827490048e-05,-0.00037259749381319727,-0.0001521973723227719,5.024944094489466e-05,-0.00014536961093387197
CADE,-0.0010574104185848683,0.0034103284860980557,-0.00033034201250959353,0.0008989867849431192,-0.001161366197930607,0.0008816539892137883,6.113656990238741e-05,-0.00032979691664551886,0.004235490623781627,-0.0005627899192797268,-0.0005331449047755369,0.003036464207221622,0.00029532186263799486,0.0005686200867362536,-0.00038076325012300635,-0.0001948245883611213,0.0012933140159593645,-0.0003111807025098961,-1.0986075853939095e-05,0.00031464132773944176,0.0009857800164174652,0.004467083816839311,0.0023946580777777656,-0.0005782166738662732,-0.00034236975091136166,0.0006623525228802173,-0.00034133398917152874,0.0004071657793212684,0.0015695935578366271,0.0001096617809437635,-0.00030722049467993176,-0.0004563229012351834,-0.00045597840416151773,-0.00030863608765952964,0.0003005387916302148,-0.0004628187513402705,0.0020904509855524164,0.0002882333370902354,0.00100298487018366,-6.635614077024943e-05,0.0005335185685511047,0.006525146375686542,-0.0005111079745693334,-3.419235231045903e-05,-0.0026730528669625456,-0.0003279179124295777,-0.0017049469651234423,0.0004748488043943486,0.002593598427832057,0.0013631836099730645,0.0007256440459889745,-0.0010784083263810354,-0.0003214473257175783,-0.0006538590516735671,-0.0007117190421776535,-0.00023351849827141276,0.0010366266429493185,-0.0004800727512959544,0.0012308653473795004,7.329494317569437e-05,-0.0003470731047528672,-0.001531379265584086,0.002373882438531732,-8.969792673882277e-05,0.00031871798291073814,0.0002702249919362149,0.0006664487609768528,-0.0004996389386059872,0.0011565458680649783,0.00019330041907569194,-0.0003338293293711812,0.0007745527743650796,-0.0011950973282198174,-0.00043769111855936603,0.00029710793843238455,0.002320679213750243,0.0036282430185143287,0.0037969773068564647,-0.0006913029025467612,0.0011201314944107252,1.3497005306295923e-05,-0.0006077760730566781,0.0010028082606806704,-0.0005727739622156777,0.0009222836608692201,-0.0002630474849646482,0.00023537658800646582,0.00032563623173400294,0.0007341290283959745,0.002057375176283576,-0.000447846059716534,0.00041151331633680047,-0.002919450873498258,0.00012879156059554116,-0.00011700942629338632,4.93249851934668e-05,0.0015454987467103103,0.00041351012120989874,1.8499132657361418e-05,0.0014109121573226335
CMCT,0.0002793452973650591,0.0015713988735683681,-5.538912811176434e-05,0.00019804660984345021,-0.0004827304356538648,0.00020390339205666845,-0.00011887613430029971,-2.1686031981339043e-06,-0.0005627899192797268,0.000562811835709633,-0.00021871252268718106,-4.935463767025941e-05,-0.00028948694562163914,-3.7704790418841054e-07,8.13611672965571e-06,-1.9200909454504973e-05,5.577407584770287e-05,-0.0015129395384604883,-1.6726015647095403e-06,0.00012187312551216269,-0.00034448033948477187,-0.0005771788848286148,-2.8745368362339956e-05,1.4498394351579807e-05,0.00013091962712996196,-0.00012087591773403934,-4.175464408124437e-05,0.00013228441829491084,-0.00027822065017958745,-0.00025809388269467444,5.9666863119707556e-05,8.025964646787887e-05,0.00019285460436876942,4.471816164819058e-05,-0.00017339816263437015,7.472193596004054e-05,-0.0007736619364003448,0.0006505479462604089,0.0003459023739366702,1.0322112613009565e-05,-0.00018262120751317982,0.00017204867292125185,-0.00015194728974579999,-5.236641991003752e-05,0.0008669428910155959,0.00010229994480430584,4.490947289788089e-05,-2.8123804341816555e-05,0.0003193771002872995,0.0007361133904295398,0.0004263803618100123,3.0458471335243444e-05,-1.0973323297674232e-05,7.239175366706451e-05,-5.6407573319449245e-05,2.219059764742506e-05,0.0001565747219120855,4.275544896971577e-06,0.00015708215055907184,-0.00019108412926568708,-3.575044372362515e-05,-0.00024108567467753098,-0.0007892608966760233,-1.1868474351129786e-05,-0.00012719882751438606,7.12594798070028e-05,-3.1334270198157036e-05,0.00012047824637757976,-0.00048322222307801136,-0.00015264172755386255,6.62351662917315e-05,-0.00031595358895968327,-0.0001294795455137624,0.0002815865265790842,-0.0003134398849807594,-5.499678151063757e-05,-0.00016280828216046024,-0.0003427146281670985,7.4608115131653115e-06,0.00017998672940254805,8.071388673346272e-06,0.00010135265143795165,-5.8223380689121124e-05,-1.6446348938706111e-06,-0.0002460285762853123,0.00026427108466722056,-0.00012287554782707233,-0.00028297369510380026,-0.0001270687735418648,-0.0005391792214228655,4.124343334770232e-05,0.00015011078925193568,-0.00013196650842139132,-0.00010606516959274831,-0.00015587826726212197,-6.040455579359783e-05,8.782869874600431e-06,2.9653716553071865e-06,8.7970335032826e-05,0.00013994772348253746
CME,8.19407961911137e-06,-0.0011817980110971403,0.00011495463863156012,-0.0002751373774888055,0.0005573031527998073,-0.00025859437061328774,8.59013884050409e-06,7.926354029376485e-05,-0.0005331449047755369,-0.00021871252268718106,0.0004703396546734944,-0.0005487888479045331,8.87853118851575e-05,-9.379391855211909e-05,5.037001413355442e-05,3.226986151492483e-05,-8.735380900197437e-05,0.0002687997747995363,3.356752104804202e-05,-6.917018724597216e-05,7.871181004203162e-05,-0.0009577307198221944,-0.00037071463612995835,0.00013151811360683776,1.5753737427666047e-05,-0.0001536597710598408,0.00011807681410694836,-0.0001456887598886603,-0.00011604761729552848,0.0001620644784618102,2.607365860111687e-05,3.2792029159746395e-05,-8.674431998369741e-05,5.093227351268339e-05,3.34612660207148e-05,4.001416493534265e-05,0.00012958277382101922,-0.0001617242999642873,-0.0005613408534878912,-9.363333001198534e-06,2.63479123898248e-05,-0.0014129842686197147,0.0001619524772445781,3.874449029757458e-05,7.12607250563154e-05,1.7679881330226248e-05,-0.0004913028775653457,0.00019198846788024597,-0.0007911090503805365,-0.0010008074465057157,2.577551899900092e-05,-0.0005049350380489985,9.844089732018094e-05,2.3992680527224725e-05,0.0004238641052635717,2.916892271652802e-05,-0.0001615453064424977,7.883765677868915e-05,-0.00042055196095541726,0.00017455808638774082,6.124408114970497e-05,0.00024072453898191243,0.0002535947369915491,3.804849390572732e-05,8.612160286044806e-05,-0.00019126693173434728,-0.00010093471067938063,-6.084956638774322e-06,0.0004213334285067874,9.273998825956333e-05,2.1028476585948802e-05,-8.512559450364901e-05,-0.00013756989529242885,-7.702663750963775e-05,0.00015534067914761227,-0.0006479681176819853,-0.0006293428428209611,-0.0008010436306796891,0.00012292172165247558,-2.5348534280020787e-05,-5.525750690871373e-05,4.4472620547386375e-05,-0.00014470841916690153,8.607901192508382e-05,3.9436609009441435e-05,-0.000743408690570092,7.529270086267424e-05,0.0001902902221304225,9.133420523811703e-06,0.00011964561640199948,5.2293503234076205e-05,-9.96929682809922e-05,0.0009217136410141354,-3.3858816971425244e-05,0.00017987368146094056,5.668804324014883e-05,-0.0002104492245261713,-0.000131706316863417,-0.00019210032762183895,-0.00025176028193967643
COLB,-0.0006759460054130157,0.00325975102804283,-0.00038465568028146535,0.0008170099950878392,-0.0011825336896075338,0.0006955584491902551,-6.134476379840588e-05,-0.00037669134084582055,0.003036464207221622,-4.935463767025941e-05,-0.0005487888479045331,0.0025979106038307186,-0.00011044395013458815,0.0005092446956881978,-0.00038385450142076075,-0.0002764365298992129,0.001111430677529342,-0.0016765543220605542,-2.0014843543875195e-05,0.0004929860057867551,0.0006400519946931455,0.0035635789592425374,0.002107041161664316,-0.0005297989019235245,-0.0002582117015218311,0.00044475008334388805,-0.0004232367572317036,0.00044489124714880277,0.0010399969249968383,-0.0003121693683757263,-0.00030858819946343963,-0.00040648812718930297,-0.0003870546135389684,-0.00029200440057399585,7.497126554161441e-05,-0.0004168547559426008,0.0007736071589450065,0.0010538737585813382,0.0010084695360938522,-6.136144590043363e-05,1.1451981298155433e-05,0.005024238327289184,-0.00042279021938671857,-9.438205772213074e-05,-0.001843472728210703,-0.0002600340108019573,-0.002116400030373755,0.0005945561966245064,0.002185299508790837,0.002289476339102046,0.0010847352444495664,-0.001859445265957164,-0.00024727506209641295,-0.0005546827863332788,-0.000710993236556983,-0.00022077803665216793,0.0009893481986049414,-0.00037057598479396485,0.0009653030722220936,-0.0001313848931883747,-0.0003160271003303336,-0.0011503679897679872,0.0013028241452260891,-7.605422873825964e-05,0.00012465039635137882,7.30442621525397e-05,0.0004948238935550588,-0.00041235068388904974,0.0007272547358091437,2.2467979620002423e-05,-0.0002575484748682184,0.00034078547256109884,-0.0011185933689978945,-4.519061348469975e-05,-3.0342048270543072e-05,0.0020437340054872267,0.002925598444093802,0.0028273244539997137,-0.0006452374588742107,0.0010845629334966596,-0.0001229024479552298,-0.00048620439873007615,0.0007825195456227577,-0.0005314477564976662,0.0002909080170236224,-2.4884550674793313e-05,8.301995015587419e-05,0.0002471149226246431,0.0005838364080860218,0.001590774383734327,-0.0004111318605965801,0.00041177976380328736,-0.0020482798111569026,-9.123787711089866e-05,-0.0003224375889789824,-4.423670663980873e-05,0.0015883709151412956,0.0004936511972216722,-3.153218793924251e-05,0.001296957522821668
CQQQ,-0.0004084879493383135,-0.00022482175978796013,0.00019885013767501086,0.00015834008775501482,-0.00012037656660005073,-0.0001047614230217152,5.020920648259439e-05,7.870400124572204e-05,0.00029532186263799486,-0.00028948694562163914,8.87853118851575e-05,-0.00011044395013458815,0.0007004785795333252,-0.0001075744373653068,3.035638204402903e-05,0.00015838135157769775,3.5389672839317346e-05,0.0011943786499895332,3.5055800672467294e-05,-0.0003629824194517116,6.536771751720605e-05,-0.00046678495848143667,-7.31958646383959e-05,4.313253283989134e-05,0.00032438700609757143,0.00038471387231633924,0.0001350598968049046,-0.00010508857242821165,-1.1161480907087263e-05,0.0002948094098324969,-2.3068475865547478e-05,-4.22702665382954e-06,-0.0002715072824993733,8.135537203586264e-06,0.00016622160943383226,2.218893495733627e-05,0.0012375224152200315,0.00024073539874388552,-0.00013750848641135523,1.2257233125204797e-05,0.0007111513382070465,-0.0006224405457549211,-0.00020885566680435487,3.3795907252087764e-05,-0.0002512863906686141,-8.539779785200171e-08,0.0007272473795838609,-0.0006962597417432282,-0.0008419529739785614,-0.0005110756239913141,-0.00027319949240054754,0.002619237274640713,-0.0001696071622875364,1.2083252344073352e-05,0.0008040885065271492,2.877496382483731e-05,-0.00019848534123266236,-2.8484201452529182e-05,-7.055050849134657e-06,7.761405567906861e-05,-2.3724902039892547e-05,0.0014636824617456723,0.0011319638050598631,1.7828668815819658e-05,7.510699896065436e-05,0.0002721488781536575,-0.00020537766595700688,-2.0448912925605522e-05,0.0007241768184036162,8.224972412674676e-05,-6.319806870076995e-05,0.000330057608702768,0.0003834739160379262,0.0006012077954390921,0.00022884825068933447,-0.0001431203017451682,-0.00030990913852292347,-0.00031562050327598617,-5.581783951421095e-05,-3.4850207418627616e-05,0.0001811534371961305,-2.977939764458872e-07,-0.00022082588810673408,8.645718846830649e-06,0.0006615800447477395,-0.0005021875735065621,0.00010045106864645648,0.000101688074558497,-5.866712142932585e-05,-0.00013796655952089405,7.499561704109725e-05,-0.00018231636542626137,0.0014851164935230686,0.00039152449173655076,0.000138483745512323,0.00023014300485537842,6.325173837075396e-05,-9.837704493076363e-05,-8.778278652305142e-05,-0.00033878752399189524
CUBA,6.972900056118185e-05,0.001227015826962815,-9.745715995679451e-05,0.00020171025243150112,0.00011146320411283105,0.0006109920233666307,-0.00012418895122216656,-6.816201019175502e-05,0.0005686200867362536,-3.7704790418841054e-07,-9.379391855211909e-05,0.0005092446956881978,-0.0001075744373653068,0.0004296529209685901,-9.657674608687667e-05,-6.171420164654596e-05,0.0002933617417780641,-0.001215631038763359,-7.85662048481598e-05,0.00011572584108778906,9.285194271247554e-05,0.0012078933122791867,0.00040063873022351505,-6.640277764259349e-05,-0.00015535063673711598,-0.00016641679501900927,-0.00010597841506405765,1.771427115636688e-05,0.00018219133260812415,-0.00029281391003859396,-6.218136319125376e-05,-7.709051268608054e-05,-1.616572067685713e-05,-6.402875169986077e-05,-8.099086105750087e-06,-8.217007862750843e-05,0.0003385603558505993,5.725780946856172e-05,0.00010913241737682089,-1.682842548916928e-05,2.558771198433593e-05,0.0016279950505277785,8.61944789283825e-05,-3.6836549636534695e-05,-0.00041479221848042986,-4.639195231010045e-05,-0.0013157169492913796,3.247226478367334e-05,0.0005338662436868345,0.0007810641055954248,0.0006040349552387733,-0.0003512525954652081,7.17614142907214e-05,-0.00011195006446221867,-0.0007039359939916931,-3.4549691404085234e-05,-0.00016471926569546665,-8.053611452598332e-06,2.273055136987751e-06,-6.830070280264158e-06,1.0489581579633382e-05,-0.0004205715528417449,-0.00010805817618935972,-6.270421261073227e-06,0.00014430076000243643,-0.0001431659935042838,0.00010331592174716917,-9.862203960988699e-05,-0.00084399454109947,2.425063505665961e-06,-2.4711156409700343e-06,4.2317269874712694e-05,-0.00045051977049580694,-0.00036800756048873924,-0.00012065020599004333,0.0003750237652546137,0.000792122025119011,0.00029651343790322923,-3.4771892676974484e-05,0.00032574515559802313,-5.440639831647259e-05,-7.820270726879939e-05,0.00018475849945162647,-8.55171401121232e-06,0.00029573268820567696,0.000569931414538107,-3.134496115540766e-05,7.220828895964907e-05,-0.00017075686301700987,0.0003669914890163604,-0.00010412887188307517,0.0001507605025659614,-0.0010372576961690798,-0.00015518323296742775,-0.00010579769800618481,-8.743851763336536e-06,0.00016041357341305864,7.766528084254157e-05,-2.3066882780467815e-05,0.00015255875002103013
CYB,9.761841134025354e-05,-0.0002196194244130113,6.667824472821018e-05,-0.00010276845051592084,0.00010320824765235455,-3.5295096998017935e-05,2.1244692954071804e-05,8.464428493088477e-05,-0.00038076325012300635,8.13611672965571e-06,5.037001413355442e-05,-0.00038385450142076075,3.035638204402903e-05,-9.657674608687667e-05,8.148022100350102e-05,6.402345549719313e-05,-0.00017274759466087984,0.000366333726714372,8.606213496919195e-06,-0.00010484776699046084,-0.0001109628595798835,-0.0005726783578939989,-0.00033501339709984557,8.75621372018777e-05,4.474147126796767e-05,-6.19521499165285e-05,9.156424049656943e-05,-5.5948461977867074e-05,-0.00010341949757081305,0.00013226175453352315,8.165119135655917e-05,8.601006752965202e-05,0.00012978929403197203,6.472722961840267e-05,2.332216898678361e-06,8.646567258939215e-05,-2.6674314942844318e-05,-0.00032874924150750473,-0.00010827168848887542,1.2170955698122923e-05,7.569451091830236e-05,-0.0004621926504252426,2.083772299210916e-05,2.5354642694278163e-05,0.00035824366749204287,5.545666321602074e-05,0.0005912361353895544,-0.00010787536022967169,-0.0001524617527087112,-0.0005780751964695006,-0.00024646629006370703,0.0004575276527909252,2.639848335609157e-05,9.810150106352784e-05,0.00010742059256417341,4.231093147895799e-05,-9.469836002821802e-05,3.683100602551166e-05,-5.732908699591209e-05,4.01163440776112e-05,4.085181234936798e-05,-9.243179046901085e-05,-0.0001971952815877398,5.610332614020734e-06,-1.0862462908584483e-05,5.660231742014431e-05,-3.521351809877957e-05,8.761883930402012e-05,-0.00012632239203188067,6.6625722652543064e-06,4.615943530805693e-05,-3.403740822392378e-05,0.00015534094928325252,-8.247941250927268e-05,2.455008170664968e-05,-0.0003283964652975336,-0.00040606407475763924,-0.0002790636555080112,0.00011679005363868465,-0.00016327377464844895,5.8020282395864854e-05,8.323063176696124e-05,-8.181793817685985e-05,8.572620957986529e-05,1.7111144239698665e-05,3.980502990740657e-05,-1.683883163877613e-06,-0.00010288696569756856,-6.998299662666777e-05,-0.00030277084958672747,7.874238131570934e-05,-3.3843450501808005e-05,-3.5830281539668167e-05,4.678996151158257e-05,8.166563986654138e-05,4.003522631190862e-06,-0.0003322930970763405,-0.00012035867450440731,5.585944555260892e-05,-0.00015246717714217475
EJAN,4.999377329845134e-05,0.00019128530723814925,9.064054767575329e-05,4.355413753098452e-06,3.405689184285887e-05,-2.1459670819856127e-05,4.500298664015189e-05,9.61707902978786e-05,-0.0001948245883611213,-1.9200909454504973e-05,3.226986151492483e-05,-0.0002764365298992129,0.00015838135157769775,-6.171420164654596e-05,6.402345549719313e-05,0.0001056263528308455,2.3759014350315773e-05,0.0003310632308990066,1.0560148374371885e-05,-0.0001177740500087287,-6.533995365118565e-05,-0.00045560469709792336,-0.00022687217446104932,9.115965562942227e-05,5.629006941559213e-05,-8.443490754490697e-06,0.00011659940447814442,-4.4683688976360764e-05,-5.435197534239146e-05,0.00014327159182991262,7.168948173578062e-05,8.684646031465566e-05,5.43761489414049e-05,6.621756701375387e-05,3.834581843120257e-05,8.792399300011863e-05,0.0002578525502827592,-0.00011539996369351316,7.697009100795918e-06,1.7077475220094734e-05,0.00017463492719927562,-0.00014001557764618626,-4.284983233078593e-05,1.7222546964960803e-05,0.00020774628332824593,6.436306433296042e-05,0.000524009137390251,-0.00022019422531312281,-0.00018855049792896892,-0.0004764018348833856,-8.65729904108011e-05,0.0007852646747154462,2.3940835565371897e-06,7.542419278045629e-05,0.0001349414939815194,5.17235821046874e-05,-0.00016360861403097001,1.7869329957347528e-05,4.494106427735569e-05,3.324912338851856e-05,2.7179014738511432e-05,0.00022646758382715746,0.00015948592699833794,4.915631614456587e-06,4.931866284373406e-05,0.00014023125744444512,-3.53445631532289e-05,8.578550475325398e-05,-5.603793212790454e-05,1.7763857227297053e-05,3.101071916743567e-05,5.1296000318355996e-05,9.180402968414994e-05,4.779319048191119e-05,3.4886059106443194e-05,-0.0002376243970664929,-0.00017120083431248955,-0.00033221920610067643,8.455540286224959e-05,-9.671019949923747e-05,0.00011713042446006418,7.112262230252597e-05,-9.252341947160728e-05,7.925911530208431e-05,0.00022623854793607005,-0.0003197209055927135,7.3102108338620175e-06,-0.0001439576759315671,-0.0001434968995440653,-0.00027468169734324726,6.963639137038704e-05,-2.1992319435128487e-05,0.00031476047181450573,7.489571954287253e-05,0.00012201270927356665,6.116051990474315e-05,-0.00026878774032816085,-0.0001136449769136951,4.366661608167768e-05,-0.00015249194274726417
ELP,-9.629263294317704e-05,0.0030782984760876404,-9.397148320903863e-05,0.0005376485015299573,-0.000490315717966848,0.00026851827360718864,6.187231823812172e-05,-4.7165933071587185e-05,0.0012933140159593645,5.577407584770287e-05,-8.735380900197437e-05,0.001111430677529342,3.5389672839317346e-05,0.0002933617417780641,-0.00017274759466087984,2.3759014350315773e-05,0.0012546549779282271,-0.001644842748103131,1.740432934920562e-05,0.0003469404572418215,0.00035986416513482877,0.0012171075149903594,0.001023209068199405,-9.648770733041967e-05,-0.00023597145984004475,-3.535234225461291e-06,-1.9672751963925424e-05,0.00024379012273522752,0.0005312556715987788,-9.582083458516683e-05,-5.971963351415447e-05,-6.0940911586222885e-05,-0.00022042307115301493,-2.5469818758306836e-05,6.931663277687759e-05,-8.009567118552275e-05,0.0006400211588247995,0.001060163691733249,0.0007554257417895914,-8.37977681452199e-06,-2.9705640061005785e-05,0.003097667510779775,-0.0002799484258124399,-6.71404825876463e-05,-0.0008051597263190524,9.87838119738295e-06,-0.0015771826974834951,0.00037060201442953974,0.0009683892993307061,0.0007908123657762768,0.0013555983712896559,-0.001388947797158694,-2.2839056793222343e-05,-0.00026305128619955536,-0.0003821356866314684,-1.809545810995444e-05,0.00021491000081632982,-0.00017234224784199944,0.0006996114025930732,-3.24626167586312e-05,-0.00014024737069672072,-0.00024127879556317658,0.0013277026826239878,-2.7170316028885196e-05,0.0003044560585426989,0.0001871794311168441,0.00030787108234923716,-7.914728489753302e-05,0.0003391605223137116,4.203609756084591e-05,-7.866387146143364e-05,0.0001468318907917704,-0.0011478280274788443,7.311389746150247e-05,-6.315452375256649e-05,0.0007488423767505788,0.0019266045693489924,0.0005239617536484379,-0.00023244130460668867,0.0007488253472421073,0.00010874082990081421,-0.00016242290387432384,0.0003229318949545848,-0.00016848514317664777,0.0005907984290948595,-0.0019046798549517115,3.979682867334976e-05,-0.00020460843253286117,-6.15588115899516e-05,0.0006904546733883496,-0.00017722743199393345,0.0003399650415037592,9.9639017221543e-05,-0.00020894781460941477,0.00011788947865325333,9.930823093161682e-05,0.0005667696219304706,0.00013250640793869938,-5.920524002029224e-05,0.0006498135234533647
