,AERI,AIQ,ALXO,ATGE,BAM,BCH,BIS,BPYPP,CAI,CBNK,CELP,CMSC,COLM,CURI,CVLT,CYCC,EBMT,EFAD,EQX,EXLS,FEMS,FNLC,FUL,GBIO,GILD,GILT,HFBL,HNDL,HOPE,HRZN,IBHD,IFMK,IGOV,IUSV,JKS,LEG,LSLT,MJ,MLHR,NERD,NNN,NRGU,OPINL,ORC,PBCTP,PBEE,PBLA,PLIN,PROS,PROV,PVI,PXE,RBA,RTLR,SCHA,SLGN,SNY,SOS,SPIP,SPXV,TAST,TBT,TPTX,TREE,UGRO,UNP,UPH,VBF,VOE,VOYA,VSMV,VXRT,ALIM,BRLI,CPAC,CPLG,DHX,DISH,EFZ,EMQQ,GFF,HYGH,IGMS,KIM,LFT,MNP,NGG,NIU,NTLA,QLGN,SBSW,SMLP,TBB,WIA,ACWI,BUYZ,FTSI,PBR,TILE,TRX
AERI,0.0009490857452016774,2.1010472009565582e-05,0.0007504182725834947,-0.0003514323799388058,-2.6430741365488703e-05,-3.315166538599001e-05,-0.0003168958989870356,6.349043185006451e-05,0.00016024948341898215,0.0006807701685768355,-0.00018880281929865947,2.986888831111636e-05,4.791301193020291e-05,8.97260604397484e-06,9.816752923563014e-05,0.0004175485226737446,8.239388780197853e-06,-3.688875910294026e-06,0.0007409083116218237,2.5204035936253998e-05,-5.9767556270066955e-05,0.00027117076059125593,0.00012033265317252117,-0.00017735625014830465,-0.00014504350679747036,0.00018154055001464939,0.0001841501894970777,-2.0894147597573303e-05,8.147855543657118e-05,7.273054734361923e-05,4.765190287084019e-06,1.7283394959380295e-06,3.6056678435037677e-05,3.8542533586398534e-05,0.00012082342664024694,-8.819888928171277e-05,5.278803735919153e-05,0.00019668497924190447,0.00016133006256856562,9.842308727361852e-05,-0.00010916569996289199,0.0005929863953924495,6.855136447430548e-06,0.00024212901170015915,0.00017054367491001733,-9.091386330156668e-05,-0.0006547992120365723,-0.0002871695102812115,-0.0001208965008095392,4.978841042453443e-05,2.80913014367464e-06,0.00042092511842228494,0.0003704858473814678,9.502055552128045e-05,0.00010049379022595335,8.015973859419332e-05,2.9737549422794753e-05,-0.0004514125561746329,-3.704582930195093e-05,1.936031718300231e-05,-0.0001944006675684574,0.0002139850845594647,0.00010710300353126894,0.0001106124824686446,0.0,-2.5087041596203057e-06,-7.687945916011356e-07,0.00019244707423322595,5.338478544165325e-05,3.3902869429170004e-05,5.507223526096903e-05,-0.00017891384804579196,9.838889117133401e-05,-2.3838957648017842e-05,-6.927168641021509e-05,0.0001344419620940063,0.0004964193874905523,2.449402359558006e-05,-4.706397105078422e-05,-6.626158539599349e-05,6.689442315480941e-05,1.1823108796680417e-05,0.0002558697234492916,-0.00022069736565062513,0.0002319984175741755,2.006103510049226e-05,2.705388037897318e-05,-4.772400651679762e-05,0.0003923207750680984,0.0006021846070471744,0.0008621478380723572,-0.00047282698419268913,7.4829005230068655e-06,3.4504429407090703e-06,2.3338939145044947e-05,0.00010963440982217594,0.00046456080408837806,-3.340796037418747e-05,7.536859888080264e-05,0.00022894289895692265
AIQ,2.1010472009565582e-05,9.94309835694881e-05,1.946016798543784e-05,-4.6115640393638585e-05,-6.159417172351032e-05,2.2121066205700045e-05,-0.00018565311793409368,0.00010340136686642702,2.5197923342470997e-05,-1.823164509197644e-05,-3.1228052797650666e-06,-8.773399053081988e-06,-5.946642754263025e-05,4.869704132176379e-06,1.2477060365359854e-05,2.4548015426908075e-05,-5.1115952997044805e-05,4.738682060358699e-05,0.0002409813351458327,-3.6081559153823565e-06,-3.204792212899917e-05,3.4549986799171985e-06,-2.8960203397871717e-05,-0.00011888743969552675,0.00010022703868517976,-6.161726746133282e-06,-0.00013993717946467096,1.827536444952467e-05,-7.024431804562127e-05,-4.179239501282674e-05,2.8389664251121032e-05,0.0001923120183617973,2.7254737287071815e-05,1.63970646973346e-05,0.00018026105276409813,-4.5009204949343116e-05,4.881971642467043e-05,4.219129067528062e-05,-9.423807663620986e-05,0.00013234480897162442,0.00012907828037382697,9.321914039416911e-05,1.1614601912720567e-05,3.386132728782863e-05,-2.5243753789045938e-05,4.394995353719208e-05,-0.00039228237478850794,-8.179009303233665e-05,-2.9916379563832658e-05,-4.6024643458899084e-05,-2.679285963813993e-06,2.0299451854247286e-05,0.0001539968041780957,8.88227734945042e-05,9.359781511713015e-06,3.2563879382769545e-05,9.191903437644097e-05,-6.195112650437545e-05,2.2438489985023575e-05,5.7245721179567946e-05,-9.765261888813706e-05,-8.190076074614107e-05,4.995450377612148e-05,1.0328562569985642e-05,0.0,-3.595335612519592e-05,3.9419414303687076e-06,9.5373629764455e-06,1.2134266647177121e-05,-4.7262985131663225e-05,3.092741641819923e-05,-0.0005031980773053844,0.00010466620124665278,-2.2713808186010013e-06,-7.274985825845052e-05,-0.00023498541159666582,5.322539102248947e-05,-4.628731341721614e-05,-5.009470317214069e-05,9.6694877978919e-05,-0.00021276787875207275,2.913746926470477e-05,-7.657856710119761e-05,-1.849877521448764e-05,-7.344013780378074e-05,-1.5178595338499831e-05,0.00013711176956670727,0.00020370701545587564,0.00020605320597864453,0.0002364594295397449,0.00010400684630211889,-0.00012616657748055872,1.6544288666814057e-05,-5.463056752514902e-06,5.334944289992036e-05,0.000113462632280708,0.00011005759097158865,4.038196382412276e-05,-0.0001400009194443474,0.00024741158794354704
ALXO,0.0007504182725834947,1.946016798543784e-05,0.0023115114144869825,-0.0006836819894898072,0.00019249537198286814,-0.00020817900802773894,-0.0006112781088975368,0.00018436538699147302,0.0005498926545581962,0.00031652283500956075,9.090107329388847e-05,7.431847019684946e-05,0.00014165202411654882,6.362703321010726e-05,-9.850351119153898e-05,0.0002804935957006587,0.0002114804241077976,-4.8831903124971394e-05,0.0007316171521332003,4.5398876987395655e-05,-0.000180710463947041,0.00013323468447174293,0.00011197974376706198,-0.0006328259744985568,-4.703845152194295e-05,0.00017308884794015785,-2.0095113770582272e-06,4.212543133216559e-05,0.00013585964846889016,5.1633388036182415e-05,2.3904873990827888e-05,-0.0004515020191394785,-2.8350864278061118e-05,8.033763725542767e-05,-9.00738133666724e-05,0.0002748405872482594,0.00013764894556921031,0.00024000784486173234,0.0006875921463386556,0.0001760045521854365,-1.6935016254652067e-05,0.0008724694303699167,-1.721873337492063e-05,-8.668449943571908e-05,-9.407067685503353e-05,-1.7420540303266787e-05,2.0627693387943475e-05,9.668129583100958e-05,0.00017166637535056788,7.793055639470412e-05,4.819412495176365e-06,0.0004928768948474534,0.0007362587901560017,0.0003416123909806175,0.00016097858314928352,0.00016806670489533102,-9.755427894240246e-05,-0.00014788068736848692,-3.885246130612983e-05,9.790403580626544e-05,-0.00029537918875711624,0.00024085326503238172,0.00020355137616470177,0.0001744212092736581,0.0,0.00019156992574333919,-3.2849465789536175e-06,0.00023955842262231557,7.700601481168319e-05,-0.00010023547567026149,0.0001338285666319116,-0.0008019538399121734,0.00028047779274943284,-4.67706044541895e-05,-7.126134869315316e-05,-7.333469665544398e-05,-0.00011314328814155701,0.0001248141459443657,-4.440703387254474e-05,-4.653454278155438e-05,6.870058620707999e-05,4.716521372575297e-05,0.0004049492786788854,-0.0002704434250853881,0.00036064378810143015,-3.904209693830914e-05,0.0001457666479146566,0.0005100189879164395,0.0004496311682394698,-3.0450569258379213e-05,0.0012083017624852283,-0.0005656136210691075,-7.067332065157598e-05,0.0001495780515038683,8.705066144984222e-05,5.86763275823153e-06,1.9528591090893347e-05,-0.0004521218503856207,0.00015548967874906767,-0.0003008514014765474
ATGE,-0.0003514323799388058,-4.6115640393638585e-05,-0.0006836819894898072,0.000577011129041245,4.720869226835791e-05,9.81862236749067e-05,0.000152483893818411,7.919088827789108e-06,-7.61565882361401e-05,-0.0004033430280350451,-0.0004010631672585316,-1.1771147297969858e-05,6.559032207235311e-05,-1.1181626690881504e-05,-0.00011128122375196767,-0.00011302473648445919,-0.00013491557691463343,-1.4832485780204172e-07,-0.00022952803076914703,7.472400446504347e-05,0.00010034109328859828,-0.00024453862864026136,-1.1018893639533834e-05,-0.0003279361522254931,0.0002324179062483092,-5.2054130840341674e-05,0.00010522301854823455,-1.9677686865913974e-05,-7.30020316180036e-05,1.6478279490399564e-07,-7.533369925647924e-06,-0.0002650068717892076,2.8688779790677116e-05,-2.134729544954731e-05,3.043963789398066e-05,2.755334951368614e-05,-4.727059425844495e-05,-0.0001558205205053284,-0.00026635938370776665,-6.285496110144408e-05,0.00011055565420607182,-0.0001521599285431318,1.009965817398669e-06,-6.152920670470297e-05,0.00019916785892518292,0.00011383184420245241,0.00048499326197403857,0.00017827277947086913,0.00015272125552256695,2.050017725397082e-05,-8.515855965407846e-06,-9.264596318790571e-05,-0.00034355643641692193,-0.00030574179747979986,-6.168901879176769e-05,-2.0951261710843006e-05,-3.159722342793915e-05,0.0004727069972302757,2.643466954549958e-05,-4.451185442133198e-05,-5.989295081751758e-05,-9.928432330200143e-05,-0.0004325950628856961,-0.00012614061565061643,0.0,1.535577955558861e-05,6.803740192722616e-06,-0.00010107982001064997,-9.660828761040501e-06,1.153601057931572e-05,-5.269963641202077e-05,0.0009296819292429372,5.6559846503157065e-05,4.597220884939264e-05,5.565312001648984e-05,-0.00016269559592392942,-0.0001472474783716724,3.434527466099173e-05,5.067238880772256e-05,6.249176597020289e-08,-5.152204615634221e-06,-1.600950011594898e-05,-0.00023619688126938504,0.00016895293948526938,-0.000326014865874492,8.408094383513664e-07,-0.0001482115216105804,-0.00014633836046603165,-0.0002445424626612042,0.00010856953880126807,0.00017659904568962287,0.00043504976754884497,-1.3037469214165074e-06,-4.518782687952897e-05,-2.9980849070337155e-05,-5.779014671757921e-05,-0.00015488044300829165,0.00012037125896331873,6.428896493724132e-05,0.00022001831189721852
BAM,-2.6430741365488703e-05,-6.159417172351032e-05,0.00019249537198286814,4.720869226835791e-05,0.0002792726096988973,1.6943687478679867e-05,4.3461018373198656e-05,4.581639334207783e-05,8.76927629038723e-05,6.478509949891563e-05,-8.234620850019948e-06,-5.876623470504236e-06,4.150295949695902e-05,5.755233392962405e-06,-7.886755983941027e-05,4.011300859720562e-06,0.00013949406722018985,6.017454560329781e-06,-5.498164857491329e-05,2.7064229293324914e-05,4.020258210725738e-05,5.506642583449349e-05,9.842908651594197e-05,-0.00011489524184030901,2.7582041974973652e-05,2.1816813561221642e-05,-2.483934322896564e-05,-1.9008366846214452e-05,0.00018051437017222382,2.439338158751187e-07,-1.621420187585554e-05,-0.00023743985838548182,-1.0230158916594894e-05,2.446848798005275e-05,-0.00028821639432314797,0.0001847398104057018,-1.0504489732031114e-05,-7.879384715334402e-05,7.079205105742119e-05,-8.639545254868611e-05,0.00011257988818247981,0.00016853412915219233,-1.1630629200611493e-05,-0.0001262876741239013,0.000176443744664581,7.781131095967253e-06,0.0005148771583980122,-0.00026998260680250445,0.0002801848966083606,3.335473528699031e-05,-2.1291778325137292e-06,8.201316609971428e-05,3.85911261206515e-05,-1.8716895057234904e-06,1.3795866649594214e-05,-4.731093303930267e-05,-5.389769071030661e-06,0.0005746297493310688,-1.1862303085795403e-05,-3.11379983395661e-05,-5.197270637295851e-05,6.547385350658868e-05,-6.756511788968104e-05,5.716763943774215e-05,0.0,0.00018352207259089722,1.0366725063651717e-05,-2.0919675323270695e-06,1.4193864035829676e-05,-5.360748283980444e-06,1.4257090884057884e-05,0.0010103758099907435,-6.255210161014595e-05,-2.2872056213663624e-05,-0.00014550152008327379,0.00018196533997190604,0.00011775497466805468,1.2577001098019089e-05,-2.7810983622663056e-05,-2.069206116880399e-05,0.00010296319537755566,-2.38227703760648e-06,-7.544456694132125e-05,0.00022334429007340756,-1.94020377817381e-05,1.5412372782396488e-05,-7.16946248652784e-05,-0.00016056531856944192,-0.00010082048941087667,-0.0001644383130444139,4.41952888976323e-05,0.00021113532558428915,-2.743253440040404e-05,1.6172256333878813e-05,-7.21411992028875e-07,-0.0001137977529974238,-0.00022998481268905863,-0.00011120906251107506,0.0001919876071480073,-0.0003496531374829421
BCH,-3.315166538599001e-05,2.2121066205700045e-05,-0.00020817900802773894,9.81862236749067e-05,1.6943687478679867e-05,7.489474576676215e-05,-3.7559554888592334e-05,0.00011238567540927276,-4.534883439396052e-05,5.940884712550987e-05,4.0427375837795704e-05,-1.2294594906491387e-05,-1.8690420044985396e-05,-3.6012554602200362e-06,-6.839072943166968e-06,-5.735788541575511e-05,-1.5130108316056737e-05,4.4445807138673185e-05,6.085587975095356e-05,3.0173422708798537e-05,2.584699707314696e-05,1.309861122490991e-05,7.12098567820506e-06,-0.00014800208962330593,5.2882932910327155e-05,4.8102504201001494e-06,-9.9380350942495e-05,-8.881316685897366e-06,-2.30318683227243e-05,-2.28268690352527e-05,4.967668893581079e-06,-0.00025673225971035426,1.1403928763287058e-05,1.1322415462203388e-05,0.00021130611027037464,-2.1121196026805302e-05,1.2280782689674012e-05,9.82501354094442e-06,-0.00021704531603803956,5.2297496716624006e-05,5.59754727029943e-05,6.306067259298018e-05,1.0431141993740834e-05,-5.018753093802614e-05,5.8067591684448315e-05,4.6151075604706746e-05,0.00036376448608379104,-5.680461107653801e-05,1.3324082006148147e-05,1.5779444049605797e-05,-1.9186774212796798e-06,1.408020210242099e-05,4.2456567113389874e-05,-4.238789144162209e-06,-7.795558942993358e-06,5.821277177773535e-06,8.872812869344939e-05,-0.00029071016043643195,1.4254139258821103e-05,6.7763898032840885e-06,-4.4105093457953635e-05,1.986132782788863e-06,-0.00011387516288601508,1.3149327234089202e-05,0.0,8.458920755945803e-06,4.022335667720201e-06,-1.8810915835266678e-05,7.83980400739491e-06,-1.950064054651856e-05,6.523210496800098e-06,0.00012952295736293933,3.150583144665852e-05,4.31861370250696e-06,-5.545554151468952e-05,-5.513986736269293e-05,7.904880033664488e-05,-3.3637777951002917e-05,-4.547915744350076e-05,5.794545505729717e-05,-0.00010652135274474862,4.969510306510115e-06,-9.455455379045084e-05,3.30943105485437e-05,-0.00011411598414453899,-7.508345815647368e-06,1.887759582182763e-05,-4.434195473522202e-05,0.00012365139558493727,0.00011271914797358865,-4.041928916445421e-05,1.4515918702978554e-05,3.971987047736164e-06,-9.535609356003415e-06,2.298134281965441e-05,2.7031019527727667e-05,3.050399289164811e-05,8.447633170077622e-05,-7.355235306130475e-05,7.195671295467123e-05
BIS,-0.0003168958989870356,-0.00018565311793409368,-0.0006112781088975368,0.000152483893818411,4.3461018373198656e-05,-3.7559554888592334e-05,0.0006588519798873437,-0.00016834371627313005,-0.00010635821667936385,-4.342564990897542e-05,-3.960760652417128e-05,-1.1845674338725678e-05,4.903850355551101e-05,-3.1095022993030656e-05,3.247978898719755e-05,7.108364388922142e-05,9.250210866428493e-05,-0.00011628221554238346,-0.0009688431770842371,-6.799525146643212e-05,0.00010371306420361953,-2.6227792741492e-05,4.68289306368036e-07,0.0007048541237757831,-0.0002203282414207625,-6.206825723807096e-05,0.000507536590737608,-4.5436273609349e-05,0.00022927855951900458,0.00010630355116201002,-6.578162448064879e-05,-0.00011833325099687985,-6.685948845633836e-05,-3.8397743920898256e-05,-0.0004902582239975931,2.7104638691747917e-05,-0.0001286965952805759,-0.00019047112999359288,0.00011755762530094541,-0.0003367844254321237,-0.00027654469849880734,-0.000301390281740746,-1.3349604110317289e-05,1.345435520900143e-05,1.2520835767780685e-05,-0.00011535764529376436,0.0007796239230145657,7.470522320256232e-05,-0.00016489697544001382,0.00011600342636766557,3.710836883829598e-06,-0.00012484055411161177,-0.0004538418009085065,-0.0002507975635951026,-7.715233524646792e-05,-0.00013874139877060798,-0.00022912388047262647,0.00038951003241638834,-3.192316297944186e-05,-0.00011753513001822258,0.0003091617110025733,5.028815262413626e-05,-4.31627710136172e-05,-5.801734016252391e-05,0.0,2.512145165806371e-05,-9.021126337223744e-06,-7.369338615759052e-05,-3.854974417912639e-05,0.0001383224255190036,-7.228521884805283e-05,0.0004824982728159343,-0.0007541417284978416,5.686399088919707e-05,0.00011991902101691965,0.00046936933153559626,-0.00018567036855949808,-6.174815692303848e-05,0.0001323977362738601,-0.0002167817012285199,0.00040682067773453295,-7.666901058423411e-05,-0.00014597019908295166,0.0001121197183639335,8.726534509463121e-05,6.945163803866979e-06,-0.0002255495784100618,-0.0003701791293476974,-0.0007009705209210382,-0.0005862346029270829,-0.0006870042532473116,0.00038597614343984014,-1.4352287785542349e-05,-2.50366361376593e-05,-0.0001327596613691667,-0.0002998190668355641,-0.0003984058839307174,3.38436205009368e-05,0.0002306545871315631,-0.0006143101918701948
BPYPP,6.349043185006451e-05,0.00010340136686642702,0.00018436538699147302,7.919088827789108e-06,4.581639334207783e-05,0.00011238567540927276,-0.00016834371627313005,0.0006313178799513487,0.0002068292078192838,0.00025875119564096804,-9.346587112543046e-06,-1.7295507330616573e-05,-3.066867100240616e-05,3.226793078762449e-06,-4.161729846876041e-05,0.00019686086917016817,5.687226504464208e-05,8.204202544137015e-05,4.439127489068296e-06,6.43245046893661e-05,1.196158452867519e-05,8.117239646967812e-05,3.144622701544151e-05,-0.0005009911455237436,0.00018492321805347402,4.5692848964517036e-05,0.00015563167945927708,-1.58957130592771e-05,0.00014366087711085114,3.7193408366340514e-05,1.7723270299325206e-05,-0.000976929640613385,2.980326658298889e-06,9.587883181964532e-05,0.0005373739418312742,1.8970312920240727e-05,0.00010142996109430685,5.1368041958889434e-05,-0.0003645639598236078,0.00020814643633046217,0.00014324206400703724,0.0008042667224721472,4.3551208316012284e-05,-8.786230311349076e-05,9.09206774623673e-05,0.0001281854758691212,0.0014766073834621362,-4.8091678105061995e-05,-0.00019707067067124002,0.00022153256315686926,-8.542692164794443e-06,0.0003502219057479998,0.00048479746335357087,0.00011479733715527194,6.410409730518617e-06,5.876238370506994e-05,0.00012520528717097158,-0.0007105400454451192,3.9648261224817104e-05,9.738816412779749e-05,-0.0002006621724182772,4.948667936927337e-05,-0.00027985276377116267,8.2577984917449e-05,0.0,9.344886935670945e-05,9.059502155121276e-06,3.476729146747964e-05,7.330514301324368e-05,-5.364630637830402e-05,0.00010255807539965077,-0.0010670086745720956,-0.000584692201955157,9.579676636904277e-05,-0.00023266971808931375,-0.0002756604262923094,-4.6714508597068744e-05,-0.0002427095010403891,-0.00013157927635313931,9.94311059506104e-05,-0.00041987413937072155,1.466792684555732e-05,-0.00048459153159851524,-1.8331474775441514e-06,-0.00027711012398675777,-0.00010063433892083248,0.0002451935081747622,0.0003530326103412999,0.0002916111029325608,0.00030902065025475246,0.0003133532174497877,-0.00013647944844797974,-1.3741184196943427e-05,2.7383732337336083e-05,0.00010716371141610646,-2.8567085101714835e-05,-0.00013455421501954907,0.00014904540661688474,-0.00015098251926743854,-6.668273225253568e-05
CAI,0.00016024948341898215,2.5197923342470997e-05,0.0005498926545581962,-7.61565882361401e-05,8.76927629038723e-05,-4.534883439396052e-05,-0.00010635821667936385,0.0002068292078192838,0.00026621660758829424,3.0508958148092632e-05,-0.00025360591957696477,7.357493163407392e-06,4.675030216332766e-05,1.3519916984246094e-05,-5.204646269431535e-05,0.0003052356981425,4.2019982456761634e-05,-3.016135933780902e-05,5.2003040485085265e-05,4.736785337253197e-06,-1.979841137988422e-05,-1.5199405109084822e-05,3.4224021295635167e-05,-0.0001907786371117857,9.299770401258205e-05,3.7168806915365737e-05,0.00024436588303583154,1.7070191747487807e-06,0.00014346829821456996,4.672752959834084e-05,9.023247211891574e-06,-0.00014801550131234633,4.334259720918211e-06,4.592783509259043e-05,-0.00010915170999178067,0.00011117981527898466,4.7191184780606766e-05,-1.1963527946007557e-05,0.00016823296406862502,4.8536573199052375e-05,7.854451400713277e-05,0.00047945387296598457,3.7252106905336845e-06,2.5915739525052915e-05,8.896435872499992e-05,2.859375176844131e-05,0.00012278846426592917,-8.613420674590306e-05,-1.2983331891762953e-05,7.381058434584985e-05,-4.2258071653073754e-06,0.000253049767527051,0.00021602247260357958,-9.095392804302672e-06,2.5650262403245908e-05,3.163992658120162e-05,-7.136814929790155e-05,0.0003941839842394267,4.469787187651239e-06,4.403986911368872e-05,-0.00018388784706295795,-3.2315706851307946e-06,-5.482833768421121e-05,3.1470594322368495e-05,0.0,9.354828463453551e-05,4.187603687108548e-06,6.782729629029025e-05,4.2051733550144795e-05,-2.2297044161214e-05,6.0880662760410036e-05,-0.00042129605878872913,-0.0002702987524311263,3.711437881949048e-05,-0.00010454958273568468,-0.0001597153050413871,-6.475476886508806e-05,-6.819846323114455e-05,4.4762561884740154e-07,-2.742906254590235e-05,-1.51873104893845e-05,1.308658763165396e-05,-0.00018462372098244537,3.880940273777352e-06,-2.278934250117447e-05,-4.2302234059346194e-05,8.117328663808474e-05,0.00025763099663326025,-1.4365371063964473e-05,0.00011309980718499682,0.0005317984821627616,-5.0439836983870737e-05,-2.0472338529568798e-05,2.5006945996036708e-05,3.056128381115282e-05,-5.551915302551919e-05,-0.00015360012309181495,-8.544059107594086e-05,6.717229308043172e-05,-8.941485554965655e-05
CBNK,0.0006807701685768355,-1.823164509197644e-05,0.00031652283500956075,-0.0004033430280350451,6.478509949891563e-05,5.940884712550987e-05,-4.342564990897542e-05,0.00025875119564096804,3.0508958148092632e-05,0.000963673435062465,0.000314936746135942,-4.268989852612506e-06,-2.640452380554891e-05,-9.660507772380413e-06,0.00014242394498351456,0.0002699389508279533,0.00018091677602049614,4.220761228167091e-05,0.0002420446023237956,2.94678570032829e-06,3.350337781986726e-06,0.0004331917600042527,0.00013453325072754527,0.00013694570227873421,-0.00029347498496328157,0.00015404259647074174,0.000113316775734568,-5.133892030432129e-05,0.00024391345445884814,6.823111502061726e-05,-2.2778889759380436e-05,-0.000646576382670388,-1.9930185231912464e-05,6.0223243200266494e-05,0.00027063711656855635,-8.047786315251639e-05,3.279027440854926e-05,0.00017342572191961269,-0.00012285744809181865,3.745311584999482e-05,-0.00018792290484278906,0.000597494720002825,2.166791287889039e-05,6.143318218885697e-05,0.00011796161563559708,-0.0001087746907709095,0.0008015197207670065,-0.0004391035447547796,-0.0002400696270599028,0.00016332699134489142,6.141923480392964e-06,0.0003669485159700183,0.0004262498139184213,0.00019026882116795967,6.182688257913499e-05,2.197711520149595e-06,0.0001257523492356681,-0.0011912149365553508,-3.532545666311937e-05,-4.3304553021723705e-06,-4.250473275297094e-06,0.00030687131387889316,0.00010089567257800544,0.00019745306706731296,0.0,6.470463316935948e-05,-3.6686329034202414e-07,0.00013038516960140438,4.8272035334093136e-05,4.9127686186953814e-05,6.270336843533626e-05,-0.00020017156425222341,-0.00041524433324960217,-6.529156718691777e-06,-0.00018416129528254894,0.00042659709431738997,0.0005342717749098481,-0.00013486048214377165,-0.00012120783635962115,-4.0889243833246774e-05,2.333564662418793e-05,-1.5435056555479613e-05,4.309897729596987e-05,-0.00011690446104782479,0.0002002589578394468,-5.132739535493964e-06,5.2954486926318536e-05,-0.00024643940965192137,0.00035650190852012806,0.00020026393160324252,-4.133162756766628e-05,-0.0004001649947117933,-2.1308887227258113e-06,1.4318520555195016e-05,2.366185042901887e-05,-2.3643717511143508e-05,0.00023023252909919255,8.115261467849912e-05,-6.919431319753059e-07,-0.00032665705907179157
CELP,-0.00018880281929865947,-3.1228052797650666e-06,9.090107329388847e-05,-0.0004010631672585316,-8.234620850019948e-06,4.0427375837795704e-05,-3.960760652417128e-05,-9.346587112543046e-06,-0.00025360591957696477,0.000314936746135942,0.001115240875577184,-4.86362664827164e-06,-0.00011330192862935929,3.8902339223574035e-06,7.448355860245945e-05,-0.00057995060818096,0.00019986502502534947,9.43556038310535e-05,-4.5409774040330494e-05,-1.4793243698897932e-05,-4.9100331771980285e-05,0.0002302571236064298,-2.9617271650376145e-05,0.00021200945371126122,-0.0002842569191105538,-1.3505473273796181e-05,-0.0006719913497863782,1.7124479630967136e-05,-9.566292181883014e-05,-0.0001001055263461977,-6.550930760086715e-06,-0.0005603693610744043,-7.59340579531079e-05,-6.442360918542249e-06,0.00043101219302151374,-3.4769782202253705e-05,1.647488110128443e-05,0.00018226555586128206,-0.0001909779830211853,5.943049127473118e-05,-0.0001620740610972746,-0.0003430709653535135,2.4997470875230727e-06,-0.0003098440617752659,-0.0003783778965369483,-4.180238803801125e-05,0.0010564188670552624,0.00011573806140042399,-1.4198753779427434e-05,-1.8130655189094243e-05,1.3626131238230472e-05,-0.00025299005912790426,0.0002177971183436888,0.0004036122070358396,1.5852904176415034e-05,-6.134123337215659e-07,0.00021463249349718528,-0.0016843461576434022,-1.1625708901929908e-05,3.923158670271378e-06,0.0003003941301552953,0.0001703809003903262,0.0002819484463191017,0.00013893945074720072,0.0,-1.8471640573208097e-05,-9.433179938828258e-06,-4.2713227785937176e-05,-3.317522861332519e-05,-5.8286594577313176e-05,8.494555211700355e-07,-0.0002972984613498389,0.0002640748858807378,-8.375830130382702e-05,1.723188854341606e-05,0.00033097604707482816,-5.905178350054884e-06,2.115243349497308e-05,-0.00012612065859620922,0.00012394818793382201,-0.00011430878044016977,8.007029793581027e-07,0.0003477338347548306,-0.00011622809256084343,0.00020006268635393163,7.543608791576784e-06,7.605818261612376e-05,-0.00014247719289696518,0.00040398585099654,-0.0006081584216762789,-0.0011601642318442395,-0.0002875297247053769,-1.1125125439766877e-05,7.00538740774905e-05,3.660657765725796e-05,4.3445000223862204e-05,7.599685581574546e-05,-1.2877247211525179e-05,-0.00023865628640467462,-0.00046534818955705314
CMSC,2.986888831111636e-05,-8.773399053081988e-06,7.431847019684946e-05,-1.1771147297969858e-05,-5.876623470504236e-06,-1.2294594906491387e-05,-1.1845674338725678e-05,-1.7295507330616573e-05,7.357493163407392e-06,-4.268989852612506e-06,-4.86362664827164e-06,7.837778887113152e-06,1.0911675100783838e-05,1.528021179540926e-06,-6.498658389722779e-06,-2.1196753334676183e-05,4.014349537579415e-06,-2.136868213392003e-06,1.2750896605911174e-05,1.0071568576706798e-05,-8.911456942620287e-06,6.704433277838079e-06,8.277993157914736e-06,-5.092093308980209e-05,-2.2829193245533437e-06,7.317678475790944e-06,2.5830564389717746e-05,8.597599877488147e-07,-3.837810806090144e-06,1.2747038396822922e-05,-2.7920113750314245e-06,-1.3068893159466045e-05,-2.8350826218838473e-06,-8.233994614132642e-07,-7.582610881692093e-06,-1.1745321686421756e-06,-8.91794838015493e-07,8.79442646332517e-06,3.12870419549694e-05,-7.510991251561267e-06,-1.5782369340706865e-05,8.529784648416178e-06,-1.0395177410383842e-06,5.652903669306888e-06,-1.2547625500555845e-05,-5.650780110808844e-06,1.5226141962157324e-05,7.047806876753618e-05,7.073924635730684e-06,1.651951319486975e-05,1.952626896201138e-08,8.753095161016043e-06,8.966329566016032e-06,2.1798662881930282e-05,6.542507514319246e-06,6.6949050894964e-06,-1.5765325369063278e-05,1.4145164650461896e-06,-5.255464366984604e-06,-1.4046556993968504e-06,2.0502972509420912e-05,2.697016002547766e-05,-1.4761236973596642e-06,-5.0302744737899065e-06,0.0,-3.59174806521654e-07,-8.916115219686715e-07,5.395217652997699e-06,6.503119953316663e-07,9.37186491976039e-06,-3.363294539637371e-06,-1.694542582496912e-06,1.0006027591581564e-05,2.454381399813365e-06,2.4301064406766023e-05,3.250010377044702e-05,-2.974256613945123e-05,2.1579361361557662e-05,2.872675190912603e-06,-1.5613567241060744e-05,-7.22463529516703e-06,-3.6093229058886094e-06,5.145600230904602e-05,-1.4041257758503628e-05,1.694299885737215e-05,3.2149456975903455e-06,-6.440870154106897e-06,8.14219859601046e-06,-5.949147014542855e-06,4.054998506404872e-07,6.427576685634656e-05,-4.788309853000571e-06,-2.1354307000814794e-06,5.9209116828719545e-06,-1.6080658354374283e-06,-3.986706597196834e-06,1.797250844544406e-05,-1.6342239872152073e-05,3.5835338233570646e-05,2.8063256309714915e-07
COLM,4.791301193020291e-05,-5.946642754263025e-05,0.00014165202411654882,6.559032207235311e-05,4.150295949695902e-05,-1.8690420044985396e-05,4.903850355551101e-05,-3.066867100240616e-05,4.675030216332766e-05,-2.640452380554891e-05,-0.00011330192862935929,1.0911675100783838e-05,7.541804366679764e-05,3.225809501725191e-06,-3.255949050896595e-05,5.406177322803624e-05,-2.2114532495968517e-06,-4.657518385297434e-05,-5.902196978333655e-05,1.687973993054602e-05,1.8273192625411863e-05,-6.512800111577508e-05,1.2568692503993628e-05,-5.6873787355848924e-05,-2.422593542263826e-05,1.8885957721331063e-05,0.0001141594408570296,-8.840753689039905e-06,1.9771682098078348e-05,2.7175765395514526e-05,-1.073588267889044e-05,-0.00023929133477277914,-8.265001189557424e-06,-6.756261057853147e-06,-6.398879966127087e-05,5.332279500278765e-05,-1.7917338269347816e-05,-1.4111211118876288e-05,8.304059921202176e-05,-4.840772111177525e-05,-7.888917916497327e-05,3.1847884902970624e-05,-8.288887298145425e-06,-2.7090005655100875e-05,4.912115365308875e-05,-4.887130282590789e-08,0.0002488443602351314,9.012207798552466e-05,2.919603495473796e-05,2.4092742877691585e-05,1.0898869615861338e-06,4.5173904077440443e-05,-8.284679624218993e-05,-0.00012483891077914034,7.573433154164633e-08,1.072114183195691e-05,-7.674899498567885e-05,9.492330102421089e-06,-8.858242691012568e-06,-2.830405943232845e-05,-3.603493669767618e-05,3.7366439851079436e-05,-0.00010941811193068365,-1.393173690531393e-05,0.0,2.6920857658905863e-05,-2.9141418285259756e-06,1.4253737456382023e-05,1.4842733028659282e-06,8.076049996663433e-06,-9.543794870963756e-06,0.0002879505342515923,2.3857465517998998e-05,5.259630245502512e-06,5.9605477758033306e-05,2.7704452719304337e-05,-6.805366925994754e-05,4.609734629666843e-05,4.766034836225333e-05,-6.0678349604243576e-05,0.0001728431225013311,-1.0797399972555053e-05,3.617164764009138e-05,-3.66559019110597e-05,2.357971028058325e-05,-1.8905721189650408e-06,-9.904086119049931e-05,-7.68216324083781e-05,-8.674813679458024e-05,-7.89874475259518e-05,0.00018313178246209743,4.7318339212228256e-05,-1.7739547591256682e-05,8.42386760696077e-06,-2.9786274973456323e-05,-6.226691991442591e-05,-6.872742863439204e-05,-4.147120557609363e-05,6.75797856127478e-05,-7.6357106384134e-05
CURI,8.97260604397484e-06,4.869704132176379e-06,6.362703321010726e-05,-1.1181626690881504e-05,5.755233392962405e-06,-3.6012554602200362e-06,-3.1095022993030656e-05,3.226793078762449e-06,1.3519916984246094e-05,-9.660507772380413e-06,3.8902339223574035e-06,1.528021179540926e-06,3.225809501725191e-06,2.7044422330506815e-06,-6.49543143266455e-06,-3.202144602232438e-06,-2.3430916940941352e-07,8.695636153960776e-07,3.94802854190637e-05,2.436267496071283e-06,-5.858949236656546e-06,-6.870732339042429e-06,-7.663730205441932e-07,-3.3424846846406304e-05,8.403643586910423e-06,2.436415879416226e-06,-2.634332965794011e-05,3.180519695280071e-06,-9.061758815359074e-06,-5.751900948188107e-06,2.9526086074536597e-06,-5.501199334323714e-06,1.2506959280049515e-06,1.3576771992816642e-06,8.04855094309505e-06,1.0329306051357497e-05,5.836502769767139e-06,7.622536078682113e-06,1.3119134354650172e-05,1.2898156001174089e-05,1.0144792606781867e-05,1.1852107689557026e-05,-8.432065929747448e-07,-9.569812728342307e-06,-4.106092652701708e-06,5.840704122503946e-06,-2.5241798254669116e-05,2.638845218033715e-06,1.7438356887082585e-05,-7.855134007468357e-06,6.362734432371434e-08,4.930053273137859e-06,1.8595610212739836e-05,7.017814916659496e-06,4.261678238422726e-06,7.543541836343549e-06,3.523514415038328e-06,-3.002943413921598e-06,9.710919101746129e-07,4.669564714566687e-06,-1.8309725331491426e-05,-2.9313796899869902e-06,2.5478622436333724e-06,3.318980655441468e-06,0.0,3.967395578178515e-06,1.6778105370906265e-07,4.454544124428478e-06,1.4640156077545444e-06,-9.50442363136748e-06,3.898257720388225e-06,-8.837478282666405e-06,4.5782333228468503e-05,-4.412052013993613e-06,-2.354407395990388e-06,-2.4594241559803134e-05,-5.384834006282653e-06,8.14655280861095e-06,-2.1759636261197463e-06,7.528338291690441e-06,-2.6924361939012017e-06,3.9895540662980395e-06,1.2656702538559188e-05,-7.011791430642993e-06,2.554621527293277e-06,-9.784927543612907e-07,5.543494456982744e-06,2.0638578503765282e-05,2.6160375852383193e-05,2.9578052076174445e-06,3.7928974845940096e-05,-1.5837941546998446e-05,-1.8092980891448116e-06,4.189186737833164e-06,4.8313815570527675e-06,8.533068422469635e-06,3.475137423867331e-06,-1.4021574165038744e-05,-7.232516843129482e-06,1.1011403570748214e-05
CVLT,9.816752923563014e-05,1.2477060365359854e-05,-9.850351119153898e-05,-0.00011128122375196767,-7.886755983941027e-05,-6.839072943166968e-06,3.247978898719755e-05,-4.161729846876041e-05,-5.204646269431535e-05,0.00014242394498351456,7.448355860245945e-05,-6.498658389722779e-06,-3.255949050896595e-05,-6.49543143266455e-06,7.480887529954021e-05,7.374346803597573e-05,-1.3204583482501428e-05,-8.912466803411174e-06,2.1274515392582602e-05,-4.110319016997635e-05,-6.8386089616235855e-06,5.661110013111511e-05,-2.1388964686636755e-05,0.0002570502890014707,-0.00010413160566548476,4.926717266909771e-06,1.4674796312090213e-07,-1.8621194986466018e-06,-8.914000669039527e-06,-3.4424215780031683e-06,7.461710170771977e-07,0.0001687174697567704,-3.26388104272737e-07,-8.54846723555919e-06,3.375428947394026e-05,-7.515819962944306e-05,-4.848963086262407e-06,3.677507265794796e-05,1.045857523873622e-06,5.129076323865142e-06,-8.027529002913623e-05,-6.317321648312205e-05,2.2834774934856385e-06,7.213566621649884e-05,-4.2090945377642406e-05,-4.6866486738959096e-05,-0.00030480045866704644,-9.783405154145616e-05,-0.00013368734995654932,-3.161348218325937e-05,3.383670634009199e-06,-1.4538216250818595e-05,-6.827847299037224e-06,3.270104248687483e-06,-1.138659513506628e-06,-7.025123307268196e-06,1.5953993079877295e-05,-0.00025839612058640077,-4.294753925385528e-06,-2.1789547190663824e-06,3.080384435966235e-05,-5.092012600167611e-06,0.00011808714454151357,1.7239387083792637e-05,0.0,-5.937503339802062e-05,-4.007166586429054e-06,1.791851987422168e-05,-7.098782118031422e-06,1.2124115943706572e-05,-1.1673998056305327e-06,-0.000277200392259937,-3.604507469924317e-05,-9.888363059222586e-06,1.0471406611875216e-05,3.916127462843837e-05,0.00010790997862511324,-3.110168089594791e-05,4.756580651654398e-06,-4.723924149984173e-06,5.1781561678302255e-05,-7.123142097339067e-07,3.452407434557117e-05,-7.583152511086476e-05,8.551289259259499e-05,4.146622781647354e-06,1.3743846356831831e-05,-4.4289410569309374e-05,4.19132360742534e-05,2.522295300893705e-05,-0.00017318413457269793,-0.00012668983348206684,1.3585989173887053e-05,-1.3198997079777709e-05,-1.1083273826884148e-05,3.377721198850695e-05,0.00010277192546279171,4.0747058297065005e-05,-7.652548349722743e-05,2.8075814965014694e-05
CYCC,0.0004175485226737446,2.4548015426908075e-05,0.0002804935957006587,-0.00011302473648445919,4.011300859720562e-06,-5.735788541575511e-05,7.108364388922142e-05,0.00019686086917016817,0.0003052356981425,0.0002699389508279533,-0.00057995060818096,-2.1196753334676183e-05,5.406177322803624e-05,-3.202144602232438e-06,7.374346803597573e-05,0.0008489378142233603,-4.305719498674336e-05,-0.00012396635475765846,-1.4528293803837728e-05,-0.00010033320076347494,2.9178702926045462e-05,-3.288971218031677e-05,-4.781954735688352e-06,0.00041747479297308984,-5.5968669698180805e-05,5.4886871599405e-05,0.0005586382384341138,-2.28276310860434e-05,0.00024090593026644187,7.110933856425289e-05,9.940940700916426e-06,0.0001683793507864804,2.6901124638181177e-05,3.692517649017993e-05,-0.00025075284429681,3.5292129504845196e-05,2.2949526843404562e-05,-4.092969499027239e-05,0.00023815348173335935,1.5359071581936586e-05,-6.112083894704448e-05,0.0005648575661574655,4.873683947791904e-06,0.0002463789597424896,0.00023238400568084962,-4.4557146203259216e-05,-0.0006050178592762871,-0.0005283677519731475,-0.0003114511547294148,6.172389041422559e-06,-9.68571279308362e-07,0.00037602564033075705,6.759207592003682e-05,-0.0003213770791755941,1.4814803589932048e-07,1.868050957341787e-06,-0.00014298242930258778,0.0004558629199761768,6.476848097541348e-06,2.0543500635051772e-05,-0.0003372792071044578,-0.00011205405103595536,7.979361206046985e-06,4.0553393395619685e-05,0.0,2.282566912528761e-05,-3.641717065778962e-07,0.00012997877127028,4.554398926041193e-05,3.219013465441653e-06,7.271342557561023e-05,-0.0007219534285068019,-0.0005628855268448443,4.965474459856162e-05,-0.0001426852061671082,-0.0002552144038957811,0.00020964740942881974,-0.00019737619784379948,8.519560412971103e-05,-9.770464786004244e-05,0.0003282074321790549,1.1937785680836238e-05,-0.00041032354507719083,-0.000100206604732366,6.796485840965961e-05,-5.664937715434235e-05,2.8025932744134724e-05,0.00013683846180944138,-0.000139420529017474,0.000292266910958533,0.0005519954200541071,-0.00017499283867011294,-1.3830547135716457e-06,-3.394223846948072e-05,-2.5404489151391744e-05,-6.825030843747603e-05,-0.0001251833400292807,1.0421439938427097e-05,-5.1404773558065014e-05,-1.617864611531878e-05
EBMT,8.239388780197853e-06,-5.1115952997044805e-05,0.0002114804241077976,-0.00013491557691463343,0.00013949406722018985,-1.5130108316056737e-05,9.250210866428493e-05,5.687226504464208e-05,4.2019982456761634e-05,0.00018091677602049614,0.00019986502502534947,4.014349537579415e-06,-2.2114532495968517e-06,-2.3430916940941352e-07,-1.3204583482501428e-05,-4.305719498674336e-05,0.00016782771740705697,1.0753318961813701e-05,-0.00019065937684787748,5.1807501220635805e-06,1.8130242822635755e-06,0.00015158656787980231,7.410221219585974e-05,4.458574195929317e-05,-7.851700420765679e-05,1.993739119716765e-05,6.853158237725724e-05,-1.4667693557230888e-05,0.0001779379939717777,4.0063309042518016e-05,-2.4169882393039335e-05,-0.00023675349453970815,-3.737849806537102e-05,2.4241273617952986e-05,-0.0001675488334079004,8.121458203563094e-05,-7.220170246827269e-06,-1.6221941081259916e-05,7.777622133648733e-05,-8.277964150554102e-05,-1.881578773534871e-05,0.00014995902985872928,-1.7335577723277816e-06,-7.265542520751644e-05,7.502487505861761e-07,-4.44023082731405e-05,0.0006495796008960409,-6.61216556956263e-05,5.720372741765288e-05,0.0001031956009207182,8.162834952149404e-07,6.51932255060714e-05,0.00012241922676800075,0.0001484980785493571,1.6024661426780667e-05,-4.1892692659747536e-05,-1.6738317883403958e-05,8.231975112737348e-05,-2.2465904041634003e-05,-1.4985848577030383e-05,0.00011713558431213893,0.00013387865693119188,6.232098593644345e-05,6.40728194287439e-05,0.0,0.00011011595095885489,2.378367823290243e-06,6.338673257452796e-06,9.432558590199803e-06,3.420595868012967e-05,1.310330937989594e-05,0.0002046684487728492,-0.0003071873073509681,3.184777582601249e-06,-7.581064897096224e-05,0.00030467399446056987,1.2970066936126537e-05,-2.8381437228530906e-05,-3.877907567536551e-05,-4.839325405928226e-05,-1.0527464332100954e-06,-1.8863502892833935e-05,9.606149084307136e-06,0.00010280348210946919,7.531096734727013e-05,3.2848557382061287e-06,4.541766848066805e-06,-6.91617693706917e-05,-8.682718241449167e-05,-0.0002362785486793289,-0.00019018875883131898,5.973035953776713e-05,-1.8789651729416107e-05,3.029240216625465e-05,5.173163883941871e-07,-0.0001143893771291845,-0.00015177786199540948,-7.150629550389413e-05,0.00016001143151372335,-0.0004236678844407136
