,AAOI,AGZ,AMBC,ARLP,BELFA,BKLN,BSCS,BX,CAAS,CASH,CHAD,CHII,CHW,CRON,CULP,DSTL,EEMD,ETTX,EUDV,FLJH,FMHI,FOR,FUBO,HBP,HIO,HYMC,IBRX,IDIV,ILF,INBKL,ISD,ITCB,JHI,KOPN,L,LFUS,LIT,MDGS,MSB,NTWK,NVCR,NYMTP,OEF,PBI,PKE,PSCI,PXQ,QTNT,RAVE,RFL,RMED,SAVA,SCC,SCHB,SIC,SMAR,SRRA,SVC,SYPR,TCON,TTT,TVE,TWNKW,UBCP,UFEB,USMF,WFHY,WTRU,XMPT,BBUS,CAT,CCEP,CGO,DFP,FDNI,FDP,FTAG,GSG,IBTJ,ICFI,IDLV,KSPN,MBT,MTLS,NWS,NYMT,PSB,SBCF,SDGA,UAMY,ZVO,AGNCO,BANFP,BBSA,DAC,EUSA,AGNCM,FCFS,INGR,RNLC
AAOI,0.0011152413375830818,0.002507960637932102,0.0025611756025787327,0.00215069652794645,0.0032850611519475376,0.0014754987240367013,0.002353522287509761,-0.000897299603698553,0.001724052062880349,0.0008075491680324768,0.003857306976473286,0.0008100449500550835,0.0018186403975927767,0.002116112415228835,0.003115272757297112,-0.00029541650328207666,0.0006917940351199478,-0.018933408737058552,0.0006984921145683118,0.00020813985972311093,0.0019087694520719132,-0.0006903675912810078,0.002214599721110687,0.000582520027624846,0.0033583496354427493,0.002291417048127341,0.00286677570503334,0.00297270173043905,-0.0006417754210366559,0.0041334542822248485,0.0017389312399377996,0.00306449862542358,0.0019401245154826792,-0.0001463095326271418,0.00031543963527465974,0.002181150881053789,0.00031710177313306183,0.004887175867116193,9.53393223861232e-05,0.003728680662096659,0.0005609932860511052,0.0037561138979814307,-9.781983774831684e-05,0.004716696576079232,0.0017399143468408759,0.0009235190674161025,0.000902572386170915,0.001427627505557656,-0.0017792744428015777,-0.001232593584756846,-0.0004922942277367224,-6.327640130022415e-05,0.003214583079304336,6.384874183499242e-05,-0.002915909587214433,-0.0014103043958699725,0.0025828260377686236,0.0012949339757679654,0.0022873407208520396,0.003638614123872895,-0.0017506488044692625,0.0023434349389687423,0.0007928223692903662,0.002282691341162932,0.0012451087518581356,0.0005401522157232228,0.0010127018036255042,0.001153314732472096,0.002452669001423734,0.0004400152655724551,0.000595728321694296,-0.0013571615087027528,0.002313931528244846,0.0015936277445755328,0.0013219534104817702,-8.941323686459347e-05,0.0009663431199493476,0.0012199592464602863,0.002946386976966656,-0.00029958709620921456,0.0004898945089657303,-0.006313570387216007,0.0014240650389105672,0.0013754715417539827,0.0023709157792093966,-0.0012176126476909175,-0.0023625814006310248,0.0003053056176525871,0.0006159704603581701,0.0009130851975316845,0.0006426414359285437,0.00429856126037787,0.0015679468993669073,0.0023396068884867687,-0.001560459913756509,0.00020490278948209255,0.0035286596281217304,0.00046204569980758185,0.0008617388321019191,0.000419544081413459
AGZ,0.002507960637932102,0.011974865388413802,-0.004748827879280899,-0.0012857131322907094,0.002449186504716026,0.0068021516471610255,0.010003958562398062,-0.0015425601727902059,0.01070782162912292,-0.0019150805643699653,0.019994879696237373,0.0026224072439030646,0.00011381846157923885,0.004437952612444883,0.005145034786801943,-0.001735617889032539,0.0018041239587769785,0.02360326124780645,0.002010389699229567,0.0024958890209579175,0.008893555715827563,0.0011796938321704303,0.011166114760516863,-0.004045754449587129,0.003210539576100274,0.012058143979919517,0.0032709402999077427,0.0087741943246964,-0.0056047461358592595,0.01255171334123428,0.002519549503917194,0.004053371423798553,0.0037559162679678213,-0.00272606543396698,-0.00048025725859515635,0.0009808983269164748,0.0009578028185491125,0.010701821548624459,-0.0034812135977543082,0.008709495293380158,0.0021877427868155046,0.008928225045091845,6.420452183350235e-05,0.007430679533291826,0.002821108246119165,0.00028000405735707914,0.002903304987571364,-0.0032907136575358936,0.0023428476584730394,-0.008106978313562795,0.00849570023098748,0.00356152536821767,0.01654308129692651,7.905418689150591e-05,-0.018838067758056982,-0.0015791279026571713,0.011894861652749745,0.0011884001614562393,0.009506848244064624,0.010961510846750601,-0.0012544722230728544,0.010325365664808699,-0.01033143616258447,0.014237185839337273,0.006276922228310654,0.0015730843488987805,0.0053284860013532755,0.0022239304608127333,0.006734086968013904,0.001241919597340609,0.0037444678462472646,-0.00040096691715239596,-0.0014576646682048053,-8.431669607636228e-05,0.005786512244120291,0.0015059972523295787,0.002229126484718142,0.006121308919865665,0.013176350813277296,0.00111756143644637,0.002763466905154132,0.012200606365516647,0.0007613264672001491,0.000635370303128045,0.002803002248352309,-0.0032702739925938263,-0.005365872869356794,-0.002869611935084777,0.0028267655329091675,0.010479267080027633,-0.025616452558769976,0.0034458529781053087,0.010091070955296983,0.011580356711721383,-0.007533850313738525,0.00019991372447323896,0.0018569528063430562,-0.003189811276546155,-0.001471219983981898,0.001008006521856788
AMBC,0.0025611756025787327,-0.004748827879280899,0.023325194541113176,0.015167366502754007,0.015880543850444247,-0.0024154390196495074,-0.002343640210189434,-0.0027170593445042615,-0.0071956664319228845,0.008065765164435317,-0.009913705149120364,0.00046337126128674806,0.010859326479003128,0.005457604633692471,0.010052059388776425,0.0010419450935824281,0.001150867591934082,-0.15385452103326333,0.000865950143774968,-0.002933685618393689,-0.003269677815690348,-0.006058041933272721,-0.005185679698292579,0.009987413220929768,0.014940084605049891,-0.006148514193784212,0.011820338103138154,0.0034899010548775215,0.005465047448709223,0.004233251758807751,0.006341775905317791,0.011876836930687676,0.00556750119430139,0.0033414575411094293,0.002680666897879472,0.011359777565532069,0.0002509631819057887,0.011770540279184727,0.006483304693571159,0.008156539868863673,-0.0003442191735197472,0.008344575596181876,-0.0006882562894620512,0.0161697673943005,0.005880612436647528,0.005079499888895435,0.0005764529790997311,0.014134651717980404,-0.01434706355271809,0.006126307353961772,-0.016897145965616093,-0.005875266376695142,-0.008016557406986308,0.0002591802108586425,0.013745561946189262,-0.006084106722516289,-0.004141572548535873,0.005928405072670789,-0.0019295927727563504,0.003596037977999659,-0.008715003448014003,-0.0030104914962570195,0.021832491598796928,-0.009891943236646822,-0.0029015977908593603,0.0006335585440026012,-0.0027209133397815785,0.003113714840433171,0.0036540231121102327,0.0005734077460064014,-0.002647615275711323,-0.007324576426086402,0.01635079510239713,0.00986882204107746,-0.0016679421891111212,-0.0032628697531636415,0.002148506256676727,-0.002763630100970785,-0.004081652253326519,-0.003566921781842134,-0.0016363778823678893,-0.058275106705513315,0.007261129656582544,0.007062603188613001,0.009747628806520584,-0.001545041343930163,-0.005354256880853951,0.006595767948547009,-0.0009851444222989717,-0.011776498825919916,0.045353067208238174,0.020403986158672085,-0.007274300191744862,-0.005126455801950229,0.0029650696579170757,0.0009013400993570219,0.01841117668615973,0.00811360977783273,0.0075322066676953335,0.000840794893205758
ARLP,0.00215069652794645,-0.0012857131322907094,0.015167366502754007,0.010503132077031869,0.01198111327390353,-0.0006702494960633368,0.00038769774762041056,-0.0013928083291481082,-0.0022149452607099253,0.005296298908081213,-0.0034629328949972384,0.00037422033271062845,0.007877633028950911,0.0047880857961493505,0.006667318383705171,0.00012353493341376258,0.0009383880791927623,-0.10404916510612117,0.0008683422984972025,-0.0018476628791294697,-0.0008917470286384056,-0.0036122187903846097,-0.001769998405449472,0.004884105899610091,0.010826261145075004,-0.001991644450701502,0.008408010338255981,0.004489612004917033,0.0030000695056818993,0.005683537687748996,0.004944872111458373,0.009445278189115607,0.004961896846462099,0.00023102084575986668,0.0016548367566604195,0.007041489510251001,-5.568845881763618e-05,0.010116979517991967,0.004564676843399066,0.007672002631881331,-0.00039396551417315373,0.009900310190983452,-0.0004162543318469243,0.012582081131568635,0.004857497829208465,0.003385061880854093,0.0006113770041852816,0.00947019702016304,-0.00797685577836034,0.0034254193778214077,-0.00924878613647051,-0.0012027562611843698,-0.0024923169871988826,0.00021874695826815685,0.006671894222614859,-0.005489328897258174,-0.0007604091839139362,0.004738645405003052,0.0005260697507574364,0.0034236892668155446,-0.007447524450441244,-0.0004043769675862609,0.012732388796425945,-0.0045935488772990765,-0.00091984511923772,0.0006203380399292145,-0.0009076511556394961,0.0016875479926239504,0.0038099277300539004,0.0004935634271606695,-0.001336075241601393,-0.004034181407595502,0.010822176814704942,0.007369175246035695,-0.0003900666121493186,-0.003185428616626823,0.0019433471333834154,-0.0006830238957376521,-0.0005406427381266063,-0.0017507941235695747,-0.0006905499142703189,-0.037602271350907907,0.00475170790156079,0.003982372259133655,0.007668667314890923,0.0003910026340560855,-0.004603224381155011,0.003999145607843386,-0.0002563598476111205,-0.00575742473597401,0.02127984900622819,0.015588585105974254,-0.0032303229773281345,-0.0017000155678634846,0.00011098667531320305,0.0006354324864815031,0.014036187430837486,0.005205314536681281,0.004341868944135576,0.0006522459654841811
BELFA,0.0032850611519475376,0.002449186504716026,0.015880543850444247,0.01198111327390353,0.015264395595588004,0.001334526259955331,0.0040601979050126896,-0.0014277374949913046,0.0018662783024755891,0.005552225657242869,0.0026146095994139546,0.0009379312566392983,0.00950712707195937,0.0072737989912342454,0.00836122724875323,-0.0007158002790385084,0.0015343959999742402,-0.11448136624705853,0.0016076944939361977,-0.001543398933885351,0.0017847774405172119,-0.0034478442250746606,0.0015766992893161476,0.0030747549165123203,0.013583121015355519,0.0018896909743188952,0.010542633199599184,0.008671832847248916,0.001783319056611131,0.011347194578188802,0.006698342203417501,0.01281669917294537,0.007449265287000977,-0.0021510551230899885,0.0016512478383110118,0.007579199858224571,-0.00011381530121897237,0.015443359123331422,0.004772169618927981,0.012312193472117063,-0.00022517419064031592,0.016901566374392673,-0.0004160867335343838,0.017198407634263006,0.0068659305242543735,0.0038575640138734987,0.0014106133686921617,0.010137175486760599,-0.007031464195967457,0.0018145989374261967,-0.006983831805438706,0.0018987207980353084,0.00282480363167607,0.0003045520939390359,0.0018333204359619083,-0.007844585845763719,0.0031437175034585694,0.006303522654824444,0.003996287364385536,0.006745590819294008,-0.010191191240788326,0.0028865011550509197,0.010775770287692988,-0.0007658112023198043,0.0010351872395587256,0.0011625123237599768,0.0007798033542596157,0.0019067174680579067,0.006787443941242505,0.0008783579337528361,-0.0004399666087642716,-0.003785610705027631,0.0118539567289055,0.009048103982950254,0.0012624226877270012,-0.004306915882729371,0.003069306501843558,0.0014156028947278937,0.0037872970276106345,-0.0011682815455733232,8.930222166763637e-05,-0.039006072229048644,0.005393838632053801,0.0038871574503076605,0.010253744499481424,0.0012556258089252387,-0.007113411737662639,0.003618953079519351,0.00058902312947804,-0.002635551312125376,0.010825015486303914,0.02007246054961275,-0.0003189053605332816,0.001756704639608242,-0.0029899352809159147,0.0007833869570637475,0.01783288135133795,0.005110101017888816,0.003972849625576272,0.0009975317433696083
BKLN,0.0014754987240367013,0.0068021516471610255,-0.0024154390196495074,-0.0006702494960633368,0.001334526259955331,0.003918587409909271,0.005568713749322107,-0.0011956058435257217,0.0056782087702211045,-0.00102867974517141,0.011316179125134983,0.001652313901020162,4.0661618841623917e-05,0.002488753227937393,0.0034838221273774403,-0.0008641907047718733,0.0011045854622493312,0.012559807175678405,0.0011841263882126911,0.0014885894746607224,0.005098549323522148,0.00046749825189700564,0.006353250784283782,-0.0016956276892566642,0.0020032601940803835,0.0067403029237502925,0.002110415203938519,0.004819234449771216,-0.00321092473128672,0.006968613053677623,0.0014519763346004574,0.002225128381814819,0.00201837977116348,-0.0009012369390048035,-0.00020199443197155075,0.0010516706719694304,0.0006999614717689946,0.006167221748504405,-0.002180386286279859,0.004842412151149424,0.0014482283729201474,0.004177070528487082,1.0949991071556795e-05,0.004352441993979795,0.00155017929787595,0.0002784736547482255,0.001771066621438984,-0.0018336972409302762,0.000598185901749751,-0.00478382316827693,0.004297796569216396,0.0011071909348281794,0.009270580349111691,3.772410617811358e-05,-0.010756409357709846,-0.0005733830987871514,0.006716896217921862,0.0005703564229052383,0.005313509585951854,0.006649670378055181,-0.00034006392701215116,0.005893625865184775,-0.005442935579209562,0.008093806074428493,0.003546258850955286,0.0009371268119668383,0.002988048440185403,0.001625226618325885,0.003827860874340867,0.0007585763649399994,0.0021652087536050434,-0.0007253028794643409,-0.0005757852334544959,-0.00016322673262376868,0.0033709972061451246,0.001282155785847698,0.001263957514097853,0.0033943094600152914,0.007464215271916066,0.0003998196759184583,0.0015720063291817148,0.0061365550624107945,0.000661297191875374,0.0008220651738878335,0.0015250741555453908,-0.002656948575929528,-0.0031216045812084156,-0.0015429373835714136,0.0016250640597639196,0.005630528604277097,-0.011963200738071073,0.00183004864502677,0.005654377995477457,0.006606222668320049,-0.004017518351515616,0.00013162459559813749,0.0008660904341764996,-0.0017914630214418538,-0.0005267002109300841,0.0006225468401359229
BSCS,0.002353522287509761,0.010003958562398062,-0.002343640210189434,0.00038769774762041056,0.0040601979050126896,0.005568713749322107,0.0088389746431832,-0.0008100495397059472,0.009690991581086975,-0.0009486565093623315,0.01659487960310776,0.0019257008674852592,0.0013647127530718346,0.004591048083951453,0.004147529579870736,-0.0017335212154248561,0.0015020789591095893,0.005985154296407132,0.0017516900364570496,0.0016822954221357425,0.007334442091971251,0.0009044554912155333,0.009216695944616677,-0.00405019105093345,0.003999214441678855,0.01021178702084818,0.0035141443631561656,0.008537889702535158,-0.004251481070892592,0.011931993701571643,0.002861660999441163,0.005082613489132807,0.004223443859015676,-0.0037435331632292585,-0.00031353952945719016,0.0008077897801043532,0.0004565906071472498,0.010477761112944333,-0.0018058436056324922,0.008838231053759707,0.0013406639935486088,0.011144837676113102,4.799728046268754e-05,0.007973157595618105,0.0032696061835464528,0.0004913553527746357,0.0022933882001664415,-0.0014244078429690677,0.0024157226910112017,-0.005976700065483682,0.007001331257989817,0.0049100971730474275,0.013994608076210968,0.00011721591874540031,-0.014895842715742676,-0.0029194071787649253,0.010106327094189928,0.0019781916928186096,0.008375628513166672,0.008913973299926818,-0.0030545797492150173,0.00867042715528582,-0.007798167126214228,0.011406900008977663,0.005249272129088053,0.0013377507375617586,0.0044869296308231174,0.0013401391978582347,0.006318178943644678,0.0010145590898022847,0.0028982582431283776,0.00015651256813384014,-0.00014203969002926395,0.001323126738206862,0.004680599131044728,-0.000168012535223017,0.0022036396754773224,0.00529621346512003,0.011188329495040924,0.0012112032953177808,0.0022428722931254995,0.006387241541381983,0.0008657542203768925,0.0001170938991395375,0.0037206663878767946,-0.0009270620516398342,-0.005115105769536971,-0.0020246358839317827,0.0023252112400157965,0.008765594738894288,-0.024369230255714865,0.005624064519179076,0.00827431661209082,0.009540634241371762,-0.0069909759998199456,0.0002275647688617479,0.004169396337951294,-0.001961617726966834,-0.0012798390142342007,0.000846832773072185
BX,-0.000897299603698553,-0.0015425601727902059,-0.0027170593445042615,-0.0013928083291481082,-0.0014277374949913046,-0.0011956058435257217,-0.0008100495397059472,0.0022043308374730558,0.001052679564329187,-0.0006879169106699291,-0.0021837367893964487,-0.0013432950922789128,-0.0008029687543889166,-0.0010054860643646745,-0.00471284759952107,-0.00046368334715123614,-0.0008205034780604892,0.013702375493475263,-0.0006267068011465756,-0.0005405608130697604,-0.001419537078942136,0.0014131988599218304,-0.001431325401400427,-0.003439505856504365,-0.002748432140063997,-0.0008485471858306693,-0.002889156172557733,-0.000826498543841423,0.0005961452350750674,-0.0015212990885460703,-0.0010547817448828404,-0.001239444648198642,-0.00045596607795300823,-0.0033359270513899923,-0.0005302973085099681,-0.003786773822747281,-0.001018694533449472,-0.0032031653180725978,0.0011152256596467115,-0.0015325971172632656,-0.0014361408155363243,0.0026817973426345506,0.00018539512383540884,-0.0032770827989869068,-0.0006699927945417683,-0.0011181663045227433,-0.001177916754521734,-0.000848114614790021,0.004785721602000304,0.001765032038145301,0.002897218769136468,0.004864895696474821,-0.0013251400706010164,4.157774329068871e-06,0.002199421841952194,-0.000980044387626089,-0.0013656278551527523,-0.00012617881670167142,-0.0009110691869946633,-0.0043666415240164605,-0.0010754350362823643,-0.001575037668017543,-0.0024618368186916117,-0.0015120911147486833,-0.000669820700033443,-0.0005438072050413993,-0.0004260382284908557,-0.002578263566037621,-0.0014142134849842718,-0.0005366926725226893,-0.0005909421879391906,0.0033695323810097413,-0.0025025555595678557,-0.00019399106242716236,-0.0012522430646834896,-0.002274804601207163,-0.0005301770312489712,-0.00031283975524504026,-0.0016832670188434411,0.0013885373007352776,-0.00032268394208959144,0.007215168246231714,-0.0019709909579125715,-0.0031889201902645147,-0.0009125090534215374,0.004978749379028392,0.0017186530451807642,-0.0005603511109000132,-0.0004801622894401614,0.0010315632604414827,-0.01364354218164199,-0.0015886519097066468,-0.0006045918802351748,-0.0015989486772531084,-0.00044293324480256956,-0.00020590191451811042,-0.0008314402732763288,-0.00027616072388636796,-0.0020648005221122275,-0.0005041966540877145
CAAS,0.001724052062880349,0.01070782162912292,-0.0071956664319228845,-0.0022149452607099253,0.0018662783024755891,0.0056782087702211045,0.009690991581086975,0.001052679564329187,0.012598177591877778,-0.002452667239020027,0.01826339869476516,0.0011143754387056806,-0.0001986836888406062,0.0038861502161088306,5.6321328872614415e-05,-0.0024391020169745228,0.0009609034528325663,0.03343689451297175,0.0014236702688823414,0.0018085759775607094,0.00760692619212972,0.0027483965002111435,0.009942252801724833,-0.008296804195595255,0.0008823065523024004,0.011623404021676728,0.0005485851492122888,0.008724623823094732,-0.004957107550794236,0.011979484730547552,0.0017861191266308502,0.003594387895320683,0.003877460424952347,-0.007172190264126254,-0.001044540015304575,-0.003174003291084065,-0.0002876119107585872,0.0082439686657039,-0.0018801968197481203,0.008036450137847099,0.0004614137338760051,0.013876312213940912,0.00026893443618557515,0.004874074228542205,0.002594165207095268,-0.0008299171741930436,0.0016481495578472742,-0.003752867288782137,0.00792434531251852,-0.006094685343684391,0.01196550959877077,0.009938877573053605,0.015761795053660568,0.00010954976710800231,-0.01671753627407939,-0.003439611547228341,0.010896534658132055,0.0015354536242479493,0.009042437152536754,0.0064264957322926804,-0.003391243624598282,0.008982098345792828,-0.013055886467064308,0.012867576503238408,0.0057685812923000766,0.001040144875834796,0.005068397543932294,-0.0007772951523233748,0.005728573653366432,0.0006838101098419212,0.003124865108645603,0.003529706302867669,-0.0037933869174691685,0.00032476555254109824,0.004545002030153243,-0.0015945035921315696,0.0018781473046226575,0.0060814069297930335,0.011878942921216504,0.0028179937651041966,0.0024783014362595676,0.01891079054993726,-0.0012860772916376076,-0.0030521258270157976,0.0025169530445920798,0.0029247095438662087,-0.003946822846894491,-0.0034263537082027456,0.002383099160802508,0.012007691624154127,-0.042968456226942134,0.0030503208111586446,0.009721775814590168,0.010176422314116765,-0.008612392515790804,6.868003130196304e-06,0.0021830297144204633,-0.0032955379653943945,-0.003830079710290559,0.0004897092978936496
CASH,0.0008075491680324768,-0.0019150805643699653,0.008065765164435317,0.005296298908081213,0.005552225657242869,-0.00102867974517141,-0.0009486565093623315,-0.0006879169106699291,-0.002452667239020027,0.002822656615722969,-0.003862618772608445,-1.0677188298533383e-05,0.003818782616162007,0.0018417167418453397,0.0030062551593809826,0.0003132724643128978,0.0003074080344717861,-0.053773876476804094,0.0002305326667719698,-0.0011313834076688068,-0.001366036857288035,-0.0020000029892908175,-0.002058709880174208,0.0031468826384812177,0.005035629529747943,-0.0023280277444845724,0.003888801462550066,0.0011574536845882053,0.0020518087315499383,0.001335827033552386,0.002153381707098792,0.004131046174171112,0.001954645214953122,0.000758780517435765,0.0008977721520664414,0.003600213676375265,-4.517058253217857e-05,0.0038341541952305255,0.0024911540596752463,0.0027500189303695543,-0.00031544731664201594,0.0033833545307185562,-0.00022394103096710842,0.005412452880016048,0.002038465297567977,0.001686834409226259,5.259495428809461e-05,0.004994474798265614,-0.004543906444210792,0.0024458152408368483,-0.005714670333541597,-0.0014692615606593067,-0.0030640663969188214,9.432702625101065e-05,0.005251050164010272,-0.0023324124865686585,-0.0016718472503239354,0.0021274740324518774,-0.0008128637474857583,0.0007226753889874986,-0.003296214062545419,-0.0012921235219157429,0.0075561702560133686,-0.0037689147011621136,-0.0011343333834053786,0.00015730300737813626,-0.0010370084182968564,0.0007816886907151572,0.0011364756828710072,0.00013626478137877156,-0.0010337871365000031,-0.002196743306198011,0.005575235397734313,0.0035421713678953463,-0.0007667519707288867,-0.0014837115840517297,0.0007073702730486743,-0.001036688984308018,-0.0016918369471924793,-0.0011026469547403895,-0.000632902438332756,-0.020093811443503723,0.002361624786931601,0.0021264163847905253,0.003404117442394,0.00010664916493526793,-0.0017093906022458073,0.00230755791589668,-0.000418509945215577,-0.004111949317072193,0.014549641352730493,0.007166910777495973,-0.0027038071362596103,-0.00205947126183722,0.0010071276565713297,0.00029842955902976666,0.006546754006752827,0.002894237530085949,0.0024454136256090763,0.00023712922261096193
CHAD,0.003857306976473286,0.019994879696237373,-0.009913705149120364,-0.0034629328949972384,0.0026146095994139546,0.011316179125134983,0.01659487960310776,-0.0021837367893964487,0.01826339869476516,-0.003862618772608445,0.03357457357807429,0.004196111590435167,-0.0007681873464450931,0.00678092503186233,0.007349344329867368,-0.0029663745890405775,0.0028228831127233693,0.05246343177741781,0.003196727324720773,0.004318046358593153,0.014812919291435337,0.0025264182675312236,0.018708363344202242,-0.007680962151758043,0.003870514621242083,0.020288159515229953,0.004223317951744459,0.01408364552649706,-0.00963726570124605,0.020191547185628978,0.003550658485327508,0.005597634120839598,0.005681564127587873,-0.0049489225175633625,-0.00104394634684212,0.0004470767152958601,0.0014959864263341177,0.016424385608945966,-0.006202784498193652,0.013546443371562841,0.003544076974728939,0.014127606308592972,0.0001736576992262965,0.010674580966094496,0.004106669414973665,-2.8402686955016597e-05,0.0046576784530461745,-0.006641445765928155,0.005322974321824593,-0.013739910171913722,0.015544117096456724,0.006620681025041533,0.027790021418134116,0.00010846006262953532,-0.03199329237350113,-0.0021410396717084557,0.01982244866891654,0.001449515956346448,0.01573736112170637,0.017470769451536736,-0.0013922785887704992,0.01713599095230123,-0.018950700949195168,0.024146317449432464,0.010523185690545066,0.0025020471726898493,0.008962774076595105,0.0032494422485946917,0.010683341839501927,0.001963133556490226,0.006343598142091686,0.00014452548340059077,-0.003907263395671744,-0.0009765646372487465,0.009580879239917071,0.0026208053594728763,0.003454232526352235,0.010275940140176602,0.021905995601808247,0.002214133965334267,0.004661433393305578,0.025344922731817408,0.0005319108736760982,0.0002729048104155327,0.003739178074721493,-0.0049656287642957896,-0.008274693479481213,-0.005301262573020138,0.0047020352982518766,0.01827041019117962,-0.046676522859070126,0.0038647456987068425,0.017162850495469076,0.019374872684143802,-0.012657269780200084,0.00024147693477586713,0.0014626313634110149,-0.0059387862364674825,-0.0031658596565417884,0.0015580591397799902
CHII,0.0008100449500550835,0.0026224072439030646,0.00046337126128674806,0.00037422033271062845,0.0009379312566392983,0.001652313901020162,0.0019257008674852592,-0.0013432950922789128,0.0011143754387056806,-1.0677188298533383e-05,0.004196111590435167,0.0010800921397739497,0.0003203522723005213,0.0011217997033961978,0.0031013257178480456,-2.7358388295188586e-05,0.000680668790239924,-0.0020113387082993732,0.0006136711311216674,0.0006803903034984741,0.0020869909646559354,-0.0004952089546898231,0.0024495155678749907,0.0010808094874617577,0.0017453404528769937,0.002289382926545386,0.001859700244819434,0.001691488984077571,-0.0011958529905866078,0.0026033997844718505,0.0008541199269254244,0.001119439435614675,0.0007346945712647359,0.0012915987678267125,0.00017602446775431352,0.0019909073203523233,0.0006674942303123317,0.0031233226286545763,-0.0011612074104750008,0.0019995628487601697,0.0010722790629155074,-0.00015555133855107148,-7.948134473272436e-05,0.002631567925307234,0.000704017696202194,0.0005685143891185236,0.0010347441502487746,-0.0001943876488722658,-0.0019857568019586735,-0.0021793983826010202,-6.885227037280071e-05,-0.0019344583239314244,0.003220030621184093,6.8541816760219225e-06,-0.004072803615904858,0.00033768734261590156,0.002512491865904266,0.00017975502944872113,0.0019001783137739098,0.003850138076458003,0.0004625819608041972,0.002376939829386242,-0.00048005964060908424,0.0029950562691316435,0.0013069328725151743,0.0005083463802112238,0.001038199500079541,0.0016339766976741015,0.0016924949969235434,0.0004562479743462447,0.0008884154570671543,-0.0017306185508779016,0.0009119596634020806,-1.4495970747475118e-05,0.001523531281330491,0.0014366061544906152,0.000582663534086093,0.0010973302708251558,0.002866338765878869,-0.0005175214340058317,0.0005935315681328761,-0.001329291696137849,0.0010593648322408467,0.0016743859093304564,0.0007868952328825239,-0.0030500849539925037,-0.0016301096405220861,-0.00020288080488530254,0.0006777993953156552,0.0011391152653454772,0.0028109128431728727,0.0011219190028991892,0.0018833185807682201,0.002597162869301118,-0.0009166376279896359,0.00012700737065336965,0.0005146944335792659,-0.000413452109542754,0.00077463032234609,0.000401980999048042
CHW,0.0018186403975927767,0.00011381846157923885,0.010859326479003128,0.007877633028950911,0.00950712707195937,4.0661618841623917e-05,0.0013647127530718346,-0.0008029687543889166,-0.0001986836888406062,0.003818782616162007,-0.0007681873464450931,0.0003203522723005213,0.006096209446524644,0.004129927364697104,0.0048784710445064485,-0.00022083978234124977,0.0007850036833219956,-0.07671587223867057,0.0007983953804979487,-0.0012813015541087776,7.318306733813459e-05,-0.0024080723337998825,-0.000346308978587296,0.002609118060425488,0.008386582543519145,-0.00028114481462823834,0.006439994291441272,0.004469691316989516,0.0018250456150227985,0.005730390600527279,0.004005993573509438,0.007732104417534067,0.004307127465978222,-0.0009033192913019811,0.0011369554411904078,0.004868466630530316,-0.00015456542465030603,0.008647982064735164,0.0034483867825422674,0.006832963076583501,-0.0003650079066047517,0.009578343537666692,-0.00028131036465247673,0.010186099697817384,0.004060317320372619,0.0024744851729472427,0.0005808170021822662,0.006930631713559427,-0.004976142744585334,0.0021160250507233584,-0.0056498600502407,0.0005777593272469494,-0.00023100515353170469,0.00018461949267584526,0.003465969986281987,-0.004779564831595462,0.0005612690937907073,0.0038858814039469643,0.0013904762466005458,0.00309773296956653,-0.006317520535937506,0.0006029527874543935,0.008289789859327863,-0.0022289063087737853,-0.00010465578260151578,0.0005657245769839243,-0.00015760811671321104,0.0010376217408430213,0.0035447499003565413,0.00042554190253978714,-0.0007313463649528595,-0.002499677572789322,0.007860649864641906,0.005804288526862326,0.00012493840583456328,-0.002856975763163427,0.0017017647248789005,0.00014454944710395878,0.0008232629236245106,-0.0009415187608142262,-0.00027934854279532454,-0.026761387789350236,0.003428917847930533,0.002528088228011815,0.006238399275842646,0.0010245559255071097,-0.0039376163635511646,0.002698066644159409,3.82773596000503e-05,-0.003047906270688995,0.010680306634292017,0.012462212745411401,-0.001454578837014677,-0.00027705100404616277,-0.000943978787954847,0.00048364229941321504,0.011201511710714863,0.003681149406055029,0.002805638891768097,0.0005300328820846856
CRON,0.002116112415228835,0.004437952612444883,0.005457604633692471,0.0047880857961493505,0.0072737989912342454,0.002488753227937393,0.004591048083951453,-0.0010054860643646745,0.0038861502161088306,0.0018417167418453397,0.00678092503186233,0.0011217997033961978,0.004129927364697104,0.004390938062744273,0.004975040941100153,-0.0008158446710405887,0.0011592254628291496,-0.04251455265153198,0.0012543920175819984,3.0435776301126344e-05,0.0032746666183658996,-0.0011228978797934643,0.0038322274352509404,9.590064002315863e-05,0.006731399722704407,0.004235973586161471,0.0054287272155625135,0.006236883059777775,-0.0008116061002424496,0.008455789857834031,0.0035936237035195835,0.006675803879088509,0.004285553329358144,-0.0017881584722684364,0.0005654281508621009,0.0034712347672570506,0.00019952321974834144,0.009661925866612815,0.001100396232467044,0.0077778946592378185,0.000492029732392102,0.009927909339828463,-0.0001574426180311667,0.00948745422144567,0.003761339314255628,0.0017235205669977431,0.0014105018978075661,0.003430981709361521,-0.002262606979004933,-0.0014836275621698761,-0.0005327207689024283,0.001953538339389745,0.005908243498695939,0.00015451052634079285,-0.004524760742333874,-0.0038703176164502162,0.004720093014960529,0.0030652664194862054,0.004419233570846238,0.005942080146068967,-0.004796113663308359,0.0041562403031281695,0.001661621693361072,0.0036915966898828944,0.002221918759568214,0.0009389203729240662,0.0018467336009170012,0.0013982426881809517,0.004825265758354287,0.00072163030855987,0.0008630126596816797,-0.0016731968815218304,0.004657552519455773,0.003889191352371535,0.0021666085490519597,-0.001489739268528751,0.0019519398015080255,0.0023507799570733796,0.005356566099593589,-0.0001541434089210853,0.0008188829863531998,-0.013239209748152564,0.002505638893893228,0.001788303246697802,0.005217330254121936,-0.0002700572057334264,-0.0045690570636768586,0.0007354934691971814,0.0010495578023774097,0.001871177724546777,-0.0029415287844946417,0.009636034046798858,0.002724617617907245,0.004024281861884395,-0.003453218839290876,0.0003912999403594428,0.008231317337947793,0.001296644182753549,0.001251578897057966,0.0007073152939739508
CULP,0.003115272757297112,0.005145034786801943,0.010052059388776425,0.006667318383705171,0.00836122724875323,0.0034838221273774403,0.004147529579870736,-0.00471284759952107,5.6321328872614415e-05,0.0030062551593809826,0.007349344329867368,0.0031013257178480456,0.0048784710445064485,0.004975040941100153,0.012201113919711563,0.00037658026612907706,0.002263101341756598,-0.0630448493575458,0.0019615935697621725,0.0007361750851739478,0.0043076458794098285,-0.0036634242845962096,0.004531654377753795,0.0068702318806319555,0.010257168563203498,0.003691226636112703,0.009432623301022467,0.00567802463068513,-0.0011304756093690293,0.00836111659954819,0.004625012416198803,0.007337908208515796,0.0039540848981537615,0.004972238829488029,0.0014980340682210513,0.009727371591156445,0.0019309509378936896,0.012664087521072807,-0.0007471482877104493,0.00825870569382038,0.0028011444104372807,0.002253884701160851,-0.0004786704991029932,0.013028059253969566,0.004021088985558558,0.003450763731060226,0.0030035961080148066,0.0047711703414851075,-0.010945175510456876,-0.0035527058349645734,-0.006739370734617094,-0.0077447960644427966,0.005440403500542088,0.00011106062406430097,-0.005645040086038074,-0.0012154062971652078,0.00506167167011924,0.002630566045791048,0.0042480079098774605,0.011701489042729944,-0.0018419561365229091,0.005159617655312204,0.007079906989263978,0.004214711638415006,0.002355271877138908,0.001598012414232426,0.0017043627461680766,0.005648214731381521,0.00582511492527665,0.00144299539509563,0.0013750127416018653,-0.007539253159695336,0.008621581380513695,0.0035811581235710025,0.0034373469725418977,0.0027843579621943137,0.0023355779219477795,0.0018224253713803277,0.006026593297928398,-0.002810265923450229,0.0009563834240129427,-0.025610630783923054,0.005612148999844602,0.007275292418834266,0.005672932676741395,-0.009015023253487615,-0.006329349000282328,0.00196572656989775,0.0014296939459545546,-0.0015442339854216506,0.02559506181305663,0.010496466975727325,0.0022168075301705068,0.004951793623281352,-0.0011818575597073292,0.0006796576187668396,0.008122471896347261,0.0019428784401520488,0.005002278233093382,0.001397961753420843
DSTL,-0.00029541650328207666,-0.001735617889032539,0.0010419450935824281,0.00012353493341376258,-0.0007158002790385084,-0.0008641907047718733,-0.0017335212154248561,-0.00046368334715123614,-0.0024391020169745228,0.0003132724643128978,-0.0029663745890405775,-2.7358388295188586e-05,-0.00022083978234124977,-0.0008158446710405887,0.00037658026612907706,0.0005259710716669116,-0.00010398065208592302,-0.0033878339722514033,-0.00021742992142719704,-0.00017259920095219228,-0.0011854014304545015,-0.0005593515287117701,-0.0015839374896669694,0.001854108607937836,-0.0002752948542867783,-0.001979439308071129,-7.451567525717747e-05,-0.0017453324457679033,0.0007054732904526454,-0.00231523714720369,-0.00041799822689336173,-0.0009495455461773417,-0.0009051337022171802,0.0018493654908927136,0.00019799056525350583,0.0008316123471024406,0.00021025496844191121,-0.0015679679233986,-3.094485256883962e-05,-0.0016619829543992294,0.00014731034486434053,-0.0035092176138663404,-5.879005696783721e-05,-0.001036862971238507,-0.0006247470948278423,0.0001623743691213446,-0.0001647799228574052,0.00038286215443370333,-0.001836951196677791,0.0007249523821564383,-0.002257826255362123,-0.0025566640124712525,-0.0026680129031007504,-3.1914144531207836e-05,0.0025166094277909727,0.0010633140098723027,-0.0018232499815748551,-0.0005000991329247904,-0.0016020916948793107,-0.0007265635665071565,0.0011627279110644055,-0.0014461073384210278,0.002231383767802128,-0.001990295511184825,-0.0009483087032653156,-0.00014526658168938995,-0.0008528315033756177,0.0004534952923605762,-0.0010565164544621068,-7.270356761009364e-05,-0.00043910665789129025,-0.0009810689433993095,0.0005740660357582848,-0.0003870734346795155,-0.0006544069245063304,0.0007973042056208091,-0.0003698036317299842,-0.0010726313077708254,-0.00197227918008474,-0.0006584250059963388,-0.00038795084897568714,-0.0028582268985347437,0.0003111918617880184,0.000865915647818298,-0.0007089742007454774,-0.0013211951231378144,0.0007112858038048104,0.0005410631247945438,-0.00036714346484086665,-0.002153525942710887,0.00916900451451886,-0.0010896399087772114,-0.0015960936207483904,-0.0016064971997857465,0.0016933823027382186,-9.459777397886264e-07,-0.0009643379539876012,0.0004155171762890121,0.0008271371165227836,-4.8438877038979337e-05
EEMD,0.0006917940351199478,0.0018041239587769785,0.001150867591934082,0.0009383880791927623,0.0015343959999742402,0.0011045854622493312,0.0015020789591095893,-0.0008205034780604892,0.0009609034528325663,0.0003074080344717861,0.0028228831127233693,0.000680668790239924,0.0007850036833219956,0.0011592254628291496,0.002263101341756598,-0.00010398065208592302,0.0004940454980140471,-0.007880681967870326,0.00046959957522913284,0.00031120491116902417,0.0014091710836200938,-0.0004485830058252106,0.0016384938370985571,0.000653040571120197,0.00185840035175447,0.0015990046240400863,0.0017209962853127483,0.0016508364896154096,-0.000637843727799527,0.0023870358488155604,0.0009365037622283141,0.0015085914449223673,0.000954972631070364,0.0004546055833097389,0.0001855897849744419,0.0015384278429935215,0.0003590020940366967,0.002873657624741713,-0.0003727059717100246,0.002043827985842836,0.0005902008035006286,0.001241941442513056,-6.62071770136267e-05,0.002653579613222839,0.0008779361642610687,0.0005493403420173521,0.0006951504331690645,0.00047668917033151173,-0.0014170222591370373,-0.001202992667161837,-0.00027657389263365087,-0.0007798913722687329,0.0022494293160329137,2.528544658375022e-05,-0.0024416337404700094,-0.00037604997359927443,0.0017908677606752617,0.0005315816396977368,0.001472393397672265,0.0026878033756246368,-0.0004563458928737343,0.0016653401176432263,0.00019545679684481693,0.0018429826385559565,0.0008948064927179053,0.00037569457369745953,0.0007166151494616018,0.001017801948607032,0.0014778482857485701,0.00032221540180088606,0.0005208723243285435,-0.0011438627627142323,0.0012016880538435982,0.0005784360187575127,0.0010084189872625528,0.0004947971122355091,0.0005541472190034198,0.0008081052754057719,0.0020462836427606623,-0.0003134490468398912,0.00037944054893767004,-0.0029114202605532566,0.0009130290312481471,0.0011274791716887433,0.00114015400397899,-0.0015649605946848532,-0.0014327901956959852,5.928872611612101e-05,0.00045672860633923126,0.0006753290598005806,0.0015044867622350786,0.0019661704676273133,0.0011979443370450015,0.0017363013703631156,-0.0008530602371212832,0.00012106613650383301,0.001469362441332614,4.0152042127657846e-05,0.000618751241761093,0.0002962671345280633
ETTX,-0.018933408737058552,0.02360326124780645,-0.15385452103326333,-0.10404916510612117,-0.11448136624705853,0.012559807175678405,0.005985154296407132,0.013702375493475263,0.03343689451297175,-0.053773876476804094,0.05246343177741781,-0.0020113387082993732,-0.07671587223867057,-0.04251455265153198,-0.0630448493575458,-0.0033878339722514033,-0.007880681967870326,1.0419898530888878,-0.006826919665308453,0.020009486450420794,0.016690590583426014,0.03733227463713499,0.02753681692855707,-0.054304491820594165,-0.10362688919892019,0.03109486199683072,-0.0803011554112484,-0.034966940974354196,-0.0343400109232471,-0.04315969471372956,-0.04606790863755569,-0.08813745374843858,-0.04444569129427141,-0.007857133892675578,-0.01694226419086817,-0.07022208504109921,0.0006841171635583734,-0.0893536778271439,-0.046823741086649745,-0.06639252076709018,0.004885854045884328,-0.08418828596072454,0.004246170439474857,-0.11665282515268384,-0.0445878942492053,-0.03337060307503092,-0.0038737871733431598,-0.09569381308679895,0.08355874510906067,-0.04007981977856379,0.10068129736171257,0.019398851093535847,0.04020447194299846,-0.0020291789149359672,-0.08227182171304327,0.05061065297469395,0.01858900427389923,-0.0446835143410203,0.004045639510876621,-0.025342473031533908,0.06980128001831118,0.013338594561342738,-0.1359084846989357,0.05796414907931309,0.014865650062138414,-0.004814946101105557,0.013964451720666168,-0.016155348891822786,-0.031009458610052727,-0.003927918545420454,0.0163204890583359,0.04140137654905203,-0.10823979091584027,-0.0714973896356502,0.008746706972053327,0.030464593662714777,-0.016912157985385316,0.012712267277144378,0.017532414142417335,0.01925015570733619,0.009282595690453633,0.3822745550069143,-0.04679534680142279,-0.04050566565359919,-0.07198863350956038,-0.003024273900885343,0.0403574132949822,-0.04211930593824864,0.005019019222826606,0.06743126574025973,-0.24379488670988328,-0.14845686310998885,0.04122764559478227,0.027151235933973297,-0.009282891456471015,-0.0061075426716780245,-0.134468644205745,-0.05387673694566512,-0.04523447218397192,-0.005678379400937046
