,ALTO,ARES,ASHX,ATEN,BWZ,CNOB,CYBR,DD,DGS,EEV,ENZ,EXR,FTK,GGT,GNL,HSON,HXL,IAUF,ITRI,IVAC,JRJC,KERN,LPSN,MCHP,NFJ,ORC,RCAT,RFP,RM,SCHV,TDC,WDIV,WHFBZ,AVA,BOND,CELC,ELS,FAM,FOVL,HWKN,IQLT,PG,RFFC,RGCO,GROM,IX,VIRC,EXK,IXSE,PEB$D
ALTO,0.016798824903188264,0.0016273458181329133,0.0011654154578758088,0.0011510582529293155,-0.00012364954078003242,0.002559445671360943,0.002087632495872761,0.0042530604653198524,0.0020134999952416926,-0.004472072568988969,0.003946654199274619,0.00045801514518508345,-0.00012366361865693122,0.002581132373041325,0.00547060532360913,-0.0033412089725964483,0.0067269881153368925,0.0008182869660993715,0.005810645786937851,0.002800483892760574,0.0008928346477380708,0.006709813103916362,0.0014372233513730136,0.003105857675315254,0.0015146350721413277,0.008622313795935518,0.0057288256062596465,0.003312269637736654,0.005736884952291402,0.0023726427259727623,0.002196837318463361,0.0020658463368141426,0.004199664007875659,0.0014678121128585478,-6.802836609061806e-05,0.0041717864235256905,0.00181702716929553,0.0006455704583275771,0.004308647955733974,0.0017612273159874356,0.001972160490082023,0.0010140435502783423,0.0022630097603556143,-0.0005524166573229187,0.001660192243455681,0.00308891499014928,-7.304184086777833e-05,0.0014734668765682836,0.003900545193114443,0.0027324496837563728
ARES,0.0016273458181329133,0.005235804647107261,0.0010834522782047825,0.0007899094281481384,0.00011034491878505524,0.00458401842758125,0.004150199246900251,0.0038919146172650097,0.0022605067769437067,-0.005058135450574873,0.0014741204678351012,0.001231641304589441,0.004658353651661203,0.0066443698528147474,0.004902629722319646,-0.0003029891231458102,0.005828137073920255,0.0010760346139557261,0.003319858969514733,0.003256288077634826,-0.00013107573397479644,0.0025972279062743977,0.0032161437414322223,0.004235241703142718,0.003480324959655864,0.0031781139394740253,0.009714812392922264,0.0032069817668789607,0.006520802536755087,0.002875440674965709,0.0023135196333058396,0.0029005597707893456,0.0021568686273087064,0.0040277807479687806,3.11295082578362e-05,0.0011935098559359093,0.0019976199683230914,0.0021231115097782565,0.0033319084510789938,0.0030544138307257206,0.002590499285957649,0.0011790132745944683,0.002619071021534106,8.813707505786976e-05,0.002534432702165186,0.003321228863279595,0.0009065535072782284,0.0038521121854361937,0.0023578076603300666,0.0025190590319653142
ASHX,0.0011654154578758088,0.0010834522782047825,0.000535384668519478,0.00044605292356275265,-3.4928512998660466e-05,0.0012095886628513423,0.001162518894426324,0.001105694290224964,0.0007830320704313523,-0.0018195996206657981,0.0003960412254844553,9.294268868541365e-05,0.0015633969052951838,0.0016134767632596265,0.0015370537101123927,1.500846438782968e-05,0.0019036067793444613,0.0002645816425925422,0.0014910431453665817,0.0006778231166138146,0.0004990500553694745,0.0010787244753724245,0.0006665280829630272,0.0013215949318790571,0.0008783584420694737,0.0012853366864561144,0.0017263926261823523,0.0013863589743741593,0.00186053421963366,0.0007679118281709141,0.0006579122184639483,0.0008759522244984361,0.00036452705068731,0.0008379621693045892,-1.436448321329695e-05,0.00034078772216830124,0.0003270501828345582,0.0005453836719095857,0.0009051591933792096,0.001022464636521681,0.0007326674701719348,0.00017451666737042655,0.0006979904954249298,0.0003628742694025074,0.000730589844376008,0.000283306938665321,-0.00034939975745860226,0.001279593688714428,0.0008842480851508247,0.0007163421294424145
ATEN,0.0011510582529293155,0.0007899094281481384,0.00044605292356275265,0.0028821245510495925,0.0002339416352285921,0.001814999937412968,0.001285065392401323,0.0014803554221800022,0.0008222176264990227,-0.0018030090858806775,0.0008664934509801674,0.0009302820787082121,0.00034787587924642744,0.0021095441985307067,0.0027103236315522703,0.000618420139645351,0.003267614032023218,-0.0005789435010983246,0.0020381464482086774,0.0007519300943575563,0.0014695551697307362,0.0019228435921285435,0.0012950634136552099,0.00045127617319705513,0.0010695701437615716,0.00550720003385648,0.006567628360608971,0.0011078265736769576,0.002965742533193528,0.0007823266897307457,0.000407382594077203,0.0010899288613173425,0.0006426524261831067,0.0005990041806947789,2.0734889668298353e-05,0.0010466790606566813,0.0019118845742772369,0.00038755648208653904,0.0012645595056911246,0.0011070367115089774,0.0008478841959677096,-0.00023419214175600769,0.0008125614898864011,0.0011205306116700271,0.0021014482019320697,0.0002753121858317508,-0.0017582335120323003,0.0013495383168305596,0.0020484756537375364,0.0008194929967844943
BWZ,-0.00012364954078003242,0.00011034491878505524,-3.4928512998660466e-05,0.0002339416352285921,7.127363058508981e-05,0.00011225309862827602,0.0001084222923175832,5.407280456167418e-05,2.3580216430453513e-05,3.3967781334506245e-06,-2.6776567392336954e-05,0.0002725982898343189,-0.0001943664730061168,0.0003330477563507281,0.00020916896075500921,-0.0001025139095241578,0.00032746151304684847,-6.938571840572471e-05,7.014959311727947e-05,0.00020581444470191772,7.415476844428617e-05,0.00027447323855584707,0.00027654053522273113,-0.00013479694995655706,0.0002018517865189875,0.0007603818234801469,0.0010527784382743457,5.2593584075124694e-05,0.0002494201866916491,5.290116387890375e-05,-8.902695514745454e-06,8.519143368917523e-05,0.00013871305149018413,5.0742345209191876e-05,3.589087012799384e-05,-1.6234023191756086e-06,0.000264248440651661,6.250103778491878e-05,0.00011269925532437826,-3.5622110920546e-05,6.139438564848305e-05,1.8572136545217595e-05,5.223065653657694e-05,-7.299538390446599e-05,0.00036823596578388886,0.00017601276430466952,-0.00016016728114863726,0.00012182063059921843,0.00018227562011362226,2.9369731123041096e-05
CNOB,0.002559445671360943,0.00458401842758125,0.0012095886628513423,0.001814999937412968,0.00011225309862827602,0.005481378061606612,0.004282873619308212,0.004299144942345715,0.00235644646714567,-0.005383885004291942,0.001699677270662208,0.0014548671979688422,0.003986638356331793,0.005857249491312258,0.00591682313205192,-0.00010495489872605081,0.0053065810499890115,0.0010113594050099085,0.00406889275514442,0.0024568614568343367,0.00015997873905736405,0.0028307607803880227,0.0023979015823530837,0.004133743751214074,0.0030718665093283424,0.0062370708217668385,0.010803119037098498,0.003779179372217359,0.007438952677986917,0.0031816476248032635,0.0025623764838376105,0.0029564887509471393,0.0023709532120139206,0.0045981032835207365,-3.7491962556532565e-06,0.0013259500004007734,0.0027625316607728734,0.0015830490538841962,0.0034132252184523315,0.003649303071934298,0.0026992540899828943,0.001665494169092484,0.002848296536793636,0.0006470339320905442,0.002203955023223255,0.0029125648560955754,0.00016193169839914947,0.0034904265994859943,0.0028209730304025577,0.0024336582301250948
CYBR,0.002087632495872761,0.004150199246900251,0.001162518894426324,0.001285065392401323,0.0001084222923175832,0.004282873619308212,0.003928534515863974,0.0036297053587714756,0.0020314974278839793,-0.004724140330098816,0.001336969596246944,0.0012037654442056433,0.0040800773808491115,0.005768796249130131,0.004736881348237805,-0.0005353157136735322,0.005481793755062118,0.0009488063936390086,0.0037149635541938618,0.0028329905016243307,0.0005746864651321888,0.002828543339066166,0.002516311621188195,0.003785749628074061,0.00301453538360264,0.004652273380530426,0.008408298971226264,0.003788117212287641,0.006123971536125096,0.0025699077955166675,0.002153167117820543,0.002685398471412527,0.0017473974918566218,0.0033774941972473205,1.8615024238004314e-05,0.0010765432357219403,0.002022476600786014,0.0017563372172660803,0.0029541246887189133,0.002448931167592903,0.002299873969424099,0.0010106568169693392,0.0022649077908214912,0.00020900985697260572,0.00228011555474431,0.002503695272628299,0.00012719556150669282,0.0038035473044336506,0.0024259108726336935,0.002150844449952037
DD,0.0042530604653198524,0.0038919146172650097,0.001105694290224964,0.0014803554221800022,5.407280456167418e-05,0.004299144942345715,0.0036297053587714756,0.0039281286571320635,0.002023593998367226,-0.004678646629744481,0.0018804628157949904,0.0009885707973453647,0.0033446442034575775,0.005144374080621587,0.004972380802079026,-0.0005514207168501009,0.005521962653619037,0.0008644921980080547,0.003867817749166062,0.002634040249146919,0.00034556104711296553,0.0032468903244853675,0.002162713730429519,0.0037060000723355218,0.002614193005181348,0.005186469414513965,0.00894982061253522,0.003311952476966646,0.006327201313954562,0.0025845104955351614,0.0021560025811509565,0.002563728837958799,0.0022764910316590494,0.0032346042962745256,-3.848935593906872e-05,0.001583718494702307,0.002160323354843665,0.0014946689450125621,0.003176068148318604,0.002571104206440827,0.0022753856100684445,0.0009989690408531387,0.0023444081597591357,0.00033360532791451927,0.0017238223342058627,0.002752374781443887,0.0005216792186740502,0.0031764298061647436,0.0026490262862455447,0.0023066233325240823
DGS,0.0020134999952416926,0.0022605067769437067,0.0007830320704313523,0.0008222176264990227,2.3580216430453513e-05,0.00235644646714567,0.0020314974278839793,0.002023593998367226,0.001462639140924874,-0.003158705634964769,0.0005995167099857731,0.0005143076945358211,0.0021995399015209225,0.0031820405446061103,0.0030375784003386455,3.1555361660995374e-05,0.0035121212786778126,0.00039952194512699214,0.0024108126007433093,0.0013288428132098064,0.0004433184824768615,0.0022739366196493126,0.0015649461333756339,0.0020613116728699864,0.0018010983757762507,0.002956819693289033,0.005211162623634237,0.0019916839872467177,0.003728274518835951,0.0015160340056695459,0.0011349486794284005,0.0015998291086939784,0.00118019974405016,0.001820765858874019,3.5769790067928915e-05,0.0004491295137183435,0.0008750202435871189,0.0009979966038121447,0.0018078900857088113,0.00216902779563101,0.0014251380823291856,0.0005396862260734531,0.0014361792205867035,0.0005209543692637458,0.0015604511142225936,0.0010107439113317318,-0.0004160211704419511,0.001983891737083601,0.0017303183982416905,0.001362448737845948
EEV,-0.004472072568988969,-0.005058135450574873,-0.0018195996206657981,-0.0018030090858806775,3.3967781334506245e-06,-0.005383885004291942,-0.004724140330098816,-0.004678646629744481,-0.003158705634964769,0.007073306310993741,-0.0017706028161175722,-0.0009889283969545535,-0.005502098136641379,-0.006987266517479726,-0.006646573554488934,2.030025379351182e-05,-0.007546327865068116,-0.0010415900843979166,-0.005464191554591187,-0.0029940524842515474,-0.0011252226371886772,-0.004322699293380874,-0.0032417645517411045,-0.0050625510896140005,-0.0038376260579433084,-0.005907921782414142,-0.010077145842162847,-0.004763707631272029,-0.008117908271469363,-0.003426485406935525,-0.0027470575946857557,-0.003581187514754129,-0.002315198796425747,-0.004231180091208132,-7.5299072629685e-06,-0.0015321430568307967,-0.0020316582394220273,-0.002209234361391971,-0.004030774851241022,-0.004533744272967458,-0.003154868754302601,-0.0012156633763332793,-0.003169921855169872,-0.0011346814830146962,-0.0032965190769696983,-0.002296042369734078,0.0008075344416937669,-0.004641675613888495,-0.003649699846151487,-0.003051329520001293
ENZ,0.003946654199274619,0.0014741204678351012,0.0003960412254844553,0.0008664934509801674,-2.6776567392336954e-05,0.001699677270662208,0.001336969596246944,0.0018804628157949904,0.0005995167099857731,-0.0017706028161175722,0.003030057288627805,0.0003858841504068606,0.0018219328231432273,0.0014976640052979323,0.002093578322584365,-0.0007686921948009014,0.001578343355103987,0.00037520164663112536,0.0017021297976615383,0.001166694974156353,0.0005300980067936525,-0.000934142015449948,0.0011229114772121145,0.0023117574695323316,0.0006306545166518782,0.000860481836863406,-0.00041295728795153223,0.0010984455441728606,0.0016772726202404237,0.001342756841661033,0.0014735050241056454,0.0009752582074120826,0.0006622923704378657,0.002140102090166398,-0.00015587924120112365,0.003885624771218222,0.0017188841950507394,0.0003912490536413088,0.0019469722193847406,0.0007833968200058646,0.0009416394352966585,0.000740124097707185,0.001144593988901507,1.5957791818481154e-05,0.002096485437572871,0.0017574864132580616,-0.0005576346504315796,0.001002474316191107,0.0009786708314011802,0.0012367736110369388
EXR,0.00045801514518508345,0.001231641304589441,9.294268868541365e-05,0.0009302820787082121,0.0002725982898343189,0.0014548671979688422,0.0012037654442056433,0.0009885707973453647,0.0005143076945358211,-0.0009889283969545535,0.0003858841504068606,0.0013541996482835184,2.1561877241738336e-05,0.0021865567075052125,0.0019097418600079628,-0.0007497613629321089,0.0018687707966220158,8.453672969734503e-05,0.0010719545177754117,0.001216502391635451,0.00022081923126705192,0.001311313407537456,0.00143426696524314,0.0004088365786882562,0.0013038370873725694,0.003942733152419565,0.0050223991543962765,0.0010776433487153846,0.0021948487738553384,0.000911678296787593,0.000612963974969387,0.0008561147075143282,0.0010092944589033671,0.0013533534487205295,0.00013953220141053085,0.000508520468319561,0.001523130749843469,0.00047177028483400815,0.00114433053543005,0.0005697443711984646,0.0007561021803023576,0.0006721162244458626,0.0007926896698858531,-0.00036663692080334513,0.001930246392647869,0.0013243591595120503,-0.0006573438575296536,0.0010283242729099758,0.0011107933214938197,0.000556401729689705
FTK,-0.00012366361865693122,0.004658353651661203,0.0015633969052951838,0.00034787587924642744,-0.0001943664730061168,0.003986638356331793,0.0040800773808491115,0.0033446442034575775,0.0021995399015209225,-0.005502098136641379,0.0018219328231432273,2.1561877241738336e-05,0.0073095391245106365,0.0056876247967337,0.0037986228343697723,0.0005279450552236698,0.004538798541596468,0.0012551230985140866,0.0033810735626968987,0.002373918277635992,0.0009322635987009891,-0.00012210499180872542,0.002460878361232547,0.005383826383862377,0.002860805494865398,-0.0011953240369629795,0.001778993057630184,0.003931655687224233,0.004727262129154803,0.0025871623857438714,0.002493922550423173,0.0027597880223376088,8.197171701289436e-05,0.003852998070653364,-0.00015786171531138133,0.001993511140883168,0.0008947686429009317,0.0021213609220381503,0.0026650888946093817,0.0030400504407621645,0.0023319610821016224,0.0007668314741696499,0.0022332571975580565,0.0008889448703570027,0.002525013797172748,0.0015278614262521605,-0.0001902641625913211,0.0044864243548457285,0.0014905479311737933,0.002291984097082823
GGT,0.002581132373041325,0.0066443698528147474,0.0016134767632596265,0.0021095441985307067,0.0003330477563507281,0.005857249491312258,0.005768796249130131,0.005144374080621587,0.0031820405446061103,-0.006987266517479726,0.0014976640052979323,0.0021865567075052125,0.0056876247967337,0.00980164591122181,0.007042206988970201,-0.0007845948222142913,0.00975908896633482,0.001029972633186149,0.005354849205273114,0.00501471814690653,0.0010391874696852404,0.005456547820488476,0.005041399671203915,0.005021397372068095,0.00526340980794767,0.0072792576786518135,0.015266048731366808,0.00511321719156186,0.009250566629689948,0.0036286126558611525,0.002765303358237387,0.004158630266353132,0.002895954720854959,0.004343250964738787,0.00016338813129285082,0.0011790570142338243,0.002947971809264813,0.003097755742054689,0.004587762665427942,0.0035688808057180235,0.003499263001572755,0.0009748927532174487,0.003333583994255397,0.00015257193073211605,0.004618259313643828,0.003980536410356148,-9.893305692337931e-05,0.00603021019813326,0.0040715392654978155,0.0033598395448279977
GNL,0.00547060532360913,0.004902629722319646,0.0015370537101123927,0.0027103236315522703,0.00020916896075500921,0.00591682313205192,0.004736881348237805,0.004972380802079026,0.0030375784003386455,-0.006646573554488934,0.002093578322584365,0.0019097418600079628,0.0037986228343697723,0.007042206988970201,0.007481441421305107,-0.0005303389655288298,0.007714158092526644,0.0008187516837526584,0.005605815244485688,0.003164948904463321,0.0009770960667632716,0.0050728855202293015,0.003458296213001983,0.004334392444881172,0.0039117388713371575,0.009409016748911406,0.013661751041635098,0.004565327853582626,0.008957447562043525,0.0036483503213923197,0.002785386296473412,0.0035947832127580723,0.0031939436280207186,0.004632554449254784,8.495919171779963e-05,0.0019016101730767968,0.003269471554967549,0.0019146214397859477,0.004410862947645258,0.004431160891317074,0.0032365157418493295,0.0016447805082135465,0.0033734077184086075,0.0008610221232335856,0.003824748899514831,0.003097390889810625,-0.0010573164189370465,0.004161430657114429,0.004208376638493981,0.003042442903004762
HSON,-0.0033412089725964483,-0.0003029891231458102,1.500846438782968e-05,0.000618420139645351,-0.0001025139095241578,-0.00010495489872605081,-0.0005353157136735322,-0.0005514207168501009,3.1555361660995374e-05,2.030025379351182e-05,-0.0007686921948009014,-0.0007497613629321089,0.0005279450552236698,-0.0007845948222142913,-0.0005303389655288298,0.002303316070051476,-0.0008945491219103834,-0.0005434902695200783,-0.0008669169321523888,-0.0013857447177270347,3.097810631215464e-05,-0.0011647742261490395,-0.0005367423879542962,-0.0004291972291998656,-0.0005231203287500598,-0.0019918146353621992,0.0001301081011926635,-0.0012426032469912071,-0.0004855610292644183,-0.000432576574921054,-0.0005884402757183376,-0.0002800598133236093,-0.0009403729457758813,-0.0004016837463584601,-8.224488054303273e-05,-0.0009700362380601834,-0.0005592365311763809,-0.00019842932763895036,-0.0008457518947053807,0.001012458382341624,-0.00021863847604083327,-0.0006249799231652201,-0.00023381235724267735,0.0014856842973835255,-0.0007580899551837827,-0.0014591564448672306,-0.0002691597141926818,-0.0005290877405616998,-0.00033497516911758327,-0.00026980647497643686
HXL,0.0067269881153368925,0.005828137073920255,0.0019036067793444613,0.003267614032023218,0.00032746151304684847,0.0053065810499890115,0.005481793755062118,0.005521962653619037,0.0035121212786778126,-0.007546327865068116,0.001578343355103987,0.0018687707966220158,0.004538798541596468,0.00975908896633482,0.007714158092526644,-0.0008945491219103834,0.012334311036608123,0.00048818536609855694,0.0067761527215941305,0.005318001451302894,0.002134701646491282,0.008643050472904847,0.00511076670920101,0.004460680040924145,0.00524740571182137,0.010258701888364604,0.017636859565166887,0.005356860068409536,0.010029993608070597,0.003269014713521164,0.002302769177690451,0.004299214856137512,0.003526984075030826,0.002481399845174133,0.00016803744764217266,0.0011118399541366914,0.002748288693127709,0.0031036004201561093,0.004950115375654654,0.0033723115765146245,0.003483975783893333,-6.84965530087144e-05,0.003188745272100968,0.0006675363856862793,0.004571321509884693,0.0033635466129928212,-0.0007175701735156252,0.0061956407759691965,0.005396833764374527,0.003676284493529341
IAUF,0.0008182869660993715,0.0010760346139557261,0.0002645816425925422,-0.0005789435010983246,-6.938571840572471e-05,0.0010113594050099085,0.0009488063936390086,0.0008644921980080547,0.00039952194512699214,-0.0010415900843979166,0.00037520164663112536,8.453672969734503e-05,0.0012551230985140866,0.001029972633186149,0.0008187516837526584,-0.0005434902695200783,0.00048818536609855694,0.0006273662659618969,0.0006995439366865032,0.0006132212390923872,-0.0003650481673195554,0.00015246313542111004,0.00019356991715462136,0.0012952925130289509,0.0005344419566718114,-8.154085978682885e-05,0.00020329664918665582,0.0010753874279679212,0.001155792307220721,0.0007190757936430688,0.0007494542109961927,0.0005406521597385958,0.00044605332687096814,0.001185850141963496,-2.3580348477187578e-05,0.00023645204849114231,0.00015015829927011765,0.0003583170049219059,0.0006450001660091415,0.000490423663720022,0.0005188419596337845,0.0006212010457665531,0.0005612175272931469,-0.0003523538287405159,-0.0001024892628437263,0.0008432873531207051,0.0006906053426083907,0.0007425658720099287,0.00010397398437437421,0.00046616952093976117
ITRI,0.005810645786937851,0.003319858969514733,0.0014910431453665817,0.0020381464482086774,7.014959311727947e-05,0.00406889275514442,0.0037149635541938618,0.003867817749166062,0.0024108126007433093,-0.005464191554591187,0.0017021297976615383,0.0010719545177754117,0.0033810735626968987,0.005354849205273114,0.005605815244485688,-0.0008669169321523888,0.0067761527215941305,0.0006995439366865032,0.005123594704401874,0.002695924091855915,0.0015577599296325915,0.004682792955870526,0.0024802747158807615,0.0036357371762191126,0.002962155591747773,0.007257348071036349,0.008447861228589672,0.00440453726308498,0.006644131566504633,0.0026034736435597674,0.0021374961040468202,0.0028430432442435164,0.002135633292668596,0.0026997904920380944,3.1512909940395994e-05,0.0015985987441834463,0.0019997265383850326,0.001587530897424986,0.0033980441990044854,0.002852845076060005,0.0024094504785194346,0.0008024160688649485,0.0023730207788764082,0.0006405004793059045,0.002879270784033713,0.0018109018304505796,-0.0012061456454151326,0.003802073175237753,0.0034484095807059702,0.002387522090543513
IVAC,0.002800483892760574,0.003256288077634826,0.0006778231166138146,0.0007519300943575563,0.00020581444470191772,0.0024568614568343367,0.0028329905016243307,0.002634040249146919,0.0013288428132098064,-0.0029940524842515474,0.001166694974156353,0.001216502391635451,0.002373918277635992,0.00501471814690653,0.003164948904463321,-0.0013857447177270347,0.005318001451302894,0.0006132212390923872,0.002695924091855915,0.00323324570499192,0.0005115255100599042,0.003137536033724962,0.0026826255659916074,0.0024424044188748302,0.002623460760483237,0.0036826087876381513,0.007146216592220594,0.0026363929463747654,0.00426181798425779,0.0016536993164455653,0.0013769336815255835,0.0019844634053566334,0.0017202431642784424,0.001673311005201546,8.667156207790345e-05,0.0011072768972552646,0.0015397042770350713,0.0016228999972551957,0.0024642710619038224,0.0006942594508798924,0.001603746089193833,0.00032151775691878135,0.0014768851490971032,-0.0006746018733996353,0.0023103289851452344,0.002657545030440856,0.0004654718159839145,0.0031060664402812873,0.0019968212185979928,0.0017101629599639572
JRJC,0.0008928346477380708,-0.00013107573397479644,0.0004990500553694745,0.0014695551697307362,7.415476844428617e-05,0.00015997873905736405,0.0005746864651321888,0.00034556104711296553,0.0004433184824768615,-0.0011252226371886772,0.0005300980067936525,0.00022081923126705192,0.0009322635987009891,0.0010391874696852404,0.0009770960667632716,3.097810631215464e-05,0.002134701646491282,-0.0003650481673195554,0.0015577599296325915,0.0005115255100599042,0.0018641058930973274,0.0008555429012769942,0.0008766467050703702,0.000401209402225124,0.0006124636254249117,0.002106202644693116,-3.7483009166365956e-05,0.0013051303378882814,0.0006264330199600097,0.0001315520885017256,0.00014138754934776062,0.0005813417970274936,-0.0005106189628484556,-0.0004093875206023637,1.0013218259723312e-05,0.0010131558417118451,0.00047788265078442863,0.0003543043388661365,0.0005246159495438978,0.00011116449621478163,0.0002958197222949308,-0.0005569165904531494,0.00012454947579166204,0.0006436451101647386,0.002036024710002341,-0.0007707100472100964,-0.002177978840680823,0.0013553066675377088,0.0010994338373367222,0.0003358449834434844
KERN,0.006709813103916362,0.0025972279062743977,0.0010787244753724245,0.0019228435921285435,0.00027447323855584707,0.0028307607803880227,0.002828543339066166,0.0032468903244853675,0.0022739366196493126,-0.004322699293380874,-0.000934142015449948,0.001311313407537456,-0.00012210499180872542,0.005456547820488476,0.0050728855202293015,-0.0011647742261490395,0.008643050472904847,0.00015246313542111004,0.004682792955870526,0.003137536033724962,0.0008555429012769942,0.009705319788621417,0.0023949287997790925,0.001058063514131956,0.0031721573188028757,0.010726410041997309,0.01611020986813442,0.00338303541539978,0.0072956863766216965,0.0015835411924457862,0.0006513819030883933,0.002421013194407786,0.0036367798804646544,-9.326343514829858e-05,0.0002864616222169474,-0.002273980424857854,0.001037955906611533,0.001594338248983815,0.0027106452413456286,0.0019141867591504352,0.0019467145233006602,-0.00025834903319664905,0.00170249718453051,7.891159612087502e-05,0.0009220432999271458,0.0017339336770818736,0.0003672760213413021,0.003082739282556617,0.004059700022017164,0.0019582532203552723
LPSN,0.0014372233513730136,0.0032161437414322223,0.0006665280829630272,0.0012950634136552099,0.00027654053522273113,0.0023979015823530837,0.002516311621188195,0.002162713730429519,0.0015649461333756339,-0.0032417645517411045,0.0011229114772121145,0.00143426696524314,0.002460878361232547,0.005041399671203915,0.003458296213001983,-0.0005367423879542962,0.00511076670920101,0.00019356991715462136,0.0024802747158807615,0.0026826255659916074,0.0008766467050703702,0.0023949287997790925,0.0033824565296765637,0.0021034074431296045,0.0028630801590466075,0.0036060432903059435,0.007195815970138982,0.002018531767544,0.004025869929364126,0.0017451091667364546,0.001244356187066353,0.0020256322628257745,0.0013740436030475205,0.0021170227809371605,0.0001497779808380827,0.001500216117388388,0.0017266945240125796,0.0016091849837188777,0.0025031265027793395,0.0018289946279654423,0.001720101196721579,0.00043874953830424525,0.0016625160727347286,1.1220747386654671e-05,0.003966509298522871,0.0020282502759041954,-0.0011310509816192097,0.0028642406743897937,0.002227991680535063,0.0017135363873620674
MCHP,0.003105857675315254,0.004235241703142718,0.0013215949318790571,0.00045127617319705513,-0.00013479694995655706,0.004133743751214074,0.003785749628074061,0.0037060000723355218,0.0020613116728699864,-0.0050625510896140005,0.0023117574695323316,0.0004088365786882562,0.005383826383862377,0.005021397372068095,0.004334392444881172,-0.0004291972291998656,0.004460680040924145,0.0012952925130289509,0.0036357371762191126,0.0024424044188748302,0.000401209402225124,0.001058063514131956,0.0021034074431296045,0.004867230510917048,0.0025430876155046853,0.0014126954413937048,0.003726371319210382,0.0036808369455055574,0.005271518190095798,0.0027365308400347063,0.002582227933191589,0.00259181167281291,0.0012825436139282552,0.003936139253920136,-0.0001302239513187751,0.0023816814518611657,0.0015000995598719086,0.0016885311956954308,0.0030663043538571456,0.002810698185676476,0.00231020141593655,0.0012355467215088584,0.0023781364234000115,0.00035087451726416384,0.002031455201740638,0.002402505111121922,0.0003346051070572584,0.003582168362113437,0.0018646303480596336,0.0023463328960163206
NFJ,0.0015146350721413277,0.003480324959655864,0.0008783584420694737,0.0010695701437615716,0.0002018517865189875,0.0030718665093283424,0.00301453538360264,0.002614193005181348,0.0018010983757762507,-0.0038376260579433084,0.0006306545166518782,0.0013038370873725694,0.002860805494865398,0.00526340980794767,0.0039117388713371575,-0.0005231203287500598,0.00524740571182137,0.0005344419566718114,0.002962155591747773,0.002623460760483237,0.0006124636254249117,0.0031721573188028757,0.0028630801590466075,0.0025430876155046853,0.002954326043209215,0.004331642689330105,0.008240571655910894,0.002806099671400774,0.004980047140506425,0.001998350199809512,0.00146916499261006,0.0022525723156784972,0.0016304957635543526,0.0024137280031533044,0.0001365164748303725,0.0005149447155070629,0.001533443237479279,0.0016546747879975915,0.00250285246211172,0.0021725751616963615,0.001920284422235845,0.0006714269658323078,0.0018466784487295733,6.229332943353893e-05,0.0028740894934154706,0.0020012673567287925,-0.00046902798189174327,0.00317908314481468,0.0022947409985552853,0.0017816067639707148
ORC,0.008622313795935518,0.0031781139394740253,0.0012853366864561144,0.00550720003385648,0.0007603818234801469,0.0062370708217668385,0.004652273380530426,0.005186469414513965,0.002956819693289033,-0.005907921782414142,0.000860481836863406,0.003942733152419565,-0.0011953240369629795,0.0072792576786518135,0.009409016748911406,-0.0019918146353621992,0.010258701888364604,-8.154085978682885e-05,0.007257348071036349,0.0036826087876381513,0.002106202644693116,0.010726410041997309,0.0036060432903059435,0.0014126954413937048,0.004331642689330105,0.0212636820221253,0.023971389720492817,0.005553557421444769,0.011343676359767164,0.00338645050223768,0.002011028392098888,0.0036805481200477145,0.005074847527556583,0.0030186549428082425,0.00041259382444392963,0.00013829180049878122,0.005152090775505578,0.0013254154054352088,0.004658254103938835,0.003398150730905159,0.00314294681638875,0.0014966626163670637,0.003185059255189415,0.00047399820141926034,0.0044934657526537235,0.0031387096407813697,-0.0027002205988655545,0.0039355003472610495,0.0064233774467583205,0.0026131200147046733
RCAT,0.0057288256062596465,0.009714812392922264,0.0017263926261823523,0.006567628360608971,0.0010527784382743457,0.010803119037098498,0.008408298971226264,0.00894982061253522,0.005211162623634237,-0.010077145842162847,-0.00041295728795153223,0.0050223991543962765,0.001778993057630184,0.015266048731366808,0.013661751041635098,0.0001301081011926635,0.017636859565166887,0.00020329664918665582,0.008447861228589672,0.007146216592220594,-3.7483009166365956e-05,0.01611020986813442,0.007195815970138982,0.003726371319210382,0.008240571655910894,0.023971389720492817,0.04537752785400809,0.005751615890848083,0.0192768881670798,0.005440780359556157,0.002742057553465407,0.006363168356185804,0.008445194638228326,0.005327191035351829,0.0005586130110984283,-0.003043578779677411,0.006478141149329228,0.003913188751244262,0.007126003742542256,0.006767768274058273,0.005572621798159741,0.0012318868708958341,0.005499849113779972,0.0011241273162849563,0.0041302861106657235,0.007107883881386126,0.001759236849073559,0.0070413923229639755,0.00879912080097407,0.005066992209785911
RFP,0.003312269637736654,0.0032069817668789607,0.0013863589743741593,0.0011078265736769576,5.2593584075124694e-05,0.003779179372217359,0.003788117212287641,0.003311952476966646,0.0019916839872467177,-0.004763707631272029,0.0010984455441728606,0.0010776433487153846,0.003931655687224233,0.00511321719156186,0.004565327853582626,-0.0012426032469912071,0.005356860068409536,0.0010753874279679212,0.00440453726308498,0.0026363929463747654,0.0013051303378882814,0.00338303541539978,0.002018531767544,0.0036808369455055574,0.002806099671400774,0.005553557421444769,0.005751615890848083,0.004834775392149141,0.005632428898462319,0.0023868874023286815,0.0021512337650649326,0.002589466385765381,0.001380725452152326,0.002814819207020517,4.105427810791454e-05,0.0009095040888594064,0.001587854011169937,0.0015747449675743434,0.0027319003379460043,0.0019993223377558194,0.0021181142139839438,0.0010123633368123554,0.001999986768272063,4.787244806818167e-05,0.0023141798688603157,0.001651497841408966,-0.0007826791026373501,0.004022345838572872,0.0024795332634537626,0.001887859864603279
RM,0.005736884952291402,0.006520802536755087,0.00186053421963366,0.002965742533193528,0.0002494201866916491,0.007438952677986917,0.006123971536125096,0.006327201313954562,0.003728274518835951,-0.008117908271469363,0.0016772726202404237,0.0021948487738553384,0.004727262129154803,0.009250566629689948,0.008957447562043525,-0.0004855610292644183,0.010029993608070597,0.001155792307220721,0.006644131566504633,0.00426181798425779,0.0006264330199600097,0.0072956863766216965,0.004025869929364126,0.005271518190095798,0.004980047140506425,0.011343676359767164,0.0192768881670798,0.005632428898462319,0.011608973839978682,0.00432844496748684,0.003202623432717496,0.004476307510787019,0.004224034689629421,0.005211442565201976,0.00011402944381100234,0.0007691953938014488,0.003606623262786967,0.0025997295605213926,0.005159624831630614,0.0050902705335819694,0.00396809135161995,0.0016851804746792199,0.004026446614527677,0.0008601881638450133,0.003223879661723725,0.004110939846715682,0.00024570015660366304,0.0054082420641911565,0.005026430416852649,0.0037220212745223964
SCHV,0.0023726427259727623,0.002875440674965709,0.0007679118281709141,0.0007823266897307457,5.290116387890375e-05,0.0031816476248032635,0.0025699077955166675,0.0025845104955351614,0.0015160340056695459,-0.003426485406935525,0.001342756841661033,0.000911678296787593,0.0025871623857438714,0.0036286126558611525,0.0036483503213923197,-0.000432576574921054,0.003269014713521164,0.0007190757936430688,0.0026034736435597674,0.0016536993164455653,0.0001315520885017256,0.0015835411924457862,0.0017451091667364546,0.0027365308400347063,0.001998350199809512,0.00338645050223768,0.005440780359556157,0.0023868874023286815,0.00432844496748684,0.0020662115957406964,0.0017191039281026412,0.0018494797545944984,0.0015078774153911587,0.0030225443676351765,1.325763508171135e-05,0.0013422192628385554,0.0016114416341970021,0.001034197364260413,0.0023147657072772887,0.002344686147048552,0.001719704998248338,0.001203089172195341,0.001843689621809118,0.00019209897790019743,0.0019243433517217969,0.0019207344152535283,-0.00018422302103727616,0.002145034256178634,0.0017358148484705647,0.0015992166987221425
TDC,0.002196837318463361,0.0023135196333058396,0.0006579122184639483,0.000407382594077203,-8.902695514745454e-06,0.0025623764838376105,0.002153167117820543,0.0021560025811509565,0.0011349486794284005,-0.0027470575946857557,0.0014735050241056454,0.000612963974969387,0.002493922550423173,0.002765303358237387,0.002785386296473412,-0.0005884402757183376,0.002302769177690451,0.0007494542109961927,0.0021374961040468202,0.0013769336815255835,0.00014138754934776062,0.0006513819030883933,0.001244356187066353,0.002582227933191589,0.00146916499261006,0.002011028392098888,0.002742057553465407,0.0021512337650649326,0.003202623432717496,0.0017191039281026412,0.0015855748402073472,0.0014715813524453438,0.0010203398990901778,0.002622460861288322,-3.6997645045622485e-05,0.001599346554557001,0.0012938760719774175,0.0008119042279666321,0.0019024764768792526,0.001654612214448895,0.0013618053751746082,0.0010704200714635403,0.001472093277848093,9.522559497295863e-06,0.0014927189426290576,0.0016464957986963812,-6.137563469738673e-05,0.0018178669979306615,0.0011862195108105194,0.0013026387190364444
WDIV,0.0020658463368141426,0.0029005597707893456,0.0008759522244984361,0.0010899288613173425,8.519143368917523e-05,0.0029564887509471393,0.002685398471412527,0.002563728837958799,0.0015998291086939784,-0.003581187514754129,0.0009752582074120826,0.0008561147075143282,0.0027597880223376088,0.004158630266353132,0.0035947832127580723,-0.0002800598133236093,0.004299214856137512,0.0005406521597385958,0.0028430432442435164,0.0019844634053566334,0.0005813417970274936,0.002421013194407786,0.0020256322628257745,0.00259181167281291,0.0022525723156784972,0.0036805481200477145,0.006363168356185804,0.002589466385765381,0.004476307510787019,0.0018494797545944984,0.0014715813524453438,0.001969118471090917,0.0013631672592478107,0.0022974973616755514,3.54655596475196e-05,0.0008694122042316818,0.0014070299997290178,0.0012771787291291792,0.0022429809428099598,0.0020700010776770793,0.0017035382189130067,0.0006526256058704272,0.0016885371867718323,0.00032891111330087214,0.002037061552715325,0.0016296543499221302,-0.00031927099147006796,0.002659826029093172,0.0020019947430150635,0.001631743351804503
WHFBZ,0.004199664007875659,0.0021568686273087064,0.00036452705068731,0.0006426524261831067,0.00013871305149018413,0.0023709532120139206,0.0017473974918566218,0.0022764910316590494,0.00118019974405016,-0.002315198796425747,0.0006622923704378657,0.0010092944589033671,8.197171701289436e-05,0.002895954720854959,0.0031939436280207186,-0.0009403729457758813,0.003526984075030826,0.00044605332687096814,0.002135633292668596,0.0017202431642784424,-0.0005106189628484556,0.0036367798804646544,0.0013740436030475205,0.0012825436139282552,0.0016304957635543526,0.005074847527556583,0.008445194638228326,0.001380725452152326,0.004224034689629421,0.0015078774153911587,0.0010203398990901778,0.0013631672592478107,0.0025115674549433436,0.0016744251605586731,9.748998614727789e-05,0.00019856066786754964,0.0013759905147188425,0.0007170771138222682,0.002039589310017777,0.0015471032535366628,0.0013229504187188888,0.0008494747341174977,0.0014534749638233256,-0.0003311041668579626,0.0006862131849176263,0.0022723500971628357,0.0008936254320763826,0.0011001178288919556,0.0018819328435006229,0.0013390886290312737
AVA,0.0014678121128585478,0.0040277807479687806,0.0008379621693045892,0.0005990041806947789,5.0742345209191876e-05,0.0045981032835207365,0.0033774941972473205,0.0032346042962745256,0.001820765858874019,-0.004231180091208132,0.002140102090166398,0.0013533534487205295,0.003852998070653364,0.004343250964738787,0.004632554449254784,-0.0004016837463584601,0.002481399845174133,0.001185850141963496,0.0026997904920380944,0.001673311005201546,-0.0004093875206023637,-9.326343514829858e-05,0.0021170227809371605,0.003936139253920136,0.0024137280031533044,0.0030186549428082425,0.005327191035351829,0.002814819207020517,0.005211442565201976,0.0030225443676351765,0.002622460861288322,0.0022974973616755514,0.0016744251605586731,0.0053012257031868175,-1.4148254269083335e-05,0.0023898216710403312,0.0024547299795259093,0.0011505601042205438,0.0029560937149447426,0.003511430461947106,0.0022867071811857255,0.002355816098021034,0.0026110877052540646,0.00016959733445290147,0.002744211218767486,0.0028120093680096044,-0.000244602408109987,0.002373050529815989,0.001614011818923108,0.001961716232203251
BOND,-6.802836609061806e-05,3.11295082578362e-05,-1.436448321329695e-05,2.0734889668298353e-05,3.589087012799384e-05,-3.7491962556532565e-06,1.8615024238004314e-05,-3.848935593906872e-05,3.5769790067928915e-05,-7.5299072629685e-06,-0.00015587924120112365,0.00013953220141053085,-0.00015786171531138133,0.00016338813129285082,8.495919171779963e-05,-8.224488054303273e-05,0.00016803744764217266,-2.3580348477187578e-05,3.1512909940395994e-05,8.667156207790345e-05,1.0013218259723312e-05,0.0002864616222169474,0.0001497779808380827,-0.0001302239513187751,0.0001365164748303725,0.00041259382444392963,0.0005586130110984283,4.105427810791454e-05,0.00011402944381100234,1.325763508171135e-05,-3.6997645045622485e-05,3.54655596475196e-05,9.748998614727789e-05,-1.4148254269083335e-05,3.466668501827105e-05,-0.0001739098665643454,3.31934638745904e-05,3.9967475591396755e-05,2.7949312841699648e-05,3.114241267382934e-05,2.8251647926108224e-05,2.797976652934676e-05,1.9273133865464886e-05,-6.526858456873798e-05,0.0001810320909369291,3.088979900797016e-05,-0.0001043969505040717,4.441224484341561e-05,9.16178472683241e-05,-6.93733185964485e-06
CELC,0.0041717864235256905,0.0011935098559359093,0.00034078772216830124,0.0010466790606566813,-1.6234023191756086e-06,0.0013259500004007734,0.0010765432357219403,0.001583718494702307,0.0004491295137183435,-0.0015321430568307967,0.003885624771218222,0.000508520468319561,0.001993511140883168,0.0011790570142338243,0.0019016101730767968,-0.0009700362380601834,0.0011118399541366914,0.00023645204849114231,0.0015985987441834463,0.0011072768972552646,0.0010131558417118451,-0.002273980424857854,0.001500216117388388,0.0023816814518611657,0.0005149447155070629,0.00013829180049878122,-0.003043578779677411,0.0009095040888594064,0.0007691953938014488,0.0013422192628385554,0.001599346554557001,0.0008694122042316818,0.00019856066786754964,0.0023898216710403312,-0.0001739098665643454,0.005401002929694835,0.00203816941167905,0.00029884737960042594,0.002092043189949682,0.000646736383916653,0.0008582700818864743,0.0008410601044656455,0.001111320709458363,-1.7409067860582085e-07,0.0034654777565319614,0.0016757040075823593,-0.0016579655281366572,0.0008945688478946158,0.0008853765148986799,0.0012191034944866069
