,AAOI,AEM,AEMD,ALOT,BHK,BMY,CCXI,CHIX,CHX,CL,CTIB,DAR,DRQ,DVLU,EBAY,ERC,FAT,FIHD,FLEH,FLMX,FLRN,FLRT,FTCS,G,GAME,GLDG,GNRC,HDEF,HSBC,HT,IDMO,IEV,KRC,KT,LMNR,LTRPA,MEOH,MQT,MYSZ,NAD,NKX,NRGU,NXGN,PFI,PHGE,QDYN,RFI,RGI,ROIC,RPD,RSLS,RVNC,SAGE,SFUN,STX,TAN,TBIO,UAPR,UL,USAK,XPH,ZSL,ZTO,ZYXI,A,BYM,CMDY,EWM,FTV,HEFA,JPIB,LRGE,MBNKP,MCD,MUSA,NOK,PKI,QTT,SELF,STRRP,UUU,VHT,WTER,XLC,ZYME,AOR,CID,EEA,FXB,GPRE,MNDO,POLY,PRFZ,SZNE,VOO,CBH,FEMB,IMOM,IVLU,TNC
AAOI,0.007423147842682231,0.005319809719260712,-0.003838821635301448,-0.0029176636233959365,-0.0002014095350026124,0.0002896318099816753,0.00023711362542744508,7.227273277090438e-05,0.001139950209640626,-0.0008019265176198005,0.004760920817728812,0.00023623867430142836,0.00249116254923937,0.0001853300634509734,-0.0007638252497118577,-0.0010879948003370754,-0.005465877525360591,0.0003392927631223425,0.0005899174977844228,-0.002565875828952352,0.0010556109417978192,-0.0016611112624104357,-7.821209848666959e-06,-0.0036662398403830487,0.008628311584236182,0.004653289462149036,-0.002046538446767575,0.00024153016712735427,0.0003889785663881534,-0.004526308967960406,-0.00010824629060125536,-2.6711063676346323e-05,0.0012008251889449458,0.0015320514556308989,-0.0019935896551148526,-0.001036803182049154,0.002845038648328522,0.00440621450848735,-0.00502797921223779,-0.002695994610600096,-0.00045943036875747067,-0.0014112214180287748,0.0019955654329174657,0.00034532096405056527,-0.004071713309176183,2.547780884568981e-06,-0.004482333190126685,0.0011263047111748801,-0.0007769813819155276,-0.0007474981480272635,0.0005818052314493581,0.0013514088451821427,0.002886854151012159,-0.01864763883629811,-0.00017964252441230737,0.0010714631815900294,-0.0014528273217510907,5.999281078742912e-05,0.0003632490726041068,0.004801725996954059,-1.2239563281469037e-05,-0.003860715133168505,-0.0005418376154570814,-0.0032445247351886794,-0.0014625389325964137,-0.0025227242667219454,0.0006817153757225651,-0.0018331216554324501,0.0041084028385759775,0.00010927968870301334,-0.0008264554227982012,0.00039022648063379104,-0.007367590461451823,0.0043536157078170375,0.0002875019080793181,0.001030900976774529,0.00027376869447255615,0.006438584879406054,-0.0012001392344563576,-0.002121694501460313,-0.008808771611426902,-0.00013966348885600667,0.0017554353053361401,-0.000185668217136841,0.002639340248446198,-8.84935941358539e-05,0.0002308975855035405,-0.0001293771390422337,7.831809112579977e-07,0.005698948460259871,0.000947636867848311,0.005447669002588319,-0.00029430306343236927,0.0003875413009468828,0.0004045821174270526,0.004617454781518391,-0.0008490759672438416,0.0003013466776212449,0.00041097655372969704,-0.0005512811990278556
AEM,0.005319809719260712,0.011219400185535251,-0.009368366200558717,0.006099571407411618,-0.001348221690636745,0.0025348957716686063,0.003261870035484876,0.0035306958915120004,0.012824726885996058,0.00018974474672213854,0.003349718050698016,0.004919332207144625,0.005809119288342927,0.004561301105212868,0.0016648592467833037,0.0007920577335452453,0.00567709214348108,0.008333664499731492,0.0033210188234068295,0.002581680088461164,0.0019233954852843549,-0.0022547219697965034,0.004368184810696679,0.0015067328135625676,0.0023017921361398485,0.01031873169719921,0.0050816039826800975,0.004487414941962078,0.0034873579961659865,0.0023702758276123895,0.003738070759271666,0.0042230517364450215,0.0024247828086342766,0.005230287030897077,0.001473674999865985,0.010500228568872972,0.006753807791230826,0.008029336742017315,-0.0016615859157770988,-0.0004648056903574562,0.0030934013535875793,0.014763504072431094,0.004420147715067435,0.0052808445166790475,-0.0024224268029882654,0.0050315315837723956,0.004076172166241654,0.006783724763863734,0.009361891578622612,0.005143830753303221,0.0015382839183262717,0.002885874133573729,0.005047258315444689,-0.025446621118734615,0.0032942950727903133,0.007624369310390259,-0.0038935225424374512,0.000960190695176286,0.0032896841050759303,0.012096631357835508,0.0032469311093250943,-0.007403515230292622,0.0018747050829991158,0.0014584796057738763,0.0027896584405639304,-0.0009046640820794227,0.0013724549106742157,0.002279566038247959,0.010427793385115468,0.0037708672013896595,-0.0002577972824935223,0.004360165540910739,-0.012255578010214133,0.009509755581831801,0.005549725871875505,0.0055334583288737995,0.005644635106437466,0.012503618640051232,-5.342933954456176e-05,0.0028855010969489068,-0.004117962768772516,0.003900090788837432,0.00823360785821782,0.004135725744535045,0.0066075742932356915,0.002164047320330915,0.004253311995400877,0.004682744099372667,0.00034218298984353863,0.01527662015460306,0.0015295872432194446,0.0032800974501751797,0.004392093495051899,0.005803851595306591,0.005008003825540422,0.008227997138800212,-0.00022466560656521765,0.0047643640896735725,0.00411025682739839,0.005798323494948061
AEMD,-0.003838821635301448,-0.009368366200558717,0.00926842251424919,-0.004009005530425183,0.0020853704039862785,-0.002791383254355424,-0.0030075606900474535,-0.0024699265939342814,-0.0054032375739882415,-0.0015052033357869895,-0.0017122187958446115,-0.0047886924595813875,-0.004746624722981802,-0.0019738686017757023,-0.0017778853978599682,0.0006870775599877207,-0.00858924420760691,-0.007095735947927615,-0.002022192007166335,-0.0013620310716686806,-0.0014608129932904665,0.0009570968786205343,-0.003900933511074243,-0.0013235250673754083,-0.0010481686365714715,-0.007997136140693898,-0.004766668634182657,-0.0034040336919125454,-0.002739766958638397,0.0033187826473558618,-0.0027872149206367752,-0.003201257716141371,-0.001939936970247706,-0.003631540852262558,-0.0011828488467747265,-0.00564608206849008,0.0005922481743415907,-0.007249883053583884,0.002512531382380396,0.0008706894804370452,-0.0021862621430779796,-0.010124227859197497,-0.005937056578160396,-0.004318281085021507,0.002857408978075443,-0.004331593364870922,-0.004545554490787633,-0.005289289045436043,-0.00689583128602048,-0.0049356707058197495,-0.0015034892742383445,-0.0018476102695509874,-0.0036647040408052667,0.02490483873002654,-0.0032547251429875974,-0.005323771692224801,0.00263800649687466,-0.0009086753032505723,-0.0031483483209337366,-0.008563844322323778,-0.0030779159316014033,0.00473485497707158,-0.0020449454561412986,-0.0021499674698972847,-0.0025596757866313915,0.0011081117008035302,-0.0009688801709154461,-0.0018760334736952632,-0.008464749886317017,-0.002752745457354331,3.6479028785002406e-06,-0.0038946872624750204,0.018783719929265832,-0.007554453747806497,-0.005369478209037382,-0.003797787844245721,-0.004849076409503057,-0.009292018667100103,-0.0003997719017749528,-0.0019507075293981376,0.0017890107473403007,-0.0037229645535669727,-0.008480531310792986,-0.0041824884433327245,-0.005594909524455882,-0.0017766120593987757,-0.0026431660367528414,-0.004233072865052404,-0.000527231473652456,-0.01321861667453201,-0.0007375873187430589,0.0024394623666171523,-0.00390491563588377,-0.0047069302962929735,-0.004445971402704252,-0.006961792939912439,0.0008127649481640205,-0.0038103104899275438,-0.0031038341933069154,-0.0050468171035779035
ALOT,-0.0029176636233959365,0.006099571407411618,-0.004009005530425183,0.012564813736304215,-6.373166752438375e-05,0.0017217763542380102,0.0031649203164323806,0.004704780002896113,0.02058956875151166,-0.0004625075753683516,-0.0010290946603950064,0.004604776683786582,0.0036494352290806185,0.007551079486521376,0.002488690507280883,0.004171389511638366,0.009025235700610233,0.009216735369405546,0.004117319332411513,0.007550280209973118,0.0010428129237896185,-0.0016428652987968088,0.004842848052319252,0.006634310174037939,-0.0077544968565087385,0.006744866142374636,0.00807831936567402,0.005430548456670421,0.0038253845358866374,0.015851162248895795,0.005004032726635874,0.005455722888324525,0.0013607057580171341,0.005085914924732194,0.004490459745490286,0.017907904319256793,0.012329865371118819,0.0028429180005786294,0.006284481113736045,0.0037152133101597297,0.004797044284423373,0.022248231563416737,-0.00040901139781539275,0.005898587874316294,0.003715672380250545,0.005774915592095459,0.009359182628767932,0.0069960732840573525,0.013324993545455474,0.006248466360624001,0.0007477692498562574,0.002329370104505565,0.0028004901232294155,-0.00017068243457068452,0.003475867757874889,0.008939688626163698,-0.0034510998041223035,0.0009142295703927429,0.002873644314180912,0.00985139145281324,0.003374465159824469,-0.0054520670949408205,0.0023172841293373323,0.004871950364727871,0.0049663905954277065,0.0027913358991332737,0.0009368870811316387,0.005200595633200714,0.0071137377024246655,0.004830954155466527,0.0005307927942322593,0.004296589958338973,0.006652313085387242,0.0058865349503058545,0.005209711289318207,0.006233475690205265,0.006127230913457318,0.0076181590726554825,0.0009703834987238938,0.006871653606317011,0.004832407810011046,0.004187640226628321,0.0052642215535890395,0.004183446512121365,0.004155680954229728,0.0027178121451024635,0.005909916904948888,0.005287355032929799,8.66583987459603e-05,0.009779293080012174,0.001240106006045826,0.003334639781812564,0.005277989371309579,0.006523178941168942,0.0050296883119671275,0.003388919001848189,0.001698377174248046,0.005447788327256795,0.004737022998226604,0.007329252453074735
BHK,-0.0002014095350026124,-0.001348221690636745,0.0020853704039862785,-6.373166752438375e-05,0.0007992425580321718,-0.000757531873320633,-0.0005899699415418653,-0.00012133681781276203,0.001922874378200011,-0.0009193747823534385,0.00033943302282078377,-0.001057738246403146,-0.0006314630710597721,0.0006477011733549202,-0.0004686043675219733,0.0007835497302400923,-0.0032895931657604322,-0.0011210002664995863,8.888420562340911e-05,0.0001834134328901288,-0.0001340533317237573,-0.00034509796404261564,-0.0007090222255760594,-0.00025950419767796636,0.00036116184196561803,-0.0008330290960147058,-0.0009922070493894274,-0.0003279004776225501,-0.000315512914645346,0.003168443892380158,-0.00024368220022651717,-0.00030915063872276593,-0.0002349753841040969,-0.00015021342877189015,-0.00016726818656939552,0.0007513662856642851,0.0033009501376501265,-0.001320144352702949,0.000908534034048925,0.00035461205303048584,-0.0001252095754160484,-0.00038663786076695555,-0.0020153248305223833,-0.0005916743980640515,0.0008187637204991948,-0.0007097944851987433,-0.0012955673470883425,-0.0005842248129017216,-0.0005584527165902205,-0.001066758458427078,-0.00033066746885981196,2.4303296357711945e-05,-0.00023944389153286732,0.005419653309188819,-0.000742690438825587,-0.0002481029641965527,6.613092683942975e-05,-0.00018916430703431382,-0.000670040538479401,-0.0004461171012052678,-0.0006448250637178242,-6.886284252077494e-05,-0.0005534828966907537,-0.0008225122036685405,-0.0005097201422074202,0.0003247804374580549,-4.769496781227419e-05,-0.00027927082644234525,-0.001099605754797342,-0.00020514877775945932,-0.00011444005271208486,-0.0007051207694188763,0.007106655535964961,-0.0008888957670041091,-0.001171409300310797,-0.00013444486350500367,-0.0007872808903065317,-0.0007398539117695844,-0.00029650639148378683,-7.189978210182383e-05,-0.0006496937865631071,-0.0007926419476733606,-0.0020668789911492402,-0.0009957560292576586,-0.0008491702949513481,-0.00024894787929645684,7.44178924789883e-05,-0.0007948842391768155,-0.00020190685847834352,-0.0021535807435551823,0.00017435652697536463,0.003056943831045689,-0.0007037383849345692,-0.000624435232468312,-0.0007921495299477706,-0.001043273258592917,0.0004338754311737562,-0.0004773388239586853,-0.000289503813787479,-0.0008588147913348775
BMY,0.0002896318099816753,0.0025348957716686063,-0.002791383254355424,0.0017217763542380102,-0.000757531873320633,0.0009731973041946335,0.001031060083787827,0.0008189320172108731,0.00139226589600721,0.0007161637616811294,-0.0001184980458914078,0.0016751475376758865,0.0013055485628475504,0.0005464206090957601,0.0007458860333917772,-0.00017544778810789333,0.003967815571941399,0.002429176494134832,0.0005760265266808113,0.0007720368536093735,0.0003555198821559532,-4.952300268871758e-05,0.0013729513033936235,0.0009616020522809278,-0.0008608813027825322,0.0021099839547727463,0.001967376007224312,0.001129132482750814,0.0008888785697524083,-0.0008704635318447396,0.0009627234530497232,0.0010961593746392376,0.0005061488986728895,0.0010085912589940385,0.0006786954634723491,0.0019084164864033983,-0.00098110288619618,0.001956468467099289,-0.00026150031716191307,3.297453000352226e-05,0.0007975527651789549,0.0035732820396761787,0.0019334013166392816,0.001448587097782818,-0.0004929931430930725,0.0015135551540653583,0.0022596203640856526,0.0016624387326955384,0.0024450293239218534,0.0018571840374646553,0.00045738995480167066,0.00042380978537126133,0.0008479191273706404,-0.00635583932734618,0.001187271203018538,0.0016401790195417578,-0.0006816253345662033,0.00031441512765239567,0.0010702300620176596,0.0022295198952140636,0.001094522292842801,-0.001031753020228756,0.0008143396115168684,0.0012458094757310603,0.0011026232475462954,-6.49573856587503e-05,0.00023324953570847805,0.0008991566706971514,0.002369984916423624,0.0009173642754595406,0.00012408055475312329,0.0013168017110243876,-0.006064076957778471,0.0020112970439061196,0.001873485297148158,0.0011289501907788698,0.0016569919489179985,0.0022848194329039414,0.00032955792610312205,0.0009373314496050797,0.0006762771153259364,0.0013422696818449634,0.0028101335690877997,0.0015246647789197176,0.0015916687498269706,0.0006277025699645801,0.000830766542562116,0.0015092429976185004,0.00019825592548932064,0.0038507783373871473,9.412624388994871e-05,-0.0019105699083400286,0.0014122067208125941,0.00157496062613922,0.0015071391997472053,0.0017993069670862072,-0.00020638183174727736,0.0012731797187882099,0.0010027056810892583,0.0018420077155256076
CCXI,0.00023711362542744508,0.003261870035484876,-0.0030075606900474535,0.0031649203164323806,-0.0005899699415418653,0.001031060083787827,0.0013092350625267006,0.0013941316425355769,0.004520067383190697,0.0004041094227030008,6.402345009914683e-05,0.0020282081164398977,0.0017470650242718795,0.001668683005391054,0.000916652346041774,0.00048466571916619026,0.004084770947258001,0.0033606093829728345,0.0011506932128034502,0.0016506312707044795,0.0005094149914897857,-0.0004210752341372139,0.0018253118535942196,0.0015662632135703147,-0.0013399335151020198,0.0030059966483846922,0.002665875023371592,0.0017572368476453193,0.001322491529608511,0.0016629655662405,0.001538754029305565,0.001718593759717625,0.0006842975518653209,0.0016976959541237864,0.0011139810034151982,0.004314855093561344,0.0014978468161354057,0.002229697833656343,0.0005026540480047608,0.0004559758792055141,0.0013573833000382516,0.006250296937212156,0.001511651877928409,0.002080221237500558,-3.0007466867161547e-05,0.0020850776029397297,0.002930787810655044,0.0024742530460105353,0.003975804142595929,0.0023691700752680686,0.0005046302217177345,0.0007931006007652529,0.0012917717253681064,-0.006038898129613611,0.0014490583297792497,0.002775144232961701,-0.0011779262554044811,0.0003899971004887994,0.001298896855854222,0.0036187684379747273,0.0013743698835006293,-0.0019333075350526105,0.0009544923534508343,0.0015158341170466794,0.0015452512584107508,0.00024187863315918996,0.00037525007518323316,0.0014068820912984253,0.0032242299196970606,0.0014910103793476924,0.00012439831428926503,0.0017200640423391035,-0.0039289432111602835,0.0027701208017035404,0.0022797983132770844,0.0019432950492175088,0.0022688161532734836,0.003401889049286372,0.0003251980949735985,0.0016920254356386933,0.000706876157750942,0.0016851721819079566,0.0030878463308588898,0.001817589681200986,0.0020544748103116664,0.0009120134969912161,0.001612899607880669,0.001992335325260751,0.00016244983860685952,0.004878542773426215,0.0003394754020413153,-0.0005066906618052088,0.001907136735103089,0.0022806984556744776,0.0019843603905177155,0.0022168713980928478,6.90219332843329e-05,0.001871726111927186,0.001559669731335035,0.0025497592082121285
CHIX,7.227273277090438e-05,0.0035306958915120004,-0.0024699265939342814,0.004704780002896113,-0.00012133681781276203,0.0008189320172108731,0.0013941316425355769,0.0019673480932229114,0.008563600921700963,-0.00025798938122380407,0.0003590834071168942,0.002025007483259842,0.0019813901327666466,0.00310538629043108,0.0009348411724480537,0.0014805131534836031,0.0030520227169869994,0.003954796098200524,0.0017965407905386323,0.0026719589836485384,0.0006211746766690721,-0.000936040735228017,0.002055442718711095,0.0021394390224343954,-0.0017657312696768984,0.0036449936837628033,0.0030680300705996696,0.002312014954851213,0.0016723020065015804,0.005544680702682133,0.0020696744835010093,0.0022753387830040965,0.0007850349149691616,0.002375679051962578,0.0015305130036518551,0.007172901118782177,0.0053331247556907425,0.002026131412093185,0.00167424218023808,0.0010506782521453287,0.0019152866494003863,0.008990675623042756,0.00032359029740645126,0.002543288280503922,0.0007814261774920268,0.0024427565651914743,0.003206154367264328,0.0031295782762607934,0.005421166882010609,0.0025380324744460067,0.00043342029713679033,0.0011916069817453374,0.0016678707705432034,-0.003656628242492135,0.001463385425184878,0.0038985705562448202,-0.0016796708519087778,0.00040268977795495693,0.0013012169481409193,0.004925697523408313,0.0014425131595526364,-0.002906899868337039,0.0009081854083576357,0.00152509520110553,0.001843759407125176,0.0007003375934644845,0.0005071572391580066,0.0018600376007547213,0.0037250374906060758,0.002032196187537756,8.752651404593669e-05,0.0018969836296977298,0.0009574271895598421,0.003243227148765619,0.0022925584749938195,0.002763783059435688,0.002640524658110999,0.004303020650296157,0.0002195461870324738,0.0024862914348795884,0.0005483855587938097,0.001768363480127761,0.0026329958532088507,0.001774221043039816,0.002232523157503721,0.0011278882485274136,0.0024779145355606743,0.002225111439580687,5.130601078693177e-05,0.00517827563137831,0.0006609719068436668,0.0020744147742739636,0.002186240441448535,0.002811285491733765,0.002209235255639146,0.0022668858717837634,0.0005249353243397591,0.002340675759065257,0.002051112673414822,0.0030026430983921084
CHX,0.001139950209640626,0.012824726885996058,-0.0054032375739882415,0.02058956875151166,0.001922874378200011,0.00139226589600721,0.004520067383190697,0.008563600921700963,0.04514321274932077,-0.004217909242289973,0.003624160138764796,0.005913122504631983,0.007494353711877412,0.016169821637973147,0.002621787292506491,0.008972739280512123,0.002448119014579364,0.01449480345657109,0.008549931121404127,0.012206855105253631,0.002603925739153121,-0.005657682417721686,0.007100176596136838,0.008182615096538042,-0.005200498904817194,0.014833663593459931,0.01040969077494086,0.00951175130174818,0.006675345397391709,0.03425156128874399,0.008608314221792389,0.009351986447279118,0.0030587497792974997,0.01061066483440802,0.0060339439136522875,0.03472283810098248,0.03514281929510791,0.005904987191186064,0.009478138858890296,0.005359780937453149,0.008211574830634012,0.03932395448692953,-0.004478937550489591,0.009752516975186972,0.005329001377825647,0.008858027741980695,0.009608732717299099,0.012589516780830973,0.022702980727924028,0.008022193823004066,0.0010411750510640532,0.0057489518477610866,0.007380676637656761,-0.0031899923375722844,0.004273150764701629,0.0171265836913859,-0.007699988532350828,0.0012449870601796392,0.003871073973096082,0.0218929737924788,0.00451868758161895,-0.014164346100515667,0.0022771282483349223,0.0037056608124593896,0.006482641783763881,0.003709302563070104,0.0022850606878588907,0.007208953385938224,0.0142528091481295,0.008601677323219321,-0.00012336607437476462,0.006470588524700895,0.02525618600106966,0.012775802624694571,0.006780289598282585,0.012324528360381679,0.00956499565905364,0.018461369370438817,-0.00016923036123659498,0.010647731958446796,-0.0012681053203701571,0.005508367399132835,0.005796063824139779,0.004887389102998964,0.0079787549634333,0.004320244964693418,0.011527737685091636,0.00757678552570604,-0.0004017551142576192,0.017845795729390143,0.003733245435076402,0.0200889776501258,0.007654791223429256,0.010874340085308954,0.007617261157592793,0.007909560018829248,0.0035818685854690996,0.009183654665064144,0.008481062763098218,0.010823350031342108
CL,-0.0008019265176198005,0.00018974474672213854,-0.0015052033357869895,-0.0004625075753683516,-0.0009193747823534385,0.0007161637616811294,0.0004041094227030008,-0.00025798938122380407,-0.004217909242289973,0.0012812175020532532,-0.0011469560492376372,0.0008461597974113999,2.305615988014209e-05,-0.001437524717938064,0.00048806325382978684,-0.0010990006155031772,0.004146310021351901,0.0005208285898856478,-0.0005512408450609009,-0.00040329462722233484,-0.00010867137588638346,0.0008387523723760102,0.0004499886345565716,0.0003953002056075361,-0.0012840650005200046,-0.00036694914671215104,0.0008742682824731145,-9.965611798013067e-05,-6.629828680362406e-06,-0.004337539198302077,-0.00010469915991813885,-7.777849957568166e-05,-3.9095889166989716e-05,-0.0005079616754475357,0.00017295327330869774,-0.002211250022979451,-0.005481205863115129,0.0005850954089893793,-0.0007420012462825043,-0.0002674514991122305,-0.0001688751375650451,-0.0011409204122001494,0.0021078141298725853,0.0001601352311771853,-0.0005863632926349648,0.00037162935427143305,0.001554078611989378,-7.538222717766782e-05,-0.00030268691815587927,0.0008908024425961117,0.0002340161597772119,-0.0004570128876975749,-0.00044559140220699726,-0.003261347388945116,0.0006338317948606737,-0.0006310156495744525,0.0004592689843843975,0.00014070907512745096,0.0005026013179435383,-0.0011154674440588196,0.0004957564235750159,0.0012049448245033429,0.0005657523505616494,0.0011446920143208788,0.00045251278528950017,-0.00018485158594722424,-0.00013875739407514994,0.00022057886966054115,1.6856632363901554e-05,-0.00017426684722474984,0.00023647932183473583,0.00042174404327847606,-0.007808658676422582,-0.00017658751363497518,0.0009234580116226944,-0.0005354577696733883,0.00038837126578068054,-0.0008607806819226571,0.0004832756607446206,-0.00011731434417943073,0.0019046833523080821,0.0006277011790373139,0.0017396628687951848,0.0008798813453512941,0.00021667175161013517,8.827049920546262e-05,-0.0006206923412510762,0.000537183385271009,0.0002350700009739218,0.0007850414712457622,-0.00047664196347235125,-0.004891403079455709,0.0004571107956565738,0.00014022507213481278,0.0004627956652379158,0.0001706852472740582,-0.0005149808646375106,6.796174856506326e-05,-0.00011745961783372337,0.0005172894938251576
CTIB,0.004760920817728812,0.003349718050698016,-0.0017122187958446115,-0.0010290946603950064,0.00033943302282078377,-0.0001184980458914078,6.402345009914683e-05,0.0003590834071168942,0.003624160138764796,-0.0011469560492376372,0.0034054721194666207,-0.00010247307176590455,0.001633041554909654,0.0011338184188682422,-0.0006079401301946704,6.286689806563946e-05,-0.005026211924375771,0.0003054272994814537,0.0007955295718684054,-0.0010447642012331574,0.0007318116245471019,-0.0014881378469050704,-4.047808944540143e-05,-0.002146191956156799,0.005539145281962268,0.003254160821070843,-0.0013548527753101066,0.00040988482872806264,0.00038853209886460566,8.4081016153148e-05,0.00018489168959175597,0.0002382582011031069,0.0007967692877179388,0.001379483853632408,-0.001111050551281635,0.0011959020566767386,0.004962196374114074,0.002471693327200762,-0.0024072379188729296,-0.0013428462750786903,-2.494406828184153e-06,0.0006021641941156904,0.0001239028586633729,0.0003599579651831778,-0.002010892705062159,4.201210988625972e-05,-0.003114284249345743,0.000992402296621652,0.00020994913116022078,-0.0006527742287855441,0.00026206077645717893,0.0011362774185196243,0.002074091543612244,-0.009597108015363315,-0.00029053690648088047,0.0013160026421615751,-0.0012427487259858146,1.2910042984067352e-06,7.889267645591566e-05,0.0038432786119589044,-0.00012411093409036745,-0.0031479835193220507,-0.0005201172109543823,-0.0023392669235545605,-0.0009132356496434424,-0.0013165215181491464,0.0005175509481835014,-0.0010103741032150265,0.0027470519717616828,0.0003441647474589229,-0.0005961081577912048,0.00019200562804029816,-0.00024122481633808576,0.0029438553422562984,-8.668534011019692e-05,0.0011366901337347864,0.00021086007228577646,0.004612952343216856,-0.0009282511076714698,-0.0009480491181570073,-0.006075831405636622,-0.00023529323909724826,0.00038849127553181083,-0.00039024865000979864,0.0016447076930030669,9.390935477160867e-06,0.0006849386743921564,-0.0001401145748011806,-0.00011456435258257064,0.0034232622131583055,0.0008599693808225415,0.005878135367072338,-0.00019949012972794033,0.0004200573143401557,0.00020887864007897565,0.0028293068726824655,-0.00018502258973995706,0.0003621356410311909,0.0004935843883549687,-0.00030372931728198766
DAR,0.00023623867430142836,0.004919332207144625,-0.0047886924595813875,0.004604776683786582,-0.001057738246403146,0.0016751475376758865,0.0020282081164398977,0.002025007483259842,0.005913122504631983,0.0008461597974113999,-0.00010247307176590455,0.0031840973733745772,0.002617643913303644,0.0022049614329713646,0.0014549901238778066,0.0005019556878544312,0.006855939033586525,0.005104312153106118,0.0016084625066463344,0.002364558762268499,0.0007425743620113066,-0.0004724186382648511,0.00280386246882099,0.002388389679734119,-0.0021980764518213266,0.004426828087768296,0.00412648542025551,0.002597050149183633,0.001968914610018765,0.001607967617329308,0.002269073577927733,0.0025423758322710315,0.0010171253214371267,0.0024359064694612614,0.001680921720862653,0.005986204078977002,0.0011789107571080388,0.0034552482508159025,0.0005772939236320378,0.0006123705276874994,0.001984828192746683,0.009072585574879274,0.002669838588602831,0.0031287563328335766,-0.0001801211353995477,0.003175275311164251,0.004639981313566546,0.0036735137241673634,0.00585391190420738,0.0036950007180593563,0.0007995495962464799,0.001098623715922393,0.001851082743740381,-0.009719485730224034,0.0022787382380907856,0.004013030771331882,-0.0016714233147529071,0.0006080612126659257,0.0020326301367049743,0.005194077758905236,0.0021416363138565256,-0.0026633938503084894,0.0015275750165998333,0.0024612069059392516,0.0023798790139284466,0.0003107163049938958,0.0005350864173078228,0.0021269240969733613,0.004823317097608624,0.002185649966839497,0.00022672349885523112,0.0026438448701104596,-0.007403575778394893,0.004111207116639893,0.0035738101635661838,0.002793419176263213,0.00345340366111455,0.004929458132466251,0.0005715453496403925,0.0024840865630090777,0.0013756119735408615,0.0026291455531928004,0.004942734835418274,0.0028749772686763445,0.0031135454739817056,0.0013739570965712264,0.0022809299527092116,0.003068732432654407,0.00028744813227987097,0.007442978969135331,0.0004175854173560643,-0.0016758949861719755,0.0029255061142861327,0.0034234626525778225,0.0030452278950418563,0.0033567380717812894,-1.8485675218049094e-06,0.0028003257676039598,0.0023004634071512506,0.0038922027075185897
DRQ,0.00249116254923937,0.005809119288342927,-0.004746624722981802,0.0036494352290806185,-0.0006314630710597721,0.0013055485628475504,0.0017470650242718795,0.0019813901327666466,0.007494353711877412,2.305615988014209e-05,0.001633041554909654,0.002617643913303644,0.003035544042154117,0.0026748107223696855,0.0009259166278746686,0.0006408746004327916,0.003094644751214787,0.00453965312114019,0.0018592467598415093,0.0016657811704397932,0.0010008658082620485,-0.001220499716677222,0.002373684852772392,0.0010626722435703325,0.000781504902464004,0.0054201962245757265,0.0028730327404467015,0.002482059182202252,0.0019062421407441826,0.0021273383978130484,0.002092817516931982,0.0023528178131830635,0.001260559002214403,0.002843886044633627,0.0009454156153505917,0.006144342686626348,0.004140737602489606,0.004063596766301477,-0.00046859670650236133,-2.930031639014893e-05,0.0017682611937608523,0.008418449023239183,0.002071710305180445,0.0028857985981639404,-0.0009783417909310862,0.0027494830568864015,0.0024201527835809693,0.003687697066958022,0.0052832057715475195,0.0028098414445672554,0.0007844263490683744,0.0015512972249300378,0.0026354933914178023,-0.012377439125270527,0.0017704612309890166,0.004219307909879441,-0.002102940503643662,0.0005126039038482944,0.0017423140740249123,0.00647792387248463,0.0017470711759672805,-0.003954272068388359,0.001017348096105435,0.0009220934561632336,0.0016052664775067105,-0.00029516548223977503,0.0007262097737605752,0.0013752942189125558,0.005478553219057046,0.0021026286552020997,-0.00010807835154991004,0.0023429743373056906,-0.005391990923236827,0.004972621039243977,0.0029549711373833623,0.003052059440445576,0.0030676676905704186,0.006554737609397063,5.620803203094836e-06,0.0017699517207386422,-0.0018439827036047275,0.002104184098126706,0.004245145668050217,0.0022104455588858184,0.0034460966038006914,0.0011970540215780535,0.002410493929191408,0.00254750191313506,0.00016379165574969694,0.00796573674025807,0.0008310169849315612,0.00195691022351322,0.0024073044289940784,0.0031749587977473914,0.002696700631264787,0.004203916955360415,-5.114872832822368e-06,0.002612755344262778,0.002262330938571783,0.0031995796331732206
DVLU,0.0001853300634509734,0.004561301105212868,-0.0019738686017757023,0.007551079486521376,0.0006477011733549202,0.0005464206090957601,0.001668683005391054,0.00310538629043108,0.016169821637973147,-0.001437524717938064,0.0011338184188682422,0.0022049614329713646,0.0026748107223696855,0.005801914311983675,0.0010058254187950504,0.0032291186694584093,0.0012890251542955864,0.0053119111350122036,0.0030692195399424924,0.004488767341385032,0.0009173455480109092,-0.001970083057567233,0.002618613865217434,0.003098370091258723,-0.002187160014452838,0.005274724571526007,0.003902038572781302,0.0034572118497034746,0.002424996755600566,0.012326443456248679,0.0031358175180417184,0.003406813873187519,0.0010841615951713759,0.0038008532864576236,0.002260064208789433,0.012549372162276664,0.012400558702354132,0.0020845892134748662,0.0035314161145167658,0.002003102750027052,0.002995509591795506,0.014304812426445,-0.0015477220703968195,0.0035590616797838365,0.0020048223709860525,0.0032545475491465754,0.00371204125799317,0.0045599824397176796,0.008280379338298971,0.00300085948855906,0.00038060357548025706,0.0020351619192492537,0.002593947468873147,-0.0009204807310742972,0.0016033183985660138,0.006180820620746232,-0.002744204176895837,0.00046161498216472103,0.001435185715246289,0.0077983534249097515,0.0016800410227181047,-0.00499639733412376,0.0008796924771508849,0.0015029264494393554,0.00242868899848657,0.001402164680546378,0.0008081613840701776,0.002687800481466562,0.005100463199993038,0.0031237103278032663,-9.967553644972581e-06,0.002377554150684473,0.008893080303939507,0.004543485655007523,0.0025249412284545514,0.004436343685851343,0.0035069235274300674,0.006523335181515483,-1.9526983654334232e-06,0.0039275513965929985,-0.00012837863260934065,0.002052504858859058,0.0021824314846122005,0.0018431709962950839,0.002860240343787887,0.001583559996712737,0.004159624627567681,0.002800945213984578,-0.00013159273690192109,0.006421462733837487,0.0013084457794484408,0.006884343850146165,0.002828285962052251,0.003965956619285124,0.0027980674790456517,0.002784264769372221,0.0012942153449248938,0.0033467648160487064,0.0030760412723203194,0.003994054186407083
EBAY,-0.0007638252497118577,0.0016648592467833037,-0.0017778853978599682,0.002488690507280883,-0.0004686043675219733,0.0007458860333917772,0.000916652346041774,0.0009348411724480537,0.002621787292506491,0.00048806325382978684,-0.0006079401301946704,0.0014549901238778066,0.0009259166278746686,0.0010058254187950504,0.0007674893906146896,0.00036238232004435567,0.0038355130923707252,0.002337421063529862,0.0006799723290519648,0.0014037449497963789,0.00022162064044630705,-2.476982530430584e-05,0.0013067783657942516,0.0015441077894070205,-0.0020394608552677792,0.0015141684160231838,0.002162774835455711,0.0011813020621827789,0.0008713147570091121,0.0012837831941226075,0.0010697241496897226,0.0011874154356042036,0.00033237718703224805,0.0009544275540465573,0.00101767895059278,0.002911364886541144,0.00021630150526433822,0.0010903193165971545,0.0008613240188288668,0.0006028444962999041,0.0009787058480935295,0.004392662669176311,0.001007751824295087,0.0014166429786275179,0.000395842476078956,0.0014785929429118726,0.0026885388211380667,0.0015785132121030106,0.0028183751310737956,0.0018088008408521984,0.0003038192685472985,0.0003527742388574282,0.0005224428904625792,-0.0023299759433563216,0.0010823359479011372,0.001743342841431098,-0.0006076415760175302,0.0002761130110606329,0.0009038180105933511,0.0018543745988577423,0.0009988153480041027,-0.0007864367506851084,0.0007751256527621976,0.0015280602900919313,0.0012806010743152277,0.0004418954363930954,0.00016901681586091932,0.0012065100454214477,0.0017628667977219244,0.0010052765111411694,0.00020284008540566662,0.0011853773991535451,-0.002577788076540926,0.0014023665391247827,0.0016304500875298205,0.0011799861385715913,0.0015761979506665287,0.001538246960860447,0.00040736545215803896,0.0014069964761237533,0.0016773584818811221,0.0012408499745131005,0.002094894206072996,0.0013606743680654493,0.0011393792218952685,0.0006503749355483643,0.0010355156895246705,0.0014444346496823826,0.00013370623108143186,0.0027954841013070643,8.310488846592244e-05,-0.001420204101688838,0.0013971746941439857,0.0015489530995722333,0.0013706344143231603,0.0010197237363030465,9.933836368056514e-05,0.001268875886938431,0.0010232042758637602,0.0018777006836166186
ERC,-0.0010879948003370754,0.0007920577335452453,0.0006870775599877207,0.004171389511638366,0.0007835497302400923,-0.00017544778810789333,0.00048466571916619026,0.0014805131534836031,0.008972739280512123,-0.0010990006155031772,6.286689806563946e-05,0.0005019556878544312,0.0006408746004327916,0.0032291186694584093,0.00036238232004435567,0.0021968456135509256,-0.00033355080486621464,0.0020100397061178586,0.0015006611145549113,0.002718855854296191,0.00023509267631144015,-0.0009328749581536246,0.0009320673791754965,0.0019428496937258749,-0.002148487828635382,0.0015229722768409176,0.0017174946012683307,0.0015212716316932054,0.000989351581107379,0.008535304198338105,0.001456043749844512,0.0015448570918713234,0.0002434286241387319,0.0016025862519575857,0.001330678791396722,0.00684283723349159,0.007578653113888268,-0.0003020040597327649,0.002984832904235562,0.001584082004917282,0.0015001911518400047,0.007164584031145695,-0.0021478682806591203,0.0014154478756219773,0.002033355193145396,0.001248841956480957,0.0018110608458289997,0.0018082085986152294,0.00396148691564947,0.001038092619035315,-7.117526809754875e-05,0.0008377002091676917,0.0007540222797282822,0.005147945883230957,0.0004299858965272725,0.0028091692143170756,-0.0011297329012067193,0.00012092301255244309,0.0003063623175964643,0.0029742981416060366,0.0004968825556633554,-0.001983081621600715,0.00022144763042172166,0.0007795787357520868,0.0011542688927494477,0.0012418515843001078,0.00028084646883366597,0.0014616072539541994,0.0013709974277281549,0.0014392716353839581,5.286622757757107e-05,0.0007558499775924328,0.009343377869415932,0.0011697749949563798,0.0005937649661994326,0.002001942605946441,0.0012944532544292326,0.0019408559807579178,1.2952663502525919e-05,0.002236115852874497,0.0008589826389109672,0.0006224463027220144,-0.0002715931040598494,0.0004149463923793591,0.0005952986820277021,0.0006724683627599669,0.002091193341844208,0.0009948231191895143,-0.0001746521018647255,0.0012363146314207129,0.0006125619207991829,0.004307008467559719,0.0010813758304864898,0.0015956365276201883,0.0009177019496582602,0.00016701791558773588,0.0010046105126446411,0.0013769064459214578,0.0013264225333207106,0.001619305897843257
FAT,-0.005465877525360591,0.00567709214348108,-0.00858924420760691,0.009025235700610233,-0.0032895931657604322,0.003967815571941399,0.004084770947258001,0.0030520227169869994,0.002448119014579364,0.004146310021351901,-0.005026211924375771,0.006855939033586525,0.003094644751214787,0.0012890251542955864,0.0038355130923707252,-0.00033355080486621464,0.022352029153428658,0.00959163719528318,0.0015107958030830398,0.005001233726556252,0.00046959453150526785,0.0016132798076782312,0.005665929559113048,0.0070715842313175716,-0.011269310061630159,0.004274588336615565,0.009936810306265012,0.004217391292958136,0.0031895544789820544,-0.001826738621825146,0.003848868399082055,0.004322267776576086,0.0009790903466781568,0.0024562729876375614,0.004441021227888805,0.007315837766327179,-0.00900448416723607,0.004349690054773386,0.0028011266863816426,0.0022526823952739336,0.003456859594573529,0.014754128836790996,0.007036835719651309,0.005524896082121165,0.00116249144788251,0.006174611615042573,0.013471620939930564,0.005600115780411476,0.010176690322969651,0.008421939680162836,0.0014406113309485828,0.0003182247386169495,0.0007178501689208497,-0.011184736559832204,0.005166662982301025,0.005280090465611475,-0.0012527168711578525,0.0012646668298502161,0.004183512834225571,0.004249284468071117,0.004590435263036149,-0.00025095532678574893,0.003959559297525613,0.008218340475052108,0.005814422821567179,0.0017613632150053613,0.00028344159406467804,0.005203187828248456,0.005951552486138903,0.003452530056069294,0.0013009089689785687,0.005096489259608096,-0.02174207738936368,0.004229897284324134,0.007636750104297736,0.003338268301067278,0.006523786939939375,0.003225861109212568,0.0025503018096664316,0.005426815077798805,0.010999909832864857,0.0057436583123311406,0.01052396808036049,0.006630192277003056,0.0041999780902669485,0.0026027457199200295,0.0027847915385583507,0.006350705797075665,0.0009016093935212621,0.010865993968310488,-0.0006586811613933643,-0.014566360098258584,0.006064585594518281,0.005979823550674819,0.005858393724582359,0.003343662068044434,-0.00036391113922442194,0.004821311367069512,0.0035662839275560623,0.008010934373956877
FIHD,0.0003392927631223425,0.008333664499731492,-0.007095735947927615,0.009216735369405546,-0.0011210002664995863,0.002429176494134832,0.0033606093829728345,0.003954796098200524,0.01449480345657109,0.0005208285898856478,0.0003054272994814537,0.005104312153106118,0.00453965312114019,0.0053119111350122036,0.002337421063529862,0.0020100397061178586,0.00959163719528318,0.00892168725915145,0.003388349138182884,0.004993933546773617,0.0013514479691598704,-0.001429741320085402,0.004777634943396355,0.0044544183468304965,-0.003857656229789057,0.007986677002051926,0.007064662867542732,0.00485256558101244,0.003596049424653203,0.007269923932164163,0.004289732540632293,0.004761435418243325,0.001781063413359239,0.004774986521953206,0.0031641698520520865,0.013099967203473485,0.006688026992045813,0.005383722439028995,0.0022606167723094907,0.0016561016764520997,0.0038597311675275686,0.017892823962719885,0.0028560182587959336,0.005593765919344391,0.000623182290575294,0.005530606931327448,0.007677182418062267,0.006721501381256341,0.011149355533561806,0.006113813669078806,0.0012063526204919054,0.002282685743339222,0.0034949253871278925,-0.013048053597969117,0.0036657679429592622,0.007842417311219013,-0.0033304101742852943,0.0009915175164697612,0.0032685238682157785,0.01004434707847276,0.003516193732725012,-0.005556098946152444,0.002379023797921134,0.0038841441537128844,0.004150379517014983,0.0010082552414332488,0.0010355203570462893,0.003927733422532415,0.00843942880794407,0.004173520214858594,0.00029954968090596353,0.004464282800218263,-0.005994890147246754,0.0072693760388950245,0.005749732787649078,0.005512833158020963,0.005999676681387534,0.00915539616729448,0.0007589885497777777,0.0049149539258338485,0.0018140676988905348,0.004313269045203988,0.00739874213675115,0.004549964406246781,0.005268205890317904,0.002466589487132879,0.004728767242186859,0.005202709565742755,0.0003234629361907148,0.012424772787583863,0.0010871880743304153,0.0006216955240543797,0.005026721210779591,0.006150386841075691,0.0051670962394268286,0.005543631238212443,0.000541201724218202,0.005073692934738883,0.00430278097875131,0.0067849044759175445
