,BY,CEA,CHAD,CHRA,CLRO,CLVT,CMCM,DDM,DOO,DORM,FHI,FLEH,GBF,HYLB,IDHQ,INFU,KELYB,KEMX,KORU,LSTR,LXU,MRVL,NEPH,NLR,NUWE,PCVX,R,RMED,SCHJ,SCHM,SMLF,SMPL,STON,UPH,URE,VRRM,XLNX,XME,AOA,BOUT,CFO,CHRS,FXI,JPS,KNSL,MRNA,PROS,TMO,FFBC,UMC
BY,0.0004884718423564991,0.0005523865559614673,0.00019497692752056515,6.92798888334488e-05,-0.00014224065073959957,-0.00023446291280778886,0.00012265115765804153,-5.969689717811807e-05,7.244976621830592e-05,0.00023571539011244002,-0.00019057093673828488,7.188600265591231e-05,0.00014072622905116533,0.00012336564179015478,-1.8436104513480106e-05,0.0001506155646006888,0.0003700118940377909,3.416191099502858e-05,-0.00019224640034594216,0.0001236988177264224,0.00045252856551882036,-0.00022233867645280418,7.365688877471335e-06,0.00015544313148247411,-0.00093280184323349,0.0004265516510587315,0.00020897315364494062,-6.332118592306283e-05,0.00012502425057443246,0.00012763891639050006,0.00010661651922913591,5.6673371637386315e-06,4.029717558190808e-05,0.000186368007664089,0.0001885054925052801,9.198541824254161e-05,-0.0013563858885282253,1.1371954331502278e-05,3.0916231146107354e-05,5.1761158043108394e-05,8.432348082885594e-05,0.00036166249862584125,0.00018029084068284405,9.02756669902582e-05,2.670175955151687e-06,9.3486569027229e-05,0.00042827172217828254,-0.00015995799101385888,0.0003994477136919556,6.106324374372973e-05
CEA,0.0005523865559614673,0.0007907735566270425,0.0002783681524029286,6.633132490163238e-05,4.8569320498550485e-05,-0.00038414652389830015,0.00017543387598322705,-0.00012203555518417253,0.0001001786067319668,0.0002919468096376082,0.0001626472008847312,0.00012607171878790095,0.00018833108101428976,0.00016042559018052978,-4.771651286295112e-07,0.00010623322605412492,0.0005047866853191745,2.528433205121008e-05,-0.0003616981210275317,0.0002558742479136754,0.002211067117621804,-0.00030513818548140394,0.00012931650029434548,0.00022827698710064788,-0.0011148368566698717,0.00043352753064111423,0.00010785296471040979,-0.00038786944170339646,0.00015797129294514196,0.00015643938292174116,0.00014309733663309734,6.0752066288769074e-05,0.0002311188153408257,0.000269955741543935,0.0004132429887628582,0.00021531556228570898,-0.0016602896658179868,2.3951005312253287e-05,5.111932403700006e-05,9.40323127520782e-06,0.00010557718229668425,0.0006068251408495103,0.00019497778538627412,0.00014958147991638352,-0.00014668310919461845,0.00010167536167624255,0.0006045825619938282,-0.00021369125955996018,0.00045024706495480117,8.332823091311847e-05
CHAD,0.00019497692752056515,0.0002783681524029286,0.0003013303307496573,0.0003182883341726267,7.350558536989377e-05,-1.3494855850469857e-05,0.0002596150838777108,-0.00022347398899758488,9.129381069217156e-05,0.00034083916729418735,-0.00017781129400652523,0.00010876132399473761,0.00025362261607745165,0.0001961891142204936,2.0034086098740376e-05,0.00019764947132266687,0.0002842818560968882,7.920606373242511e-05,-0.0004807654124099153,8.006796194108571e-05,-0.00047804260950814293,0.00015169883301698685,0.00015030011207266237,0.0001608471495873785,-0.0006958815892828256,0.0008330799364581311,7.940330110703926e-05,-0.00027204109044253724,0.0002288637066901984,8.602314218635897e-05,0.00010653968715183519,1.047695925059475e-05,0.0004540669573629071,0.0002605594638723297,0.00012469839212903542,0.0002807233503480073,-0.000284380596272482,-0.00017576854683643334,8.678507763068755e-05,4.372104558201017e-05,7.649413858258882e-05,0.00023343184118507828,0.000216662693263279,0.00018216052935882316,-3.507828963043711e-05,2.2505625544293694e-05,0.0007936830119316978,1.9019849103516477e-06,0.00017708690925964063,6.282358564955587e-05
CHRA,6.92798888334488e-05,6.633132490163238e-05,0.0003182883341726267,0.0004381602371354704,4.777599000404083e-05,0.00015160309365249965,0.0003016167908450631,-0.0002664446479539817,9.017459576318749e-05,0.0003765378267364211,-0.00039294450010055444,0.00010042501899936874,0.0002893872462402192,0.00021847670115959428,2.5337679025797028e-05,0.0002577830488399934,0.00020064555568373186,0.00010762496258194269,-0.0005297380303261075,-4.941943353283811e-06,-0.0018722551623192268,0.0003481112537700555,0.00014483036527673625,0.00013498212894039348,-0.0005667742837282458,0.0010497343689724339,9.801671657534343e-05,-0.00018411855094391903,0.0002676281245061963,6.197128095266645e-05,9.487925581608385e-05,-1.867040777672658e-05,0.0005335919499225082,0.0002621713093906778,-1.7106857456084504e-05,0.0003025594870357374,0.0002533113228706997,-0.00026622366804393295,0.00010299166304062065,6.915124979907791e-05,6.816539854592212e-05,6.618169833554454e-05,0.00024051311696103619,0.00019724564583705379,3.443101681865721e-05,-5.8790445132764664e-06,0.0008941940674439834,9.159066280318931e-05,8.30839472514863e-05,5.616519123021511e-05
CLRO,-0.00014224065073959957,4.8569320498550485e-05,7.350558536989377e-05,4.777599000404083e-05,0.0003216005247441327,-4.749895304991315e-05,6.636405667362745e-05,-0.00010227747821962607,1.769874202781312e-05,3.042403634471445e-05,0.00046643428251262224,5.3692454657940474e-05,4.8609255023447375e-05,2.9811854458779864e-05,3.6771608066861705e-05,-7.960206524828083e-05,3.114914816444626e-05,-6.9836840197960715e-06,-0.00022564602631130668,0.00010747289442447042,0.001658107863738244,7.007778330698186e-05,0.00018004089600423236,4.361006051393705e-05,0.00011070416683750983,5.832881498731944e-06,-0.00021132578747809258,-0.00041878021810125125,3.3317994562700526e-05,-1.3215812228901963e-05,1.3180030444962016e-05,6.384102701728762e-05,0.0003274195648531946,6.702759990520976e-05,0.00019163859477990555,0.00017137187524714272,0.00032044307060640647,-4.123789270916285e-05,3.076383117461057e-05,-6.568925676293839e-05,-5.99731141036107e-07,0.00014978760885981754,-2.206678482892397e-05,7.011131839455918e-05,-0.00018499976772058153,-3.609793658257041e-05,0.0001906308972314904,2.6975774450767084e-05,-0.00011304939230506165,9.65116952469889e-06
CLVT,-0.00023446291280778886,-0.00038414652389830015,-1.3494855850469857e-05,0.00015160309365249965,-4.749895304991315e-05,0.00027046920399343436,3.309482145679178e-05,-4.0274931741388926e-05,-1.4361752064421854e-05,1.0893778576613763e-05,-0.00031904225659692916,-2.8047885995901988e-05,2.349851701231595e-05,9.289785290459449e-06,6.387383648691496e-06,6.918995418652312e-05,-0.0001758070903867369,3.514460465595083e-05,-1.582421211764572e-05,-0.00014828525236445502,-0.002182399282960114,0.0003001299797639865,-2.73210208292617e-05,-6.408976753960872e-05,0.0003097813451250478,0.00023666635104513555,1.609152580935761e-05,0.00017532996742625212,3.163546114119449e-05,-5.148574770054339e-05,-3.3759389735411356e-05,-4.8062130680014697e-05,7.090970342248388e-05,-3.2905399329517964e-05,-0.000245929001916967,-1.197171847207777e-06,0.0009216232513272777,-0.0001235064861280553,1.4723376587810072e-05,3.437358071253045e-05,-2.431750866025123e-05,-0.0003032956276799692,8.198727218847148e-06,1.0697138793790087e-07,0.00011554534920439615,-4.998749192155098e-05,5.5496773083023106e-05,0.0001464198917086627,-0.00017982720233791885,-1.9524449408693326e-05
CMCM,0.00012265115765804153,0.00017543387598322705,0.0002596150838777108,0.0003016167908450631,6.636405667362745e-05,3.309482145679178e-05,0.0002314480236204452,-0.00020282699768986567,7.673433421194953e-05,0.0002962965006637186,-0.00019144055176304866,9.068048691965503e-05,0.00022402445505114975,0.00017149758944273028,1.962390086815557e-05,0.00017919997375458885,0.00021563346837091265,7.395510275779971e-05,-0.0004244015358130578,4.72494138788687e-05,-0.0007276650787904403,0.0001844740578122577,0.0001309740985151576,0.00012898003109900093,-0.0005419768536169907,0.0007578234319175565,6.371651468858433e-05,-0.00021872729632767002,0.0002035746719517642,6.475265075577962e-05,8.637316685555033e-05,3.0090117323572257e-06,0.0004144228301300439,0.00022096875568506565,7.186475622421808e-05,0.00024740715761946224,-7.556493451013187e-05,-0.00017390233569840094,7.82966809033685e-05,4.122863537343952e-05,6.164964248765606e-05,0.00015415546960805937,0.00018711928169326889,0.00015925711893409608,-1.6848743857690937e-05,9.539276811513672e-06,0.0006993123243582164,2.7682602581934112e-05,0.00011764012036967293,5.1063198642973126e-05
DDM,-5.969689717811807e-05,-0.00012203555518417253,-0.00022347398899758488,-0.0002664446479539817,-0.00010227747821962607,-4.0274931741388926e-05,-0.00020282699768986567,0.00018568251540370667,-6.461004874092493e-05,-0.0002484985117359686,0.00010660641778584054,-8.075562816580164e-05,-0.00019316144056960423,-0.00014601689889938118,-2.246411962386905e-05,-0.00013939123281652414,-0.0001681820471928395,-6.217837821095499e-05,0.00038513678348355723,-4.455473457252311e-05,0.0004980800324549316,-0.000185438194812605,-0.00013407926048941167,-0.00010775452183718666,0.0004025634188679323,-0.0006400702997226749,-1.957365796021301e-05,0.00023288350054255982,-0.0001745788430881833,-4.698637943686917e-05,-7.02942484886791e-05,-9.007222136526508e-06,-0.0003975027318138519,-0.0001892782691073964,-7.07163229373981e-05,-0.00023010124765167775,-6.021715105241878e-05,0.00015858977706840983,-7.021785409124908e-05,-2.5893715654459756e-05,-4.855221844646723e-05,-0.0001270321304658695,-0.0001504184009987758,-0.00014174109290758668,3.458465435438874e-05,1.8080025352399753e-06,-0.0006078332129707788,-3.825087526478518e-05,-6.446528722995026e-05,-4.188877297110506e-05
DOO,7.244976621830592e-05,0.0001001786067319668,9.129381069217156e-05,9.017459576318749e-05,1.769874202781312e-05,-1.4361752064421854e-05,7.673433421194953e-05,-6.461004874092493e-05,2.8182243515661912e-05,0.00010328985602791666,-5.104871065354894e-05,3.334068451185387e-05,7.567217449223432e-05,5.906940444413493e-05,5.094521785918657e-06,5.933776669917315e-05,9.370612786230618e-05,2.294533830034798e-05,-0.00014181959271671686,2.8411256772401884e-05,-9.076409244974335e-05,3.251755391275186e-05,4.3366303758771816e-05,5.100161801870783e-05,-0.0002283170870900286,0.0002451854413570885,2.8108131081025994e-05,-8.175923710431574e-05,6.807434200374347e-05,2.8761848858706482e-05,3.375219396394871e-05,3.857450248202568e-06,0.0001292084219200786,7.975016041856844e-05,4.4358441832693734e-05,8.240735463448082e-05,-0.00013212367276656424,-4.7831660065408184e-05,2.5318032543941924e-05,1.3348422957317294e-05,2.4449219463919e-05,8.092380787889034e-05,6.647940902092477e-05,5.4304131282028224e-05,-1.1637727353783181e-05,9.729772112122188e-06,0.00023674392183273136,-6.066604705438061e-06,6.408625658155555e-05,1.9847226226971518e-05
DORM,0.00023571539011244002,0.0002919468096376082,0.00034083916729418735,0.0003765378267364211,3.042403634471445e-05,1.0893778576613763e-05,0.0002962965006637186,-0.0002484985117359686,0.00010328985602791666,0.00039597749151205593,-0.0003073682045953095,0.000116957324984933,0.00029148834518792556,0.0002261292514897034,1.7962262272651095e-05,0.00024992417907005826,0.000316354508096082,9.66039691464465e-05,-0.0005287150008016467,6.604431968982505e-05,-0.0009853262497785471,0.00018772002185674813,0.00014513519522915512,0.00017723058225196426,-0.0008133973071899002,0.0009937837150703647,0.00012888672501697,-0.00023867980796106768,0.0002654879559579722,9.95479212548164e-05,0.00012056756246319851,-1.502261654699519e-06,0.00048460393509582934,0.00029266602949656753,9.784237571486447e-05,0.00030151642732854727,-0.0003215883559064168,-0.00020830017703843206,9.790208545312063e-05,6.447846337936561e-05,8.820464564555133e-05,0.0002283209497834449,0.000258567618794314,0.0002024291391908854,-2.8511368747995625e-06,2.8814982736540344e-05,0.0009046209068576924,8.098959291292526e-06,0.00021377429935547969,7.081523020157836e-05
FHI,-0.00019057093673828488,0.0001626472008847312,-0.00017781129400652523,-0.00039294450010055444,0.00046643428251262224,-0.00031904225659692916,-0.00019144055176304866,0.00010660641778584054,-5.104871065354894e-05,-0.0003073682045953095,0.0012033845149392328,-1.3256427526355405e-07,-0.0002035153160669205,-0.0001608896545047402,3.0262259915971672e-05,-0.0003882455505326924,-7.005334332898879e-05,-0.00012435431648067437,0.0001527448999784229,0.0002269611687217799,0.0051284089777172,-0.00033313918401346016,0.00015174424362853772,-3.359381363928855e-05,0.0005749251078207213,-0.0010583023811688457,-0.00042077889896711073,-0.0005384486336836296,-0.0002098891539182911,-5.7690154101180606e-05,-5.476511020973887e-05,0.0001338144155880482,-2.203695109240495e-05,-0.0001280372304884972,0.00040519267536276286,-1.820084598987988e-05,-0.00010439325931333251,0.00023231253667624748,-5.430308841635095e-05,-0.00017818284936297582,-5.473313580076561e-05,0.00028616894000616075,-0.000260338552945847,-7.590357603383923e-05,-0.00036024032363914506,-3.0288183185453452e-05,-0.0005602896451141827,-0.00010090490751288427,-0.0001800284131484425,-2.9768186718070025e-05
FLEH,7.188600265591231e-05,0.00012607171878790095,0.00010876132399473761,0.00010042501899936874,5.3692454657940474e-05,-2.8047885995901988e-05,9.068048691965503e-05,-8.075562816580164e-05,3.334068451185387e-05,0.000116957324984933,-1.3256427526355405e-07,4.3088201103568455e-05,8.795319127955642e-05,6.80705019871444e-05,9.212658158569251e-06,5.5569546370908216e-05,0.00011149709584575866,2.3691596308769392e-05,-0.00017934208765578064,4.6390201577437876e-05,0.00012815921387028287,3.496370216861832e-05,6.705257711608163e-05,6.255156603946705e-05,-0.000249394952207097,0.0002651387234280786,9.04217065231453e-06,-0.00013787310389724665,7.777469398085107e-05,3.1829162190652974e-05,3.9559842735175784e-05,1.208507651792279e-05,0.0001743084361903834,9.586858677324434e-05,7.525433652270382e-05,0.00010860362731238154,-0.000138241375143635,-5.372530226884274e-05,3.0722143576792784e-05,7.110994521686896e-06,2.7616040324720523e-05,0.00011294169171038313,7.099008750213679e-05,6.716919210931003e-05,-3.488548982562881e-05,8.419251458428436e-06,0.000279591533071497,-7.914602081709425e-06,6.414528088166698e-05,2.3447584446486664e-05
GBF,0.00014072622905116533,0.00018833108101428976,0.00025362261607745165,0.0002893872462402192,4.8609255023447375e-05,2.349851701231595e-05,0.00022402445505114975,-0.00019316144056960423,7.567217449223432e-05,0.00029148834518792556,-0.0002035153160669205,8.795319127955642e-05,0.0002181626374281969,0.00016784664746789435,1.6960778992901157e-05,0.00017936639224184494,0.0002198628098113905,7.217192188450325e-05,-0.00040655827772544145,4.7065500102617715e-05,-0.0007230106614685897,0.00016520224255970836,0.00012027929007967945,0.0001281595072448153,-0.0005580240358859493,0.0007404550559178098,7.516244957072613e-05,-0.00019960389538961287,0.00019843771039653162,6.732076956016365e-05,8.637483068976191e-05,1.3087907855400083e-06,0.0003880650718722987,0.0002165640449283027,7.080889602047805e-05,0.0002350797470200667,-0.00013567919144613644,-0.00016440323097060183,7.512674525916299e-05,4.328455051299046e-05,6.22624470689181e-05,0.00015750673984549739,0.00018650530404491146,0.0001536994170031677,-1.0785420513857996e-05,1.3879432069689103e-05,0.0006794795272993178,1.9237742941308225e-05,0.000131543027641982,5.093287259534734e-05
HYLB,0.00012336564179015478,0.00016042559018052978,0.0001961891142204936,0.00021847670115959428,2.9811854458779864e-05,9.289785290459449e-06,0.00017149758944273028,-0.00014601689889938118,5.906940444413493e-05,0.0002261292514897034,-0.0001608896545047402,6.80705019871444e-05,0.00016784664746789435,0.0001297125385194678,1.1848367371366755e-05,0.00013976611006757497,0.00017746944357919107,5.517693240612319e-05,-0.0003096909931220278,3.916919265705665e-05,-0.0005307987575087729,0.00011508417868933049,8.935309390653126e-05,0.00010116512428225976,-0.0004510046141612935,0.0005685109240947423,6.45896492803158e-05,-0.0001496175969318679,0.00015260967429468422,5.4954575839612934e-05,6.831730507916896e-05,9.114655736116151e-07,0.0002899580938930895,0.0001682222811856038,5.888882166016458e-05,0.00017820337461143382,-0.00015168861734366304,-0.0001222268861582255,5.710690551387762e-05,3.448200802635495e-05,4.955842415399555e-05,0.00013008343063356895,0.00014592638132047392,0.00011777854748421104,-7.1756264322818186e-06,1.3896812503525415e-05,0.0005222390837696705,8.481032320233497e-06,0.00011316743046801148,4.021167768559621e-05
IDHQ,-1.8436104513480106e-05,-4.771651286295112e-07,2.0034086098740376e-05,2.5337679025797028e-05,3.6771608066861705e-05,6.387383648691496e-06,1.962390086815557e-05,-2.246411962386905e-05,5.094521785918657e-06,1.7962262272651095e-05,3.0262259915971672e-05,9.212658158569251e-06,1.6960778992901157e-05,1.1848367371366755e-05,5.219707865223467e-06,2.4112339513227313e-06,7.2552831829581594e-06,4.082421766359008e-06,-4.574783780379695e-05,8.585594358470501e-06,6.648188683850642e-05,2.767164398850566e-05,2.505979057137439e-05,8.606615535347871e-06,-2.3567201812188624e-06,4.576543377533624e-05,-1.9574172140980038e-05,-5.00264506188716e-05,1.460048183607302e-05,-2.5352688781675544e-07,4.3416396771592955e-06,5.380605207735812e-06,5.849599088258547e-05,1.6748915554490596e-05,1.539976819774584e-05,3.06606387686033e-05,6.573944857700868e-05,-1.7451087667088594e-05,7.683023018283642e-06,-3.9685945227647715e-06,1.990787515977964e-06,1.2622417477173312e-05,6.85533827912419e-06,1.5350299722980105e-05,-1.6861166733271195e-05,-5.361867764481318e-06,5.65578157231942e-05,9.717573853158757e-06,-1.3443911294854251e-05,2.7871705074901657e-06
INFU,0.0001506155646006888,0.00010623322605412492,0.00019764947132266687,0.0002577830488399934,-7.960206524828083e-05,6.918995418652312e-05,0.00017919997375458885,-0.00013939123281652414,5.933776669917315e-05,0.00024992417907005826,-0.0003882455505326924,5.5569546370908216e-05,0.00017936639224184494,0.00013976611006757497,2.4112339513227313e-06,0.00019685075783166807,0.00016449705363172444,7.089056932710504e-05,-0.0002817191079607403,-1.4255020696475566e-05,-0.0014994773395875945,0.00015591620582945561,3.8300864705926677e-05,9.097152811536659e-05,-0.0005024170661241556,0.0006848477946525139,0.00014603888802976883,-4.869139649460677e-06,0.00016830232995477395,5.8949264037587226e-05,6.831220374669964e-05,-2.7648156905832508e-05,0.0002343439473830123,0.0001647699776288099,-3.499673172410367e-05,0.00014677054965214124,-0.00013274102680255954,-0.00014556783323417766,5.740013006912882e-05,6.650482889777502e-05,5.2934517575059185e-05,5.1013350691771786e-05,0.0001752260074218535,0.00011138428903267493,7.117653257505292e-05,1.9849844831892973e-05,0.0005422910081850864,2.4013657769321583e-05,0.0001380056935313201,3.963891309902207e-05
KELYB,0.0003700118940377909,0.0005047866853191745,0.0002842818560968882,0.00020064555568373186,3.114914816444626e-05,-0.0001758070903867369,0.00021563346837091265,-0.0001681820471928395,9.370612786230618e-05,0.000316354508096082,-7.005334332898879e-05,0.00011149709584575866,0.0002198628098113905,0.00017746944357919107,7.2552831829581594e-06,0.00016449705363172444,0.00038095665132625644,5.571615995486433e-05,-0.0004059212900038947,0.00014891117171313454,0.0005711634004789771,-6.0605789592487056e-05,0.0001235808157873512,0.0001872053877483741,-0.000896282941038633,0.0006537823683608046,0.00011285064778241116,-0.00028391715882339266,0.00019403149071778043,0.00011913806982105117,0.00012187379106702828,2.6931022149256255e-05,0.00032252298643886364,0.00025865305622182924,0.0002361979812014549,0.00023502769974032448,-0.0009354835949712447,-8.208005915904257e-05,6.786085265233462e-05,3.470944998799366e-05,8.975775163573902e-05,0.00038735868372879035,0.0002093501221867842,0.0001609411116813462,-6.74180569961699e-05,6.169385290700507e-05,0.0006911497664811571,-9.779753502124038e-05,0.00031132355686290763,7.120928117617841e-05
KEMX,3.416191099502858e-05,2.528433205121008e-05,7.920606373242511e-05,0.00010762496258194269,-6.9836840197960715e-06,3.514460465595083e-05,7.395510275779971e-05,-6.217837821095499e-05,2.294533830034798e-05,9.66039691464465e-05,-0.00012435431648067437,2.3691596308769392e-05,7.217192188450325e-05,5.517693240612319e-05,4.082421766359008e-06,7.089056932710504e-05,5.571615995486433e-05,2.7712023758176404e-05,-0.00012401542355380273,-4.026941020232298e-06,-0.0005368506193842965,7.826550364725023e-05,2.712459901462719e-05,3.4456445961918026e-05,-0.0001649342413554549,0.0002685324750824483,3.901084535577707e-05,-2.6178051517743704e-05,6.721720871712624e-05,1.861140455664299e-05,2.503092722495185e-05,-7.672615246777567e-06,0.00011683548539381247,6.544524378409038e-05,-9.889253125010398e-06,6.83641075147402e-05,1.9274954459925794e-05,-6.369861152418502e-05,2.4628499091003153e-05,2.1443503094078215e-05,1.8639283416776012e-05,1.6349941230266513e-05,6.436629957260728e-05,4.724605635166431e-05,1.7747786806125496e-05,2.2349899589283307e-06,0.00022087226432143632,1.8102742707121716e-05,3.432371774989642e-05,1.468410832674298e-05
KORU,-0.00019224640034594216,-0.0003616981210275317,-0.0004807654124099153,-0.0005297380303261075,-0.00022564602631130668,-1.582421211764572e-05,-0.0004244015358130578,0.00038513678348355723,-0.00014181959271671686,-0.0005287150008016467,0.0001527448999784229,-0.00017934208765578064,-0.00040655827772544145,-0.0003096909931220278,-4.574783780379695e-05,-0.0002817191079607403,-0.0004059212900038947,-0.00012401542355380273,0.0008164392905179878,-0.00013252755937430877,0.0005217446354505877,-0.0003167088616544847,-0.00029102373272527245,-0.00024684360685417407,0.000945748854810627,-0.0013081813008649391,-4.154790879342977e-05,0.0005372442511152133,-0.0003649002815480931,-0.00011443175308175963,-0.00015918778982262652,-3.078683091957143e-05,-0.0008265347193257929,-0.0004127725485654697,-0.0002127460176911555,-0.0004899218136871527,0.00011985238803779207,0.00030629931203253393,-0.00014592234948492298,-4.759339626158716e-05,-0.00011039239105576918,-0.0003492311921908507,-0.0003203550837793498,-0.0003022164043042149,0.00010112627111880938,-9.966121621483037e-06,-0.001283514482894333,-4.282271604759877e-05,-0.00018752114753748427,-9.467173427452043e-05
LSTR,0.0001236988177264224,0.0002558742479136754,8.006796194108571e-05,-4.941943353283811e-06,0.00010747289442447042,-0.00014828525236445502,4.72494138788687e-05,-4.455473457252311e-05,2.8411256772401884e-05,6.604431968982505e-05,0.0002269611687217799,4.6390201577437876e-05,4.7065500102617715e-05,3.916919265705665e-05,8.585594358470501e-06,-1.4255020696475566e-05,0.00014891117171313454,-4.026941020232298e-06,-0.00013252755937430877,0.00011278275840425372,0.0013610020290660363,-0.0001061988962953515,8.13169717114311e-05,7.216986445107656e-05,-0.00026363120643327104,4.140939052627795e-05,-3.87318725370924e-05,-0.0002303434123590568,3.4962857424882114e-05,3.92959220692502e-05,4.0047547685350025e-05,3.989426184601621e-05,0.00012191743886925629,8.061891240176714e-05,0.00018841050325421436,9.11946770157685e-05,-0.00044616283433237007,1.9430915710855143e-05,1.582122285692847e-05,-2.3120145562718924e-05,2.6612353644118277e-05,0.0002287702184315684,3.237180958052553e-05,4.982866720526115e-05,-0.00010462333731773667,2.1491472622674112e-05,0.00016466437313083682,-6.710344005000502e-05,9.926223771560387e-05,2.383066638463825e-05
LXU,0.00045252856551882036,0.002211067117621804,-0.00047804260950814293,-0.0018722551623192268,0.001658107863738244,-0.002182399282960114,-0.0007276650787904403,0.0004980800324549316,-9.076409244974335e-05,-0.0009853262497785471,0.0051284089777172,0.00012815921387028287,-0.0007230106614685897,-0.0005307987575087729,6.648188683850642e-05,-0.0014994773395875945,0.0005711634004789771,-0.0005368506193842965,0.0005217446354505877,0.0013610020290660363,0.02549762726795246,-0.0023495930348280394,0.0005974036213078241,0.0001857946625037974,0.00038389618259184025,-0.004286328747253642,-0.0013712874330325093,-0.002454018597778023,-0.0007797580789985479,5.22006210179827e-05,-1.6026728148523395e-05,0.0006271361097731527,-0.00036093722049114854,-0.00023999173722752835,0.002346023187640338,-3.864243333464578e-05,-0.004401987833587058,0.0012569011146167648,-0.00022936184774198707,-0.0007018188847473985,-5.891692125044686e-05,0.00223512904630406,-0.0008332280189326248,-0.00022757289065987668,-0.0016275447744013417,0.00012767634462427477,-0.0019456804100902274,-0.0009585327129110867,0.0002433670968348576,-3.3132546524678908e-06
MRVL,-0.00022233867645280418,-0.00030513818548140394,0.00015169883301698685,0.0003481112537700555,7.007778330698186e-05,0.0003001299797639865,0.0001844740578122577,-0.000185438194812605,3.251755391275186e-05,0.00018772002185674813,-0.00033313918401346016,3.496370216861832e-05,0.00016520224255970836,0.00011508417868933049,2.767164398850566e-05,0.00015591620582945561,-6.0605789592487056e-05,7.826550364725023e-05,-0.0003167088616544847,-0.0001061988962953515,-0.0023495930348280394,0.0004488781813651512,9.161504038711975e-05,1.4886649968223653e-05,5.824229847379698e-05,0.000688114234897275,-1.6429418926963745e-06,-4.298263310660897e-05,0.00015845343741280224,-2.2678294216603072e-05,1.5729591862421403e-05,-3.381393980652097e-05,0.00039748871534713405,0.00010701767526492152,-0.00017631071203195743,0.00018371723408063244,0.0010420069599212747,-0.00024349740593127315,6.841061267434368e-05,4.3535187586929486e-05,8.371022020510366e-06,-0.00020292115920064174,0.00010919339990086802,0.0001087052477687123,6.760334753860915e-05,-5.832550601073594e-05,0.0005064637155815211,0.00018178407300609812,-0.00015820291849086282,1.0256441687516295e-05
NEPH,7.365688877471335e-06,0.00012931650029434548,0.00015030011207266237,0.00014483036527673625,0.00018004089600423236,-2.73210208292617e-05,0.0001309740985151576,-0.00013407926048941167,4.3366303758771816e-05,0.00014513519522915512,0.00015174424362853772,6.705257711608163e-05,0.00012027929007967945,8.935309390653126e-05,2.505979057137439e-05,3.8300864705926677e-05,0.0001235808157873512,2.712459901462719e-05,-0.00029102373272527245,8.13169717114311e-05,0.0005974036213078241,9.161504038711975e-05,0.00014266354080145387,8.22333678839704e-05,-0.00021433887670823187,0.00032259809165182817,-6.933179884225357e-05,-0.0003019652723135379,0.00010356776981140957,2.670348388829988e-05,4.705999239477604e-05,3.412008894366907e-05,0.00032890867620313986,0.000131579040905768,0.00013808544309988193,0.00018863062207593207,4.3239163968917475e-05,-8.703825555795242e-05,4.7838515447816216e-05,-1.4216026338729364e-05,2.9035675895434892e-05,0.00015997033091747962,7.270358150494393e-05,0.00010299515627051691,-0.00010070921075026093,-8.469084633996019e-06,0.0003945711914365705,1.3627352237120537e-05,1.4348360262541586e-05,2.8638003395139837e-05
NLR,0.00015544313148247411,0.00022827698710064788,0.0001608471495873785,0.00013498212894039348,4.361006051393705e-05,-6.408976753960872e-05,0.00012898003109900093,-0.00010775452183718666,5.100161801870783e-05,0.00017723058225196426,-3.359381363928855e-05,6.255156603946705e-05,0.0001281595072448153,0.00010116512428225976,8.606615535347871e-06,9.097152811536659e-05,0.0001872053877483741,3.4456445961918026e-05,-0.00024684360685417407,7.216986445107656e-05,0.0001857946625037974,1.4886649968223653e-05,8.22333678839704e-05,9.793251138784763e-05,-0.00043562601561493615,0.0003894812028180084,4.203795012675701e-05,-0.00017417010973778203,0.00011359707973521915,5.665990149781233e-05,6.32732979402898e-05,1.473255270724627e-05,0.00021927874264958717,0.0001435608011369783,0.00011519361057443932,0.00014570199014290843,-0.00035237596423192644,-6.579787008480536e-05,4.219120743681159e-05,1.6853811333643193e-05,4.561409882760593e-05,0.00018558473602342976,0.00011307968721205483,9.504236492694073e-05,-4.011772105407801e-05,2.316560676456358e-05,0.00040426990934755273,-3.071002606706814e-05,0.00013383862892649693,3.7197523731061574e-05
NUWE,-0.00093280184323349,-0.0011148368566698717,-0.0006958815892828256,-0.0005667742837282458,0.00011070416683750983,0.0003097813451250478,-0.0005419768536169907,0.0004025634188679323,-0.0002283170870900286,-0.0008133973071899002,0.0005749251078207213,-0.000249394952207097,-0.0005580240358859493,-0.0004510046141612935,-2.3567201812188624e-06,-0.0005024170661241556,-0.000896282941038633,-0.0001649342413554549,0.000945748854810627,-0.00026363120643327104,0.00038389618259184025,5.824229847379698e-05,-0.00021433887670823187,-0.00043562601561493615,0.0022534302172444467,-0.0018087939631749902,-0.0004133300650917685,0.00043838888429196594,-0.0005025017038164896,-0.0002940436259866205,-0.0002952819393481614,-1.448906753459968e-05,-0.0006996194743159913,-0.000623664319299624,-0.0004020691233798759,-0.000521307906406215,0.0021877182079589903,0.00024840207650868307,-0.00016729727899136154,-0.0001409071139371511,-0.00022317406305561685,-0.0007920526287930525,-0.0005610617800383146,-0.0003824073625513072,2.511609979154067e-05,-0.0001571184036790578,-0.0017257790216715033,0.00020243044825759,-0.0007892918290035651,-0.00017158856610759025
PCVX,0.0004265516510587315,0.00043352753064111423,0.0008330799364581311,0.0010497343689724339,5.832881498731944e-06,0.00023666635104513555,0.0007578234319175565,-0.0006400702997226749,0.0002451854413570885,0.0009937837150703647,-0.0010583023811688457,0.0002651387234280786,0.0007404550559178098,0.0005685109240947423,4.576543377533624e-05,0.0006848477946525139,0.0006537823683608046,0.0002685324750824483,-0.0013081813008649391,4.140939052627795e-05,-0.004286328747253642,0.000688114234897275,0.00032259809165182817,0.0003894812028180084,-0.0018087939631749902,0.0026598028571825174,0.0003565026603547512,-0.0004189107458740737,0.000683307393421095,0.00021107667675485946,0.0002741507744558054,-4.68713642270296e-05,0.0012288268515033285,0.0006988076997890792,3.8056628433361254e-05,0.0007337615965251256,-0.0001406378936853844,-0.0006090925847014365,0.0002523216538509477,0.00019398009202070083,0.00020194060035706377,0.000324974202417965,0.0006542113803900507,0.0004980990518775903,9.990078814390508e-05,3.8019008916294884e-05,0.002280561436374142,0.00012800806932706884,0.00040994558971421685,0.00016104863460874317
R,0.00020897315364494062,0.00010785296471040979,7.940330110703926e-05,9.801671657534343e-05,-0.00021132578747809258,1.609152580935761e-05,6.371651468858433e-05,-1.957365796021301e-05,2.8108131081025994e-05,0.00012888672501697,-0.00042077889896711073,9.04217065231453e-06,7.516244957072613e-05,6.45896492803158e-05,-1.9574172140980038e-05,0.00014603888802976883,0.00011285064778241116,3.901084535577707e-05,-4.154790879342977e-05,-3.87318725370924e-05,-0.0013712874330325093,-1.6429418926963745e-06,-6.933179884225357e-05,4.203795012675701e-05,-0.0004133300650917685,0.0003565026603547512,0.00019691778817694202,0.00019012765045039095,7.536608608111283e-05,5.143265918114014e-05,3.943720884594526e-05,-4.175129887353959e-05,-5.143635510246439e-05,6.712231363350954e-05,-7.814495682944032e-05,-5.587951781256569e-06,-0.00042215985209065733,-4.062374987235892e-05,1.4521973200547895e-05,6.819265415724661e-05,3.6041711332406446e-05,5.755059346158188e-06,0.00011363766343968367,2.7860439701536965e-05,0.00012012788513019682,4.043582221205438e-05,0.0002066114427275456,-2.7594299996963547e-05,0.00017566089839998034,2.179269240097302e-05
RMED,-6.332118592306283e-05,-0.00038786944170339646,-0.00027204109044253724,-0.00018411855094391903,-0.00041878021810125125,0.00017532996742625212,-0.00021872729632767002,0.00023288350054255982,-8.175923710431574e-05,-0.00023867980796106768,-0.0005384486336836296,-0.00013787310389724665,-0.00019960389538961287,-0.0001496175969318679,-5.00264506188716e-05,-4.869139649460677e-06,-0.00028391715882339266,-2.6178051517743704e-05,0.0005372442511152133,-0.0002303434123590568,-0.002454018597778023,-4.298263310660897e-05,-0.0003019652723135379,-0.00017417010973778203,0.00043838888429196594,-0.0004189107458740737,0.00019012765045039095,0.0007020783285190903,-0.00016410259628611901,-6.03086084424116e-05,-9.441785913192757e-05,-9.700080799492134e-05,-0.0006092383146919234,-0.00024805927447864036,-0.0003917566972005414,-0.0003616592936412762,0.00021432137978731727,0.00010110496108440757,-8.098935623541493e-05,5.984653552542927e-05,-5.676792260013246e-05,-0.0004370840855230753,-0.00010568723305909242,-0.00018915613296538222,0.0002739210334193555,4.580663654127718e-06,-0.0006746125756129304,3.1354591963471316e-05,-6.118194915512404e-05,-5.757804714486237e-05
SCHJ,0.00012502425057443246,0.00015797129294514196,0.0002288637066901984,0.0002676281245061963,3.3317994562700526e-05,3.163546114119449e-05,0.0002035746719517642,-0.0001745788430881833,6.807434200374347e-05,0.0002654879559579722,-0.0002098891539182911,7.777469398085107e-05,0.00019843771039653162,0.00015260967429468422,1.460048183607302e-05,0.00016830232995477395,0.00019403149071778043,6.721720871712624e-05,-0.0003649002815480931,3.4962857424882114e-05,-0.0007797580789985479,0.00015845343741280224,0.00010356776981140957,0.00011359707973521915,-0.0005025017038164896,0.000683307393421095,7.536608608111283e-05,-0.00016410259628611901,0.0001811514972384323,6.015992252671941e-05,7.734580580458251e-05,-2.2531928034961543e-06,0.00034680390208756385,0.0001946023310376612,5.097397312682064e-05,0.00020944762239874168,-0.0001033634802103611,-0.00015283932417116316,6.813521264802444e-05,4.256225322585737e-05,5.605300718961532e-05,0.00012947395930227465,0.00017113649594849783,0.0001382087553240505,-6.235691457678917e-07,1.2110372145918862e-05,0.0006163111262544819,2.1516628237153792e-05,0.00011755507417757945,4.5565596422202236e-05
SCHM,0.00012763891639050006,0.00015643938292174116,8.602314218635897e-05,6.197128095266645e-05,-1.3215812228901963e-05,-5.148574770054339e-05,6.475265075577962e-05,-4.698637943686917e-05,2.8761848858706482e-05,9.95479212548164e-05,-5.7690154101180606e-05,3.1829162190652974e-05,6.732076956016365e-05,5.4954575839612934e-05,-2.5352688781675544e-07,5.8949264037587226e-05,0.00011913806982105117,1.861140455664299e-05,-0.00011443175308175963,3.92959220692502e-05,5.22006210179827e-05,-2.2678294216603072e-05,2.670348388829988e-05,5.665990149781233e-05,-0.0002940436259866205,0.00021107667675485946,5.143265918114014e-05,-6.03086084424116e-05,6.015992252671941e-05,3.8917029272374584e-05,3.8019193577552774e-05,3.812241625720356e-06,8.070326883540176e-05,7.813395326045872e-05,6.07557362167962e-05,6.328891041650547e-05,-0.0003179422907001009,-2.4171432524616955e-05,1.969904013814996e-05,1.6044443488772938e-05,2.8738884276213056e-05,0.00011196995014563346,6.889282199870508e-05,4.6713983198326646e-05,-7.775588617787635e-06,2.2099907777990605e-05,0.0002088181495050373,-3.247357928276438e-05,0.00010702523236810941,2.2076206373708904e-05
SMLF,0.00010661651922913591,0.00014309733663309734,0.00010653968715183519,9.487925581608385e-05,1.3180030444962016e-05,-3.3759389735411356e-05,8.637316685555033e-05,-7.02942484886791e-05,3.375219396394871e-05,0.00012056756246319851,-5.476511020973887e-05,3.9559842735175784e-05,8.637483068976191e-05,6.831730507916896e-05,4.3416396771592955e-06,6.831220374669964e-05,0.00012187379106702828,2.503092722495185e-05,-0.00015918778982262652,4.0047547685350025e-05,-1.6026728148523395e-05,1.5729591862421403e-05,4.705999239477604e-05,6.32732979402898e-05,-0.0002952819393481614,0.0002741507744558054,3.943720884594526e-05,-9.441785913192757e-05,7.734580580458251e-05,3.8019193577552774e-05,4.182239618266596e-05,5.648402744060725e-06,0.00013702278070182062,9.440638052268739e-05,6.268887609645753e-05,9.182719049575059e-05,-0.00023008426780950493,-4.685559035666474e-05,2.793628105292768e-05,1.5725556053691057e-05,3.0633188723786506e-05,0.00011133147279630446,7.894503019619096e-05,6.191672649316488e-05,-1.5300319507223477e-05,1.6156925469020062e-05,0.00027013172573093244,-1.8056455041947463e-05,9.199867388300175e-05,2.450542752812653e-05
SMPL,5.6673371637386315e-06,6.0752066288769074e-05,1.047695925059475e-05,-1.867040777672658e-05,6.384102701728762e-05,-4.8062130680014697e-05,3.0090117323572257e-06,-9.007222136526508e-06,3.857450248202568e-06,-1.502261654699519e-06,0.0001338144155880482,1.208507651792279e-05,1.3087907855400083e-06,9.114655736116151e-07,5.380605207735812e-06,-2.7648156905832508e-05,2.6931022149256255e-05,-7.672615246777567e-06,-3.078683091957143e-05,3.989426184601621e-05,0.0006271361097731527,-3.381393980652097e-05,3.412008894366907e-05,1.473255270724627e-05,-1.448906753459968e-05,-4.68713642270296e-05,-4.175129887353959e-05,-9.700080799492134e-05,-2.2531928034961543e-06,3.812241625720356e-06,5.648402744060725e-06,1.8409520513234734e-05,4.1487296141714264e-05,1.2802590485929682e-05,6.870942573113079e-05,2.6657219313199765e-05,-7.297165955331186e-05,1.3470591448077647e-05,2.016644397609349e-06,-1.7591103311162185e-05,2.2512458502874692e-06,6.785856389708664e-05,-8.613560279486726e-06,9.753306862749742e-06,-4.9789264208147894e-05,4.683370001859989e-07,1.369347253887955e-05,-1.66567881557303e-05,3.1973377068291327e-06,3.613655807851271e-06
STON,4.029717558190808e-05,0.0002311188153408257,0.0004540669573629071,0.0005335919499225082,0.0003274195648531946,7.090970342248388e-05,0.0004144228301300439,-0.0003975027318138519,0.0001292084219200786,0.00048460393509582934,-2.203695109240495e-05,0.0001743084361903834,0.0003880650718722987,0.0002899580938930895,5.849599088258547e-05,0.0002343439473830123,0.00032252298643886364,0.00011683548539381247,-0.0008265347193257929,0.00012191743886925629,-0.00036093722049114854,0.00039748871534713405,0.00032890867620313986,0.00021927874264958717,-0.0006996194743159913,0.0012288268515033285,-5.143635510246439e-05,-0.0006092383146919234,0.00034680390208756385,8.070326883540176e-05,0.00013702278070182062,4.1487296141714264e-05,0.0008960269555041878,0.00038544128432557983,0.00020184317751399965,0.0005087082378714145,0.0002996737849239563,-0.0003248163889866166,0.00014694405096865815,2.31596863662214e-05,9.048172573198317e-05,0.0002877996199327046,0.0002762925529302823,0.00029840599857674794,-0.0001375919273679662,-2.1409397304311152e-05,0.001236088536617187,9.186619653457603e-05,6.464863621042005e-05,8.24452426355738e-05
UPH,0.000186368007664089,0.000269955741543935,0.0002605594638723297,0.0002621713093906778,6.702759990520976e-05,-3.2905399329517964e-05,0.00022096875568506565,-0.0001892782691073964,7.975016041856844e-05,0.00029266602949656753,-0.0001280372304884972,9.586858677324434e-05,0.0002165640449283027,0.0001682222811856038,1.6748915554490596e-05,0.0001647699776288099,0.00025865305622182924,6.544524378409038e-05,-0.0004127725485654697,8.061891240176714e-05,-0.00023999173722752835,0.00010701767526492152,0.000131579040905768,0.0001435608011369783,-0.000623664319299624,0.0006988076997890792,6.712231363350954e-05,-0.00024805927447864036,0.0001946023310376612,7.813395326045872e-05,9.440638052268739e-05,1.2802590485929682e-05,0.00038544128432557983,0.00022697616977458538,0.0001267351095302243,0.00024184157630759937,-0.00031744647119295725,-0.0001416472763977562,7.35778527914682e-05,3.4949095431646526e-05,6.778915409598585e-05,0.00022489067361246436,0.00018594159001156463,0.00015686226809598927,-3.929508038943281e-05,2.331677583080282e-05,0.0006791306491611148,-9.88617859131412e-06,0.00016666056072563404,5.5638723393295974e-05
