,ARCM,ARLP,ATCO,BAB,CRTO,FLZA,GGM,GTY,HYLV,IBDN,IDLV,IYT,JCPB,JCS,JMUB,KMED,LAMR,LBRDA,MKTY,PLXP,PSTL,RCAT,SGU,SSNC,SUSC,TME,UCC,WEA,XRLV,CTIB,DQ,EYPT,GEVO,KIM,KURA,LMRKO,MDXG,PYZ,RLI,SZNE,VAW,EFOI,GRNB,PWZ,UMH,SINT,GLIN,PXJ,AGIO,ANDE
ARCM,2.2743876500144459e-07,-9.790407395001295e-07,-3.1062968340609347e-06,3.9704475483068626e-08,-3.1680199021260863e-06,-5.266790760522007e-06,2.660292006409036e-07,-5.075514406788153e-07,-6.214246577237381e-07,1.8142537789522326e-07,-1.4236019427666174e-06,-2.940181683128966e-06,1.2265718030853265e-07,-4.771356065244762e-06,1.7260145892100512e-07,-1.8654643706536334e-06,-1.8337683402503739e-06,7.921136950957235e-06,-7.746989380939265e-07,-1.0358129444721087e-05,1.1868137278021564e-06,1.2395967986063307e-05,1.2421646284026155e-06,-4.602371784904764e-06,-1.4321605636198863e-07,-8.539712140130099e-07,1.728877806723197e-06,-1.36257939522546e-06,-2.439038814843775e-06,-1.426489842535377e-06,-4.9998893141754436e-06,6.198814328708015e-06,5.509865578773617e-06,-7.952807463454148e-07,-1.5353003638670016e-06,1.1356149214428816e-06,-2.5722570928980795e-06,-2.6235847183426075e-06,-4.0856021489512435e-06,-2.7535103086333923e-06,-3.092789689344587e-06,-5.8416176036321505e-06,5.38267065526221e-09,1.098880988179532e-07,-2.6717136006175107e-06,-2.5918975365743956e-05,-1.4640526222961928e-06,-2.640760141088143e-06,-9.945455397548605e-06,5.908193257995799e-07
ARLP,-9.790407395001295e-07,0.0006016303250206708,0.00019249641082183522,-4.567113079560511e-05,-4.467275296722883e-05,0.00030001511921396215,5.6340547371014894e-05,8.60200151703309e-06,5.822326243661955e-05,-3.1950437059263385e-06,0.00010703671341026941,0.0002341008318960374,-1.1645002467807349e-05,0.000221394047579885,-3.911523020977222e-06,0.00023238878618466542,3.4756485540726525e-05,-7.783826922308353e-05,0.00016067095628192625,0.0005693763379895064,3.379415888829377e-05,0.0011217148640710137,2.190895242713565e-07,0.00034530201383074674,-2.0700397833796256e-05,0.00013719526764711216,0.000233319527876378,9.37356010376408e-05,0.0001162253969276821,0.0006431169723630471,0.00036858457852476177,2.8296725092285657e-05,0.0001850773627904434,4.176888117804974e-05,0.00011034977986056066,-4.938159932222949e-05,0.0003214079739879742,0.0001415901239331125,6.178171296183512e-05,0.00018699897816199432,0.00018375066722922133,0.0005943418452371922,-1.3121913984009375e-05,-4.732958432204625e-06,-6.24322525248125e-05,0.0012413612502091733,-3.966482357018883e-06,0.00029909685968778737,7.871722409470096e-05,0.0001480985464139635
ATCO,-3.1062968340609347e-06,0.00019249641082183522,0.0005526400186352896,-1.918064855487977e-05,0.00011432216901457947,1.6906299759112654e-05,3.764317117931214e-05,-3.5787023937743255e-05,3.725994427011525e-05,3.261154146197451e-07,2.693514713240178e-05,4.059181454266322e-05,-3.324907020919932e-07,0.0002496171216792408,-3.493938037018656e-06,6.69984347532603e-05,3.0783214831799e-05,-0.00010330142076875719,-0.0008194915725910462,0.000917067568647458,-2.1479605245638654e-05,0.0006196322753603666,-8.059779599376498e-07,-2.5922951252123746e-05,-1.3287476529631738e-05,0.00038351023430645964,0.00010911220940436814,2.2666302914622103e-05,4.9676691415129635e-05,0.00023356403074774622,0.00047714280281671627,-0.0004740845213045662,-5.234474434565414e-05,-1.3426377389323972e-05,0.00036018773211271663,-5.927084767132859e-05,3.7973610931186584e-05,9.632946930951842e-05,-7.648047929652701e-05,6.769032987837493e-05,9.292450877421667e-05,0.0007392783778311444,-1.2262167152450554e-05,9.653200978429803e-06,-7.41942889536208e-05,0.0005838747746163684,-1.4888997617589231e-05,0.0001948994701401959,0.00010096056866523355,-1.2158291605789904e-05
BAB,3.9704475483068626e-08,-4.567113079560511e-05,-1.918064855487977e-05,7.495130739689214e-06,-2.700341237092445e-05,-2.5375591328154916e-05,-3.832389749163753e-06,-3.7039098311347697e-06,-6.278893599317585e-06,4.925685329046685e-07,-1.3719646079829446e-05,-1.844822718745325e-05,2.078247991244786e-06,-1.5017947162390078e-05,1.4874979370145052e-06,-3.662755859062325e-05,-1.1413765298095756e-05,-6.7222937294954664e-06,9.622137296057365e-05,-9.242102561180458e-05,-8.46443806915643e-06,4.545510678708658e-05,-1.8768529212483562e-06,-3.767590450889502e-05,4.366976836138659e-06,-1.8596590967188684e-05,-3.615748090856271e-05,-6.528219503210792e-06,-1.4454844196179798e-05,-7.583317676099252e-05,-1.1632163753994998e-05,-2.6532669288181408e-05,-2.76684724628146e-05,-1.0604227811239201e-05,-4.161387775554304e-05,9.260700079294604e-06,-2.0416063439242563e-05,-1.0967956095786987e-05,-2.159208690317008e-06,-2.0253164762477395e-05,-1.835880295529491e-05,-7.533519504911454e-05,2.663105165677603e-06,6.194780026095903e-07,1.0587056692098893e-06,-0.00022362540624473208,-8.00130476822229e-06,-3.629391691059829e-05,-3.617475808121032e-06,-2.0487130812030254e-05
CRTO,-3.1680199021260863e-06,-4.467275296722883e-05,0.00011432216901457947,-2.700341237092445e-05,0.00035567245498287876,3.4926276514681965e-05,2.786789831766854e-06,4.145252692454388e-05,1.8283811492299187e-05,-4.2192048928478365e-06,5.5166478078946575e-05,7.422305893506555e-05,-7.223032973950904e-06,1.977631804342358e-05,-7.737811822960655e-06,0.00014100569019808625,9.959517758272894e-05,-3.5552460098223715e-05,-0.0012522919346776506,0.0003988658484534729,-1.6416318679069092e-05,-0.002477273133160677,1.6834857066800443e-05,8.929996349626086e-05,-1.9103875678158024e-05,0.00014762762262519449,0.00010656313343052966,-4.825270564660052e-06,7.46496277628397e-05,0.00019111172507051642,1.7140300653383976e-05,0.0006727419470403752,2.2608280073813602e-05,0.00013273950728445082,0.0002907230990048892,-5.540132949553847e-05,2.010112392529509e-06,5.8115119277929746e-05,-6.859822297835634e-05,0.00010413098365866318,8.376820849594982e-05,0.0003677868599076171,-1.1799300361118935e-05,9.940530601413644e-07,0.00010155918819076298,0.0007392433168584206,0.00011802843924152045,0.0001190857690732774,0.00017031784180156424,9.470031034129677e-05
FLZA,-5.266790760522007e-06,0.00030001511921396215,1.6906299759112654e-05,-2.5375591328154916e-05,3.4926276514681965e-05,0.00034286355305037427,-2.2917868543047152e-06,6.794175507687199e-07,4.312915105640085e-05,-4.420375513410971e-06,8.770867328916483e-05,0.00017127773820981566,-6.925955093063523e-06,0.00017518919458781897,-5.66104803148977e-06,0.0002187157994464908,5.107687328190767e-05,-0.0002056214704923119,0.00016876080659495893,0.00027737520404782167,1.1251831857569374e-05,0.0006026960692509645,-4.91535840383569e-05,0.00033907933960071663,4.535646910272349e-06,-3.668197835247038e-05,6.0995990633769766e-05,8.879971019315372e-05,0.00010838202823619586,0.0004970367429484632,0.00019382543358683813,-0.00038310530309020084,2.770430607320714e-05,3.551575190445281e-05,4.3688570450834206e-05,-4.155117278299707e-05,0.0002556127326095498,0.00012036632904008563,0.00012975428376895424,0.00013936191550468417,0.00015016088889043032,0.00025751556738051046,-2.8850039317550116e-06,-8.801357568610257e-06,5.163673924294448e-05,0.0008997010107486135,3.712350973662342e-05,0.0001892315016389345,0.000281681327772863,6.073289073123872e-05
GGM,2.660292006409036e-07,5.6340547371014894e-05,3.764317117931214e-05,-3.832389749163753e-06,2.786789831766854e-06,-2.2917868543047152e-06,1.3053576487755067e-05,4.695876627215567e-06,2.9978986041232765e-06,-2.96584373420498e-07,7.260074538242898e-06,2.5541019618996726e-05,-1.0478410178909317e-06,1.3632602276857899e-05,3.8521318231098936e-07,6.270592802765318e-06,5.052532319291038e-06,2.5842227098815274e-06,-2.3349048115187554e-05,5.4605627069606604e-05,-4.721069856471136e-06,-0.00010002693457698947,1.4223333206109391e-05,9.806035246175166e-06,-5.4554755229277014e-06,4.0559088715122714e-05,2.701295664450003e-05,2.285390074598892e-06,7.004253845429488e-06,1.8351121698457072e-05,4.719619312053421e-05,0.00016606523497727634,2.1507903845273022e-05,1.7518923276852826e-05,1.318856924905148e-05,-4.170070364269044e-06,2.024461426840259e-05,1.0738679482209923e-05,-8.49029881062993e-06,1.9520523672677632e-05,1.55054205521173e-05,7.916776461364675e-05,-2.233075892145106e-06,9.23496213484839e-07,-1.1878373865822116e-05,4.167025802101131e-05,4.1252167425031374e-06,2.1581678399826138e-05,-9.013517416357808e-06,1.854096989391306e-05
GTY,-5.075514406788153e-07,8.60200151703309e-06,-3.5787023937743255e-05,-3.7039098311347697e-06,4.145252692454388e-05,6.794175507687199e-07,4.695876627215567e-06,6.598509172082288e-05,6.193882791229353e-06,-4.442229970508983e-06,2.405685321001649e-05,4.3343548367300585e-05,-7.751865720409308e-06,-1.0899607712718688e-05,-4.420299455114364e-06,-4.1033157944256515e-05,1.0504413817759674e-05,1.9627475236280508e-05,-8.237376042232051e-05,0.0001793236391018473,1.1423418341671297e-05,-0.0011848089637504003,-3.1370589671691175e-05,3.80573718449486e-05,-1.056188121007953e-05,-5.194348966698941e-06,5.366737479846918e-05,-6.018368017500207e-06,4.096649509054432e-05,-5.025197920832922e-05,-6.600451480272679e-05,0.00047591613587612323,-6.746796862001994e-05,-1.4660449778416506e-05,-8.883282157670754e-06,-4.8744441706149995e-06,-1.7809894855150014e-05,2.108215632299204e-05,1.462130819232656e-05,5.063629904246036e-05,2.5220385503510427e-05,4.69844889310687e-05,-9.459151891219218e-07,-3.393473002914039e-06,5.652499735832334e-05,0.0011976105807740087,-5.711055346399963e-06,5.8326907582146776e-05,-8.226506214378982e-06,8.487188930850518e-05
HYLV,-6.214246577237381e-07,5.822326243661955e-05,3.725994427011525e-05,-6.278893599317585e-06,1.8283811492299187e-05,4.312915105640085e-05,2.9978986041232765e-06,6.193882791229353e-06,9.869613848723412e-06,-8.616843876379606e-07,1.63198730710404e-05,2.8446760959083464e-05,-1.9273181378797955e-06,3.449382453593259e-05,-1.5397299493173605e-06,3.0394196140678607e-05,7.2852359926965925e-06,-1.7065109689980796e-05,-9.088947352948874e-05,0.00012721655171927485,5.41978957492397e-06,-3.679362756029099e-05,-1.2424602091754148e-05,4.467459816199286e-05,-1.939394566220274e-06,2.4516175993763698e-05,3.303187767658896e-05,1.113156172108183e-05,2.2182769051771957e-05,9.58566641183412e-05,4.788331946981674e-05,-1.9956257442827425e-05,2.6224302224251773e-06,-1.300901401055824e-06,3.7614705996893334e-05,-9.746130833324797e-06,3.321231460587302e-05,2.4966314465719602e-05,5.177924385450355e-07,2.8615158973230816e-05,2.7615266866696228e-05,9.864541006973694e-05,-1.4991422413275955e-06,-8.145821366229153e-07,6.472592830429117e-06,0.0003198715772741844,-3.594856215466342e-07,5.094870076006748e-05,2.828385920352524e-05,2.517144697078097e-05
IBDN,1.8142537789522326e-07,-3.1950437059263385e-06,3.261154146197451e-07,4.925685329046685e-07,-4.2192048928478365e-06,-4.420375513410971e-06,-2.96584373420498e-07,-4.442229970508983e-06,-8.616843876379606e-07,4.3173257574962287e-07,-2.8920514406790018e-06,-4.795429523467666e-06,7.055382412855568e-07,-3.2692688152311547e-06,4.861505299115977e-07,1.731513726985418e-07,-2.4359685970884306e-06,3.6994456310464256e-06,-3.7661633792505264e-06,-2.209114232613162e-05,-5.943423693364438e-07,6.38663128419155e-05,2.2355159253675916e-06,-7.251815923754434e-06,8.451806976914398e-07,2.680801252307114e-07,-2.920750819295838e-06,-9.207661595707096e-07,-4.446017618653967e-06,2.570860671507375e-06,2.1643004809979664e-06,-2.1286100926440466e-05,7.138299410315407e-06,4.359296317709109e-07,-8.25212011539498e-07,1.383458287327274e-06,-8.023226157087718e-07,-2.6383228496367286e-06,-6.449656620645035e-06,-5.1934214543281e-06,-3.941538096601709e-06,-7.515051999865713e-06,2.053187793682156e-07,3.5906074203875174e-07,-4.4068575976241815e-06,-0.00010624442434835375,-7.521941711847283e-07,-6.012596560501959e-06,-5.274719202181855e-06,-4.428881655080007e-06
IDLV,-1.4236019427666174e-06,0.00010703671341026941,2.693514713240178e-05,-1.3719646079829446e-05,5.5166478078946575e-05,8.770867328916483e-05,7.260074538242898e-06,2.405685321001649e-05,1.63198730710404e-05,-2.8920514406790018e-06,3.883741301947617e-05,6.793802709987283e-05,-5.939359968377689e-06,5.156683936420405e-05,-4.010269456739385e-06,6.641758785600142e-05,2.9202377947477242e-05,-3.484356778877624e-05,-9.940590297963958e-05,0.00022308316043051415,1.0019147809131791e-05,-0.00033439628729423684,-1.1664247702864578e-05,0.00011303114890824401,-8.082028130877229e-06,2.2967169715051358e-05,6.30956876280351e-05,2.1671493170907086e-05,4.9127846013978524e-05,0.00014159202165126106,4.011099897083937e-05,0.00012648038800460357,7.802944798797682e-06,1.990540265377103e-05,5.541356150352981e-05,-2.1129546798863272e-05,6.277695979440797e-05,4.184585762361847e-05,3.5839219781336e-05,6.572836417384796e-05,5.834331191319584e-05,0.00015901809751818008,-4.198023199832955e-06,-2.942610948013205e-06,2.5064590192362944e-05,0.000763823269446483,1.839047135358059e-05,9.11888047532082e-05,6.3570170514412e-05,5.478081807356082e-05
IYT,-2.940181683128966e-06,0.0002341008318960374,4.059181454266322e-05,-1.844822718745325e-05,7.422305893506555e-05,0.00017127773820981566,2.5541019618996726e-05,4.3343548367300585e-05,2.8446760959083464e-05,-4.795429523467666e-06,6.793802709987283e-05,0.0001800565243316529,-6.5187300432280016e-06,8.900063426431339e-05,-1.7145846523091893e-06,0.0001005102928817802,4.294246790786598e-05,-0.00012343788144494368,-0.0001527004128190021,0.00018093724948945537,-2.3621097774062328e-05,-0.0010815511612280058,-8.836979080074977e-06,0.00020135046427803018,-8.417944156009754e-06,5.8294904677124014e-05,8.614808775743377e-05,4.298446265157843e-05,8.8734379021174e-05,0.0002766413622615089,0.00018825452928314856,0.000607025397253022,2.333525402318181e-05,8.269650267795801e-05,2.0248353218297235e-05,-2.7055468788009182e-05,0.0001816208175616912,0.00010676859367595537,1.032405917079919e-05,0.00014458837874199837,0.0001252578145127479,0.00028392291516373465,-3.81994539968279e-06,-3.1116012459528144e-06,6.162711959131587e-05,0.0006558914465997623,4.6166469735653754e-05,0.0001466961548360434,0.00017901575220181248,0.00012206472238017251
JCPB,1.2265718030853265e-07,-1.1645002467807349e-05,-3.324907020919932e-07,2.078247991244786e-06,-7.223032973950904e-06,-6.925955093063523e-06,-1.0478410178909317e-06,-7.751865720409308e-06,-1.9273181378797955e-06,7.055382412855568e-07,-5.939359968377689e-06,-6.5187300432280016e-06,1.6311512327151678e-06,-5.137927339767687e-06,1.1364350079185019e-06,-3.5992131551641124e-06,-4.543492046563694e-06,-2.833279366916827e-06,-3.5342814590622645e-06,-5.342291147853701e-05,-4.98959441962007e-06,6.721893579965263e-05,2.934832835105211e-06,-1.4865067231438682e-05,2.5188106491424785e-06,-5.063647836394153e-07,-1.2428889309041227e-05,-1.6060942106164832e-06,-7.771190545278936e-06,-2.544139574843519e-06,9.998784385054923e-06,-2.6539600917723606e-05,4.916709600893926e-06,2.4767414321662885e-06,-7.706185472350688e-06,3.170338119042576e-06,3.9608353629628465e-08,-2.6565182601771773e-06,-1.2392921084014974e-05,-8.597175563483499e-06,-6.2643070214153674e-06,-1.8927004086119125e-05,8.899158535449322e-07,7.391748289114988e-07,-3.7103209195015477e-06,-0.0002300610823455492,-9.930406025066216e-08,-1.4217276823703632e-05,1.561716227257663e-06,-9.490393942772311e-06
JCS,-4.771356065244762e-06,0.000221394047579885,0.0002496171216792408,-1.5017947162390078e-05,1.977631804342358e-05,0.00017518919458781897,1.3632602276857899e-05,-1.0899607712718688e-05,3.449382453593259e-05,-3.2692688152311547e-06,5.156683936420405e-05,8.900063426431339e-05,-5.137927339767687e-06,0.00021979647245733814,-5.734680296332383e-06,9.924970431328303e-05,3.6320294882678664e-05,-0.00017434412789038505,5.809307829764167e-05,0.000605616510528559,-1.0072264580573021e-06,0.0009852275573691283,-3.218733525178522e-05,0.0001534772830183134,-3.8696614087312556e-06,0.00012450412700516276,4.441074320559069e-05,5.7383378436847034e-05,7.455988707767218e-05,0.00022469397811249954,0.0002842369094189966,-0.0005726878986753339,-7.767832722988358e-05,-2.2424574722073193e-05,0.00013629342171053263,-4.4782986430165557e-05,0.00011903200167519984,9.073784519030897e-05,0.00010598062108864452,8.710236157756159e-05,0.00010828801225052937,0.0004028856707039014,-5.9341710824319984e-06,-1.5156356539075841e-06,-1.4545216788521447e-05,0.001051054447179934,-5.451703161013044e-06,0.0001650678636450829,0.00018553341673456226,-9.34558937251894e-06
JMUB,1.7260145892100512e-07,-3.911523020977222e-06,-3.493938037018656e-06,1.4874979370145052e-06,-7.737811822960655e-06,-5.66104803148977e-06,3.8521318231098936e-07,-4.420299455114364e-06,-1.5397299493173605e-06,4.861505299115977e-07,-4.010269456739385e-06,-1.7145846523091893e-06,1.1364350079185019e-06,-5.734680296332383e-06,1.0076693539559415e-06,-3.918278318514423e-06,-3.7936994770846553e-06,-6.431675434339953e-07,6.397286114085535e-06,-4.797263946580627e-05,-4.2986179045261374e-06,2.2521229632883184e-05,3.428591438505541e-06,-9.942445222830245e-06,1.5278875175288428e-06,-7.087698027887153e-07,-7.559597290071953e-06,-1.2599195954472375e-06,-5.570152299123892e-06,-2.477439662209202e-06,8.034121734278016e-06,1.119072874970835e-05,6.486663623996828e-06,3.811921732161069e-06,-1.0595609873486588e-05,2.97696048242038e-06,2.620511504177166e-06,-1.4808987422049553e-06,-1.0405452339930742e-05,-4.689774010537183e-06,-3.960075925888758e-06,-1.4978309458031526e-05,6.62863600983594e-07,5.432847351967964e-07,-2.844855552956441e-06,-0.0001772101728942501,7.911183694825213e-08,-1.0544831666964762e-05,-1.2795991191071307e-06,-3.8432298633783894e-06
KMED,-1.8654643706536334e-06,0.00023238878618466542,6.69984347532603e-05,-3.662755859062325e-05,0.00014100569019808625,0.0002187157994464908,6.270592802765318e-06,-4.1033157944256515e-05,3.0394196140678607e-05,1.731513726985418e-07,6.641758785600142e-05,0.0001005102928817802,-3.5992131551641124e-06,9.924970431328303e-05,-3.918278318514423e-06,0.00028194367964075225,7.203218673622896e-05,-6.828145825924653e-05,-0.0003839830352619945,0.00020834995985020087,1.8041966819922683e-05,0.000573664661543912,3.363044951325222e-05,0.0002454567704896062,-7.000813456313483e-06,4.7936594861879945e-05,0.00010679470775056511,5.7786180223227535e-05,5.943688093242291e-05,0.0005126159824081579,0.00012510749337159304,-0.0002637983041594749,0.00019923960244880683,0.00011060736680750926,0.00019554078041747534,-4.940721293018529e-05,0.00018344561243633072,6.173799956773125e-05,3.5440216526722116e-05,8.909897779725428e-05,0.00010390880219199144,0.0003097485103642642,-1.136763132719507e-05,-2.6691483832941274e-06,-1.1560567402550388e-05,-7.916037674725329e-05,8.470747712228256e-05,0.0001377678128151195,0.00015406468089676433,3.078382311247995e-05
LAMR,-1.8337683402503739e-06,3.4756485540726525e-05,3.0783214831799e-05,-1.1413765298095756e-05,9.959517758272894e-05,5.107687328190767e-05,5.052532319291038e-06,1.0504413817759674e-05,7.2852359926965925e-06,-2.4359685970884306e-06,2.9202377947477242e-05,4.294246790786598e-05,-4.543492046563694e-06,3.6320294882678664e-05,-3.7936994770846553e-06,7.203218673622896e-05,4.776732218628025e-05,-4.620748758075694e-05,-0.00014428939306433016,0.00017625434193553873,-3.3728487670035644e-06,-0.0004060589566430727,1.854913617726091e-05,8.24239926738576e-05,-9.582383633319076e-06,3.0380953734619756e-05,2.7417358056159834e-05,1.300470479309039e-05,3.3686113907078576e-05,4.617161385798998e-05,6.369065184770555e-06,0.0001330522802756405,6.657165941700721e-06,5.320089613991847e-05,7.796506535407517e-05,-2.4848797104462246e-05,2.601940617783594e-05,1.9122078896375125e-05,5.363641887992737e-05,4.582920698221761e-05,4.368164863696621e-05,0.0001254229221004853,-5.821724577844632e-06,-1.3749395287844266e-06,2.175694954486656e-05,0.0004154732345831669,4.883734005607153e-05,4.5666600419798616e-05,8.345874906289052e-05,1.1577635670777508e-05
LBRDA,7.921136950957235e-06,-7.783826922308353e-05,-0.00010330142076875719,-6.7222937294954664e-06,-3.5552460098223715e-05,-0.0002056214704923119,2.5842227098815274e-06,1.9627475236280508e-05,-1.7065109689980796e-05,3.6994456310464256e-06,-3.484356778877624e-05,-0.00012343788144494368,-2.833279366916827e-06,-0.00017434412789038505,-6.431675434339953e-07,-6.828145825924653e-05,-4.620748758075694e-05,0.0003383951381152037,-0.0002624292207828726,-7.64140526120186e-05,7.561009916845581e-05,-0.0001190039392503056,1.9029557620961497e-05,-0.000149774872450437,-1.6324615415826594e-05,-2.291140970432163e-05,0.00011885926606821506,-5.851524535529529e-05,-6.158088656232398e-05,-8.033903663887843e-05,-0.0002913560396431336,0.00026016851749346444,0.0001526511183585166,-6.037479400881486e-05,3.292987698636241e-05,2.5611191296835102e-05,-0.000159438969162219,-0.00010068356895379122,-0.00011928073816043203,-8.503249240520078e-05,-0.00010799677690535635,-0.00014350838887376675,-3.852707514511291e-06,1.228720448306961e-06,-6.781907989803985e-05,0.00025300172366331795,-5.586733635097808e-05,-4.244664803176197e-05,-0.00039470835007127564,5.7021192683475066e-05
MKTY,-7.746989380939265e-07,0.00016067095628192625,-0.0008194915725910462,9.622137296057365e-05,-0.0012522919346776506,0.00016876080659495893,-2.3349048115187554e-05,-8.237376042232051e-05,-9.088947352948874e-05,-3.7661633792505264e-06,-9.940590297963958e-05,-0.0001527004128190021,-3.5342814590622645e-06,5.809307829764167e-05,6.397286114085535e-06,-0.0003839830352619945,-0.00014428939306433016,-0.0002624292207828726,0.007235628518030554,-0.0012003844041199294,6.0653582645469154e-05,0.010130359047068644,4.4314059233460364e-05,0.0001668312609273739,3.4153518411209e-05,-0.0009480200805431337,-0.0006264292866021951,0.00011117627626870225,-0.00016845875052312172,-0.0014694801606550735,-0.000566978599473534,-0.0026526653822368106,-0.0003664660326257403,-0.00035518276473312725,-0.0013425068224270978,0.00014050316989399622,1.230064973841192e-05,-0.0002872773223754456,0.0011732469516294198,-0.0002898012255487475,-0.00020089128368054102,-0.0017759686652430743,2.8908815090814188e-05,-2.8711474075052666e-05,-0.0002825515218731682,0.00020812987630424787,-0.00023844887089670468,-0.0005253451363480977,-0.0002098076964382913,-0.0005687141172618101
PLXP,-1.0358129444721087e-05,0.0005693763379895064,0.000917067568647458,-9.242102561180458e-05,0.0003988658484534729,0.00027737520404782167,5.4605627069606604e-05,0.0001793236391018473,0.00012721655171927485,-2.209114232613162e-05,0.00022308316043051415,0.00018093724948945537,-5.342291147853701e-05,0.000605616510528559,-4.797263946580627e-05,0.00020834995985020087,0.00017625434193553873,-7.64140526120186e-05,-0.0012003844041199294,0.003424487987293493,0.0001697039986097825,-0.00022698589231773665,-0.00017561666445476678,0.000415843464269658,-8.993187236985511e-05,0.0005729700213595052,0.0005421180871161627,9.078730107009761e-05,0.0003294855058792527,0.00046488693727174857,0.00036379809727745023,-0.000851917281307788,-0.0003585217788009056,-0.00022713281756751136,0.0008854959207370921,-0.00020060223179044323,-1.967421375496702e-05,0.0002243392248288261,0.00032563526206089735,0.00033290370074146914,0.0003190791370782019,0.0017300282301361623,-4.444906023429772e-05,-1.1630358472902528e-05,1.1503346554365833e-05,0.009129405997015958,-7.549808460205297e-05,0.0007858050902332445,0.00011582556678348874,0.00022816370146578878
PSTL,1.1868137278021564e-06,3.379415888829377e-05,-2.1479605245638654e-05,-8.46443806915643e-06,-1.6416318679069092e-05,1.1251831857569374e-05,-4.721069856471136e-06,1.1423418341671297e-05,5.41978957492397e-06,-5.943423693364438e-07,1.0019147809131791e-05,-2.3621097774062328e-05,-4.98959441962007e-06,-1.0072264580573021e-06,-4.2986179045261374e-06,1.8041966819922683e-05,-3.3728487670035644e-06,7.561009916845581e-05,6.0653582645469154e-05,0.0001697039986097825,4.584150983725811e-05,0.0004230878066260487,-1.9192927062154154e-05,3.2220149931486124e-05,-6.535395906004673e-06,-2.8853976257115756e-05,5.6913901675447715e-05,2.3233800485724296e-06,8.153951578671621e-06,4.763857067202098e-05,-9.260952450074493e-05,-0.00021505056381201937,2.1709414069863292e-05,-4.912687989658074e-05,3.506237580821952e-05,-4.737207736074577e-06,-2.398224662177882e-05,-1.5959525427507768e-05,3.5684796397448116e-05,-5.66007775105693e-06,-7.513430971728155e-06,8.409282747852538e-06,-2.75808508611975e-06,-3.1589712478633643e-06,-1.739656466312586e-05,0.0007819018485960639,-2.678375237378513e-05,4.1026165109585566e-05,-8.834257265109916e-05,1.8610545925395923e-05
RCAT,1.2395967986063307e-05,0.0011217148640710137,0.0006196322753603666,4.545510678708658e-05,-0.002477273133160677,0.0006026960692509645,-0.00010002693457698947,-0.0011848089637504003,-3.679362756029099e-05,6.38663128419155e-05,-0.00033439628729423684,-0.0010815511612280058,6.721893579965263e-05,0.0009852275573691283,2.2521229632883184e-05,0.000573664661543912,-0.0004060589566430727,-0.0001190039392503056,0.010130359047068644,-0.00022698589231773665,0.0004230878066260487,0.041703393770293785,0.00021530984416109843,1.9522299484437612e-05,0.00014112931533335075,-0.0006672671434722093,-0.0007830604768262789,0.0003870362887444636,-0.0006550551796983788,0.00040360244340422,0.0005946080194118045,-0.01629863963329463,0.0007037833773531157,-0.0010098257942519632,-0.0004196454998458109,7.885193835386368e-05,0.00026442105799155306,-0.000611802623067705,0.0015626012521767784,-0.0011188524482616154,-0.000513269412925826,-0.0012259612191072224,3.064629683206021e-06,-1.512616054516845e-06,-0.001708352357203162,-0.008438973270458026,-0.0006941775625531652,-0.0005942792057398949,-0.0008766884530488976,-0.0019632182678172984
SGU,1.2421646284026155e-06,2.190895242713565e-07,-8.059779599376498e-07,-1.8768529212483562e-06,1.6834857066800443e-05,-4.91535840383569e-05,1.4223333206109391e-05,-3.1370589671691175e-05,-1.2424602091754148e-05,2.2355159253675916e-06,-1.1664247702864578e-05,-8.836979080074977e-06,2.934832835105211e-06,-3.218733525178522e-05,3.428591438505541e-06,3.363044951325222e-05,1.854913617726091e-05,1.9029557620961497e-05,4.4314059233460364e-05,-0.00017561666445476678,-1.9192927062154154e-05,0.00021530984416109843,7.521194050745272e-05,-2.6883809150889077e-05,-5.834081728199055e-06,2.526544437916553e-05,-1.7299220003287382e-05,-6.829038220095036e-06,-3.1768575497557986e-05,-6.0425551680745925e-05,-4.3930139625663116e-06,0.00017295982407201701,9.760589489551984e-05,7.699551062152436e-05,4.851606260365605e-06,-1.782979886071998e-07,-7.7584876443203e-08,-3.2468633057245536e-05,6.331701712641512e-07,-2.068246623188465e-05,-1.5601467103146274e-05,-2.3525563725360143e-05,-4.11760756467319e-06,3.399752397473922e-06,-4.5194499669916874e-05,-0.0009363252042703058,4.413960058391789e-05,-6.252768432752499e-05,-2.709663637228733e-05,-4.3166664653185415e-05
SSNC,-4.602371784904764e-06,0.00034530201383074674,-2.5922951252123746e-05,-3.767590450889502e-05,8.929996349626086e-05,0.00033907933960071663,9.806035246175166e-06,3.80573718449486e-05,4.467459816199286e-05,-7.251815923754434e-06,0.00011303114890824401,0.00020135046427803018,-1.4865067231438682e-05,0.0001534772830183134,-9.942445222830245e-06,0.0002454567704896062,8.24239926738576e-05,-0.000149774872450437,0.0001668312609273739,0.000415843464269658,3.2220149931486124e-05,1.9522299484437612e-05,-2.6883809150889077e-05,0.00039997175894641423,-1.3325471366604049e-05,-4.005619397197347e-05,0.0001294138645728723,8.676829233879467e-05,0.0001322695598171835,0.00046894306877929404,8.936288012810712e-05,1.3460559899901661e-05,6.434788382468175e-05,6.602650997767102e-05,7.152344179789566e-05,-5.403988208985087e-05,0.0002450183740244922,0.00011145369012790897,0.00017984566695133843,0.00017496299556005746,0.0001682454303690736,0.0003068392595537238,-9.373779842858294e-06,-1.1553202269245687e-05,5.969348354202301e-05,0.0016965359718917803,6.182849693650812e-05,0.00022648594400778818,0.00023209817572177274,0.00011110684574230612
SUSC,-1.4321605636198863e-07,-2.0700397833796256e-05,-1.3287476529631738e-05,4.366976836138659e-06,-1.9103875678158024e-05,4.535646910272349e-06,-5.4554755229277014e-06,-1.056188121007953e-05,-1.939394566220274e-06,8.451806976914398e-07,-8.082028130877229e-06,-8.417944156009754e-06,2.5188106491424785e-06,-3.8696614087312556e-06,1.5278875175288428e-06,-7.000813456313483e-06,-9.582383633319076e-06,-1.6324615415826594e-05,3.4153518411209e-05,-8.993187236985511e-05,-6.535395906004673e-06,0.00014112931533335075,-5.834081728199055e-06,-1.3325471366604049e-05,6.2592407978126415e-06,-1.7016347105225663e-05,-2.6665049964860987e-05,5.749300242912221e-07,-8.731489591991338e-06,4.376097490620995e-06,1.2940735357320961e-05,-9.576889559732499e-05,-6.465358516973775e-06,-5.132216194007726e-06,-2.4567580297546164e-05,6.0143563604397605e-06,5.577237969252565e-06,-3.0248570743237204e-07,-1.1346034501341577e-05,-1.227243891231207e-05,-7.863454941630887e-06,-4.739882193683599e-05,2.5090358951938955e-06,3.74609954051854e-07,2.134361801159763e-06,-0.0002953556411395924,-4.3025506313517155e-06,-1.992149471196397e-05,1.6742579567902124e-05,-1.4837913069817017e-05
TME,-8.539712140130099e-07,0.00013719526764711216,0.00038351023430645964,-1.8596590967188684e-05,0.00014762762262519449,-3.668197835247038e-05,4.0559088715122714e-05,-5.194348966698941e-06,2.4516175993763698e-05,2.680801252307114e-07,2.2967169715051358e-05,5.8294904677124014e-05,-5.063647836394153e-07,0.00012450412700516276,-7.087698027887153e-07,4.7936594861879945e-05,3.0380953734619756e-05,-2.291140970432163e-05,-0.0009480200805431337,0.0005729700213595052,-2.8853976257115756e-05,-0.0006672671434722093,2.526544437916553e-05,-4.005619397197347e-05,-1.7016347105225663e-05,0.00031978704397274806,0.00012392688126666888,-7.591010579112641e-07,3.7171024183565104e-05,0.00018873559259943633,0.00033593701783713473,0.00026823641748713545,2.428765043845312e-05,4.873871749473606e-05,0.0002799417676127794,-4.137997183941198e-05,2.8797469498892077e-05,7.468539016538673e-05,-0.00014186238616031258,7.243036629431294e-05,7.171088816339362e-05,0.0005798429217188005,-1.0892499065925759e-05,9.12507369975095e-06,-3.568188498955786e-05,0.0001838417949133827,1.7122350105555745e-05,0.00014265518451381728,4.026974746691828e-05,5.308711818706335e-05
UCC,1.728877806723197e-06,0.000233319527876378,0.00010911220940436814,-3.615748090856271e-05,0.00010656313343052966,6.0995990633769766e-05,2.701295664450003e-05,5.366737479846918e-05,3.303187767658896e-05,-2.920750819295838e-06,6.30956876280351e-05,8.614808775743377e-05,-1.2428889309041227e-05,4.441074320559069e-05,-7.559597290071953e-06,0.00010679470775056511,2.7417358056159834e-05,0.00011885926606821506,-0.0006264292866021951,0.0005421180871161627,5.6913901675447715e-05,-0.0007830604768262789,-1.7299220003287382e-05,0.0001294138645728723,-2.6665049964860987e-05,0.00012392688126666888,0.00023549515762349993,1.3021320471421777e-05,7.325285543867563e-05,0.00034887981123564194,4.245559010976991e-05,0.00041621466391892904,0.00011886092681847357,5.655059283183052e-06,0.00019949097527111295,-3.5437208882318993e-05,6.229175031389587e-05,5.688075131438437e-05,-6.145928090246659e-05,0.00010394294862701577,7.693157173382874e-05,0.00040767250428200004,-1.2152604847838249e-05,-2.4454749382560653e-06,-2.4707574877004426e-06,0.0016346655835327354,-4.710234030302301e-06,0.0002089658686763367,-9.22455893812044e-05,0.00016689727085536862
WEA,-1.36257939522546e-06,9.37356010376408e-05,2.2666302914622103e-05,-6.528219503210792e-06,-4.825270564660052e-06,8.879971019315372e-05,2.285390074598892e-06,-6.018368017500207e-06,1.113156172108183e-05,-9.207661595707096e-07,2.1671493170907086e-05,4.298446265157843e-05,-1.6060942106164832e-06,5.7383378436847034e-05,-1.2599195954472375e-06,5.7786180223227535e-05,1.300470479309039e-05,-5.851524535529529e-05,0.00011117627626870225,9.078730107009761e-05,2.3233800485724296e-06,0.0003870362887444636,-6.829038220095036e-06,8.676829233879467e-05,5.749300242912221e-07,-7.591010579112641e-07,1.3021320471421777e-05,2.553723406962541e-05,2.5399533896796306e-05,0.0001203538885905119,6.817587905511851e-05,-0.00016080093278944652,9.2265749989528e-06,7.44116763745762e-06,1.1655428278560097e-05,-1.164638928844432e-05,6.93143979157135e-05,2.9523150628185196e-05,4.5338578696295445e-05,3.327483710321949e-05,3.930683245323736e-05,7.955740643747196e-05,-1.2976845000093629e-06,-1.9196372454149522e-06,-9.209390506309558e-08,0.00019430083338783206,7.034834324038663e-06,4.8091339683408786e-05,6.94210419047705e-05,3.950454774777414e-06
XRLV,-2.439038814843775e-06,0.0001162253969276821,4.9676691415129635e-05,-1.4454844196179798e-05,7.46496277628397e-05,0.00010838202823619586,7.004253845429488e-06,4.096649509054432e-05,2.2182769051771957e-05,-4.446017618653967e-06,4.9127846013978524e-05,8.8734379021174e-05,-7.771190545278936e-06,7.455988707767218e-05,-5.570152299123892e-06,5.943688093242291e-05,3.3686113907078576e-05,-6.158088656232398e-05,-0.00016845875052312172,0.0003294855058792527,8.153951578671621e-06,-0.0006550551796983788,-3.1768575497557986e-05,0.0001322695598171835,-8.731489591991338e-06,3.7171024183565104e-05,7.325285543867563e-05,2.5399533896796306e-05,6.938682435780195e-05,0.00015541393999562566,6.606477883742067e-05,0.00018118086030370254,-3.577565617970998e-05,1.038172208824956e-05,6.833460713105313e-05,-2.651154922458545e-05,6.982649136148506e-05,6.296538324631621e-05,3.930147450191369e-05,8.8930013709529e-05,7.743444695485867e-05,0.0002144029732664565,-3.940861910439854e-06,-3.7697290806231284e-06,4.881182293358559e-05,0.0011609625661770436,1.5230402412301335e-05,0.00012388099607392968,0.00010038555550718297,7.671740541071852e-05
CTIB,-1.426489842535377e-06,0.0006431169723630471,0.00023356403074774622,-7.583317676099252e-05,0.00019111172507051642,0.0004970367429484632,1.8351121698457072e-05,-5.025197920832922e-05,9.58566641183412e-05,2.570860671507375e-06,0.00014159202165126106,0.0002766413622615089,-2.544139574843519e-06,0.00022469397811249954,-2.477439662209202e-06,0.0005126159824081579,4.617161385798998e-05,-8.033903663887843e-05,-0.0014694801606550735,0.00046488693727174857,4.763857067202098e-05,0.00040360244340422,-6.0425551680745925e-05,0.00046894306877929404,4.376097490620995e-06,0.00018873559259943633,0.00034887981123564194,0.0001203538885905119,0.00015541393999562566,0.0015059198908555285,0.0005301294474842868,-0.00033812084809992554,0.0004202351149792398,0.00011727259085281383,0.0003941310735963506,-7.616842161621996e-05,0.000491072848818413,0.00023870101514235044,-0.00023034748708935704,0.00023987819005878285,0.0002478130757647757,0.0008524699868378876,-1.2158952520006774e-05,-3.2846368955519105e-06,1.223701121636624e-05,3.665595316579896e-05,5.413364347029094e-05,0.0004365588168278598,0.0002547887284660753,0.0002550075863117435
DQ,-4.9998893141754436e-06,0.00036858457852476177,0.00047714280281671627,-1.1632163753994998e-05,1.7140300653383976e-05,0.00019382543358683813,4.719619312053421e-05,-6.600451480272679e-05,4.788331946981674e-05,2.1643004809979664e-06,4.011099897083937e-05,0.00018825452928314856,9.998784385054923e-06,0.0002842369094189966,8.034121734278016e-06,0.00012510749337159304,6.369065184770555e-06,-0.0002913560396431336,-0.000566978599473534,0.00036379809727745023,-9.260952450074493e-05,0.0005946080194118045,-4.3930139625663116e-06,8.936288012810712e-05,1.2940735357320961e-05,0.00033593701783713473,4.245559010976991e-05,6.817587905511851e-05,6.606477883742067e-05,0.0005301294474842868,0.0007578953325280408,-0.00019580051415235555,1.6641356275911485e-05,7.366810437226035e-05,0.0001685012122096566,-3.8838537350345735e-05,0.0002874796790707132,0.00018879011689484134,-0.000150726513638103,0.0001347673799037008,0.00016332335699652516,0.0006964943985234548,-1.631369576166692e-06,1.0218117057336717e-05,-3.668858669274348e-05,-0.0011264969186133213,9.819584133010669e-06,0.0001911958520409498,0.00032080001495414187,2.6652434104475028e-05
EYPT,6.198814328708015e-06,2.8296725092285657e-05,-0.0004740845213045662,-2.6532669288181408e-05,0.0006727419470403752,-0.00038310530309020084,0.00016606523497727634,0.00047591613587612323,-1.9956257442827425e-05,-2.1286100926440466e-05,0.00012648038800460357,0.000607025397253022,-2.6539600917723606e-05,-0.0005726878986753339,1.119072874970835e-05,-0.0002637983041594749,0.0001330522802756405,0.00026016851749346444,-0.0026526653822368106,-0.000851917281307788,-0.00021505056381201937,-0.01629863963329463,0.00017295982407201701,1.3460559899901661e-05,-9.576889559732499e-05,0.00026823641748713545,0.00041621466391892904,-0.00016080093278944652,0.00018118086030370254,-0.00033812084809992554,-0.00019580051415235555,0.008625686730269741,0.0001867905091505085,0.0006368064234137999,-0.00024175067090141523,2.5613656366051334e-05,9.540545201387304e-05,0.00017929665011105251,-0.000643912684450829,0.0004858275869717532,0.00019563761608594314,0.0003286735606935719,-1.064521697335274e-05,6.470602026998837e-06,0.00047889936807852564,0.000999286215769591,0.00031630758118076193,0.00010325205278921296,-3.543974847785427e-05,0.0008848335940970049
GEVO,5.509865578773617e-06,0.0001850773627904434,-5.234474434565414e-05,-2.76684724628146e-05,2.2608280073813602e-05,2.770430607320714e-05,2.1507903845273022e-05,-6.746796862001994e-05,2.6224302224251773e-06,7.138299410315407e-06,7.802944798797682e-06,2.333525402318181e-05,4.916709600893926e-06,-7.767832722988358e-05,6.486663623996828e-06,0.00019923960244880683,6.657165941700721e-06,0.0001526511183585166,-0.0003664660326257403,-0.0003585217788009056,2.1709414069863292e-05,0.0007037833773531157,9.760589489551984e-05,6.434788382468175e-05,-6.465358516973775e-06,2.428765043845312e-05,0.00011886092681847357,9.2265749989528e-06,-3.577565617970998e-05,0.0004202351149792398,1.6641356275911485e-05,0.0001867905091505085,0.0003891582564172463,0.00012740425999458748,8.208886788663111e-05,-1.3488612865737696e-06,0.00012415422991829446,-1.9864738100101067e-05,-0.00013324984341435365,-2.767999417894624e-06,-9.419103107508177e-08,6.533268726609475e-05,-8.37945576613408e-06,3.403589608010798e-06,-9.421654662278812e-05,-0.0017189981557187463,5.446826266133029e-05,3.0780140524632713e-06,-0.0001331685382087661,4.021717988760124e-05
KIM,-7.952807463454148e-07,4.176888117804974e-05,-1.3426377389323972e-05,-1.0604227811239201e-05,0.00013273950728445082,3.551575190445281e-05,1.7518923276852826e-05,-1.4660449778416506e-05,-1.300901401055824e-06,4.359296317709109e-07,1.990540265377103e-05,8.269650267795801e-05,2.4767414321662885e-06,-2.2424574722073193e-05,3.811921732161069e-06,0.00011060736680750926,5.320089613991847e-05,-6.037479400881486e-05,-0.00035518276473312725,-0.00022713281756751136,-4.912687989658074e-05,-0.0010098257942519632,7.699551062152436e-05,6.602650997767102e-05,-5.132216194007726e-06,4.873871749473606e-05,5.655059283183052e-06,7.44116763745762e-06,1.038172208824956e-05,0.00011727259085281383,7.366810437226035e-05,0.0006368064234137999,0.00012740425999458748,0.0001651100600905484,3.950734004877591e-05,-1.4732079371690888e-05,9.162129612661602e-05,2.508011251670359e-05,-4.535432388186565e-05,5.320209645909386e-05,4.660129143875637e-05,8.834100674630343e-05,-4.882476651554582e-06,2.903950506042456e-06,2.314380786500853e-05,-0.0011049227678681555,0.00010457319895335884,-1.3145199688625094e-05,0.00012394500315258784,2.2822525131964855e-05
