,AIG,ALB,APLT,ARD,BBAR,CE,CG,COMM,DBL,EBSB,EMB,EQR,ESXB,FET,FLBR,FPXE,FREQ,GVIP,HASI,HCSG,HPK,ICVT,KDP,KTB,MCEF,MOTI,PESI,PNR,RKDA,SAA,SAM,SEAS,SPXC,TGNA,TRND,USNA,VCTR,WBIY,WOMN,AFINP,BSMQ,FAD,FFHG,FOX,GOSS,GPX,ZIG,JHMH,MOTO,ENZL
AIG,0.002333101556083352,0.0006438560053770893,-0.000501612037249732,0.00013074179045451863,0.00034220332937733846,0.0008760363092656851,0.00043652579084386435,0.0013324972819025935,-0.00026406522837207257,0.0012876065759594086,-0.0003496387623026741,0.0005875854359296965,0.001237895415355247,0.0027321630044333358,8.463115891045212e-05,-0.00043420371224077626,0.00037543925318580005,4.152011123056861e-05,0.0007865297904964287,0.0005057127773904349,-0.0005609463203157973,-0.00023416276451781616,-0.0007615678261012259,-0.0001258255812418249,-0.00044934732209072796,-2.344468936998624e-06,-0.0005151579624452157,0.00045281181715835857,-0.0005091764756685909,0.0019131437231795687,-0.0007257116953995402,0.0013045734356352911,0.0009514785729774779,-0.0003577588787968153,-0.0005187162549728634,4.56737742015429e-05,-2.3178252238637476e-05,0.0011084334027391123,3.200932899820048e-05,-0.00030989323541268646,-0.0005684961820758815,4.452156431960369e-06,-0.0003479697626425094,1.8963682872567064e-05,0.000771881126177993,0.0016149026002148356,0.0003927800651074908,-0.0002668908381484114,0.00016464225530303566,-0.0027509412972093264
ALB,0.0006438560053770893,0.0010825246613683664,-1.3808040309077659e-05,-0.00018828939928768355,-0.00024584518571844644,7.54405688487799e-05,-6.317495091754779e-05,0.0006008970995063451,-0.0003178538237302191,0.00033133064757710616,-0.00020265380112874392,0.0004048920671769218,0.0007565908326362424,0.0017560510253894815,0.00011850939397955449,-0.0003576053184596535,0.00123781295616712,1.455559099335393e-05,0.0004021459026905825,0.0008954287237651971,-0.00032356159240824007,-5.107623378515044e-05,-0.00020652159126198903,-0.00044248243060509586,-0.00022622824067180004,-3.678846066275229e-05,4.1584392785954485e-05,0.00021214997066555183,0.0005388118865632765,0.0008704095187658191,-0.0004015361858555441,0.0005917629241292865,0.0006704478709210898,-0.00014233838414272383,-0.00020433744971612303,0.0004712504351479528,-8.403778305611506e-05,0.0003218503121156727,-4.6618468246578616e-05,-7.604035616708436e-05,-0.00022007541210129747,5.458380472355735e-05,-0.00011977695640964771,-4.742441827968273e-05,-0.00047434822286129515,0.0011175313589840464,4.230804673928734e-05,-9.132911979722016e-05,0.00010729872233172407,-0.000904286124233453
APLT,-0.000501612037249732,-1.3808040309077659e-05,0.0019870210763003504,0.0002140700659235131,0.0013134037809918312,-0.00014136201226791636,0.00012123001814365841,0.0003841016911342819,7.960879949411149e-05,-0.0004894638730168175,-1.887704174817325e-05,-1.8851947394188863e-05,-8.54780856913776e-05,0.002320761466712575,-0.0004553739713982472,-0.0003005136142019991,0.00021849578973442228,0.0001108420702553345,0.0003843925114362096,0.00015739432910297043,8.207207066704445e-05,8.743197662880339e-05,0.0004005936367012412,-7.21567949071148e-05,7.103581824933103e-05,4.2092506077329785e-05,-0.0008122451622678208,-0.0003067585348472889,0.0016625721207088125,0.00025248233223028457,-0.00021120743613844167,-0.00024029283796937726,0.00027363638148530776,0.00019905287595591478,2.7563315299102e-05,0.00020431404603429192,0.001031499914772248,-0.0001834196684961102,7.12125576579628e-05,0.0006863335120206057,-4.362064642955381e-05,0.00026899031873588945,-6.128860805006383e-06,0.00023185516430090716,0.0017346704448563284,0.00016285911034462228,-1.6901505057795485e-05,0.00021674196021619177,8.779023660194764e-05,9.215749513124286e-05
ARD,0.00013074179045451863,-0.00018828939928768355,0.0002140700659235131,0.00036298510490420535,0.0004482700491197378,0.0003615494104739768,0.00023204753007135105,0.0003674394424480423,5.837125744433523e-05,0.0003931417434060941,-6.62937998241883e-05,6.126115107285199e-05,-7.126662627358063e-05,0.0006057516816212415,0.00011239831374342721,-3.091386411133493e-06,-0.0008954640941997401,2.8201827901050887e-05,0.0003340345482925127,-0.00013154892524396794,-6.134965735729158e-05,-4.9218972336458584e-05,-3.067307090515135e-05,0.0008647009459348878,-8.070780967401503e-05,9.564241650939833e-05,-0.00014761710358742039,8.170512525870241e-05,-0.00023841155518126598,0.00043599795090542946,-4.392376504304861e-05,0.0002241827229078424,0.0001356383104793403,0.00027402477269577324,-9.682013831201614e-05,-0.00024023710501782682,0.00029176315403224405,0.00032860944964147943,4.013410965647527e-06,0.00011717857559796299,-0.00010594034602464934,1.4208683833955589e-06,-8.497119402081275e-05,0.0002127765999879536,0.0005994344140984767,-0.0010941671085465336,0.00014707368703141378,-0.00011045929576622826,0.00011615808025562705,-0.0003520599820147915
BBAR,0.00034220332937733846,-0.00024584518571844644,0.0013134037809918312,0.0004482700491197378,0.002143738853482973,9.295734606204558e-05,0.0004976985037342312,0.0009142566992717907,0.00012578145037255714,-0.0001206628422077741,-6.826885051577192e-05,0.00014961903689907543,-0.0002695727460560694,0.003287802742421485,-0.0004881631611998506,-0.00022395701733243908,-0.0009161433020929197,8.971406819533977e-05,-0.00011989193677037207,-0.0003123255612982065,-7.214700477922081e-05,2.237493802002814e-05,0.0001417863924454185,0.0002247124491578681,-8.687531069430211e-05,5.300541477292793e-05,-0.0007469426426057367,-0.00015313929104721538,0.001610514515959545,0.0002398173381566725,-0.00027104930599815725,-0.0006045043550835575,-0.0001418546941381241,0.0003026240869159214,-0.00010782116664731339,-0.0003543593415433114,0.0005757469807689279,8.715611615709196e-05,8.809459089693585e-05,0.0003353117020865474,-0.00018362939566251332,0.00016554904677434915,-0.00016740233744396907,0.00010515772049743246,0.0020286351286331883,-0.0001989541613008835,3.859566647227826e-05,9.481833492705018e-05,8.413876547533519e-05,-0.0007477171999915714
CE,0.0008760363092656851,7.54405688487799e-05,-0.00014136201226791636,0.0003615494104739768,9.295734606204558e-05,0.0009320598578220276,0.0003368194223541701,0.0009499305280610496,-0.00011641269597464685,0.0012368103989004297,-0.00024644546754987797,0.00035251031619352253,0.0005597279181210443,0.0005322372906108405,0.0003052837386517545,-8.939603800804469e-05,-0.0005405131238676933,4.324198825720409e-05,0.0008751199542344473,0.00043775879302139953,-0.0003561081634586673,-0.00022006809168241954,-0.00032645122881147195,0.0014256005315573205,-0.00034278323680720073,0.00013709227204821635,-0.0006114327945350408,0.00039784397572071277,-0.0010275022110525897,0.0014802844868374342,-0.00039080283915598644,0.0015029542868865086,0.0009387447736892566,0.00033828347894639284,-0.0003599411089365719,-0.00016360676305527254,0.0004981276839189297,0.0008668018989053353,-1.1341378625928215e-05,2.5868506983521425e-05,-0.0003842404076876521,5.728554093851175e-06,-0.00027364006349862207,0.0003427025447545265,0.0005981229701499121,-0.00011088824038729475,0.000375874650746081,-0.00026307955948437825,0.0002395782274371935,-0.0019364852776826897
CG,0.00043652579084386435,-6.317495091754779e-05,0.00012123001814365841,0.00023204753007135105,0.0004976985037342312,0.0003368194223541701,0.00028228000291937404,0.00044383287096804336,2.172886813133601e-05,0.0004937208155127305,-7.199650900883288e-05,0.00020243630170456884,0.00015183739350739962,0.0010827746991713036,1.798809986143797e-05,-9.448849572675672e-05,-0.0005743278199668854,2.935577617740343e-05,0.00026739274957348106,-3.2624583099008725e-05,-0.00011418740606423226,-6.570274992212353e-05,-8.582193893518109e-05,0.00046403541868650394,-0.0001170446209053926,0.0001199483866398295,-0.00019164452245992096,0.00011152024909548528,0.0002362218809573881,0.0005453676496019116,-0.00022395532321464555,0.0002246670815949851,0.00022254184760009868,0.0001654656384965367,-0.00013770063266512356,-0.00013629884844334428,0.00032818331626396425,0.00034248462184301826,2.356461438054106e-05,0.00019198083304349382,-0.00014596057454890036,2.234362524275498e-05,-0.00010688181307934763,4.135070623830815e-05,0.000525665622642943,-0.00021172148995451674,0.00014291327834872392,-8.326447328890852e-05,0.00011813380264121521,-0.0004919789496741677
COMM,0.0013324972819025935,0.0006008970995063451,0.0003841016911342819,0.0003674394424480423,0.0009142566992717907,0.0009499305280610496,0.00044383287096804336,0.0020936966715898136,-0.0002287709740733936,0.0011952388665679653,-0.00036418810089244597,0.0006836102367765687,0.0006609248255183641,0.0016604622393155857,-0.00016755461934618625,-0.0003889595148049773,0.0005308376267907587,0.00018316648812041723,0.000647585093773873,0.0007638889116578444,-0.0005461583622355789,-0.0001659060063699206,-0.00041857433966897785,0.001019253229244753,-0.0004390682307156311,4.552561337770709e-05,-0.0010263194310908598,0.0004109223742974305,0.0001411525336916156,0.0016845247745240735,-0.0007766995828543349,0.001799334172498225,0.0012152727543893974,0.0004902326553888979,-0.00045675159181364977,0.00031443470414856654,0.000445334712795749,0.0008418639501698358,2.197273381123721e-05,-9.101453939666602e-05,-0.0005297276085391688,0.00013037613451346065,-0.00043515425071570686,0.0004125131480045995,0.0009242609437432084,0.0010685790434534685,0.00030440512403143475,-0.0002728766931545329,0.00025639996300097815,-0.003036704690603975
DBL,-0.00026406522837207257,-0.0003178538237302191,7.960879949411149e-05,5.837125744433523e-05,0.00012578145037255714,-0.00011641269597464685,2.172886813133601e-05,-0.0002287709740733936,0.00013686854959549978,-0.00019265096219593935,9.947726629862106e-05,-0.00011639633909988172,-0.0002889412009424758,-0.0004239876762596782,-0.00010639988386954046,6.611454406490997e-05,-0.0003291211733674747,1.4185253651205072e-05,-0.00017519084218584134,-0.0003912688456572213,0.0001573624506540543,6.239086181403645e-05,9.811142989616555e-05,-8.750280319173064e-05,0.00013502898458519908,3.174830474869134e-05,0.00015869283897718554,-0.00011977465336930244,0.00020642714260551227,-0.0004075560449993131,0.00012113391158475856,-0.00040186121725954997,-0.00031084141848311336,1.760923629562576e-05,0.00011263465729424314,-2.909612399997344e-05,2.564278196949729e-05,-0.00017668789334801543,2.6171561961541043e-05,0.00011267190958167485,0.00012725655454671098,-9.18086008351126e-06,8.09976221367633e-05,-4.179015336789823e-05,6.215360861839532e-05,-0.0004829894280548008,-5.3176054832038656e-05,3.985221744822936e-05,-3.9638636797761985e-05,0.0007172276717375694
EBSB,0.0012876065759594086,0.00033133064757710616,-0.0004894638730168175,0.0003931417434060941,-0.0001206628422077741,0.0012368103989004297,0.0004937208155127305,0.0011952388665679653,-0.00019265096219593935,0.0019357503382970574,-0.00031991493614150126,0.0006768492783934133,0.0009698158486021277,0.0011061529550794957,0.0005182050628014187,-0.00019758289597751296,-0.0006685583966696729,4.208100565253576e-05,0.001229223399118805,0.0007058398627997535,-0.000513326871846716,-0.00030677901106832646,-0.0004542667417022039,0.0017522723723576504,-0.00048548852348585705,0.00030354494308237586,-0.0004648000111723204,0.0006237204766538783,-0.0008175065424257556,0.002121357690942466,-0.0006749673524087305,0.0019530811868254925,0.0013491477206343844,0.0004490777198115731,-0.0005035807122269777,-7.884921065691263e-05,0.0007289081139501392,0.0012383481601140555,-2.437948236211299e-05,0.0002461380767471368,-0.0005016569149139554,-1.0974664252063561e-05,-0.00034623251170590045,0.00024520977573454185,0.00021052536769921508,1.8959600996576865e-05,0.0005069602558851985,-0.00039452399298084087,0.0003854782084202474,-0.0021440715383842933
EMB,-0.0003496387623026741,-0.00020265380112874392,-1.887704174817325e-05,-6.62937998241883e-05,-6.826885051577192e-05,-0.00024644546754987797,-7.199650900883288e-05,-0.00036418810089244597,9.947726629862106e-05,-0.00031991493614150126,0.00011411871003821001,-0.00013091428277729115,-0.00026409113757266175,-0.0005980308309308682,-0.00010009989491768732,7.337820377618626e-05,-4.179010589666605e-05,-3.4444969882104956e-06,-0.0002792845907107329,-0.0002970491941699541,0.00016576188335772006,7.553923375622652e-05,0.00011702588105380527,-0.0003217730233603186,0.00014941640323568514,1.1642506229525443e-07,0.00024701358291164384,-0.0001327042536222278,0.0002643107011443585,-0.0005447789059258703,0.00014868089740067387,-0.0004765733489842899,-0.00034776109623016764,-5.3431348761508724e-05,0.00014180395650255912,3.94709401147374e-05,-9.393781225410471e-05,-0.00028052138484512034,1.426863044843294e-05,6.161115535857447e-05,0.000161313428239183,-1.533132539028103e-05,0.00010799891781530113,-0.00010853028357288544,-0.00022112114046297704,-0.0002024232469126207,-0.00010600890705724731,6.877397475210384e-05,-7.105668269788495e-05,0.0008437324396575556
EQR,0.0005875854359296965,0.0004048920671769218,-1.8851947394188863e-05,6.126115107285199e-05,0.00014961903689907543,0.00035251031619352253,0.00020243630170456884,0.0006836102367765687,-0.00011639633909988172,0.0006768492783934133,-0.00013091428277729115,0.0004144905661784885,0.0004706127761429801,0.0010785748298173714,3.35700786318021e-05,-0.0002221735084438876,0.00024317127746580845,5.188591521507622e-05,0.000360603343091396,0.0004116564007262117,-0.00023234476085952008,-7.880371350896269e-05,-0.00015628974049069444,0.00024752499516578506,-0.0001882447485844837,0.000122363721537679,-0.00014720379903132265,0.0002193271472482931,0.0005217714886740236,0.0008078323007698968,-0.0004266627069763034,0.0006416027084368477,0.0005734347589298144,0.0001600981960934953,-0.00019487484734607288,0.00022404928214688703,0.00029785255164314575,0.0003929428201257274,3.5027849692429754e-06,0.00018889039200386238,-0.0001970307713027642,4.542011576284412e-05,-0.00014327246336598128,-1.5517892773254217e-05,-3.637302942302176e-05,0.0005901421785231846,0.00013088191209721585,-0.00012273660762148833,0.00015651477898530255,-0.0007708512869416923
ESXB,0.001237895415355247,0.0007565908326362424,-8.54780856913776e-05,-7.126662627358063e-05,-0.0002695727460560694,0.0005597279181210443,0.00015183739350739962,0.0006609248255183641,-0.0002889412009424758,0.0009698158486021277,-0.00026409113757266175,0.0004706127761429801,0.0011738161515410554,0.0019989180073844578,0.00024112244295993623,-0.00037121005748013206,0.0007565646416624551,2.6219731506526294e-06,0.0009588674750670026,0.0008931601390277399,-0.00041222856761480715,-0.00019327825067508953,-0.00037689103842065676,-1.2320513484412234e-05,-0.00034243408141768235,7.271665012523648e-05,-0.0004074661981355437,0.00034631563820188406,-0.00013097451852225195,0.0016522155431869254,-0.0005976455626840636,0.001239929995768465,0.0010995412831248464,-0.00021738086567139748,-0.0003709981304761542,0.00025049635963461474,0.0003969167479159116,0.0007684241842922811,-1.0002256455639131e-05,0.00011199328090750139,-0.0003966553446498926,6.163270218445488e-05,-0.00020188878338454062,6.040498418127032e-06,0.00021408520671239198,0.0015258435523215139,0.00029180850151834016,-0.00014232798120197325,0.00019602028162603446,-0.0016483261220562304
FET,0.0027321630044333358,0.0017560510253894815,0.002320761466712575,0.0006057516816212415,0.003287802742421485,0.0005322372906108405,0.0010827746991713036,0.0016604622393155857,-0.0004239876762596782,0.0011061529550794957,-0.0005980308309308682,0.0010785748298173714,0.0019989180073844578,0.014081158194667652,0.00020191445489647417,-0.0013100670338947978,-0.0011492614373862804,-6.134418489883987e-05,0.001907597670913829,0.001187704922472269,-0.0008498252463695897,-0.00026417481516279896,-0.0002369662664283382,-0.0005434098814995532,-0.0007763136645240284,0.00032385232057386825,-0.0007394842955203119,0.00025652014349800123,0.0039004932755317833,0.003560892841837782,-0.0013596278422921178,-0.0006939766240045633,0.0012214010365920298,-0.0004080450871296401,-0.0008294122608364307,-0.0005606339831080589,0.0015975652130495498,0.0016607189300204858,5.096021986262376e-05,0.0011867314896947334,-0.0009685849716744507,0.0003467237705675984,-0.0004493893647852501,-0.00025670762641294697,0.003637859716959494,0.0006099094790900064,0.0005281070093843284,-2.116507605556185e-05,0.0005920397466342654,-0.0021728453277076428
FLBR,8.463115891045212e-05,0.00011850939397955449,-0.0004553739713982472,0.00011239831374342721,-0.0004881631611998506,0.0003052837386517545,1.798809986143797e-05,-0.00016755461934618625,-0.00010639988386954046,0.0005182050628014187,-0.00010009989491768732,3.35700786318021e-05,0.00024112244295993623,0.00020191445489647417,0.0005504744178670799,0.00010183337770757505,-0.00073190906095084,-9.557634145445552e-05,0.00047465996292996455,0.00028998689655880105,-0.00014602459217448569,-0.0001343163930810194,-8.696292794273063e-05,0.0008954343989404505,-0.000178262408250658,7.551114292205427e-05,0.00014193885614829376,0.00023051051904060218,-0.0010241639932805284,0.0005890460587573628,6.537022963245707e-05,0.00040585513732736443,0.0002713928714790963,9.702760695822998e-05,-0.00013799869940391566,-0.00036935428578013026,3.9989068493333116e-05,0.0004200744819383896,-7.196909336330698e-05,-5.2347371736402544e-05,-0.00012192568679614602,-8.527049007199076e-05,-5.6102839460244785e-05,0.0001008786193354711,-0.0002593392132426923,-0.0008930699222433252,0.00016636682603777124,-0.00013915253816489115,0.00011692541280029188,-0.0003561195454783607
FPXE,-0.00043420371224077626,-0.0003576053184596535,-0.0003005136142019991,-3.091386411133493e-06,-0.00022395701733243908,-8.939603800804469e-05,-9.448849572675672e-05,-0.0003889595148049773,6.611454406490997e-05,-0.00019758289597751296,7.337820377618626e-05,-0.0002221735084438876,-0.00037121005748013206,-0.0013100670338947978,0.00010183337770757505,0.00025741373689528157,-0.00046898143470013265,-5.024690136480779e-05,-0.000288712934545746,-0.0002282128501121108,0.00010496220270145251,2.0896496930578778e-06,8.58768090683532e-05,0.0003446811033627008,5.841059712471682e-05,-3.738651376490073e-05,7.854782147035179e-05,-3.6337573429277696e-05,-0.0006836649066815955,-0.0004979235610877874,0.0002914353337256868,-0.00019071185734033142,-0.00032430684701160566,8.708158534409562e-05,9.280853945986736e-05,-0.000289576939738462,-0.00021330832593508412,-0.00018220382155234173,-2.2713513939833427e-05,-0.00017605429930399422,0.00010520805928984318,-7.020571825659852e-05,4.791117163980191e-05,3.571101235846072e-05,-0.0002223102669350658,-0.0005568480810739039,-5.1953597746691475e-05,2.127224181560978e-05,-7.145111407052049e-05,0.00025792043518447333
FREQ,0.00037543925318580005,0.00123781295616712,0.00021849578973442228,-0.0008954640941997401,-0.0009161433020929197,-0.0005405131238676933,-0.0005743278199668854,0.0005308376267907587,-0.0003291211733674747,-0.0006685583966696729,-4.179010589666605e-05,0.00024317127746580845,0.0007565646416624551,-0.0011492614373862804,-0.00073190906095084,-0.00046898143470013265,0.004256770603708433,0.00015916211886374322,-0.00031107291513568806,0.0010203319108139644,-9.753854215682073e-05,0.00015355167623969852,-0.00018519554137321403,-0.0025270163944356694,0.00010112351154226308,-0.0003413678547571131,-0.00029117069518748044,-0.00011362080175182529,0.00112331147064141,-0.00015600725977089262,-0.0004681498399326432,0.000848902782391307,0.0006571015988120684,-0.0006364169521493413,6.688006376221608e-05,0.0016321509512686881,-0.00048377118455629985,-0.000568867464064138,3.293275932629993e-05,-0.0003522104731168864,3.139696479605351e-05,0.0001799149345148372,3.364556725427115e-05,-0.00019629457699031383,-0.001130869476147788,0.004339048569700023,-0.00029253908312334667,0.0001742605395511689,-0.00020762631036514163,-0.0007062613878838501
GVIP,4.152011123056861e-05,1.455559099335393e-05,0.0001108420702553345,2.8201827901050887e-05,8.971406819533977e-05,4.324198825720409e-05,2.935577617740343e-05,0.00018316648812041723,1.4185253651205072e-05,4.208100565253576e-05,-3.4444969882104956e-06,5.188591521507622e-05,2.6219731506526294e-06,-6.134418489883987e-05,-9.557634145445552e-05,-5.024690136480779e-05,0.00015916211886374322,4.023049494666472e-05,2.022478908676246e-05,-9.052054550407635e-06,-5.122654169457191e-07,1.7042450811685373e-05,-1.14455691702973e-05,-2.5376992059664566e-05,1.414520426463836e-05,1.0042628496680033e-05,-5.4819177385342897e-05,-6.036329851573449e-06,0.00018234230129823603,3.940090531719798e-05,-7.158855509902776e-05,0.00011310651569831704,7.1539181420756e-05,4.573270120458573e-05,-1.2795303037071155e-06,0.00013763704687476717,6.579648814967597e-05,1.616340017362906e-06,1.4606166471771576e-05,4.3793702924866763e-05,-3.8035076548651723e-06,2.3759794913435874e-05,-1.1960775329407512e-05,2.924043850126282e-05,5.3873613258406483e-05,0.00010280005832317178,1.3931863942428325e-06,-1.164673658779965e-05,1.1043212538666866e-05,-4.903349831489252e-05
HASI,0.0007865297904964287,0.0004021459026905825,0.0003843925114362096,0.0003340345482925127,-0.00011989193677037207,0.0008751199542344473,0.00026739274957348106,0.000647585093773873,-0.00017519084218584134,0.001229223399118805,-0.0002792845907107329,0.000360603343091396,0.0009588674750670026,0.001907597670913829,0.00047465996292996455,-0.000288712934545746,-0.00031107291513568806,2.022478908676246e-05,0.0015155142629172172,0.0007477046886600483,-0.0003477654738349078,-0.00022065356161168214,-0.00023615140696705607,0.0011706918686349575,-0.00033148380928272166,0.0002038282021265126,-0.0005112870308142563,0.00035214666994080087,-0.000653928877026247,0.0019782270144962444,-0.0004728252524001907,0.0014821847437317438,0.0012556875808108835,0.00013920947051252846,-0.0003804868958068487,1.3545789977067763e-05,0.0009281860842353607,0.0009994756803497554,-2.0745802013104944e-05,0.00040971186296647437,-0.0004044364511363751,7.266519979249781e-05,-0.00019918179407156506,0.00034031279694344895,0.0007933386898997776,-0.0002549029066036622,0.00043946652766001666,-0.00022280387990166402,0.0003272886405687527,-0.0013886201197581367
HCSG,0.0005057127773904349,0.0008954287237651971,0.00015739432910297043,-0.00013154892524396794,-0.0003123255612982065,0.00043775879302139953,-3.2624583099008725e-05,0.0007638889116578444,-0.0003912688456572213,0.0007058398627997535,-0.0002970491941699541,0.0004116564007262117,0.0008931601390277399,0.001187704922472269,0.00028998689655880105,-0.0002282128501121108,0.0010203319108139644,-9.052054550407635e-06,0.0007477046886600483,0.0013373831494533246,-0.00045778109398831104,-0.00019856586215666322,-0.00015676285858548918,0.000609856328269996,-0.0004067751059922785,-2.3321566671550425e-06,-0.000722191561916906,0.00035433221158426677,-0.00029947508731552656,0.0014042989720408107,-0.00047239367956651443,0.0014855905517017157,0.0012077325248611912,0.00015921215495460776,-0.00034264177195786946,0.00019698323949626198,0.00039225660109537747,0.0005277823191802554,-6.851424206154486e-05,-1.888754845869213e-05,-0.00038872796556864957,9.514752467231181e-05,-0.00025145655987283283,0.00020023233787504752,-1.0943884219153307e-05,0.0015453613273786703,0.0001945171484636318,-9.63403610364938e-05,0.00019336878824063303,-0.002098855282382038
HPK,-0.0005609463203157973,-0.00032356159240824007,8.207207066704445e-05,-6.134965735729158e-05,-7.214700477922081e-05,-0.0003561081634586673,-0.00011418740606423226,-0.0005461583622355789,0.0001573624506540543,-0.000513326871846716,0.00016576188335772006,-0.00023234476085952008,-0.00041222856761480715,-0.0008498252463695897,-0.00014602459217448569,0.00010496220270145251,-9.753854215682073e-05,-5.122654169457191e-07,-0.0003477654738349078,-0.00045778109398831104,0.00025934902025249605,0.00011766792092486792,0.0001857519808886569,-0.00043341957866604097,0.0002333976279433515,-9.038070225697711e-06,0.00033552033889938703,-0.00021788650702493254,0.0003146556115674959,-0.0007849484257333856,0.00024730647583260973,-0.0006995743616377531,-0.0005089139287728825,-8.210508808210881e-05,0.00021539871476935747,5.240849606833836e-05,-0.00010425355479054901,-0.00040800754479326047,2.1970464950020408e-05,9.712452380202293e-05,0.00023973201370675268,-1.5324747936890445e-05,0.00016614598322094908,-0.00010958486912514037,-0.00020113964317845632,-0.00046225863522216437,-0.00014810269522200095,0.00010445909770972602,-0.0001039733637264735,0.0012648006109089748
ICVT,-0.00023416276451781616,-5.107623378515044e-05,8.743197662880339e-05,-4.9218972336458584e-05,2.237493802002814e-05,-0.00022006809168241954,-6.570274992212353e-05,-0.0001659060063699206,6.239086181403645e-05,-0.00030677901106832646,7.553923375622652e-05,-7.880371350896269e-05,-0.00019327825067508953,-0.00026417481516279896,-0.0001343163930810194,2.0896496930578778e-06,0.00015355167623969852,1.7042450811685373e-05,-0.00022065356161168214,-0.00019856586215666322,0.00011766792092486792,7.982534930660496e-05,8.037497781516438e-05,-0.0003754576604928278,0.00012184406385307077,-2.282863705140835e-05,0.00019938299082483815,-0.00011927951422838667,0.0003619085613688818,-0.00041361997280219524,8.729657148127559e-05,-0.0003803671985918222,-0.00025513125777853953,-5.687882483309371e-05,0.00011069110479900738,0.00012801776264188746,-0.00010907748170308257,-0.0002316881540381436,1.344776274900659e-05,2.5209687504093703e-05,0.00012028871033089146,4.052660271782517e-06,7.938164056828042e-05,-6.697253261055002e-05,-0.00014713525320484387,-0.0001136322257765222,-0.00010023605662617466,5.2181512843194344e-05,-5.8137257509464425e-05,0.0006221672093109831
KDP,-0.0007615678261012259,-0.00020652159126198903,0.0004005936367012412,-3.067307090515135e-05,0.0001417863924454185,-0.00032645122881147195,-8.582193893518109e-05,-0.00041857433966897785,9.811142989616555e-05,-0.0004542667417022039,0.00011702588105380527,-0.00015628974049069444,-0.00037689103842065676,-0.0002369662664283382,-8.696292794273063e-05,8.58768090683532e-05,-0.00018519554137321403,-1.14455691702973e-05,-0.00023615140696705607,-0.00015676285858548918,0.0001857519808886569,8.037497781516438e-05,0.00030790655314937146,-4.4156005663249826e-05,0.00014310414658441785,3.308428055460633e-05,9.081865425685277e-05,-0.000183378481992406,0.000596535701804678,-0.0005759002753461244,0.00017164657050786514,-0.0005780056807392717,-0.00030433582993628027,0.0001234450497516966,0.0001627658654669063,-3.3264393092853216e-05,0.00017638020139898553,-0.0003758162836684437,3.3705701450973313e-06,0.0002528871517507661,0.00017260208796828822,3.458168320391205e-05,0.00011155429902241192,-5.066729472095651e-05,-1.0929795236157666e-05,-0.00040117726018908687,-0.00013018750057330997,0.00012772920819613707,-3.33411575557368e-05,0.000975607691287133
KTB,-0.0001258255812418249,-0.00044248243060509586,-7.21567949071148e-05,0.0008647009459348878,0.0002247124491578681,0.0014256005315573205,0.00046403541868650394,0.001019253229244753,-8.750280319173064e-05,0.0017522723723576504,-0.0003217730233603186,0.00024752499516578506,-1.2320513484412234e-05,-0.0005434098814995532,0.0008954343989404505,0.0003446811033627008,-0.0025270163944356694,-2.5376992059664566e-05,0.0011706918686349575,0.000609856328269996,-0.00043341957866604097,-0.0003754576604928278,-4.4156005663249826e-05,0.0041492270930311905,-0.0005463863294291324,0.00030004835941242986,-0.0009987926965632293,0.0006115175756231169,-0.002389149036045634,0.001728098850736105,-9.44855283402691e-05,0.002090644254221212,0.0011362481715170858,0.001308309052536819,-0.0004459659936019256,-0.0010160618832816802,0.0009915241317584793,0.0011365503970104914,-0.0001086896300389865,0.00011897673058992246,-0.0004702885951743457,-5.2520136341356227e-05,-0.00041070858209701997,0.0008451342432134727,0.0008593769067565628,-0.002517976278360926,0.0005447183881483444,-0.00040764082649698784,0.00043528839374258935,-0.0025459546473008948
MCEF,-0.00044934732209072796,-0.00022622824067180004,7.103581824933103e-05,-8.070780967401503e-05,-8.687531069430211e-05,-0.00034278323680720073,-0.0001170446209053926,-0.0004390682307156311,0.00013502898458519908,-0.00048548852348585705,0.00014941640323568514,-0.0001882447485844837,-0.00034243408141768235,-0.0007763136645240284,-0.000178262408250658,5.841059712471682e-05,0.00010112351154226308,1.414520426463836e-05,-0.00033148380928272166,-0.0004067751059922785,0.0002333976279433515,0.00012184406385307077,0.00014310414658441785,-0.0005463863294291324,0.0002242324918090653,-2.1605214534726824e-05,0.00033873590511878895,-0.00020377793442728445,0.0003782261229880832,-0.0007205669567919358,0.00019583652776750896,-0.0006208406502931712,-0.00045051885069044984,-0.00011272401265707805,0.0002001407116645816,0.00014731638731254067,-0.00014124314515696028,-0.0003846880674509035,2.437790331302888e-05,6.795428905158496e-05,0.00022249102317693247,-8.721264408989568e-06,0.00015450004265048732,-0.00011284236396210296,-0.00024616612997610673,-0.00028786121552548736,-0.0001481271179425507,9.161926872373758e-05,-0.00010316192367105438,0.0011600127666516833
MOTI,-2.344468936998624e-06,-3.678846066275229e-05,4.2092506077329785e-05,9.564241650939833e-05,5.300541477292793e-05,0.00013709227204821635,0.0001199483866398295,4.552561337770709e-05,3.174830474869134e-05,0.00030354494308237586,1.1642506229525443e-07,0.000122363721537679,7.271665012523648e-05,0.00032385232057386825,7.551114292205427e-05,-3.738651376490073e-05,-0.0003413678547571131,1.0042628496680033e-05,0.0002038282021265126,-2.3321566671550425e-06,-9.038070225697711e-06,-2.282863705140835e-05,3.308428055460633e-05,0.00030004835941242986,-2.1605214534726824e-05,0.00013218729798898806,6.725702592400343e-05,5.56193215213344e-05,0.000304812966174747,0.00023375578024767364,-0.0001105610581951123,7.680763580286394e-05,0.00013688714973917996,0.00014111098448762452,-3.170436965708674e-05,3.379787891450361e-06,0.0002987061911393416,0.00013585187237328986,6.052183949992956e-06,0.0002756386595556125,-1.5313201693552966e-05,9.367054139309733e-06,-7.1268363577018775e-06,-2.8511363482729923e-05,-7.81461338559552e-06,-0.00029608030120195855,6.361809518416029e-05,-4.2967773488956916e-05,8.969695515547713e-05,0.000234589741584409
PESI,-0.0005151579624452157,4.1584392785954485e-05,-0.0008122451622678208,-0.00014761710358742039,-0.0007469426426057367,-0.0006114327945350408,-0.00019164452245992096,-0.0010263194310908598,0.00015869283897718554,-0.0004648000111723204,0.00024701358291164384,-0.00014720379903132265,-0.0004074661981355437,-0.0007394842955203119,0.00014193885614829376,7.854782147035179e-05,-0.00029117069518748044,-5.4819177385342897e-05,-0.0005112870308142563,-0.000722191561916906,0.00033552033889938703,0.00019938299082483815,9.081865425685277e-05,-0.0009987926965632293,0.00033873590511878895,6.725702592400343e-05,0.0016286923389224803,-0.00016341976443673748,0.0006639297359595656,-0.0011425055946974873,0.00038048468153039033,-0.0014445437505787035,-0.0009581006321792636,-0.00029613677544198787,0.0003185438890454215,0.00021569683747221465,-0.0007009727054834724,-0.00041303138034880845,-2.2909040638680816e-05,5.260314737580828e-05,0.00042348150077498525,-0.00016275577610348117,0.00031954220882725147,-0.00044453437596160924,-0.0016308608454104043,-0.0016089925715389029,-0.00024528223857507337,-1.9988026107656427e-05,-0.00010948472954012465,0.002850262802278049
PNR,0.00045281181715835857,0.00021214997066555183,-0.0003067585348472889,8.170512525870241e-05,-0.00015313929104721538,0.00039784397572071277,0.00011152024909548528,0.0004109223742974305,-0.00011977465336930244,0.0006237204766538783,-0.0001327042536222278,0.0002193271472482931,0.00034631563820188406,0.00025652014349800123,0.00023051051904060218,-3.6337573429277696e-05,-0.00011362080175182529,-6.036329851573449e-06,0.00035214666994080087,0.00035433221158426677,-0.00021788650702493254,-0.00011927951422838667,-0.000183378481992406,0.0006115175756231169,-0.00020377793442728445,5.56193215213344e-05,-0.00016341976443673748,0.00024543284966404275,-0.0005042988860369101,0.0007051429285639087,-0.000193823734498642,0.000723207939303759,0.0004626726536405511,0.00013688883409710578,-0.0001875085182596218,-6.792763657681287e-05,9.070788606063443e-05,0.00041683000375271334,-2.8355570988240402e-05,-6.572851616391896e-05,-0.00019084813660977652,-2.1697270308111722e-05,-0.00013699153841425046,9.43373521838453e-05,-7.607971098466798e-05,0.00011868465870888928,0.000157973629431466,-0.00014126501131779044,0.00011314775944257645,-0.0009659034135947128
RKDA,-0.0005091764756685909,0.0005388118865632765,0.0016625721207088125,-0.00023841155518126598,0.001610514515959545,-0.0010275022110525897,0.0002362218809573881,0.0001411525336916156,0.00020642714260551227,-0.0008175065424257556,0.0002643107011443585,0.0005217714886740236,-0.00013097451852225195,0.0039004932755317833,-0.0010241639932805284,-0.0006836649066815955,0.00112331147064141,0.00018234230129823603,-0.000653928877026247,-0.00029947508731552656,0.0003146556115674959,0.0003619085613688818,0.000596535701804678,-0.002389149036045634,0.0003782261229880832,0.000304812966174747,0.0006639297359595656,-0.0005042988860369101,0.005803329789621689,-0.0008755307905898822,-0.0006221940511504763,-0.0020891049296443364,-0.0004803475441576625,1.3572109070529245e-07,0.00030542066637966644,0.0011192230776904998,0.0008252904722823677,-0.0008521059149603295,0.0001503230683037303,0.0014319118633403767,0.0003417672438511055,0.000298658306777432,0.00023924394300343536,-0.0008075663011833079,-2.8823830950864125e-05,0.0012920922555254863,-0.00042307712739334544,0.0003400727442643025,5.2425376649072825e-05,0.0031166980693819873
SAA,0.0019131437231795687,0.0008704095187658191,0.00025248233223028457,0.00043599795090542946,0.0002398173381566725,0.0014802844868374342,0.0005453676496019116,0.0016845247745240735,-0.0004075560449993131,0.002121357690942466,-0.0005447789059258703,0.0008078323007698968,0.0016522155431869254,0.003560892841837782,0.0005890460587573628,-0.0004979235610877874,-0.00015600725977089262,3.940090531719798e-05,0.0019782270144962444,0.0014042989720408107,-0.0007849484257333856,-0.00041361997280219524,-0.0005759002753461244,0.001728098850736105,-0.0007205669567919358,0.00023375578024767364,-0.0011425055946974873,0.0007051429285639087,-0.0008755307905898822,0.003263974416585342,-0.000971870455933451,0.0025692801324946075,0.0020575159055819326,0.00025957393045437964,-0.0007513150672830593,-6.735040914876016e-05,0.001125485217936341,0.0016725518204188804,-3.100725700316123e-05,0.0002824323715716142,-0.0008191969491347826,0.00011111053376056504,-0.0004965538277839192,0.0004506748218107922,0.0012794193453747659,0.0008517182760102891,0.0006833998427378338,-0.00038219812584173784,0.0004921928981722397,-0.00358915743526107
SAM,-0.0007257116953995402,-0.0004015361858555441,-0.00021120743613844167,-4.392376504304861e-05,-0.00027104930599815725,-0.00039080283915598644,-0.00022395532321464555,-0.0007766995828543349,0.00012113391158475856,-0.0006749673524087305,0.00014868089740067387,-0.0004266627069763034,-0.0005976455626840636,-0.0013596278422921178,6.537022963245707e-05,0.0002914353337256868,-0.0004681498399326432,-7.158855509902776e-05,-0.0004728252524001907,-0.00047239367956651443,0.00024730647583260973,8.729657148127559e-05,0.00017164657050786514,-9.44855283402691e-05,0.00019583652776750896,-0.0001105610581951123,0.00038048468153039033,-0.000193823734498642,-0.0006221940511504763,-0.000971870455933451,0.0005173243346889608,-0.0007776623592839367,-0.0007111726602465454,-8.95746858173192e-05,0.0002226859642774834,-0.00029383940144419863,-0.0004529221873405369,-0.0004197435053960116,-2.5458029241534794e-05,-0.000250833415148102,0.00024119078567400466,-8.986329265651838e-05,0.00016075816379814513,-5.232303375455413e-06,-0.0002950190253008082,-0.001055278849216527,-0.00015889602233370555,8.807862420514687e-05,-0.00015786429637930843,0.0010174915943581438
SEAS,0.0013045734356352911,0.0005917629241292865,-0.00024029283796937726,0.0002241827229078424,-0.0006045043550835575,0.0015029542868865086,0.0002246670815949851,0.001799334172498225,-0.00040186121725954997,0.0019530811868254925,-0.0004765733489842899,0.0006416027084368477,0.001239929995768465,-0.0006939766240045633,0.00040585513732736443,-0.00019071185734033142,0.000848902782391307,0.00011310651569831704,0.0014821847437317438,0.0014855905517017157,-0.0006995743616377531,-0.0003803671985918222,-0.0005780056807392717,0.002090644254221212,-0.0006208406502931712,7.680763580286394e-05,-0.0014445437505787035,0.000723207939303759,-0.0020891049296443364,0.0025692801324946075,-0.0007776623592839367,0.003478005808587611,0.0021324899855834924,0.0005296730740311315,-0.0006175913272281576,0.00028412182268663586,0.0007407670974352598,0.0012675390946459443,-4.8355469382152904e-05,-0.00019476406749453502,-0.0006795065637738781,7.416351434255902e-05,-0.0004975137276062857,0.0006841863385030079,0.0003813934578694306,0.0016078863981268629,0.0005607025306841151,-0.00039737992187414734,0.0003468357176779136,-0.004114528021666466
SPXC,0.0009514785729774779,0.0006704478709210898,0.00027363638148530776,0.0001356383104793403,-0.0001418546941381241,0.0009387447736892566,0.00022254184760009868,0.0012152727543893974,-0.00031084141848311336,0.0013491477206343844,-0.00034776109623016764,0.0005734347589298144,0.0010995412831248464,0.0012214010365920298,0.0002713928714790963,-0.00032430684701160566,0.0006571015988120684,7.1539181420756e-05,0.0012556875808108835,0.0012077325248611912,-0.0005089139287728825,-0.00025513125777853953,-0.00030433582993628027,0.0011362481715170858,-0.00045051885069044984,0.00013688714973917996,-0.0009581006321792636,0.0004626726536405511,-0.0004803475441576625,0.0020575159055819326,-0.0007111726602465454,0.0021324899855834924,0.001605773500902372,0.0002987565492946144,-0.00045774981111406277,0.00028573127738024844,0.0008520430925221232,0.0009251850344627309,-2.3028322967901958e-05,0.00022528153868495694,-0.0005034749617164658,0.00012151395352933607,-0.0003268749735700421,0.00034879690789941424,0.0004983787993015107,0.0013054018487034368,0.00039554226818836954,-0.0002198990276144613,0.0003140008145914087,-0.002495989061883728
TGNA,-0.0003577588787968153,-0.00014233838414272383,0.00019905287595591478,0.00027402477269577324,0.0003026240869159214,0.00033828347894639284,0.0001654656384965367,0.0004902326553888979,1.760923629562576e-05,0.0004490777198115731,-5.3431348761508724e-05,0.0001600981960934953,-0.00021738086567139748,-0.0004080450871296401,9.702760695822998e-05,8.708158534409562e-05,-0.0006364169521493413,4.573270120458573e-05,0.00013920947051252846,0.00015921215495460776,-8.210508808210881e-05,-5.687882483309371e-05,0.0001234450497516966,0.001308309052536819,-0.00011272401265707805,0.00014111098448762452,-0.00029613677544198787,0.00013688883409710578,1.3572109070529245e-07,0.00025957393045437964,-8.95746858173192e-05,0.0005296730740311315,0.0002987565492946144,0.000634071736177199,-7.176186941999874e-05,-0.00012678861872118943,0.00042601253342417834,0.00015393250063655916,-2.027117574420159e-05,0.00020357054637259913,-7.223426407579014e-05,2.5862182725808616e-05,-0.00011681830237815141,0.000234694339328511,0.00011029496090323731,-0.00074101158277946,8.264690115360497e-05,-0.00010020335457313717,0.00014668680417235795,-0.0004576901974140621
