,ARD,BDJ,BSMN,CHGG,CMP,DLY,DRUA,DWM,ESGRO,FLT,FXR,GNOG,GOVZ,INSG,JBT,JHSC,JPI,JPMB,KDNY,NUAN,PDCO,RBIN,RVSB,SMSI,SONY,SPNS,TOL,TSLA,TYO,UNTY,UPV,WORX,WTS,WUGI,AVNW,BBAR,CNQ,CVGW,DLHC,FTSI,GHM,IBDN,ICAD,JJS,KRBN,LUMN,PCSB,PODD,WMPN,JHMM
ARD,0.0003047393506590449,3.956888606847773e-05,1.8784240283375748e-06,0.00031052988290067486,-0.00032132777180611977,3.544719344441234e-05,3.381744173321653e-05,3.658175045874722e-05,-2.048138909441776e-05,5.899820502368077e-05,5.020490983705301e-05,0.00029382986706087206,-1.8215482590946237e-05,0.0002885967133956008,0.0003131937726381296,5.6977949847126476e-05,7.505499776414776e-05,-1.8834066504301455e-05,-0.00011214671740775926,3.0560250239345215e-05,-4.096093826851851e-05,6.449273397454045e-05,0.00019476568573663678,-0.00013940053146755847,0.00016560432254880298,-0.00014744553835264562,-6.019981208105407e-05,-1.4047505768254806e-05,2.142664311654218e-05,-2.589983074069536e-05,0.00012479504080763695,0.00017468827568332222,-0.00012837452639675122,7.551538230426868e-05,0.00016888912289854673,0.00023692719789438846,-5.3316441371942944e-05,-2.181445744736544e-05,-1.9198477262443336e-05,-2.689033095833422e-05,1.0381062625261797e-05,-4.972134525938288e-07,0.00022160256974508626,-4.4822918757833076e-05,4.772314211415951e-05,0.00024504527674345443,-1.1114340963935516e-05,0.0005027146936001344,3.994718976211224e-06,2.150497622160682e-05
BDJ,3.956888606847773e-05,0.0002927298020144796,1.8553408132340218e-06,0.0003083757416842504,6.325532839716323e-05,0.00012814710036882678,2.44845343350491e-05,0.00027974858422980187,6.37879532760565e-05,0.0004425793753946696,0.00033187442655842,0.00029026978482006593,-3.233450556734308e-05,0.00047201168645057037,0.0002410945823395307,0.00029965961101467047,0.00012482489611850294,5.9846368427053e-05,0.000569589848616276,0.00033896782064145753,0.0004261063382325556,0.0002444691640426549,0.00042277490550490446,5.168181516539748e-05,-5.169253741916972e-05,0.0002750494433498265,0.0002598208647216501,0.00047884896775836415,1.7297427884126308e-05,0.00019708532124932695,0.0006932859620669549,0.0004182916382095195,0.00011085564908199075,0.0003077642905674782,0.0005130854933099216,0.0006284032449347484,0.00027727124332869573,0.00021917268370842192,0.0003292028116417505,0.00011107370432970621,4.0470858424638885e-05,3.1438809934927403e-06,0.0005153863328454382,2.939943504130943e-05,0.0002848249861443952,0.0003866020542025148,0.00018176374298502953,0.0005682265159979875,-2.6370978912054817e-05,0.00034915533527752035
BSMN,1.8784240283375748e-06,1.8553408132340218e-06,1.8062772006037562e-07,1.239810724243622e-05,-5.169964811947439e-06,5.445359122012178e-07,9.865838836303127e-07,1.7887974804201513e-06,1.1039933090389907e-06,3.416937748932269e-06,5.088598900912194e-07,-2.8947333757592825e-06,4.464610780908904e-06,1.470650068101021e-06,9.782682955827588e-07,1.2917849359114044e-06,1.3680223850917553e-06,1.2679554644149534e-06,1.1226209939140439e-05,2.6844767869552966e-06,5.375021144864484e-08,1.9059282683025859e-06,-1.7713611387641596e-06,-2.5137830778790803e-06,-5.894723609540353e-07,4.475233432989717e-06,7.638626402876826e-06,2.7973915563291565e-06,-3.6140277453335635e-06,1.4117102383466034e-06,6.0397517623533715e-06,4.955092311339838e-06,2.1360887440053725e-08,4.855576323769881e-06,1.2487672605051017e-05,3.527811870281313e-06,-1.5810524273019491e-06,2.4089872553912067e-07,-1.5554573963448057e-06,-4.7160015726714435e-06,-3.7756299636579246e-07,1.944183093831329e-08,-1.442288476132024e-06,2.3760299641048487e-07,5.296311953331535e-07,1.0415741954360549e-06,-1.5097052864496206e-06,9.960421096253685e-06,1.4757504287304334e-06,2.7480246122461144e-06
CHGG,0.00031052988290067486,0.0003083757416842504,1.239810724243622e-05,0.0016345583969002444,-0.0004524149243208478,0.00011138976393530926,0.00010111554741361159,0.00024070019896867928,8.138443909245934e-05,0.0005325955382163246,0.0001972317822498215,0.0002970351167719319,0.00014453670556894828,0.00040922740981189955,0.0002361881871701377,0.0002108998575088821,0.00016720650412609033,7.766505922506472e-05,0.0008524031578810926,0.00023523172311591288,0.00014652476003315288,0.00017202017561233806,0.0002991851501496085,-0.00015886265329277197,-3.6765404287313253e-05,0.0004052572945251116,0.0005074257117604465,0.00010176951958559678,-0.00014832562409478493,-0.0001413950746783538,0.0007563797600308317,0.00011274772179178465,1.5075877467653486e-05,0.00032093661555776954,0.0007793045888758577,0.0006513116880975755,-3.665033035283064e-05,9.35955341112933e-05,-0.0004264898613358864,-0.00012504537847813065,6.702469314973081e-05,1.4769225563241448e-06,0.0002542872453186355,-0.00013032797261618072,0.0001461172781222966,0.0003243465701350496,-5.018711865421459e-05,0.0010203939012718819,1.4509876237984556e-05,0.0003895369706329555
CMP,-0.00032132777180611977,6.325532839716323e-05,-5.169964811947439e-06,-0.0004524149243208478,0.0005355417759635011,4.865729202233217e-05,-4.879567435489964e-05,7.14831392549785e-05,4.433932918384972e-05,0.0001920987470426643,0.000149152877328069,-9.005036187816679e-05,-0.00012401688372530633,-0.00021830467621151596,-7.902973275075472e-05,8.345943093989773e-05,-4.173651287215384e-05,5.646581081921501e-06,0.00011728199537197701,6.546702290533159e-05,0.0002245571381319037,2.1422627379111802e-05,5.576076018763987e-05,0.00011858180403276,-0.000159764638148976,0.00019850939796022747,6.552895473638775e-05,0.00012247389458207056,8.476348248467332e-05,0.0002047951023798066,9.560677473344033e-05,-0.0001802901080003438,0.00018489790732819543,-3.780866774105029e-05,-0.00024099989240911027,0.0002439875355767058,0.0002400321296354954,0.00017267764900674525,0.00045580456599128523,0.0002155677292546398,-6.221074651264261e-05,1.8415374596896209e-06,0.0001618432120056504,3.188287084351689e-05,0.0001205668683157088,-3.082487387213851e-05,0.00020755014166550992,-0.000532210201745889,-4.42600860231063e-05,9.94173741299407e-05
DLY,3.544719344441234e-05,0.00012814710036882678,5.445359122012178e-07,0.00011138976393530926,4.865729202233217e-05,0.00010794889447151852,3.447312301168466e-06,0.00010983765439852938,3.6919026744407595e-05,0.0001593743358145891,0.000144047929812095,0.000225262516966204,-1.397515933817076e-05,0.00016369585825092527,0.00014360982848753796,0.00012893472656182867,7.006410880688578e-05,3.27377096633978e-05,5.930258123278229e-05,0.00017486952398516631,0.00019834506737250094,0.00010902250602814654,0.00012339886356947636,-5.360018018675026e-05,-3.770232941323197e-06,0.00012595701609382888,8.561920475761854e-05,0.00019864104002158386,2.673504743195837e-06,0.000138854454673725,0.00026577066168142463,0.00012797358439997072,1.0328972233473477e-05,0.00022050843200318681,0.0003204449446544136,0.0003054104513644003,7.955907080115479e-05,0.00013651655579243396,0.00021639377823579859,-2.9325092346987036e-06,-0.0001283896142339272,1.2054004622534358e-06,0.00021605100607525167,-1.002379135979059e-05,0.00012200216207978684,0.00013505531355041399,1.9535495880035125e-05,0.00028901995880791523,4.511772747245137e-06,0.00016234501305675445
DRUA,3.381744173321653e-05,2.44845343350491e-05,9.865838836303127e-07,0.00010111554741361159,-4.879567435489964e-05,3.447312301168466e-06,1.5030398791056738e-05,2.7333669161133504e-05,8.816890674034206e-06,4.325450243463951e-05,1.2695396279601642e-05,1.146894659419186e-05,1.3139948138934427e-05,6.82719718388726e-05,-1.9911840028569207e-06,2.1464009432110254e-05,1.2796462021322504e-05,9.4922490931102e-06,8.173134922968004e-05,5.580134926940553e-05,3.872286576053721e-05,2.518797719408141e-05,4.47781053254718e-05,1.5522017890445508e-05,-1.4047099173609833e-05,3.3168672676427735e-05,5.296293299359063e-05,6.054235621536387e-06,-1.2842912397750622e-05,-2.8796830651362113e-05,8.195494388460788e-05,8.841640751878455e-05,-7.670958602143474e-06,3.32623277868671e-05,4.7778938670805874e-05,-3.112293434114691e-06,1.6452720370031046e-05,7.2752742472499974e-06,6.173047682722613e-05,1.6914563843143614e-05,2.1253180887649497e-06,1.0504802799896492e-06,5.732117717834247e-05,1.870272671389616e-06,6.278073487584685e-05,2.412491663476876e-05,-1.1976330751285184e-05,0.00012021172957062056,4.129262753212257e-06,2.5504747511934135e-05
DWM,3.658175045874722e-05,0.00027974858422980187,1.7887974804201513e-06,0.00024070019896867928,7.14831392549785e-05,0.00010983765439852938,2.7333669161133504e-05,0.00029021205149701843,7.105729547214562e-05,0.00048063080391309507,0.00033989125857072103,0.00021923737706077583,-3.437448782180424e-05,0.0004208306723883192,0.00024319094703749254,0.0003042540583918334,0.00012279845148775224,5.206356264261455e-05,0.0006921505905955337,0.00032455289770226846,0.00043120766567050143,0.00024927995531527495,0.00045363337936630047,7.392024992753831e-05,-7.317898621478635e-05,0.00027227293525716945,0.00025484208735177775,0.0004545488399789533,2.435508925523409e-05,0.00025708997779725615,0.0007069807897634042,0.00048038936490986785,0.00012218257524862237,0.0002633220638483713,0.00044517398888395144,0.000685227678813102,0.00031550564734460153,0.00023459303920506574,0.00042108958486431256,0.00017428919457719713,4.5872782023627594e-05,4.049694659997444e-06,0.0005386490222291252,5.20387932030024e-05,0.0003166159613305976,0.00041322095094950567,0.00023094043382185827,0.0005513288699731137,-1.8494285043974382e-05,0.0003231534329966419
ESGRO,-2.048138909441776e-05,6.37879532760565e-05,1.1039933090389907e-06,8.138443909245934e-05,4.433932918384972e-05,3.6919026744407595e-05,8.816890674034206e-06,7.105729547214562e-05,5.2237182511140215e-05,0.00016233622579704777,5.964752761863747e-05,5.3744506320813725e-05,3.453992321040933e-05,-2.6824860759239834e-05,-5.629930669158455e-05,6.162472829509641e-05,3.3619253434441196e-05,4.197293329754101e-05,0.0003265728775526486,0.0001205956768257835,0.00014110989714526917,6.11248394608144e-05,2.8418677013691583e-05,-1.6248808507450298e-05,-8.537612673547253e-05,0.0001492797346843585,0.00013630869545631856,3.917446605003944e-05,-3.276480108160745e-05,6.929889846159656e-05,0.00018245453404915245,6.86705904127917e-05,3.641280858882678e-05,0.00011511178239397673,7.875198980513973e-05,0.00010593117627257073,0.00010850489264677658,0.00010901416002830805,0.00016576511553294406,8.732849939435593e-05,-7.910228486292864e-05,2.1513255702017254e-06,6.138955285056203e-05,2.335025295689423e-05,0.00011091491175176487,2.3887147145388075e-05,3.015508439733029e-05,0.0001117759428245307,3.36367167781473e-05,9.197522575475305e-05
FLT,5.899820502368077e-05,0.0004425793753946696,3.416937748932269e-06,0.0005325955382163246,0.0001920987470426643,0.0001593743358145891,4.325450243463951e-05,0.00048063080391309507,0.00016233622579704777,0.0011800656348802455,0.0006132652863184758,0.0003551304300526208,-6.929140666229822e-05,0.00037469516020483993,0.0005435544086615833,0.0005126899655601882,0.00017010240902268323,8.71872223502154e-05,0.0015416368636816092,0.0004838462201503218,0.0005615788198067774,0.0004070816164488068,0.000715921908604449,-0.0001593690045518354,-9.511892703051804e-05,0.0004820701436557195,0.0007397415989432039,0.0004607997994993981,3.9543303239741915e-05,0.00038639041540197743,0.0012147196302405095,0.00035719053397581063,0.00026241242218339513,0.0003226863865485591,0.00025489749998857,0.0014613872071113177,0.0006609563732250423,0.0004073901381458107,0.0010105629147351537,0.0004806334884954629,0.0001916265457597091,6.05530247220753e-06,0.001027398249658041,5.649829370220585e-05,0.0005795792619856504,0.0007707130689528863,0.0006485644543391631,0.0004886327805008341,-7.543912089003037e-06,0.000579276568563054
FXR,5.020490983705301e-05,0.00033187442655842,5.088598900912194e-07,0.0001972317822498215,0.000149152877328069,0.000144047929812095,1.2695396279601642e-05,0.00033989125857072103,5.964752761863747e-05,0.0006132652863184758,0.0004666590861203544,0.00029605094386335435,-0.00011272471240129216,0.000492460500315604,0.000509458599013136,0.00038517019056857703,0.00013867396509014668,2.3272457921574933e-05,0.0006517471422858046,0.00030046012122731406,0.000436254202788085,0.00029162623098759474,0.0005964794767007664,1.0385094825973116e-05,8.896051241235987e-06,0.00023467637170197396,0.00025235607626891097,0.0005721520883332262,8.903872623259985e-05,0.0003889008831167368,0.0008054808214534737,0.00043923003066024483,0.00015900795691152858,0.0002452243493114079,0.00046999621886863066,0.001084834725231202,0.00036984453218911724,0.000264447519666007,0.000531605109618427,0.00018757399481093086,0.00011497610684167073,2.6266444690920088e-06,0.0007453834069307978,3.4478533406984324e-05,0.00031666256604646247,0.0006051672320431281,0.0003900611110677108,0.0005085870652868122,-5.799367461669275e-05,0.00038516587130982987
GNOG,0.00029382986706087206,0.00029026978482006593,-2.8947333757592825e-06,0.0002970351167719319,-9.005036187816679e-05,0.000225262516966204,1.146894659419186e-05,0.00021923737706077583,5.3744506320813725e-05,0.0003551304300526208,0.00029605094386335435,0.0011153859489451314,-0.00013712324474046068,0.0006508723610922094,0.00027923070624328157,0.0002791041342264371,0.00018911737070371258,9.055429678710546e-05,2.5556629760834898e-05,0.00041410202430570254,0.0004766162461167561,0.0002467692968884355,0.00046112875899881177,-0.00018295138032440456,9.934744289978138e-05,5.938714934074016e-05,2.15919315892846e-07,0.0002856479912977678,9.318918088465328e-05,-5.367455132974286e-05,0.000569675473704161,0.00014780163966695756,-7.303554235311387e-05,0.00048053558359059537,0.00027851860355298066,0.00040925005935156674,0.0002978369096545305,0.00027887676058742746,0.00018083723185353698,0.0002470190586268032,-0.00014037330283093059,1.264342855887014e-06,0.000596070403985602,-4.949571527605958e-05,0.0002848968697350572,0.00041435609497506866,4.6208519906155354e-05,0.0007892853184816587,-1.5760488772394446e-06,0.00037190664019351243
GOVZ,-1.8215482590946237e-05,-3.233450556734308e-05,4.464610780908904e-06,0.00014453670556894828,-0.00012401688372530633,-1.397515933817076e-05,1.3139948138934427e-05,-3.437448782180424e-05,3.453992321040933e-05,-6.929140666229822e-05,-0.00011272471240129216,-0.00013712324474046068,0.00019008289863893098,-0.00012390913059801375,-0.00020153920053990896,-6.016468319271486e-05,4.881146852248009e-06,6.090678537478386e-05,0.00024350678269645823,5.0377573212791945e-05,-5.239384315812587e-05,-3.756199065392271e-06,-0.00027944099175037995,-8.419064790934056e-05,-5.308621993169649e-05,0.00010215876435064218,0.00018691857901012224,-8.29447246952173e-06,-0.00015017573920601392,-2.7250780748815505e-05,-3.678157946218884e-05,4.966802389465524e-05,-2.2425861090202654e-05,0.00014856102995812432,0.00025264978147066024,-0.0002805026550748949,-8.565058016885277e-05,-2.346689224801752e-05,-0.00013378345786182027,-0.00016946024368386112,-7.774044626471417e-05,1.375183329060147e-07,-0.000296913644496034,3.682932693636648e-05,-6.434411118894301e-05,-0.00017779212051222004,-0.00014843794047954945,0.0001064221038219249,8.445474661864568e-05,-2.2267960628852192e-06
INSG,0.0002885967133956008,0.00047201168645057037,1.470650068101021e-06,0.00040922740981189955,-0.00021830467621151596,0.00016369585825092527,6.82719718388726e-05,0.0004208306723883192,-2.6824860759239834e-05,0.00037469516020483993,0.000492460500315604,0.0006508723610922094,-0.00012390913059801375,0.0015451105363695284,0.0005792069648970333,0.0004884285404919551,0.00019367409352789503,5.606692852172135e-05,0.00013696156413720365,0.0006489360933049728,0.0006422453066421543,0.00043211836949305106,0.0008971950124458043,0.0002375000473336416,0.0001761222282658051,9.498407795204134e-05,0.00023608825772312967,0.0010083237836123764,9.517811273356841e-05,-5.3159649223354334e-05,0.0010767495081883917,0.001142754033107415,1.7320545246292408e-05,0.0005197513140866118,0.0009986597076393484,0.0005215943095439353,0.00031649470547613954,8.964882105983917e-05,0.0004934536973962087,-1.6660277159425713e-05,0.00034704427814323996,3.3439529005053508e-06,0.0010900880681113017,4.073161669387904e-05,0.0005005818818429845,0.0007502816809508325,0.00013721808468147503,0.001323415419202041,-0.00013688418725298345,0.0005078674690764589
JBT,0.0003131937726381296,0.0002410945823395307,9.782682955827588e-07,0.0002361881871701377,-7.902973275075472e-05,0.00014360982848753796,-1.9911840028569207e-06,0.00024319094703749254,-5.629930669158455e-05,0.0005435544086615833,0.000509458599013136,0.00027923070624328157,-0.00020153920053990896,0.0005792069648970333,0.001304238957890464,0.0003662498319440242,0.00012449223230174379,-0.00011484728072139214,-0.00011791433385456149,-6.367078361257849e-06,-5.029336519752597e-05,0.0002495537466714782,0.00063971809914256,-0.0003437663287874714,0.00044825149576414847,-0.0001986125860867355,0.00011904700114051733,0.0005453213387225261,0.00017736246027995537,0.0005239425704130264,0.0005637317191521103,0.00023889713612772407,2.8865066338613133e-05,6.471626847151261e-05,0.0005596830200814552,0.0016964384824065093,8.306091638800688e-05,3.954514873549057e-05,0.000512946784082397,-0.000149067088361922,0.00029441093866906006,-4.933374175105897e-06,0.000945738713367787,-7.680698679151873e-05,6.928238567788587e-05,0.000922405892241144,0.0005433917551741315,0.00043459245674254697,-0.0001267939346341106,0.00026285647826213113
JHSC,5.6977949847126476e-05,0.00029965961101467047,1.2917849359114044e-06,0.0002108998575088821,8.345943093989773e-05,0.00012893472656182867,2.1464009432110254e-05,0.0003042540583918334,6.162472829509641e-05,0.0005126899655601882,0.00038517019056857703,0.0002791041342264371,-6.016468319271486e-05,0.0004884285404919551,0.0003662498319440242,0.0003358429631952886,0.00013012546507410768,4.3986113728713806e-05,0.0006099231893294325,0.00033263701295066625,0.00042577450766045216,0.00027179012627734616,0.0004957137601356168,2.7513178863102025e-05,-1.6019059481303794e-05,0.00023743377523582494,0.00026248289465739263,0.0005182777420818422,4.56269969198698e-05,0.0002883664880749258,0.0007375589484358991,0.00047563766934744417,0.00012091400116481586,0.0002839286183832771,0.00048518110649738936,0.0008060816020396389,0.00032484661044669666,0.0002330511625230408,0.00048359397806832245,0.00015003055951404688,7.361553051493353e-05,3.195257071728964e-06,0.0006290094940667058,4.3812011125787323e-05,0.0003158826670814614,0.0004881594096267851,0.0002771818747520498,0.0005554251778017997,-3.2951253259102556e-05,0.00035127558548050085
JPI,7.505499776414776e-05,0.00012482489611850294,1.3680223850917553e-06,0.00016720650412609033,-4.173651287215384e-05,7.006410880688578e-05,1.2796462021322504e-05,0.00012279845148775224,3.3619253434441196e-05,0.00017010240902268323,0.00013867396509014668,0.00018911737070371258,4.881146852248009e-06,0.00019367409352789503,0.00012449223230174379,0.00013012546507410768,8.287282646808023e-05,2.8375375740050732e-05,0.00027365401127279836,0.00013150297513427829,0.00018956677180059572,0.00011303656057330397,0.00018267556371404678,-8.427878050553323e-06,-1.3612217730380915e-05,0.00010257961743785285,4.4683379993757264e-05,0.00020635878244518015,-1.5794220862354251e-06,0.000153818060341311,0.0002988380178001664,0.00023036766445317793,1.7263517931207912e-05,0.0001699383151673404,0.00031295696149883235,0.0003301475401738224,9.712778063251328e-05,0.00012419760053903546,5.351449457147123e-05,3.610942809784509e-05,-5.0847435774443484e-05,1.3309178791394962e-06,0.0001796047342459983,1.5006506134062574e-05,9.605544543354807e-05,0.0001917455974198532,4.8674892652662225e-05,0.00039219087517820405,1.1363460842525417e-05,0.00013926658050140438
JPMB,-1.8834066504301455e-05,5.9846368427053e-05,1.2679554644149534e-06,7.766505922506472e-05,5.646581081921501e-06,3.27377096633978e-05,9.4922490931102e-06,5.206356264261455e-05,4.197293329754101e-05,8.71872223502154e-05,2.3272457921574933e-05,9.055429678710546e-05,6.090678537478386e-05,5.606692852172135e-05,-0.00011484728072139214,4.3986113728713806e-05,2.8375375740050732e-05,5.834734284818879e-05,0.00023827312539768472,0.00015644903924066846,0.00013682054662898278,5.999074057786074e-05,-2.5801723522381485e-05,-1.4019578841296566e-05,-6.701269042676158e-05,0.0001312520829306397,0.0001543170958816847,7.566113259252343e-05,-5.498041633465333e-05,-2.6280777915830015e-05,0.00015280380398412374,8.829729336057785e-05,1.6436872023963472e-05,0.00016520233054913373,0.0001307035756664595,-8.588937125293961e-05,8.137833060768909e-05,6.920759869173493e-05,9.812445667493853e-05,2.5839264970670687e-05,-5.473496924117054e-05,1.6079958425805713e-06,1.1507427533210727e-05,2.7560651533771677e-05,9.113763524008692e-05,-2.7474511358144798e-05,-3.513303944771086e-05,0.00014010539996325882,3.611064210214716e-05,9.719035942920551e-05
KDNY,-0.00011214671740775926,0.000569589848616276,1.1226209939140439e-05,0.0008524031578810926,0.00011728199537197701,5.930258123278229e-05,8.173134922968004e-05,0.0006921505905955337,0.0003265728775526486,0.0015416368636816092,0.0006517471422858046,2.5556629760834898e-05,0.00024350678269645823,0.00013696156413720365,-0.00011791433385456149,0.0006099231893294325,0.00027365401127279836,0.00023827312539768472,0.0036771978388116027,0.0005991181843674381,0.0009479401778880649,0.0005339846403959399,0.0007374154027744132,0.0001144195192333898,-0.0005673591463868312,0.0009972085242004325,0.00102312352807419,0.0006900433877294483,-0.0001776270066584918,0.0006957331216874064,0.0017475951024900707,0.0009047153909259126,0.0005092388127132686,0.0004500585421929517,0.00055465860391978,0.0015225445590533956,0.0010183087721807589,0.0006753475073183501,0.00046426900361376647,0.0007861087004653952,0.0002622290972224039,1.2449238780423903e-05,0.0005944958526385103,0.0002967893838612593,0.0006268650231062703,0.0007777400028025112,0.0007615102030641367,0.0009539453380236604,0.00015780482700769317,0.0007230356242299223
NUAN,3.0560250239345215e-05,0.00033896782064145753,2.6844767869552966e-06,0.00023523172311591288,6.546702290533159e-05,0.00017486952398516631,5.580134926940553e-05,0.00032455289770226846,0.0001205956768257835,0.0004838462201503218,0.00030046012122731406,0.00041410202430570254,5.0377573212791945e-05,0.0006489360933049728,-6.367078361257849e-06,0.00033263701295066625,0.00013150297513427829,0.00015644903924066846,0.0005991181843674381,0.0007240769667252319,0.0006585842373304147,0.00033926710166851603,0.0003385210443465807,6.155429830630185e-05,-0.0001439155268819708,0.00042579901897071615,0.000556937904304168,0.0004957810954723063,-6.842792951377265e-05,-1.7158567925010575e-05,0.0008580717028826259,0.0006837099294094461,5.5932744532108673e-05,0.0006031798094281168,0.0005785097131561893,0.00011182674674261388,0.00039904106050202786,0.00027330923242288417,0.000967814137338149,0.00017586432054586223,-0.00011498429608036455,8.18369782501523e-06,0.0006572766897239464,7.91127657712678e-05,0.0006058519568603932,0.0002264335415271321,2.4632645191235552e-05,0.0007577555911695939,3.2558963363458615e-05,0.0004461837023454257
PDCO,-4.096093826851851e-05,0.0004261063382325556,5.375021144864484e-08,0.00014652476003315288,0.0002245571381319037,0.00019834506737250094,3.872286576053721e-05,0.00043120766567050143,0.00014110989714526917,0.0005615788198067774,0.000436254202788085,0.0004766162461167561,-5.239384315812587e-05,0.0006422453066421543,-5.029336519752597e-05,0.00042577450766045216,0.00018956677180059572,0.00013682054662898278,0.0009479401778880649,0.0006585842373304147,0.000905089800825814,0.0003688428973609208,0.0006207088499423264,0.0003030607126006763,-0.0002879000064644149,0.0005258812643309836,0.0002632765993863238,0.0006652510961161209,2.676542011994883e-05,0.00028131512885217765,0.001030530482621852,0.0008356440013944722,0.00016355141010200122,0.0005271280962886283,0.0006229460310724296,0.0005171993797500399,0.000546099278884678,0.0004581323138603379,0.0006986155439819304,0.0003936132179722545,-0.00016623926505570402,9.838741809688954e-06,0.0006964144171058646,0.00011380581115936854,0.0005997141879829236,0.00037906475756409845,0.00013905177646508877,0.0009049164874872392,1.977339464089864e-06,0.00048507200341291564
RBIN,6.449273397454045e-05,0.0002444691640426549,1.9059282683025859e-06,0.00017202017561233806,2.1422627379111802e-05,0.00010902250602814654,2.518797719408141e-05,0.00024927995531527495,6.11248394608144e-05,0.0004070816164488068,0.00029162623098759474,0.0002467692968884355,-3.756199065392271e-06,0.00043211836949305106,0.0002495537466714782,0.00027179012627734616,0.00011303656057330397,5.999074057786074e-05,0.0005339846403959399,0.00033926710166851603,0.0003688428973609208,0.00024183123635721093,0.0003547544943637901,-1.477807842414924e-06,-1.746564410280561e-05,0.00020927691628414325,0.00027865547511351753,0.00043428387412093524,8.92838564845695e-07,0.00020054110472069185,0.0006211806449441386,0.0004635117114799788,7.547919566379124e-05,0.00030824187388855,0.00045762193722449155,0.000534747483989151,0.00026957674510993707,0.00018921446601791802,0.0004670270395690187,0.00010093645118307285,3.188982853056288e-05,3.242626733094459e-06,0.0004954363975007237,5.33861987827225e-05,0.00029328533881028696,0.0003645870836777486,0.00018018948510980403,0.0005333461885412824,-1.4361658150674186e-06,0.00029719938475172565
RVSB,0.00019476568573663678,0.00042277490550490446,-1.7713611387641596e-06,0.0002991851501496085,5.576076018763987e-05,0.00012339886356947636,4.47781053254718e-05,0.00045363337936630047,2.8418677013691583e-05,0.000715921908604449,0.0005964794767007664,0.00046112875899881177,-0.00027944099175037995,0.0008971950124458043,0.00063971809914256,0.0004957137601356168,0.00018267556371404678,-2.5801723522381485e-05,0.0007374154027744132,0.0003385210443465807,0.0006207088499423264,0.0003547544943637901,0.001099501035452324,0.0002719107897526896,6.346936291863007e-06,0.00016097719617216356,3.342957553251279e-05,0.0006426163845350008,0.00022892274743620101,0.00034430990513654585,0.0010588686338284567,0.0007911805847352039,0.00016022602187519485,0.00011098799408196148,0.0003371260579201875,0.0012995450820516906,0.0005089063744066907,0.0002911876273765378,0.0005524785311981026,0.0004548325692439159,0.0002756623171282178,5.436759347926356e-06,0.0011365126475174924,3.346767108776262e-05,0.0005021930981311893,0.0008944796160971997,0.0004986507962390877,0.0008700592307774995,-0.000141087652288601,0.00040604307777456915
SMSI,-0.00013940053146755847,5.168181516539748e-05,-2.5137830778790803e-06,-0.00015886265329277197,0.00011858180403276,-5.360018018675026e-05,1.5522017890445508e-05,7.392024992753831e-05,-1.6248808507450298e-05,-0.0001593690045518354,1.0385094825973116e-05,-0.00018295138032440456,-8.419064790934056e-05,0.0002375000473336416,-0.0003437663287874714,2.7513178863102025e-05,-8.427878050553323e-06,-1.4019578841296566e-05,0.0001144195192333898,6.155429830630185e-05,0.0003030607126006763,-1.477807842414924e-06,0.0002719107897526896,0.0005494079039463321,-0.0002260156907829624,0.00010876515317217876,-0.00026747018478490294,0.00017364969002639218,7.109909655926833e-05,-2.5152469085085112e-05,0.00011762654125906649,0.0004577610134920225,8.039723213801364e-05,-0.0001220367059005646,-2.3177168913991247e-06,-0.0002872890891710137,9.474657277102552e-05,4.010870732450534e-05,-0.00012957285549069998,0.0001833957960150084,4.1557549401581767e-05,4.81071579395728e-06,2.7572144711332953e-05,6.541973860936584e-05,0.00013439694111234802,-6.011055524257511e-05,-8.18752631260529e-05,0.00017368943520843587,-6.935310073839209e-05,-3.5389442272009654e-05
SONY,0.00016560432254880298,-5.169253741916972e-05,-5.894723609540353e-07,-3.6765404287313253e-05,-0.000159764638148976,-3.770232941323197e-06,-1.4047099173609833e-05,-7.317898621478635e-05,-8.537612673547253e-05,-9.511892703051804e-05,8.896051241235987e-06,9.934744289978138e-05,-5.308621993169649e-05,0.0001761222282658051,0.00044825149576414847,-1.6019059481303794e-05,-1.3612217730380915e-05,-6.701269042676158e-05,-0.0005673591463868312,-0.0001439155268819708,-0.0002879000064644149,-1.746564410280561e-05,6.346936291863007e-06,-0.0002260156907829624,0.0003074306500556854,-0.000311490203140926,-7.264405454522938e-05,3.704760251214442e-05,5.279478859984426e-05,-3.4575167978911956e-05,-0.00016718737443611702,-0.00012684791631153557,-9.407958920567515e-05,-6.274399887411445e-05,3.9235984094964345e-05,0.0001898981734544844,-0.00016142771574653052,-0.00017468853486938003,-6.583234479114072e-05,-0.00022791810444238413,0.00017345194353216633,-5.553713422724733e-06,0.00011881990763751295,-6.039152250631329e-05,-0.00016566394890629377,0.0001773320406489598,6.62430077703881e-05,-5.1775576583264055e-05,-4.758498853852751e-05,-5.541069120107768e-05
SPNS,-0.00014744553835264562,0.0002750494433498265,4.475233432989717e-06,0.0004052572945251116,0.00019850939796022747,0.00012595701609382888,3.3168672676427735e-05,0.00027227293525716945,0.0001492797346843585,0.0004820701436557195,0.00023467637170197396,5.938714934074016e-05,0.00010215876435064218,9.498407795204134e-05,-0.0001986125860867355,0.00023743377523582494,0.00010257961743785285,0.0001312520829306397,0.0009972085242004325,0.00042579901897071615,0.0005258812643309836,0.00020927691628414325,0.00016097719617216356,0.00010876515317217876,-0.000311490203140926,0.0005770142948454198,0.00046843519518537726,0.00032231928791812917,-0.00010650692355076362,0.00019138211744462494,0.000693914873416354,0.0003244993230743245,0.00017547281168074885,0.00038480085371986604,0.0004993324519628191,0.0003388439785343538,0.00030727859727639617,0.0003205980361932772,0.0003996586986816761,0.00016532700655077254,-0.00017460616016589045,6.8321739120409615e-06,0.00022629971535461843,6.15272069756666e-05,0.00035154564442607005,7.312476673204598e-05,5.4915432103544045e-05,0.0004267865001014227,5.246455866155766e-05,0.0003635777633993537
TOL,-6.019981208105407e-05,0.0002598208647216501,7.638626402876826e-06,0.0005074257117604465,6.552895473638775e-05,8.561920475761854e-05,5.296293299359063e-05,0.00025484208735177775,0.00013630869545631856,0.0007397415989432039,0.00025235607626891097,2.15919315892846e-07,0.00018691857901012224,0.00023608825772312967,0.00011904700114051733,0.00026248289465739263,4.4683379993757264e-05,0.0001543170958816847,0.00102312352807419,0.000556937904304168,0.0002632765993863238,0.00027865547511351753,3.342957553251279e-05,-0.00026747018478490294,-7.264405454522938e-05,0.00046843519518537726,0.0010633288037984296,0.00028272973523387526,-0.000183874505330758,-8.799551251437239e-05,0.0007689377443041234,0.00018814229043804626,0.00014859761538471314,0.0004548882743518596,0.0003536007486447506,0.0002973806256698131,0.0003429352457771541,0.00011995265852477973,0.0010005005621446794,2.909018918670062e-05,0.00015843017329909438,4.295751241401612e-06,0.0005046293489609178,5.709249225311239e-05,0.0004525577645434679,0.0001864559871781587,0.00023537278402689389,0.0001672204805293714,6.177174940643855e-05,0.0004482116882720368
TSLA,-1.4047505768254806e-05,0.00047884896775836415,2.7973915563291565e-06,0.00010176951958559678,0.00012247389458207056,0.00019864104002158386,6.054235621536387e-06,0.0004545488399789533,3.917446605003944e-05,0.0004607997994993981,0.0005721520883332262,0.0002856479912977678,-8.29447246952173e-06,0.0010083237836123764,0.0005453213387225261,0.0005182777420818422,0.00020635878244518015,7.566113259252343e-05,0.0006900433877294483,0.0004957810954723063,0.0006652510961161209,0.00043428387412093524,0.0006426163845350008,0.00017364969002639218,3.704760251214442e-05,0.00032231928791812917,0.00028272973523387526,0.0012700863863162068,2.1984252219672273e-05,0.0005643631699428428,0.0010688655130287358,0.0010242146748618405,0.00020626123453185415,0.0005658160582626797,0.001349315646199975,0.001055972487847831,0.00035322132973592354,0.0002706919970408633,0.00032548424068843594,-0.00014451251010604978,0.0001877028596126892,1.5163245771803177e-06,0.0007329150758430468,0.0001261268897316808,0.00026072059831860515,0.0007049408089555216,0.0002952091406672306,0.0010054131938312737,-7.179423385458951e-05,0.0005457160888368564
TYO,2.142664311654218e-05,1.7297427884126308e-05,-3.6140277453335635e-06,-0.00014832562409478493,8.476348248467332e-05,2.673504743195837e-06,-1.2842912397750622e-05,2.435508925523409e-05,-3.276480108160745e-05,3.9543303239741915e-05,8.903872623259985e-05,9.318918088465328e-05,-0.00015017573920601392,9.517811273356841e-05,0.00017736246027995537,4.56269969198698e-05,-1.5794220862354251e-06,-5.498041633465333e-05,-0.0001776270066584918,-6.842792951377265e-05,2.676542011994883e-05,8.92838564845695e-07,0.00022892274743620101,7.109909655926833e-05,5.279478859984426e-05,-0.00010650692355076362,-0.000183874505330758,2.1984252219672273e-05,0.00012368846081873178,5.517303997034167e-05,1.4382470989767273e-05,-1.5341699112436366e-05,1.768738126506961e-05,-0.00013641685513415342,-0.00019313478231786421,0.0002506843010248852,6.368118520246804e-05,1.3736987179174833e-05,6.131861119887818e-05,0.00012990919234776737,7.6161695676347e-05,-4.2236941649385175e-07,0.00021814304764232532,-2.0819960262090796e-05,2.510311687274923e-05,0.00016081591014759395,0.00013136749809292245,-7.583045916076538e-05,-6.616228717121549e-05,-1.4767633606284072e-05
UNTY,-2.589983074069536e-05,0.00019708532124932695,1.4117102383466034e-06,-0.0001413950746783538,0.0002047951023798066,0.000138854454673725,-2.8796830651362113e-05,0.00025708997779725615,6.929889846159656e-05,0.00038639041540197743,0.0003889008831167368,-5.367455132974286e-05,-2.7250780748815505e-05,-5.3159649223354334e-05,0.0005239425704130264,0.0002883664880749258,0.000153818060341311,-2.6280777915830015e-05,0.0006957331216874064,-1.7158567925010575e-05,0.00028131512885217765,0.00020054110472069185,0.00034430990513654585,-2.5152469085085112e-05,-3.4575167978911956e-05,0.00019138211744462494,-8.799551251437239e-05,0.0005643631699428428,5.517303997034167e-05,0.0009666244977143308,0.0004938193248193441,0.0004426550810320581,0.0001591080836449749,0.0001476098670272191,0.0007246222159136593,0.0014174837003770985,0.00018909247789903772,0.0003465636403425968,0.00019945553830120748,2.406584120525342e-05,-0.0001805897437833328,9.592827804581928e-07,0.0002802613879235861,8.251844787876611e-05,1.0324871256983161e-05,0.0005141835321435334,0.00036180845157384405,0.0004326598787083463,1.8350696954440692e-05,0.00018075186900169693
UPV,0.00012479504080763695,0.0006932859620669549,6.0397517623533715e-06,0.0007563797600308317,9.560677473344033e-05,0.00026577066168142463,8.195494388460788e-05,0.0007069807897634042,0.00018245453404915245,0.0012147196302405095,0.0008054808214534737,0.000569675473704161,-3.678157946218884e-05,0.0010767495081883917,0.0005637317191521103,0.0007375589484358991,0.0002988380178001664,0.00015280380398412374,0.0017475951024900707,0.0008580717028826259,0.001030530482621852,0.0006211806449441386,0.0010588686338284567,0.00011762654125906649,-0.00016718737443611702,0.000693914873416354,0.0007689377443041234,0.0010688655130287358,1.4382470989767273e-05,0.0004938193248193441,0.0017675735200317528,0.0011465838321517681,0.00027922005575042197,0.0007039380701146396,0.0011038167808414582,0.0015514164949737082,0.0007615616308147733,0.0005393400446135414,0.0010551607502342565,0.0003937134047278388,0.00014608298624830252,9.974911240768053e-06,0.00131908852718699,0.00011648442186489304,0.0008071535169631498,0.000980324830594734,0.0005264630716259196,0.0013947078128315794,-3.0228083446666134e-05,0.0008258402374017031
WORX,0.00017468827568332222,0.0004182916382095195,4.955092311339838e-06,0.00011274772179178465,-0.0001802901080003438,0.00012797358439997072,8.841640751878455e-05,0.00048038936490986785,6.86705904127917e-05,0.00035719053397581063,0.00043923003066024483,0.00014780163966695756,4.966802389465524e-05,0.001142754033107415,0.00023889713612772407,0.00047563766934744417,0.00023036766445317793,8.829729336057785e-05,0.0009047153909259126,0.0006837099294094461,0.0008356440013944722,0.0004635117114799788,0.0007911805847352039,0.0004577610134920225,-0.00012684791631153557,0.0003244993230743245,0.00018814229043804626,0.0010242146748618405,-1.5341699112436366e-05,0.0004426550810320581,0.0011465838321517681,0.0017184709625251739,6.074471674269093e-05,0.0005534561051479442,0.0012383537376021072,0.0005428074102194144,0.00039387503574674624,0.0002858400169904179,0.0007688368119097261,0.00010819521117599899,9.149388180089172e-06,1.060077618241809e-05,0.0008181131324394382,0.00020642230645556513,0.0006224642062972295,0.000613572892218555,8.466464462671042e-05,0.0015799294699889886,-4.200426366258732e-06,0.00038291491754613986
WTS,-0.00012837452639675122,0.00011085564908199075,2.1360887440053725e-08,1.5075877467653486e-05,0.00018489790732819543,1.0328972233473477e-05,-7.670958602143474e-06,0.00012218257524862237,3.641280858882678e-05,0.00026241242218339513,0.00015900795691152858,-7.303554235311387e-05,-2.2425861090202654e-05,1.7320545246292408e-05,2.8865066338613133e-05,0.00012091400116481586,1.7263517931207912e-05,1.6436872023963472e-05,0.0005092388127132686,5.5932744532108673e-05,0.00016355141010200122,7.547919566379124e-05,0.00016022602187519485,8.039723213801364e-05,-9.407958920567515e-05,0.00017547281168074885,0.00014859761538471314,0.00020626123453185415,1.768738126506961e-05,0.0001591080836449749,0.00027922005575042197,6.074471674269093e-05,0.00015246314922158575,3.8888347527857524e-06,4.830253409616954e-05,0.0003617706162621477,0.00018945768637331978,0.00010510280513236746,8.629535675064737e-05,0.00012030599421550518,0.00011573180164812239,1.0049436408065029e-06,0.00014757189723807164,4.1752837529418203e-05,6.966641805616494e-05,0.00014638134286581138,0.00020447613959108745,-6.273325463419372e-05,-2.3373240959418066e-05,0.0001391394523908213
WUGI,7.551538230426868e-05,0.0003077642905674782,4.855576323769881e-06,0.00032093661555776954,-3.780866774105029e-05,0.00022050843200318681,3.32623277868671e-05,0.0002633220638483713,0.00011511178239397673,0.0003226863865485591,0.0002452243493114079,0.00048053558359059537,0.00014856102995812432,0.0005197513140866118,6.471626847151261e-05,0.0002839286183832771,0.0001699383151673404,0.00016520233054913373,0.0004500585421929517,0.0006031798094281168,0.0005271280962886283,0.00030824187388855,0.00011098799408196148,-0.0001220367059005646,-6.274399887411445e-05,0.00038480085371986604,0.0004548882743518596,0.0005658160582626797,-0.00013641685513415342,0.0001476098670272191,0.0007039380701146396,0.0005534561051479442,3.8888347527857524e-06,0.0007234190242375242,0.0009605166254859466,0.0002097052994368539,0.00021017232553338956,0.0002735323576566987,0.0005138743306308848,-9.962044438807899e-05,-0.00025715262429542874,4.268378449982673e-06,0.00034697086510472624,5.6028864770047495e-05,0.00034176817498095003,0.0001768550564476535,-9.385998546994172e-05,0.0008814317566719658,8.222426745168109e-05,0.00042648629526336693
AVNW,0.00016888912289854673,0.0005130854933099216,1.2487672605051017e-05,0.0007793045888758577,-0.00024099989240911027,0.0003204449446544136,4.7778938670805874e-05,0.00044517398888395144,7.875198980513973e-05,0.00025489749998857,0.00046999621886863066,0.00027851860355298066,0.00025264978147066024,0.0009986597076393484,0.0005596830200814552,0.00048518110649738936,0.00031295696149883235,0.0001307035756664595,0.00055465860391978,0.0005785097131561893,0.0006229460310724296,0.00045762193722449155,0.0003371260579201875,-2.3177168913991247e-06,3.9235984094964345e-05,0.0004993324519628191,0.0003536007486447506,0.001349315646199975,-0.00019313478231786421,0.0007246222159136593,0.0011038167808414582,0.0012383537376021072,4.830253409616954e-05,0.0009605166254859466,0.0023864535368910925,0.00106134625968107,-2.8444961767053125e-05,0.00030552418770204564,-3.631096298087244e-05,-0.0006562890359738385,-0.0002490949354588219,1.4877692724198993e-06,0.0003784541897402712,6.388355435129181e-05,0.00013859832156183142,0.0005487262420923396,-0.00013684675918906685,0.0017979930470705943,3.8512528812496416e-05,0.0005877825443873029
