,ADIL,ALC,AVUS,BLES,BTN,CAKE,CDR,CEVA,CRBN,CRS,CSIQ,DHS,DJP,DLB,ECC,ERF,FXN,FXZ,GKOS,GNTX,GOOD,HAIL,IG,LBRDA,NIQ,NOAH,PASG,PFX,PRPL,PSN,QRFT,SAVA,SIFY,SSNT,WTBA,ADES,AFMD,BSMM,EPIX,FTXL,HDLB,ITUB,MGV,MOHO,PTH,SMLP,VERU,CACC,MGA,III
ADIL,0.00360788757835797,0.001382912402006889,0.0024330315087977687,0.0022672051249725705,0.0013733785078109755,0.0019004098139859568,0.0033219314758030872,0.002980037125634946,0.0022255641447177176,0.004354028399758258,0.0032454949465756874,0.0023604534220469124,0.0012073870349523206,0.002957256150999711,0.0025324237962886373,0.0068925832294510665,0.004878832403299237,0.002582699266390115,0.001131094132443435,0.002098368921682857,0.0035914728985819563,0.002385680611851772,0.0005309413430927679,0.0018309998709616863,0.0009553397926561878,0.0023590584137158418,0.001114562988208597,0.0039863674178711745,0.001276418873132998,0.0019206309536772756,0.0020222789849771473,0.005584645325175196,0.002532207339172416,0.00019554075789076627,0.0014456426477596862,0.0027427721987886493,0.00274293377398465,0.00013311677617745317,0.0003158285359240918,0.0029917510271647275,0.005203409831323031,0.0036597857805090424,0.0025077393188238377,-0.0018737065971043173,0.0020587903437644978,0.011793650631365601,0.002493008308346385,0.002381627558058894,0.002748004347063341,0.0021575008233808593
ALC,0.001382912402006889,0.0013326569336906114,0.0019991209284937056,0.00171336416144864,0.00029753301119168934,0.0024668416148311374,0.0022031732392775055,0.0025257260428709284,0.0017841748062212635,0.003536836991454821,0.0015966418836563178,0.0018707326111092333,0.0007790491913859442,0.0024211424283348917,0.0021149418661563957,0.004314705655137284,0.0030142739840103147,0.002009294162079353,0.0008905424570169116,0.0017329715571622478,0.0029634602708045886,0.0018076769661332312,0.00048583184495509595,0.001360904725668755,0.0007393973859609667,0.001763989514513842,0.00033191504614476787,0.0026891171690444017,0.0017797538103030218,0.0014462212690571265,0.0017443661275393235,0.005121809528482408,0.0023859904452152017,-0.0002742396811305207,0.0015552984678922344,0.0020247945987688083,0.0020830774600449505,0.00011987965261809404,0.0006288603238238829,0.002226495678383192,0.003520425960020102,0.0028895290136165407,0.0020581985559695237,0.00020659598705654786,0.001703006067980661,0.01036218118899742,0.0020003617745610503,0.0015436238777461423,0.001973496017547595,0.0017046472550892862
AVUS,0.0024330315087977687,0.0019991209284937056,0.0035943691386003287,0.003146010005235984,0.0004768673789091681,0.004220242012725317,0.0038917907686323574,0.00449791382555166,0.0032360812193310603,0.005896367962541697,0.0029390735124803155,0.0033665352139602505,0.0013000162797107044,0.004146969621501262,0.0034809236377103536,0.007281023719229097,0.005551982963533798,0.003608475875901227,0.0023401875845736986,0.0033046809248419556,0.004963011000836134,0.0032793363816771017,0.0006793649908186234,0.0024914785393207197,0.0010919618372764982,0.003012103167226106,0.0015364067173057104,0.004505384133777461,0.002638476881377303,0.002516160111884916,0.0031396844194774153,0.008239004792846545,0.0035906478865880835,-0.00034650482005032005,0.002823293195912827,0.003810525348406009,0.003490269024990289,0.0001569440176467998,0.0015280850641904862,0.004047550043889711,0.006601053817266856,0.005065924565205701,0.0037102362405806535,0.0009813426654508449,0.0030205780744116894,0.017050811822140008,0.003566838596006782,0.0024684041674850753,0.0034882591421532055,0.0031603634374557012
BLES,0.0022672051249725705,0.00171336416144864,0.003146010005235984,0.0028990553754457524,0.0006334690219980603,0.003661636326322619,0.003519714752782325,0.004074675861038231,0.002904451555902614,0.005050983876390945,0.002837008197789099,0.0029966733178440233,0.001261004959046059,0.0036166891659920957,0.003203541556348119,0.006324404791748297,0.004985232469711161,0.0032502379271426305,0.0022875208462157033,0.0028955881217232523,0.004328511632658861,0.003012941801955795,0.0005790632308106389,0.002291585145676624,0.0009882327795268547,0.002501224818246926,0.0017133752798009344,0.004301059002217253,0.002099174049557089,0.0023044526099221725,0.002763723911906313,0.006982802324931043,0.0031045881014550632,-1.510078119149676e-05,0.002573916191279604,0.0034853671320157686,0.0031622171951848493,0.00013151047219569318,0.0012129021787728059,0.003600134526751005,0.006415120766680868,0.004419914854103596,0.003226975321568145,0.0010453877158448498,0.002689030324166573,0.013365159526727389,0.0030662608116678097,0.002352893789268722,0.0031716389837601056,0.002932567297698104
BTN,0.0013733785078109755,0.00029753301119168934,0.0004768673789091681,0.0006334690219980603,0.0018386641721645578,0.000919777908039943,0.0013662890893082437,0.0009147345389804374,0.0004729888217718444,0.0007643993205409766,0.0007298788793675552,0.0005798271319169206,0.00021552553372348993,0.0006355807487470612,0.0012090767585781856,0.000562952639666336,0.00027596325144800527,0.0005783824417606979,-0.0005333971280791921,0.00030050069380741954,0.0009487561508107123,0.0006021049358155129,0.0003485054306729901,0.0004404775022990584,0.000644483358338022,0.00034142026817531376,0.000611341833191488,0.0008489734341878702,0.0005179705777326383,0.0007088813925778983,0.00032443918105174086,0.0003446110147452136,0.001613279421109651,0.00046682729401131,-1.589049118469118e-05,0.00020512627407876354,0.0008493634445346201,0.0001227996666483832,-0.0009312610416270231,0.0007670226459157306,0.001951599465143116,0.000789052795622142,0.0005087813638693651,-0.0003179427268647053,0.00031316362093013634,0.0012010657873042637,0.0010612434908734017,0.0015255614384410427,0.0006285147498638447,-9.069646704875808e-05
CAKE,0.0019004098139859568,0.0024668416148311374,0.004220242012725317,0.003661636326322619,0.000919777908039943,0.006191713391726513,0.004491079115129128,0.005441757049250029,0.003755608866725683,0.006848882767052947,0.002523605287448766,0.003954979722006762,0.0012261980551328381,0.004871850267178503,0.004530088640093404,0.007081016038576594,0.00534631246418094,0.004183726363941061,0.0022619276426505963,0.0038424519673138135,0.006010816403497919,0.0037396268634085185,0.0010207538895198672,0.00289055401341098,0.0014343637669294957,0.0032504671619303202,0.0015421543094041336,0.004676439142560425,0.004124811526253993,0.003040685406990287,0.00368169923797462,0.009512088151476611,0.005260686459038943,-0.0006242739186226921,0.0034757071007398242,0.0038848170558728403,0.004124438285003991,0.00024449239668643746,0.0017032149297436247,0.00465483447134589,0.007364819719998528,0.005907826533622788,0.00437765962689936,0.0029461244308912307,0.0034252205310985203,0.020493081087175034,0.004621458491987336,0.00317168435804794,0.0038203189789400615,0.0032940666374378235
CDR,0.0033219314758030872,0.0022031732392775055,0.0038917907686323574,0.003519714752782325,0.0013662890893082437,0.004491079115129128,0.0052471584046526265,0.005214834467895742,0.0035399009196830904,0.006304346590399711,0.0034116126916509137,0.0038004984590624,0.0015005817843891562,0.004412272730732556,0.004070234179547358,0.007267318084137241,0.0052896407718333325,0.0038888651112666383,0.0012820780708932727,0.0033933637438501967,0.0056120270525796935,0.003614238041002148,0.0009146731954300401,0.0025207193484978793,0.0016839596127672437,0.0032578606358114872,0.00217418811104125,0.005881231393322841,0.003207207536438781,0.0031077725184517693,0.0034290509254583344,0.009074799387364925,0.004333978957409591,0.00028478723264757123,0.002937233767040239,0.004530379309934455,0.004016966917012699,0.00026278553682483293,0.0009123354614211779,0.004453718253386804,0.00877647689965201,0.005109005212274135,0.0040321482163809584,0.00015756903241924395,0.0034900466513043396,0.015456133145528935,0.004181887984583495,0.003015696015902646,0.004001863956629093,0.002930622379619522
CEVA,0.002980037125634946,0.0025257260428709284,0.00449791382555166,0.004074675861038231,0.0009147345389804374,0.005441757049250029,0.005214834467895742,0.006266750311992862,0.004145208438906431,0.007378340242538225,0.0036991986561377907,0.004273984521943291,0.001690493449394779,0.005242730165216719,0.004608018067475594,0.0083104016100396,0.006475277743152373,0.004504307353746676,0.0028048687298204773,0.004136278587898038,0.006345171772099574,0.004245529183105168,0.0009242624915521685,0.002907054901332144,0.001773852704997658,0.003567427088602253,0.0024897575722225506,0.006053981985135031,0.003021246393642377,0.0033634929708041762,0.003905918665656824,0.01058410998420761,0.004671510219097501,-0.00012729795119867246,0.0034581651982070506,0.005072617020151487,0.00434711398506273,0.00025912121327263053,0.0010589098843516134,0.005126776766220754,0.009234935080550824,0.006447670901536353,0.004617517715666077,0.0022254364884477557,0.003744159979547695,0.020560088085295677,0.004456817090243015,0.0034539761467272216,0.004600373649443154,0.0038039620927568935
CRBN,0.0022255641447177176,0.0017841748062212635,0.0032360812193310603,0.002904451555902614,0.0004729888217718444,0.003755608866725683,0.0035399009196830904,0.004145208438906431,0.002955076489711917,0.0052510888499425,0.0027767610004695645,0.00305254191848765,0.001243136112761744,0.003732180137289483,0.0031962366804551357,0.006500259098241903,0.005064106371228786,0.0032908795930076816,0.0022791676811693903,0.0029847395104208555,0.004449728692071724,0.0030306497028374448,0.00059115911516227,0.00228105716475702,0.0010039016814606555,0.002649919972804045,0.0015765756070800405,0.004232389478574519,0.00221119773835837,0.0023012347483691376,0.002838118894909428,0.007356373830232244,0.0031634068552902003,-0.0001672943922861352,0.0025918494849062777,0.0035465161424571025,0.003177761105066632,0.00013733292200196186,0.0012980893550404804,0.0036720850463960127,0.006274192832694174,0.004569955755850998,0.0033271212274925323,0.000997469338994051,0.0027457340963523915,0.014594330786282354,0.003144343103630872,0.0022984199224430654,0.003210303718839753,0.0029481334664909166
CRS,0.004354028399758258,0.003536836991454821,0.005896367962541697,0.005050983876390945,0.0007643993205409766,0.006848882767052947,0.006304346590399711,0.007378340242538225,0.0052510888499425,0.010643358808548425,0.00513587239677072,0.005465364401085612,0.002125689685045392,0.00702712358847902,0.005575028233495851,0.014089867704658228,0.009916904431507735,0.005885379635695031,0.003141994160289919,0.005298217967366911,0.008582368017415489,0.005266742309923137,0.0012995576613866165,0.0039917928573039475,0.0019107424672107523,0.004900573174220637,0.0018213005435971635,0.008154897640340712,0.004538734420390551,0.004446397664267313,0.0049877834511392345,0.014544412014262199,0.006121546288183298,-0.0011388393795966549,0.004556966032507558,0.005944419264686553,0.005783152535718785,0.0002880607468618086,0.0020774469239683174,0.006549747398479841,0.009977974251674942,0.008535245576046742,0.006074467425345823,0.002189689475576212,0.004699494225550496,0.03219225838852047,0.005876299866008974,0.004097823911339092,0.005957325788753625,0.005229585169553726
CSIQ,0.0032454949465756874,0.0015966418836563178,0.0029390735124803155,0.002837008197789099,0.0007298788793675552,0.002523605287448766,0.0034116126916509137,0.0036991986561377907,0.0027767610004695645,0.00513587239677072,0.0037993525527025753,0.0028221720676203112,0.0015082769762197424,0.003465121369606733,0.0028035507630044107,0.008144819774355647,0.006105857021874148,0.003180862517286266,0.00234998206975761,0.00265962887173778,0.004089100023989064,0.002990623643753151,0.00046068886057107003,0.002349314456459361,0.0008459035794648373,0.0023788087474561808,0.0017776367189231196,0.005139946860869511,0.001125503847203769,0.002389298038322559,0.0025103507342972694,0.006570499218056569,0.002311786962167232,0.0001227980082941891,0.002348015147690523,0.0035104368492654544,0.0031338470181589313,8.035353401274953e-05,0.0009154365380181483,0.003456904304191805,0.006404416990683311,0.004214424262476944,0.0029783711901239353,9.052638227828254e-05,0.0024969672312139812,0.012533576346472106,0.0025941003404713076,0.002301622462929379,0.0033727875164153024,0.003245427264941297
DHS,0.0023604534220469124,0.0018707326111092333,0.0033665352139602505,0.0029966733178440233,0.0005798271319169206,0.003954979722006762,0.0038004984590624,0.004273984521943291,0.00305254191848765,0.005465364401085612,0.0028221720676203112,0.0031888570387874236,0.0012574743640794118,0.0038613890980405013,0.0033486427888116607,0.006700125732117626,0.005123620038105521,0.0034044387998807273,0.002089128790734794,0.0030683508914414355,0.004682941896266991,0.003107283932822572,0.0006609456886881215,0.002343843259598404,0.0010787944836330064,0.0027809902613575685,0.0015740681340951253,0.0044537513295751915,0.0025581174665334702,0.0024188710542916007,0.002958703631672743,0.007721775478130924,0.0034284238329544627,-0.00015154684214256208,0.002696944937245501,0.00366839973458261,0.003338885499466305,0.00015576288836124193,0.0013815170404530299,0.0038064720782583755,0.006555142396483866,0.004672996288325047,0.003472459121328493,0.0008177435649051901,0.0028896240965482368,0.015045642853822698,0.003368353083442888,0.0023759210807305677,0.003305332738562381,0.002945882828017302
DJP,0.0012073870349523206,0.0007790491913859442,0.0013000162797107044,0.001261004959046059,0.00021552553372348993,0.0012261980551328381,0.0015005817843891562,0.001690493449394779,0.001243136112761744,0.002125689685045392,0.0015082769762197424,0.0012574743640794118,0.0007127226871003271,0.0015391179864525473,0.0013718757226512098,0.0029955160720797286,0.0023577812873086185,0.0014103261092866535,0.001070584630813107,0.0011589071364676564,0.0017794341994152427,0.0013538437988475488,0.00019629008756265402,0.0010296339965487834,0.00042084429157821223,0.001111306466991775,0.0006670948936694211,0.0021339802344467855,0.0005688942539121844,0.0009690106565322622,0.0011699082954079699,0.0030020991553437256,0.0011314852406385837,0.00015949181754553834,0.0010769547387174828,0.0016320899121437952,0.0014255517004020985,4.4482690314393076e-05,0.00039617276029014917,0.0015264214706525218,0.002995790578920314,0.0018439319206322701,0.001312607204838819,-0.0002032025965816699,0.0012051401544216653,0.004779745157928781,0.001090824115166761,0.0010576930064188114,0.0014447689966337726,0.0014219563433465203
DLB,0.002957256150999711,0.0024211424283348917,0.004146969621501262,0.0036166891659920957,0.0006355807487470612,0.004871850267178503,0.004412272730732556,0.005242730165216719,0.003732180137289483,0.00702712358847902,0.003465121369606733,0.0038613890980405013,0.0015391179864525473,0.004918941762294454,0.004140960916753959,0.008806430597057354,0.006608030171783231,0.004179261062460349,0.0027074882064664304,0.0037917278326853043,0.005860244022244033,0.003794921937827239,0.000839105043036869,0.00286397397377625,0.0013335299602954926,0.003555788390513001,0.0014434087654727175,0.005131006837733181,0.0030371858004321567,0.002871804604346723,0.003579161315024976,0.00984058019848665,0.004374914550287392,-0.0005163144389915297,0.003139839287082319,0.00427436382285281,0.004085056161614349,0.00019777473222408113,0.001520907441667605,0.0047035876764513875,0.007306646094149336,0.00611119382701404,0.0042725203749017435,0.0009617559840913671,0.003403120432461171,0.02126977315866356,0.004088834891845498,0.0030944946127769426,0.004063860777730925,0.003659530729360805
ECC,0.0025324237962886373,0.0021149418661563957,0.0034809236377103536,0.003203541556348119,0.0012090767585781856,0.004530088640093404,0.004070234179547358,0.004608018067475594,0.0031962366804551357,0.005575028233495851,0.0028035507630044107,0.0033486427888116607,0.0013718757226512098,0.004140960916753959,0.004150603663435933,0.006329273046953315,0.004951369674025054,0.003624675853596511,0.002103477250969063,0.0030987608625303634,0.005101646891985762,0.003303571377905941,0.0008639795730504364,0.0025018844922337575,0.0013304238275047633,0.002922590005975586,0.0012823544540384573,0.004398765439450572,0.003245176738066024,0.002412501474271106,0.003077990280722694,0.00825634212815734,0.004501991437266659,0.0001280957171281869,0.0027669761834941977,0.0036221206847222367,0.0037625077205200724,0.00021545213200614355,0.0011267235311402093,0.004050044677911861,0.007003231654142149,0.005156565775373123,0.0035839136413951013,0.0003013696779843481,0.0030283886048454957,0.015488313429492709,0.003638743817537832,0.003194664199556689,0.003341903426485108,0.0029111705063274915
ERF,0.0068925832294510665,0.004314705655137284,0.007281023719229097,0.006324404791748297,0.000562952639666336,0.007081016038576594,0.007267318084137241,0.0083104016100396,0.006500259098241903,0.014089867704658228,0.008144819774355647,0.006700125732117626,0.0029955160720797286,0.008806430597057354,0.006329273046953315,0.022722316945337526,0.01571178841879502,0.007572707015808825,0.004765967517458397,0.006523016869722877,0.010787072799322022,0.006564376939810227,0.0015016835310433382,0.005496382400627309,0.0016313517500481896,0.0060098761084453264,0.001839428917146764,0.011764091002883056,0.00523401868531008,0.005650107895584512,0.006012865564451807,0.018481972786464632,0.0065337479628457444,-0.0016947204990830384,0.00601585196172325,0.007331992990581793,0.0074502329661825725,0.00019782764627395842,0.0036160210178615825,0.00810546512272551,0.011426741595539247,0.010798284466878643,0.007451349050850104,0.0015419599481562862,0.0056797551435468436,0.042305174770960234,0.006769265334358145,0.00470187037285157,0.007718857021949066,0.007698754176578235
FXN,0.004878832403299237,0.0030142739840103147,0.005551982963533798,0.004985232469711161,0.00027596325144800527,0.00534631246418094,0.0052896407718333325,0.006475277743152373,0.005064106371228786,0.009916904431507735,0.006105857021874148,0.005123620038105521,0.0023577812873086185,0.006608030171783231,0.004951369674025054,0.01571178841879502,0.011760769384641708,0.005863474788386122,0.005066249228371116,0.005194395736887941,0.007786727588432921,0.005201288613448921,0.0009047899611104109,0.004315432517310583,0.001057623606055474,0.004560188667410497,0.002140911887655355,0.008106142188437632,0.00333029909047359,0.0038988628059401474,0.004692440485949446,0.013250264112747434,0.004550831613875543,-0.0008381451555156093,0.00464384186061682,0.0059039745970844194,0.005555680600428964,9.658924305892632e-05,0.003095602135324156,0.006322309382019907,0.009263425830289267,0.00840134416486044,0.005664602869364528,0.0011627538801259648,0.004435431755540873,0.029584323040870816,0.004906294680401788,0.0036657723575254397,0.005736482881228763,0.006120768476630944
FXZ,0.002582699266390115,0.002009294162079353,0.003608475875901227,0.0032502379271426305,0.0005783824417606979,0.004183726363941061,0.0038888651112666383,0.004504307353746676,0.0032908795930076816,0.005885379635695031,0.003180862517286266,0.0034044387998807273,0.0014103261092866535,0.004179261062460349,0.003624675853596511,0.007572707015808825,0.005863474788386122,0.0037152557231068797,0.0026110616628428566,0.0033131195957578313,0.0049969083531603686,0.0033813034881955547,0.0006755576769717823,0.0026399697558922197,0.0010415965243557018,0.0029696975749725785,0.0016078762978247066,0.0047426142484387635,0.0026178663798321327,0.002538230410633123,0.003165344168163667,0.008202528558782275,0.003616863740261309,-0.00018748567623792488,0.0029470388197555954,0.0038701318351665125,0.003629620874830048,0.00014197299761052812,0.0016139263988224747,0.004104131377748961,0.006860905439060171,0.005134236180954654,0.0037094025966391336,0.0008510454441634247,0.0030707296935546793,0.016378897965319654,0.003513945015127305,0.0026157254461649034,0.0035487383446911346,0.003372180256067352
GKOS,0.001131094132443435,0.0008905424570169116,0.0023401875845736986,0.0022875208462157033,-0.0005333971280791921,0.0022619276426505963,0.0012820780708932727,0.0028048687298204773,0.0022791676811693903,0.003141994160289919,0.00234998206975761,0.002089128790734794,0.001070584630813107,0.0027074882064664304,0.002103477250969063,0.004765967517458397,0.005066249228371116,0.0026110616628428566,0.004846686566413303,0.002598769322375936,0.0025307186876465846,0.0024720299640728226,-6.016336321618669e-05,0.0021050249579819182,-4.985661178413664e-05,0.0018437934177929266,0.0016966511966748515,0.0017173893103453906,6.702848164439747e-05,0.0009362108137603947,0.0020929160640795275,0.004231561336660897,0.001048404603457184,-0.00013088842707096758,0.0020739920935159586,0.0026667284801642687,0.0020264423300764404,-8.333538980339929e-05,0.001985973616187791,0.0028231740082241465,0.0038135546136851555,0.004005035015557456,0.0023463263107639212,0.001341453545685773,0.001845981381412942,0.010548996062455478,0.0015097736801023692,0.0015391999263834424,0.002155754938506284,0.0032425810610703133
GNTX,0.002098368921682857,0.0017329715571622478,0.0033046809248419556,0.0028955881217232523,0.00030050069380741954,0.0038424519673138135,0.0033933637438501967,0.004136278587898038,0.0029847395104208555,0.005298217967366911,0.00265962887173778,0.0030683508914414355,0.0011589071364676564,0.0037917278326853043,0.0030987608625303634,0.006523016869722877,0.005194395736887941,0.0033131195957578313,0.002598769322375936,0.0031292372528538143,0.004427115577049019,0.003026952727156616,0.0005423467268976855,0.002299949026608902,0.0009029845761075635,0.0027451333338325994,0.0015942722794561662,0.003809748217585958,0.0021438052447433783,0.002204478929588161,0.002879600690864999,0.007327510608865533,0.003067302589578861,-0.00037455251579364467,0.002572010032534556,0.00350216720407932,0.0030857463146385655,0.00012062705249127529,0.0015230039629784385,0.0037385135634860067,0.005899854463413608,0.004748212286788975,0.0034091747644390768,0.0012265534261977512,0.002717499380690433,0.015905095671302178,0.0032038988497039896,0.002195680658057708,0.0031633519456741653,0.002985841407613953
GOOD,0.0035914728985819563,0.0029634602708045886,0.004963011000836134,0.004328511632658861,0.0009487561508107123,0.006010816403497919,0.0056120270525796935,0.006345171772099574,0.004449728692071724,0.008582368017415489,0.004089100023989064,0.004682941896266991,0.0017794341994152427,0.005860244022244033,0.005101646891985762,0.010787072799322022,0.007786727588432921,0.0049969083531603686,0.0025307186876465846,0.004427115577049019,0.007354065945472767,0.00443953283164058,0.0012070064485096173,0.0033155315728691697,0.0017258979249643953,0.0041243059383228135,0.0016383604286104771,0.006832957420969464,0.004629824764129625,0.003611988698343617,0.004283537246099237,0.012514071829397946,0.005678340119418618,-0.0004749611210340516,0.003984159002825347,0.005191269120746911,0.005039580642283973,0.0002769575372049549,0.0019331250264785788,0.00557283486919608,0.009029238822332256,0.007165102301904255,0.005124024020429835,0.001162692860764989,0.004152027568704916,0.025151166098261072,0.005096741727825903,0.003670038256403229,0.004860676632635646,0.004188679218833261
HAIL,0.002385680611851772,0.0018076769661332312,0.0032793363816771017,0.003012941801955795,0.0006021049358155129,0.0037396268634085185,0.003614238041002148,0.004245529183105168,0.0030306497028374448,0.005266742309923137,0.002990623643753151,0.003107283932822572,0.0013538437988475488,0.003794921937827239,0.003303571377905941,0.006564376939810227,0.005201288613448921,0.0033813034881955547,0.0024720299640728226,0.003026952727156616,0.00443953283164058,0.0031717489568393975,0.0005560663219081205,0.0023996367677918333,0.001036472973796397,0.002675059211970042,0.0017453132871188743,0.00435911981661926,0.0018875183455144423,0.002375732620431289,0.0028815686998317257,0.007164325338783919,0.003131915495913647,-6.091968272328795e-05,0.002591545370985047,0.0036315909350984337,0.0032685884718534463,0.00013324538419811377,0.00113976133585097,0.003764528937554506,0.006639985872056356,0.004640255624969947,0.003359371265565149,0.0009747432360349232,0.002792787124514384,0.014088972929370452,0.003129516374624608,0.002477067454114687,0.0033362505280978803,0.0030918024438234787
IG,0.0005309413430927679,0.00048583184495509595,0.0006793649908186234,0.0005790632308106389,0.0003485054306729901,0.0010207538895198672,0.0009146731954300401,0.0009242624915521685,0.00059115911516227,0.0012995576613866165,0.00046068886057107003,0.0006609456886881215,0.00019629008756265402,0.000839105043036869,0.0008639795730504364,0.0015016835310433382,0.0009047899611104109,0.0006755576769717823,-6.016336321618669e-05,0.0005423467268976855,0.0012070064485096173,0.0005560663219081205,0.00029488084792039516,0.0003967789150870236,0.00035400477755413864,0.0005442748503926436,3.714875563150175e-05,0.001075579455580311,0.0011337535624458958,0.0005610459483555812,0.0005694491202649079,0.0020536159369239455,0.001190205522450988,-5.764406995557395e-05,0.0005613023420144661,0.0006189310194464039,0.0007816021106908265,7.181094712907999e-05,0.00016452965510911638,0.0007531877323890293,0.0012191695357327012,0.0010054579492770686,0.0007094006365865681,0.00013732199369173614,0.0005616944833460022,0.003917606300946616,0.0008504535028718716,0.0006453922639311697,0.0006433333345743903,0.0004039387806565285
LBRDA,0.0018309998709616863,0.001360904725668755,0.0024914785393207197,0.002291585145676624,0.0004404775022990584,0.00289055401341098,0.0025207193484978793,0.002907054901332144,0.00228105716475702,0.0039917928573039475,0.002349314456459361,0.002343843259598404,0.0010296339965487834,0.00286397397377625,0.0025018844922337575,0.005496382400627309,0.004315432517310583,0.0026399697558922197,0.0021050249579819182,0.002299949026608902,0.0033155315728691697,0.0023996367677918333,0.0003967789150870236,0.002054838139940906,0.0005419535125430838,0.0020172350779262696,0.0011152687202356112,0.003201489596255814,0.0015780385271876368,0.001758694818932379,0.002196130159713272,0.005092357512964825,0.002380868823896971,-0.00015222642128481556,0.0021083818265020906,0.0025181658210856905,0.0025737847588062036,6.033078096100567e-05,0.001317809104630666,0.0028427466205395587,0.004650172935012493,0.0034886298108268506,0.002554923081690728,0.0005969789518273723,0.0021176615628963305,0.010668918702118177,0.002392544541596216,0.0018310665577634098,0.0024365863950243463,0.0025495281691603586
NIQ,0.0009553397926561878,0.0007393973859609667,0.0010919618372764982,0.0009882327795268547,0.000644483358338022,0.0014343637669294957,0.0016839596127672437,0.001773852704997658,0.0010039016814606555,0.0019107424672107523,0.0008459035794648373,0.0010787944836330064,0.00042084429157821223,0.0013335299602954926,0.0013304238275047633,0.0016313517500481896,0.001057623606055474,0.0010415965243557018,-4.985661178413664e-05,0.0009029845761075635,0.0017258979249643953,0.001036472973796397,0.00035400477755413864,0.0005419535125430838,0.0007826831188468369,0.000933238437474162,0.0005595876401587914,0.0016842032686210896,0.0008687126780394587,0.0009786060986469905,0.0009289136447518974,0.002843033473651759,0.0015728490978036546,9.14078976689637e-05,0.0006293430154708805,0.001266476138348477,0.0011366223824082853,0.00013326482656736616,-0.00040316541193150326,0.0012749871583101937,0.002673842303252069,0.0015526727119528159,0.0011283353339879242,0.00027679471935675805,0.0009235642161663517,0.005049110354617167,0.001258431337104102,0.0011547905510035288,0.0012206244227824035,0.0005726923201523668
NOAH,0.0023590584137158418,0.001763989514513842,0.003012103167226106,0.002501224818246926,0.00034142026817531376,0.0032504671619303202,0.0032578606358114872,0.003567427088602253,0.002649919972804045,0.004900573174220637,0.0023788087474561808,0.0027809902613575685,0.001111306466991775,0.003555788390513001,0.002922590005975586,0.0060098761084453264,0.004560188667410497,0.0029696975749725785,0.0018437934177929266,0.0027451333338325994,0.0041243059383228135,0.002675059211970042,0.0005442748503926436,0.0020172350779262696,0.000933238437474162,0.0029868778289576293,0.0007033969543329911,0.0031295567882037197,0.002205771927119738,0.0017916444602488724,0.002654336564033372,0.007139188108989733,0.003127044949992969,-0.00035973304624915093,0.0020258378137282367,0.003155318661612337,0.0029366199179795085,0.0001440964482861463,0.0012772815323462566,0.003452404560283553,0.005035486167849183,0.0044303926721301345,0.0031315468029292116,-0.0010357976879444314,0.0025989841690999206,0.015591742392056147,0.002970932091617593,0.0021542975360575177,0.002791364619406064,0.002456779033239192
PASG,0.001114562988208597,0.00033191504614476787,0.0015364067173057104,0.0017133752798009344,0.000611341833191488,0.0015421543094041336,0.00217418811104125,0.0024897575722225506,0.0015765756070800405,0.0018213005435971635,0.0017776367189231196,0.0015740681340951253,0.0006670948936694211,0.0014434087654727175,0.0012823544540384573,0.001839428917146764,0.002140911887655355,0.0016078762978247066,0.0016966511966748515,0.0015942722794561662,0.0016383604286104771,0.0017453132871188743,3.714875563150175e-05,0.0011152687202356112,0.0005595876401587914,0.0007033969543329911,0.0029517483989406302,0.002714507275714174,-0.00035221404273959604,0.001508847872839134,0.0013687727610723708,0.001855745000664652,0.0004674204150295963,0.000642893455962699,0.0013379066982490725,0.0023505441591904585,0.001270128041569937,3.219082154814803e-05,0.00019304112172645145,0.0018375675124834836,0.0051320264732720175,0.0016715761569765896,0.0015540819341456316,0.0024129868355490113,0.0013355510562700194,0.0012817006066313584,0.001433266637742196,0.0009691643920941956,0.001869476604128516,0.0015479600646147184
PFX,0.0039863674178711745,0.0026891171690444017,0.004505384133777461,0.004301059002217253,0.0008489734341878702,0.004676439142560425,0.005881231393322841,0.006053981985135031,0.004232389478574519,0.008154897640340712,0.005139946860869511,0.0044537513295751915,0.0021339802344467855,0.005131006837733181,0.004398765439450572,0.011764091002883056,0.008106142188437632,0.0047426142484387635,0.0017173893103453906,0.003809748217585958,0.006832957420969464,0.00435911981661926,0.001075579455580311,0.003201489596255814,0.0016842032686210896,0.0031295567882037197,0.002714507275714174,0.009612119388244265,0.0036772323230561225,0.0042570122793160435,0.003940527295568432,0.011640504400941967,0.0041773822244686905,0.00036564771332968425,0.0043474441016421546,0.005739387837521567,0.004925122747183142,0.0002200244519615756,0.001496804914120127,0.004968488089619286,0.010849381257609604,0.005618715352454708,0.004573966761315936,0.001868272555911634,0.004106194957696184,0.016616020636641964,0.004288273629995399,0.0029272654902102826,0.005218355739144967,0.004536750699493011
PRPL,0.001276418873132998,0.0017797538103030218,0.002638476881377303,0.002099174049557089,0.0005179705777326383,0.004124811526253993,0.003207207536438781,0.003021246393642377,0.00221119773835837,0.004538734420390551,0.001125503847203769,0.0025581174665334702,0.0005688942539121844,0.0030371858004321567,0.003245176738066024,0.00523401868531008,0.00333029909047359,0.0026178663798321327,6.702848164439747e-05,0.0021438052447433783,0.004629824764129625,0.0018875183455144423,0.0011337535624458958,0.0015780385271876368,0.0008687126780394587,0.002205771927119738,-0.00035221404273959604,0.0036772323230561225,0.0059803637992361615,0.0016529019011717145,0.002390890322510341,0.008529034673135686,0.004621660294922955,-0.0001584939634659433,0.002773388560155674,0.0024994091521033175,0.0030423417967663834,0.00021528668954430552,0.0024420766471433654,0.0027833115396724644,0.004076609774409135,0.003631139181905971,0.0027927692163127473,-0.0005501093334683081,0.0025064187558152076,0.013799796467926572,0.0032923396214565056,0.0017073587159961608,0.0019311604182727794,0.0016235192381697141
PSN,0.0019206309536772756,0.0014462212690571265,0.002516160111884916,0.0023044526099221725,0.0007088813925778983,0.003040685406990287,0.0031077725184517693,0.0033634929708041762,0.0023012347483691376,0.004446397664267313,0.002389298038322559,0.0024188710542916007,0.0009690106565322622,0.002871804604346723,0.002412501474271106,0.005650107895584512,0.0038988628059401474,0.002538230410633123,0.0009362108137603947,0.002204478929588161,0.003611988698343617,0.002375732620431289,0.0005610459483555812,0.001758694818932379,0.0009786060986469905,0.0017916444602488724,0.001508847872839134,0.0042570122793160435,0.0016529019011717145,0.002323384169749369,0.0021409589338704724,0.005587696722328006,0.0025060863390362416,-0.00018117180926439212,0.0020683211551774275,0.002705916558729242,0.0025281825144886387,0.0001385231843230457,0.000490643740444292,0.0027784307431104956,0.00539594348116726,0.003214486177835348,0.0025816299905527377,0.0018706985560897325,0.0020649241289628114,0.010801453017738051,0.002623185626703227,0.001789791895553893,0.0027638086874121827,0.0022074506140562855
QRFT,0.0020222789849771473,0.0017443661275393235,0.0031396844194774153,0.002763723911906313,0.00032443918105174086,0.00368169923797462,0.0034290509254583344,0.003905918665656824,0.002838118894909428,0.0049877834511392345,0.0025103507342972694,0.002958703631672743,0.0011699082954079699,0.003579161315024976,0.003077990280722694,0.006012865564451807,0.004692440485949446,0.003165344168163667,0.0020929160640795275,0.002879600690864999,0.004283537246099237,0.0028815686998317257,0.0005694491202649079,0.002196130159713272,0.0009289136447518974,0.002654336564033372,0.0013687727610723708,0.003940527295568432,0.002390890322510341,0.0021409589338704724,0.002796373050244103,0.007184408151236751,0.00310354597416204,-0.0001639937252439838,0.002551034826082085,0.003445178941114913,0.003081280522073464,0.00013143537899146061,0.0014879078943976787,0.003531076829458078,0.005985394264431098,0.004328839523072726,0.0032402754851408623,0.0005672740648542912,0.0027461567480659968,0.01380774546041301,0.0030763048966454755,0.00208994047731958,0.0030064145232087205,0.0027855519616214294
SAVA,0.005584645325175196,0.005121809528482408,0.008239004792846545,0.006982802324931043,0.0003446110147452136,0.009512088151476611,0.009074799387364925,0.01058410998420761,0.007356373830232244,0.014544412014262199,0.006570499218056569,0.007721775478130924,0.0030020991553437256,0.00984058019848665,0.00825634212815734,0.018481972786464632,0.013250264112747434,0.008202528558782275,0.004231561336660897,0.007327510608865533,0.012514071829397946,0.007164325338783919,0.0020536159369239455,0.005092357512964825,0.002843033473651759,0.007139188108989733,0.001855745000664652,0.011640504400941967,0.008529034673135686,0.005587696722328006,0.007184408151236751,0.02315302669758844,0.009225996398096077,-0.0008996711642099864,0.006836580994792722,0.00919566495831791,0.00828082731047481,0.0004651573632437939,0.0037980271588289685,0.009139651860904272,0.01438869799032843,0.012156631428535462,0.008494177460343448,0.0006983799587152239,0.007093193530768368,0.044032905569650276,0.008024144364013348,0.005483472814585287,0.007980849694965719,0.0070565636929442515
SIFY,0.002532207339172416,0.0023859904452152017,0.0035906478865880835,0.0031045881014550632,0.001613279421109651,0.005260686459038943,0.004333978957409591,0.004671510219097501,0.0031634068552902003,0.006121546288183298,0.002311786962167232,0.0034284238329544627,0.0011314852406385837,0.004374914550287392,0.004501991437266659,0.0065337479628457444,0.004550831613875543,0.003616863740261309,0.001048404603457184,0.003067302589578861,0.005678340119418618,0.003131915495913647,0.001190205522450988,0.002380868823896971,0.0015728490978036546,0.003127044949992969,0.0004674204150295963,0.0041773822244686905,0.004621660294922955,0.0025060863390362416,0.00310354597416204,0.009225996398096077,0.005686837873541448,-0.00025495411750385707,0.0027051387304849613,0.0031943766857932135,0.0039522616461163855,0.0003022338657200229,0.0010469921383028597,0.0041046185212778325,0.006285623362646702,0.005425646609107618,0.0037434059272847494,0.00017922346175885067,0.00300037902647151,0.01909484685280426,0.004222087689463729,0.003486961598052329,0.0032206711231585433,0.00240271019604061
SSNT,0.00019554075789076627,-0.0002742396811305207,-0.00034650482005032005,-1.510078119149676e-05,0.00046682729401131,-0.0006242739186226921,0.00028478723264757123,-0.00012729795119867246,-0.0001672943922861352,-0.0011388393795966549,0.0001227980082941891,-0.00015154684214256208,0.00015949181754553834,-0.0005163144389915297,0.0001280957171281869,-0.0016947204990830384,-0.0008381451555156093,-0.00018748567623792488,-0.00013088842707096758,-0.00037455251579364467,-0.0004749611210340516,-6.091968272328795e-05,-5.764406995557395e-05,-0.00015222642128481556,9.14078976689637e-05,-0.00035973304624915093,0.000642893455962699,0.00036564771332968425,-0.0001584939634659433,-0.00018117180926439212,-0.0001639937252439838,-0.0008996711642099864,-0.00025495411750385707,0.0010776534002965668,-6.0803618026669284e-05,0.0003191775386526909,-1.8117510951733736e-05,4.0862362833819775e-06,-0.0002509854314401399,-0.00023511222643732873,0.0013418988826538706,-0.0007006027768917861,-0.0003787219624362598,-0.0012515602449706628,8.457436981946331e-05,-0.006909090727398377,-0.0003876154858191486,0.00011425091339564158,-0.00019422713649828416,-0.00024099227282574232
WTBA,0.0014456426477596862,0.0015552984678922344,0.002823293195912827,0.002573916191279604,-1.589049118469118e-05,0.0034757071007398242,0.002937233767040239,0.0034581651982070506,0.0025918494849062777,0.004556966032507558,0.002348015147690523,0.002696944937245501,0.0010769547387174828,0.003139839287082319,0.0027669761834941977,0.00601585196172325,0.00464384186061682,0.0029470388197555954,0.0020739920935159586,0.002572010032534556,0.003984159002825347,0.002591545370985047,0.0005613023420144661,0.0021083818265020906,0.0006293430154708805,0.0020258378137282367,0.0013379066982490725,0.0043474441016421546,0.002773388560155674,0.0020683211551774275,0.002551034826082085,0.006836580994792722,0.0027051387304849613,-6.0803618026669284e-05,0.0028855101079443618,0.0032093652093616383,0.002884852047367276,7.995596522874715e-05,0.001981922843750375,0.003068518025940458,0.005576425265305697,0.0036981907552603764,0.002891338199067416,0.0014781957133793715,0.0025494458529865035,0.011113258320166977,0.0026756121046193067,0.0015667797896224541,0.002712649090173747,0.0028724599927591184
ADES,0.0027427721987886493,0.0020247945987688083,0.003810525348406009,0.0034853671320157686,0.00020512627407876354,0.0038848170558728403,0.004530379309934455,0.005072617020151487,0.0035465161424571025,0.005944419264686553,0.0035104368492654544,0.00366839973458261,0.0016320899121437952,0.00427436382285281,0.0036221206847222367,0.007331992990581793,0.0059039745970844194,0.0038701318351665125,0.0026667284801642687,0.00350216720407932,0.005191269120746911,0.0036315909350984337,0.0006189310194464039,0.0025181658210856905,0.001266476138348477,0.003155318661612337,0.0023505441591904585,0.005739387837521567,0.0024994091521033175,0.002705916558729242,0.003445178941114913,0.00919566495831791,0.0031943766857932135,0.0003191775386526909,0.0032093652093616383,0.004949438780636767,0.003732132127232821,0.00015903907249796413,0.001632536933395306,0.004330879108087071,0.008510575158873055,0.0051219208799193235,0.003903792714386505,0.0003511094343464851,0.003524194772448791,0.014373936115171933,0.003458668737531232,0.0023665013971110337,0.003924781208221396,0.0035495755710597396
