,ARCM,ARLP,ATCO,BAB,CRTO,FLZA,GGM,GTY,HYLV,IBDN,IDLV,IYT,JCPB,JCS,JMUB,KMED,LAMR,LBRDA,MKTY,PLXP,PSTL,RCAT,SGU,SSNC,SUSC,TME,UCC,WEA,XRLV,CTIB,DQ,EYPT,GEVO,KIM,KURA,LMRKO,MDXG,PYZ,RLI,SZNE,VAW,EFOI,GRNB,PWZ,UMH,SINT,GLIN,PXJ,AGIO,ANDE
ARCM,5.322185378015986e-07,5.107496755613948e-06,3.6352208246219984e-06,2.2071581653126634e-07,-3.443445041587334e-06,-2.3521518625827622e-06,6.081381306407711e-07,-5.244630498530124e-06,-6.792483850561196e-07,7.8952440232706e-08,-1.102829072442901e-06,-1.0412365112267847e-06,1.4320481090308352e-07,-5.693838190286782e-06,2.815342708414676e-09,-5.932561876232133e-08,-2.426185867464219e-06,1.0056911514858688e-06,-5.987970677973085e-05,2.7182270450533845e-06,-4.4781018935742e-06,-1.8860624120363035e-05,-1.3237533643673846e-06,-1.4662898284902294e-06,2.5007213210857207e-07,-1.1910069115496832e-05,-1.8540880890246968e-06,1.5759253682665087e-06,-1.4262354743323795e-06,-6.683450161244475e-05,-5.3247299756350435e-06,2.8754707831438834e-07,2.2969623221649195e-06,-1.6149229570063302e-06,3.683050924395553e-06,3.445931279060018e-07,-5.71841039855512e-06,2.4309497295162168e-06,-4.862509871350738e-06,-6.453636275641359e-07,-8.565545618410675e-07,3.138608268120027e-05,4.780308817251257e-07,3.4081565124494573e-07,-3.677252336592516e-06,6.3605409720389545e-06,-1.8226815160392418e-06,1.940088438115155e-06,3.0844827025247554e-08,1.0813000918638207e-07
ARLP,5.107496755613948e-06,0.00034710343549048176,0.00011059190417457939,-7.319097131770301e-06,5.565056013282056e-05,-4.198916157576171e-05,1.2955005007730408e-06,-2.9418798541733194e-05,-2.823834231460628e-06,-1.8204845619095944e-06,-1.7472144721794265e-06,7.166545244765433e-06,1.0457188887928634e-06,0.00012040246381138514,1.7509848864938338e-06,-1.837846070559679e-05,-6.686186328169607e-05,0.00010495405514660466,-0.0008986636899672837,0.00016675358304831837,-3.948172326339568e-05,0.001232107854265071,-8.466276783804573e-05,0.00010197323421827141,-6.261182762622601e-06,0.0001747134014975479,2.7425447874872883e-05,-1.2968265042443417e-05,2.665871975033435e-05,-0.0013450013240183304,3.3502389268838706e-05,6.071440432881966e-05,-0.00033375465938026276,-7.123986511954966e-05,-8.843561459086047e-05,2.2012821519091075e-06,-5.262967709279999e-05,5.0910459726221886e-05,7.57433161752896e-05,1.8730959032306164e-05,3.956327665223433e-05,0.0025882083576783776,-2.922084417906816e-06,6.332305517884986e-06,1.0436951794530917e-05,-6.0599923637624405e-05,4.46616161418696e-05,2.2215392572194655e-05,-0.0003609215645241231,0.00010795581064057237
ATCO,3.6352208246219984e-06,0.00011059190417457939,0.00016454239769774076,7.318253874419343e-06,-0.0002045801327264682,-3.095912414830171e-05,4.3680792361095995e-06,-4.301775926066346e-05,-4.842598014653009e-06,4.028988483073644e-07,-1.0343131041882161e-05,6.1883444489027135e-06,5.265775480148793e-06,-0.0002596638706275707,-4.191720929380654e-08,-1.7432627470107626e-05,-4.34669834619159e-05,3.386095950344584e-05,-4.797265585725072e-05,7.747571094851164e-05,-0.00010470637714695076,-0.00036493109198677896,-7.343421774499445e-05,-1.0267315164645035e-05,4.502110673883859e-06,4.873419617529496e-05,-2.548000963848423e-06,-1.3212068632017627e-05,-4.457648456228902e-06,-0.0007330721323814106,0.00019411447105789325,6.237108983667081e-06,-2.512105788689478e-05,2.1917748240132787e-05,-2.3729744479072847e-05,5.9570616878598085e-06,-3.9371752875524415e-05,4.954671266887437e-05,-6.601441052171137e-06,4.576606323545155e-06,5.729607945134582e-06,0.0008102254637256753,3.4749261731825427e-06,-2.1050467304139286e-06,2.4438590688577894e-05,-8.677002324554808e-05,1.4629802628847417e-05,9.419952143579863e-05,-0.00012948654214774065,3.88539279020147e-05
BAB,2.2071581653126634e-07,-7.319097131770301e-06,7.318253874419343e-06,6.065659912684274e-06,-8.598167330474608e-05,4.861236308375062e-07,5.221255325874303e-07,2.062925169935337e-06,-2.032456065962913e-07,2.343042006921185e-07,-1.6870913266633632e-06,-3.4427778358536822e-06,2.3811269681724804e-06,-3.680435965073991e-05,1.1198874080430984e-06,-7.442026439149349e-06,2.1325618421795197e-06,-1.0209541832609884e-06,-4.4687903818398684e-05,1.1163096566953132e-05,-1.0635640660537915e-05,-5.7292038067623116e-05,9.551544766117544e-06,-1.2702509680299049e-05,4.6047558320111065e-06,-5.98455290761977e-06,-1.0958273007874771e-05,-8.196028353630845e-07,-3.629416550231953e-06,-4.263276377939282e-05,-3.853150120595576e-05,3.577609307249129e-05,1.7237314410024753e-05,1.0364132237580465e-05,6.01938188467084e-06,3.6960364074061695e-06,-3.6179691074015295e-05,3.005917042580498e-06,2.92684026597908e-06,-6.078411742276312e-06,-4.118057230755543e-06,-0.00014699575531190338,3.2563663333591407e-06,1.0740234614545565e-06,3.1173816031157177e-06,-4.4672092960910205e-05,-3.820064277009516e-06,3.6895546456207916e-06,2.3203381483921642e-05,-4.623895934356503e-06
CRTO,-3.443445041587334e-06,5.565056013282056e-05,-0.0002045801327264682,-8.598167330474608e-05,0.0038530139815377406,-5.0156529500740975e-05,-4.132485629962349e-05,6.479357406393707e-05,-8.963092156042082e-06,4.3513709931273655e-06,4.838059659119821e-05,-7.133298796219236e-05,-2.5572320398963564e-05,0.00032452922962674627,-3.1628563327868744e-05,0.000508238392233165,0.00015003876055895126,7.397329589874699e-06,0.001025087738296128,-0.0004567399855179441,5.0717605023411466e-05,0.003155657885410669,-0.0002884829366544743,0.00027429416005668466,-2.4436751832168114e-05,0.0007828290005569958,0.00012575465822129992,0.0001231181958182244,7.756220508747043e-05,0.0032487199771475328,0.0010715483344726556,-2.5653211527387653e-05,-5.9720265507114345e-05,-0.00039785127805859233,-6.175222624256899e-05,-0.0001062134554282577,0.0006960907469013588,-0.00015571777042091566,3.1134186580035795e-05,0.00011448967031389544,3.938363426065706e-05,7.863554008618531e-06,-2.0642809482977993e-05,3.978504742888188e-06,-0.0001777604141142076,-0.0010087869475804362,0.00019900191085876312,3.920149335533474e-05,-0.0018090463261323326,-0.000324223653858977
FLZA,-2.3521518625827622e-06,-4.198916157576171e-05,-3.095912414830171e-05,4.861236308375062e-07,-5.0156529500740975e-05,1.8202896039335096e-05,-3.8083531684181473e-06,2.6770383170519236e-05,1.884535373432658e-06,2.9592879225819808e-08,7.029850643454669e-06,-1.0247008252551092e-06,-2.429992937800118e-07,2.0954068699716478e-05,-1.400812773289742e-07,-4.613159934312374e-06,8.755103200541005e-06,-7.711396760907047e-06,0.0001830026556910112,-8.780414006182627e-06,3.09101757009728e-05,-1.445559258309175e-06,3.1803515945953326e-05,-1.1089410046995736e-05,-5.96938767185921e-07,1.277448253567278e-05,-3.438316318687437e-06,-8.695344708725892e-06,1.980482263660806e-06,0.00027492352312205733,-2.29003068984838e-05,-1.7315589642636532e-05,-6.742897410100936e-06,2.6851867560803763e-05,-2.152874385178319e-05,2.0616345539919744e-07,2.9341192951768772e-05,-1.1331308529008015e-05,1.5955407571890533e-05,-4.014394412793173e-06,4.423835053609296e-06,-0.0004124045815969227,-1.6594579139364225e-06,-2.4684355027116557e-06,3.362017709781908e-06,-1.5084100622012343e-05,6.0021497848021875e-06,-3.0788348447025876e-05,4.439392140423281e-05,1.6049622722871717e-06
GGM,6.081381306407711e-07,1.2955005007730408e-06,4.3680792361095995e-06,5.221255325874303e-07,-4.132485629962349e-05,-3.8083531684181473e-06,6.446943357299913e-06,-1.80711093654046e-05,-1.2234787797299866e-06,-1.9197318078299722e-07,-8.536686252093796e-06,-1.2041669414192191e-06,1.0508706208792271e-07,-5.090573157777131e-06,7.987458517406483e-07,-1.3731669070369525e-05,-1.1787800132055693e-05,-1.524721111405593e-06,-8.409197534801216e-05,-3.825829680053872e-06,-5.2915858898875536e-06,-7.329141237705462e-05,-2.478502337668914e-06,-1.0135279738124978e-05,-2.0126123565424128e-07,-2.074792530148686e-05,-8.041222622008779e-06,8.627305009353719e-06,-6.928346577989365e-06,-0.00023214184924107804,-1.9108858532572363e-06,-2.5134943327759866e-05,-3.968131421543014e-06,-1.5629454015296704e-05,1.0519745157695166e-05,-4.989342923633113e-08,8.762204245308327e-07,-6.775405888499872e-06,-2.586765500199038e-05,-8.18817161322955e-06,-9.02638157096121e-06,2.5096272541826304e-05,3.832136992232852e-07,-6.026004817087831e-08,-6.877639366170889e-06,9.96227296083357e-05,-3.590247484815815e-06,-1.0556938351757033e-05,3.4846648000508576e-05,-1.2537315975734857e-05
GTY,-5.244630498530124e-06,-2.9418798541733194e-05,-4.301775926066346e-05,2.062925169935337e-06,6.479357406393707e-05,2.6770383170519236e-05,-1.80711093654046e-05,0.00010166774173217552,7.951180904393634e-06,-1.2082537686588929e-06,2.7262554469230923e-05,1.8243850191754452e-05,2.0871398488047912e-07,8.317841857224396e-05,-6.874080179773771e-08,3.165312324427539e-05,5.673053792132128e-05,1.1714704473586959e-05,0.0005744476918340112,2.320810108111679e-05,6.909255702947872e-05,0.00021447706779843673,2.3272352406531094e-05,3.144213694082191e-05,-2.0079784434423887e-06,0.000140101334613546,2.37815659299914e-05,-1.1972176230839671e-05,2.318286374706244e-05,0.000753808877064831,6.38933976521073e-06,9.733711862072227e-05,5.577304853877335e-06,6.343828153190204e-05,-5.393521075989223e-05,-7.854099271198837e-07,-8.441898633812365e-05,7.425025805676949e-06,9.182519064501331e-05,2.1892988804170636e-05,3.184477760072191e-05,-0.00033324900660094465,-1.2783025990842149e-06,1.3872922003299565e-06,4.34022770218425e-05,-0.00019008000091780776,2.5917187343486023e-05,-1.242181526910063e-05,-0.00012332536381216342,4.493058826037898e-05
HYLV,-6.792483850561196e-07,-2.823834231460628e-06,-4.842598014653009e-06,-2.032456065962913e-07,-8.963092156042082e-06,1.884535373432658e-06,-1.2234787797299866e-06,7.951180904393634e-06,1.8009765559833273e-06,-2.805825851777625e-07,1.955746525375329e-06,4.547745357633162e-06,-3.239217255213936e-07,2.1456281739631986e-05,3.7230307839720717e-07,-1.8258301835571726e-06,5.76428685305449e-06,-1.3250535221780552e-06,8.13088631130811e-05,1.907482942349987e-07,5.728379742127856e-06,4.4198461624509444e-05,-4.3571757258411897e-07,8.316118692471582e-06,-3.853241309927257e-07,1.3109906190591218e-05,7.2651805237191785e-06,-4.105968498996391e-06,3.910233661457273e-06,0.00011032143715459212,-7.639034465164983e-06,1.2794214156144483e-05,6.27430230628193e-08,1.1748082187795334e-06,1.8567086397264137e-07,4.124842124060628e-07,-6.344118791743164e-06,-8.21794369840107e-08,1.2640503844489431e-05,3.7389725229931463e-06,1.7094053774277514e-06,5.437706819854735e-05,-6.358956633342439e-07,2.900165509781431e-07,1.1564802609715136e-05,-1.1683496670960539e-05,-1.7912828934933103e-06,4.8418052400207704e-06,1.2527224396153088e-05,5.8945702535022785e-06
IBDN,7.8952440232706e-08,-1.8204845619095944e-06,4.028988483073644e-07,2.343042006921185e-07,4.3513709931273655e-06,2.9592879225819808e-08,-1.9197318078299722e-07,-1.2082537686588929e-06,-2.805825851777625e-07,1.561973718592509e-07,3.5111743898906116e-08,-1.809574461818139e-06,1.6299649578523843e-07,-7.440664005126549e-06,-1.3411291540721394e-07,1.0333145742030468e-06,-4.316541889740818e-07,-9.80517617876084e-07,-9.9017708082425e-06,-1.925331309016545e-06,-2.61521825082084e-06,2.0000861676634936e-06,9.409988108878842e-07,-1.886664598565092e-06,5.806452164201115e-07,-1.3563863580561506e-06,-1.51496925187874e-06,-6.669452347970746e-07,-4.561787727552052e-07,1.2971822960038539e-05,-3.0253914653088254e-07,2.849097993611188e-07,1.3391867529064028e-06,4.366851100826579e-08,2.984553538516566e-07,4.4369268057747766e-08,5.995981264032352e-06,-5.446451732724863e-07,-4.15989134802896e-07,-7.734208395612584e-07,-6.245177627320948e-07,-3.199410703699923e-05,2.2372786193198554e-07,-1.429292252049226e-07,-1.8971488855544305e-06,-1.3937221128269886e-05,5.500777966914509e-08,7.130790321845762e-07,-5.659780438776257e-07,-2.844172448391129e-06
IDLV,-1.102829072442901e-06,-1.7472144721794265e-06,-1.0343131041882161e-05,-1.6870913266633632e-06,4.838059659119821e-05,7.029850643454669e-06,-8.536686252093796e-06,2.7262554469230923e-05,1.955746525375329e-06,3.5111743898906116e-08,1.2003399094614937e-05,3.801837511878719e-06,-6.492771269357155e-07,2.2498913541915675e-05,-1.043731496225244e-06,1.638539782733582e-05,1.5406816315775773e-05,3.2718783356353516e-06,0.0001318553283763732,6.7366420739497125e-06,1.5546703888483453e-05,9.419038737659396e-05,5.531107798861932e-06,1.4758266371071984e-05,-1.253992891095721e-06,2.7983294477703083e-05,1.232544184680455e-05,-1.0948809389079435e-05,9.80882328357315e-06,0.000296962107542829,3.6135265519846886e-06,2.3054713957738795e-05,-1.7008850063383644e-06,2.303987850781901e-05,-1.8447910731219607e-05,-3.5770698521083424e-07,-1.1965503398884004e-06,8.30435140006103e-06,3.435043056991641e-05,1.1366000816499957e-05,1.3853699012203984e-05,-2.1904320601253955e-05,-1.3802295291870395e-06,-2.2142162880510382e-07,9.723136991930056e-06,-0.00010244633455468983,6.120105937159514e-06,6.788320127717636e-06,-4.260764070971947e-05,2.1682708287075465e-05
IYT,-1.0412365112267847e-06,7.166545244765433e-06,6.1883444489027135e-06,-3.4427778358536822e-06,-7.133298796219236e-05,-1.0247008252551092e-06,-1.2041669414192191e-06,1.8243850191754452e-05,4.547745357633162e-06,-1.809574461818139e-06,3.801837511878719e-06,2.8801883321367275e-05,-2.5054268916149934e-06,6.532267292762344e-05,9.898888727905023e-07,-6.689685186235146e-06,1.3173943790509116e-05,6.202603037655214e-06,0.0002573960143850947,2.1545950716016676e-05,2.4485756787675082e-05,-0.00018840464734651077,-1.8287975058430586e-05,2.624234109306402e-05,-7.6767787125465e-06,-1.0680157001938812e-06,2.948138679768779e-05,3.4446002681200844e-07,8.564256158690886e-06,1.4027271710784873e-05,2.4032999259659657e-05,2.536060972974107e-06,2.2893011682819824e-05,1.7502362148122996e-05,3.87655564949239e-06,3.5424413359469165e-07,-8.146135255957025e-05,1.8308879643443448e-05,1.2434630860440012e-05,1.872682019828775e-05,1.1226195526914587e-05,0.0004021056607179229,-3.2979991546521198e-06,1.1745967805541674e-06,3.563454039139572e-05,0.0001349072156594291,-8.09426761000393e-06,1.9866498684922356e-05,2.769173271272906e-05,4.824629683426322e-05
JCPB,1.4320481090308352e-07,1.0457188887928634e-06,5.265775480148793e-06,2.3811269681724804e-06,-2.5572320398963564e-05,-2.429992937800118e-07,1.0508706208792271e-07,2.0871398488047912e-07,-3.239217255213936e-07,1.6299649578523843e-07,-6.492771269357155e-07,-2.5054268916149934e-06,1.0730864847336708e-06,-1.925408211990473e-05,3.305889704276343e-07,-1.9734476621582473e-06,-4.2433152063330186e-07,8.068772867896248e-07,-2.6712121137491894e-05,5.102318319423198e-06,-6.281690179860419e-06,-7.414074780218141e-07,2.518121737647412e-06,-4.830691022337435e-06,2.054177159712021e-06,3.467720399655009e-06,-5.007621074045547e-06,-6.970604798093935e-07,-1.27933105291543e-06,-2.5316271945259503e-05,-9.586694171845686e-06,1.40795953644783e-05,1.562110879655486e-06,2.947494615307156e-06,-1.608733241445644e-07,1.2839272267679647e-06,-9.309698162962865e-06,1.022772918243416e-06,2.0358362853749644e-06,-2.6873178834628047e-06,-1.2921110349090488e-06,-4.73065226983189e-05,1.330103761378312e-06,3.168896044841246e-07,1.4459811984049398e-07,-2.861183814191507e-05,3.845421766042378e-07,1.6943242453336973e-06,-1.660035502419079e-06,-2.7811720626815416e-06
JCS,-5.693838190286782e-06,0.00012040246381138514,-0.0002596638706275707,-3.680435965073991e-05,0.00032452922962674627,2.0954068699716478e-05,-5.090573157777131e-06,8.317841857224396e-05,2.1456281739631986e-05,-7.440664005126549e-06,2.2498913541915675e-05,6.532267292762344e-05,-1.925408211990473e-05,0.0009381396781786149,5.4424111057307435e-06,-2.1011736917961653e-05,4.915998287185733e-05,2.997450079404698e-05,-0.00022065611394204125,1.8702539252932677e-05,0.00025034534236674136,0.0018072901658655583,2.8914926686656394e-05,0.00020561632194383462,-3.644576544423556e-05,4.220811270689697e-05,0.00011772920778176502,8.920117004546974e-06,6.0110243862305057e-05,0.00037677981200026005,-0.00038962208020590643,2.54185142255521e-05,-0.00025477639567455157,-0.00012482414508425586,-2.619132017306662e-07,-1.0381004584864255e-05,-9.439454822142737e-05,-3.388415760106734e-05,0.00011631682982131477,5.212101899111447e-05,4.087884070211425e-05,0.002104659283215401,-2.2013681394682148e-05,1.3538066943465709e-05,5.274304374735565e-05,0.0005404614194468799,-2.5687796485596363e-05,-0.00013721337156648354,0.0001186299001010376,0.00012353746764398344
JMUB,2.815342708414676e-09,1.7509848864938338e-06,-4.191720929380654e-08,1.1198874080430984e-06,-3.1628563327868744e-05,-1.400812773289742e-07,7.987458517406483e-07,-6.874080179773771e-08,3.7230307839720717e-07,-1.3411291540721394e-07,-1.043731496225244e-06,9.898888727905023e-07,3.305889704276343e-07,5.4424111057307435e-06,5.741101207409996e-07,-5.343605356109699e-06,-2.440370846826958e-07,3.4905358746395823e-07,-1.7337918558387342e-05,4.542015306545373e-06,1.317152501441756e-07,4.599584286972683e-06,1.847572701368421e-06,-1.4823706428735577e-07,5.265677773327731e-07,-2.363735580363293e-06,-7.912495629130978e-07,-6.679496885656959e-08,-3.23446152511181e-07,-3.338091890319771e-05,-1.683363145379428e-05,8.038306644854755e-06,-1.0697275445204637e-06,-5.027723508003671e-07,2.6681038964564123e-06,1.0641666808900518e-06,-1.2815968956097736e-05,3.361386046157814e-07,1.225764683831263e-06,-1.169781410127596e-06,-1.1735883309814667e-06,2.577808885855652e-05,4.5090757451945624e-07,4.948838390769858e-07,3.1528034553562375e-06,9.355604498190732e-06,-2.3170488162115618e-06,-6.125591604577251e-07,1.5490104900866306e-05,1.4827500665958745e-06
KMED,-5.932561876232133e-08,-1.837846070559679e-05,-1.7432627470107626e-05,-7.442026439149349e-06,0.000508238392233165,-4.613159934312374e-06,-1.3731669070369525e-05,3.165312324427539e-05,-1.8258301835571726e-06,1.0333145742030468e-06,1.638539782733582e-05,-6.689685186235146e-06,-1.9734476621582473e-06,-2.1011736917961653e-05,-5.343605356109699e-06,9.326385351065957e-05,4.237933994718489e-05,1.749115114663521e-06,0.0002272127605940257,-4.6260037765760795e-05,4.522164148357013e-06,0.00011861049347348034,-3.22416540140931e-05,2.6424452646195316e-05,-1.4093464730506283e-06,7.76499286978266e-05,1.5327574952007984e-05,1.7249538404518252e-05,1.0083822043402602e-05,0.0005925401909679193,0.0001496048482382121,4.111148750465566e-05,7.046234227106758e-05,-3.985213281956996e-06,-6.31260656044241e-06,-1.214126206264534e-05,1.777069995858123e-05,3.541341914005467e-06,1.32269735932042e-05,2.4404989142784077e-05,1.5401804747239567e-05,-0.0003113495267014244,3.559429226264508e-07,1.6463043345097708e-06,-2.33466662203487e-05,-0.00023408429330414477,2.4741554646750118e-05,2.89076232577105e-05,-0.00028468155650628057,-2.40955474233544e-05
LAMR,-2.426185867464219e-06,-6.686186328169607e-05,-4.34669834619159e-05,2.1325618421795197e-06,0.00015003876055895126,8.755103200541005e-06,-1.1787800132055693e-05,5.673053792132128e-05,5.76428685305449e-06,-4.316541889740818e-07,1.5406816315775773e-05,1.3173943790509116e-05,-4.2433152063330186e-07,4.915998287185733e-05,-2.440370846826958e-07,4.237933994718489e-05,6.089936737201041e-05,-1.3774113130338235e-05,0.00041310049100831274,-2.3461751216046855e-05,3.021458788276965e-05,-3.414521164552548e-05,3.970767657669286e-06,2.331343946099037e-05,1.555073351063163e-06,3.700861143471179e-05,2.1710138360212587e-05,3.531082781574336e-06,1.2202683659310845e-05,0.0007553597286577701,-2.1019454709505542e-05,0.00011011996060237748,0.00011241435265664035,2.5280469322944262e-05,2.2131141313268808e-05,-1.2986979441323994e-06,-9.529119091416057e-05,5.384553891142148e-06,4.240779719263874e-05,2.131207650849314e-05,8.227913236809114e-06,-0.00039476955304250464,2.1408587970701704e-06,4.2503909086512045e-06,2.8209402686313775e-05,-0.0001544625946167027,-7.110699265086741e-06,2.8620197752530057e-05,-4.271795487085291e-05,1.8589377410082337e-06
LBRDA,1.0056911514858688e-06,0.00010495405514660466,3.386095950344584e-05,-1.0209541832609884e-06,7.397329589874699e-06,-7.711396760907047e-06,-1.524721111405593e-06,1.1714704473586959e-05,-1.3250535221780552e-06,-9.80517617876084e-07,3.2718783356353516e-06,6.202603037655214e-06,8.068772867896248e-07,2.997450079404698e-05,3.4905358746395823e-07,1.749115114663521e-06,-1.3774113130338235e-05,4.2541556217911524e-05,-0.00020449499103075399,6.873669508509433e-05,7.173661680919047e-06,0.0002592932391943082,-1.966449345699697e-05,2.4646933013678986e-05,-3.900693766196317e-06,7.035641679473455e-05,3.6718660433454252e-06,4.486364412960527e-06,7.115660157160806e-06,-0.0004951323753356065,3.599482942803992e-05,1.6820705310016464e-05,-9.82194278384934e-05,3.188626928055096e-06,-4.691785307291297e-05,-9.549800662795136e-08,-6.166527846216267e-05,2.2003418950311596e-05,2.2864901254929925e-05,6.364203544755498e-06,2.0818974489575195e-05,0.0006365909469641328,-4.788758734637262e-07,1.9767722197928326e-06,2.4024316097582104e-07,1.528623432873393e-05,2.577197315014896e-05,-1.1026146094673838e-05,-0.00016746944666597147,4.751735552982736e-05
MKTY,-5.987970677973085e-05,-0.0008986636899672837,-4.797265585725072e-05,-4.4687903818398684e-05,0.001025087738296128,0.0001830026556910112,-8.409197534801216e-05,0.0005744476918340112,8.13088631130811e-05,-9.9017708082425e-06,0.0001318553283763732,0.0002573960143850947,-2.6712121137491894e-05,-0.00022065611394204125,-1.7337918558387342e-05,0.0002272127605940257,0.00041310049100831274,-0.00020449499103075399,0.010393486659108048,-0.0005119817659264282,0.0002896767142720866,-0.0022976121250748867,-0.00022467281749479875,0.00017035884201989607,-5.184663495661659e-05,0.00131958973042017,0.0003790592973034124,-0.00013112827164740617,0.000160356648358476,0.009433357317282719,0.0019579244928621,-0.0001416661916264519,0.0006826746304810493,0.00034355225653434813,-0.00022968612332065165,-6.9597797706659e-05,0.0004441514105469491,-0.00012809339379433096,0.0003838101454314121,0.00023038247998548647,0.00010380797873468933,-0.0038839878771635217,-5.974560257940878e-05,-5.0279569058690494e-05,0.0005835324388123939,-0.0006572104261520873,0.00016660631452716012,0.0003264375803351729,-0.0003515258703123345,1.27184260980701e-05
PLXP,2.7182270450533845e-06,0.00016675358304831837,7.747571094851164e-05,1.1163096566953132e-05,-0.0004567399855179441,-8.780414006182627e-06,-3.825829680053872e-06,2.320810108111679e-05,1.907482942349987e-07,-1.925331309016545e-06,6.7366420739497125e-06,2.1545950716016676e-05,5.102318319423198e-06,1.8702539252932677e-05,4.542015306545373e-06,-4.6260037765760795e-05,-2.3461751216046855e-05,6.873669508509433e-05,-0.0005119817659264282,0.00018213035841712998,9.209044769432606e-07,5.6674452536778687e-05,5.884246982614745e-06,1.900156477699972e-05,-9.322128815154725e-07,-2.5593198216088117e-06,-1.4627434414299733e-06,-1.4024448979992024e-05,7.602713077230348e-06,-0.0010371752787032293,-0.00013089961353838852,9.755565882870166e-05,-0.00011563546854120955,6.936846016169949e-05,-5.4783645698684774e-05,1.6089788528539327e-05,-0.0002436205148103009,7.27525954080033e-05,5.8432658655540515e-05,6.584804607648097e-06,3.5191608080775846e-05,0.0010999370129815599,3.967416684626805e-06,5.676120245717447e-06,3.0846630908047616e-05,3.766656784777777e-05,6.416495154498137e-06,4.8762564197265245e-06,-5.416561674946035e-05,0.00013505332812477734
PSTL,-4.4781018935742e-06,-3.948172326339568e-05,-0.00010470637714695076,-1.0635640660537915e-05,5.0717605023411466e-05,3.09101757009728e-05,-5.2915858898875536e-06,6.909255702947872e-05,5.728379742127856e-06,-2.61521825082084e-06,1.5546703888483453e-05,2.4485756787675082e-05,-6.281690179860419e-06,0.00025034534236674136,1.317152501441756e-07,4.522164148357013e-06,3.021458788276965e-05,7.173661680919047e-06,0.0002896767142720866,9.209044769432606e-07,0.00013064529754090704,6.89218423632115e-05,4.556596746378162e-05,2.3247226073604657e-05,-1.6495494003822512e-05,9.305584110453846e-06,2.0410666152032495e-05,1.577099341803426e-05,1.0660765846644082e-05,0.00022080935522348868,-5.073630917402723e-05,-6.233367034470326e-05,-3.436646056369611e-05,3.0030475080645748e-05,-3.922156209558372e-05,-6.522714706689795e-06,-4.805923917916636e-05,-1.465074060613211e-05,1.521296475303456e-05,1.0256051843485569e-05,2.3830859108433523e-05,-0.00023128123360629957,-8.252365114309117e-06,-1.9250770955297908e-07,2.5050744608642506e-06,0.0002834704825141267,1.298814430732158e-05,-9.876861191791956e-05,1.732845294165086e-05,4.692167100125848e-05
RCAT,-1.8860624120363035e-05,0.001232107854265071,-0.00036493109198677896,-5.7292038067623116e-05,0.003155657885410669,-1.445559258309175e-06,-7.329141237705462e-05,0.00021447706779843673,4.4198461624509444e-05,2.0000861676634936e-06,9.419038737659396e-05,-0.00018840464734651077,-7.414074780218141e-07,0.0018072901658655583,4.599584286972683e-06,0.00011861049347348034,-3.414521164552548e-05,0.0002592932391943082,-0.0022976121250748867,5.6674452536778687e-05,6.89218423632115e-05,0.015451533846839255,-0.00012532238962285276,0.0008090123373253036,4.560995428954458e-05,0.0022666062326740593,0.00020956044375045957,-0.00028127383075714945,0.0003134610652571398,0.003834827255349918,-0.0005763291603213646,0.000994503340360288,-0.002246754969441765,-0.0008858662733754762,-0.0005406800490447127,-3.790722777236941e-05,0.0013255552200125984,-0.0003161715727606302,0.0010866622541842541,5.720615158983303e-05,0.00012081559231230183,0.008408201058031757,-3.0240262956313017e-05,3.0485907539753282e-05,0.00013270137078120716,-0.0035435843262671,0.00033961508541638055,-0.00015712709516193385,-0.0019661066653369193,-0.000153228398205974
SGU,-1.3237533643673846e-06,-8.466276783804573e-05,-7.343421774499445e-05,9.551544766117544e-06,-0.0002884829366544743,3.1803515945953326e-05,-2.478502337668914e-06,2.3272352406531094e-05,-4.3571757258411897e-07,9.409988108878842e-07,5.531107798861932e-06,-1.8287975058430586e-05,2.518121737647412e-06,2.8914926686656394e-05,1.847572701368421e-06,-3.22416540140931e-05,3.970767657669286e-06,-1.966449345699697e-05,-0.00022467281749479875,5.884246982614745e-06,4.556596746378162e-05,-0.00012532238962285276,0.00010253381807550445,-5.569576340208897e-05,5.760818720920228e-06,-0.0001147526716550313,-4.007895088886352e-05,-1.0111417637392726e-05,-1.233195470572855e-05,0.00010239737112136278,-0.0002370690064611423,-3.4995796002700646e-06,1.2781085210498583e-05,5.6556903385802896e-05,-4.610433893604468e-06,8.991965077961813e-06,-8.742126900173555e-06,-1.44133345800325e-05,7.212334310371574e-07,-2.8131312903368647e-05,-5.622758639168372e-06,-0.0010117398092596163,3.1912313072276877e-06,-1.3360674951731447e-06,-2.54717122474788e-05,1.1851202302429947e-05,-1.5645073369415517e-05,-8.067886405440847e-05,0.00022127978184394544,-5.394930645818795e-06
SSNC,-1.4662898284902294e-06,0.00010197323421827141,-1.0267315164645035e-05,-1.2702509680299049e-05,0.00027429416005668466,-1.1089410046995736e-05,-1.0135279738124978e-05,3.144213694082191e-05,8.316118692471582e-06,-1.886664598565092e-06,1.4758266371071984e-05,2.624234109306402e-05,-4.830691022337435e-06,0.00020561632194383462,-1.4823706428735577e-07,2.6424452646195316e-05,2.331343946099037e-05,2.4646933013678986e-05,0.00017035884201989607,1.900156477699972e-05,2.3247226073604657e-05,0.0008090123373253036,-5.569576340208897e-05,0.0001068626942902531,-8.250458443303912e-06,0.0001424925739723753,6.65186783345707e-05,-1.6582650830204316e-05,3.668447578238059e-05,0.00040810262964400125,3.1227913511331464e-05,8.29841945296054e-05,-9.082975977381796e-05,-4.7808844362392004e-05,-1.6427744259621296e-05,-5.026186890494342e-06,-1.2458855760917276e-05,1.252130340654598e-05,8.998015755133952e-05,4.1648083890052035e-05,2.628762795399199e-05,0.0012738148894109052,-6.781407351107736e-06,4.771881809873802e-06,5.15390262147525e-05,-0.00012308978982930173,8.476066936103993e-06,4.80890838128228e-05,-0.000157615847377079,5.360181704609017e-05
SUSC,2.5007213210857207e-07,-6.261182762622601e-06,4.502110673883859e-06,4.6047558320111065e-06,-2.4436751832168114e-05,-5.96938767185921e-07,-2.0126123565424128e-07,-2.0079784434423887e-06,-3.853241309927257e-07,5.806452164201115e-07,-1.253992891095721e-06,-7.6767787125465e-06,2.054177159712021e-06,-3.644576544423556e-05,5.265677773327731e-07,-1.4093464730506283e-06,1.555073351063163e-06,-3.900693766196317e-06,-5.184663495661659e-05,-9.322128815154725e-07,-1.6495494003822512e-05,4.560995428954458e-05,5.760818720920228e-06,-8.250458443303912e-06,5.310481016391892e-06,5.159015806047564e-06,-9.169991498087539e-06,-3.594846992329166e-06,-1.9269035780234965e-06,5.247085808414361e-05,-2.904914430037861e-05,3.5060861480816e-05,1.000118168002734e-05,-8.409875960696203e-07,6.769642292694982e-06,2.4038024181618602e-06,-2.5141041245582798e-06,-1.9267523688867502e-06,6.2730142184709135e-06,-5.380263269481803e-06,-5.4516345836612865e-06,-0.0001348538604161686,2.8274310498678442e-06,7.30794002064657e-07,-4.8475340035129585e-09,-9.033815627750549e-05,-2.488303840194779e-06,8.149079541584581e-06,8.482340994632138e-06,-1.4722166183890668e-05
TME,-1.1910069115496832e-05,0.0001747134014975479,4.873419617529496e-05,-5.98455290761977e-06,0.0007828290005569958,1.277448253567278e-05,-2.074792530148686e-05,0.000140101334613546,1.3109906190591218e-05,-1.3563863580561506e-06,2.7983294477703083e-05,-1.0680157001938812e-06,3.467720399655009e-06,4.220811270689697e-05,-2.363735580363293e-06,7.76499286978266e-05,3.700861143471179e-05,7.035641679473455e-05,0.00131958973042017,-2.5593198216088117e-06,9.305584110453846e-06,0.0022666062326740593,-0.0001147526716550313,0.0001424925739723753,5.159015806047564e-06,0.0008220606604142996,5.9985040687630344e-05,-3.9341212202606833e-05,7.02591014386953e-05,0.0013514038736814151,0.0004916841790991102,0.00017527407921969523,-0.0003565815210908056,-8.847202720961214e-05,-0.00021201056583061408,-2.1875137500565536e-05,0.00022807612276794725,-6.183107522919074e-05,0.0002361584722372104,3.3598455167528376e-05,4.825630720104127e-05,0.0009003934640975379,-7.858829156622305e-06,-3.136741907209676e-06,0.00010465916496813819,-0.0008118149954064475,0.0001581912438904911,2.272692637025752e-05,-0.0008094023413429785,-3.586729443301876e-05
UCC,-1.8540880890246968e-06,2.7425447874872883e-05,-2.548000963848423e-06,-1.0958273007874771e-05,0.00012575465822129992,-3.438316318687437e-06,-8.041222622008779e-06,2.37815659299914e-05,7.2651805237191785e-06,-1.51496925187874e-06,1.232544184680455e-05,2.948138679768779e-05,-5.007621074045547e-06,0.00011772920778176502,-7.912495629130978e-07,1.5327574952007984e-05,2.1710138360212587e-05,3.6718660433454252e-06,0.0003790592973034124,-1.4627434414299733e-06,2.0410666152032495e-05,0.00020956044375045957,-4.007895088886352e-05,6.65186783345707e-05,-9.169991498087539e-06,5.9985040687630344e-05,5.7088096986664786e-05,-1.6745365174103372e-05,2.4836833099177495e-05,0.0004588645024709212,6.229420784929554e-05,1.8874529380224335e-05,-9.340531954577227e-06,-8.15408899716925e-06,-2.4828020496237414e-06,-3.6306138416067354e-06,-1.6713263086871543e-06,1.4089215004480996e-05,5.226367491761785e-05,3.559561380013303e-05,1.889434067133453e-05,0.0007456629660236014,-7.104566930231876e-06,7.663164766335824e-07,4.907463874220819e-05,-1.8937079395409716e-05,-3.943856884703502e-06,4.9714225323275424e-05,-3.4095565577104266e-05,4.893427076732788e-05
WEA,1.5759253682665087e-06,-1.2968265042443417e-05,-1.3212068632017627e-05,-8.196028353630845e-07,0.0001231181958182244,-8.695344708725892e-06,8.627305009353719e-06,-1.1972176230839671e-05,-4.105968498996391e-06,-6.669452347970746e-07,-1.0948809389079435e-05,3.4446002681200844e-07,-6.970604798093935e-07,8.920117004546974e-06,-6.679496885656959e-08,1.7249538404518252e-05,3.531082781574336e-06,4.486364412960527e-06,-0.00013112827164740617,-1.4024448979992024e-05,1.577099341803426e-05,-0.00028127383075714945,-1.0111417637392726e-05,-1.6582650830204316e-05,-3.594846992329166e-06,-3.9341212202606833e-05,-1.6745365174103372e-05,4.5150201830837673e-05,-1.5240859835773502e-05,-0.0004264487005170873,3.752408304019963e-05,-2.935829985561383e-05,5.213179709028155e-05,-2.0788302069776644e-05,2.4019237030380066e-05,-5.731364803614746e-06,-7.557756876045402e-05,-6.194110040460316e-06,-6.653142707430308e-05,-7.280797547447761e-06,-9.33686866983291e-06,-0.00022100018401709876,2.486581187175528e-06,2.8865174280260483e-06,-3.4434209288219285e-05,0.00022064059105714374,2.983864508869982e-06,-3.254184101930693e-05,-6.852201911546909e-05,-2.655877415307433e-05
XRLV,-1.4262354743323795e-06,2.665871975033435e-05,-4.457648456228902e-06,-3.629416550231953e-06,7.756220508747043e-05,1.980482263660806e-06,-6.928346577989365e-06,2.318286374706244e-05,3.910233661457273e-06,-4.561787727552052e-07,9.80882328357315e-06,8.564256158690886e-06,-1.27933105291543e-06,6.0110243862305057e-05,-3.23446152511181e-07,1.0083822043402602e-05,1.2202683659310845e-05,7.115660157160806e-06,0.000160356648358476,7.602713077230348e-06,1.0660765846644082e-05,0.0003134610652571398,-1.233195470572855e-05,3.668447578238059e-05,-1.9269035780234965e-06,7.02591014386953e-05,2.4836833099177495e-05,-1.5240859835773502e-05,1.6213373384196685e-05,0.0003100049172243414,1.4743846218651664e-05,3.5887391293419836e-05,-3.662579788967838e-05,-2.44557339677851e-06,-1.815176587391758e-05,-1.0166637244448313e-06,1.1821205064179017e-05,4.348361731868888e-06,4.8939107723168995e-05,1.584040538497513e-05,1.3216933205099635e-05,0.0003424875407517843,-2.788263250398433e-06,5.359263189691961e-07,2.5228816684777578e-05,-0.00010899828365081776,6.959825261139795e-06,1.8624508832215393e-05,-5.519524683557969e-05,2.3203012943370447e-05
CTIB,-6.683450161244475e-05,-0.0013450013240183304,-0.0007330721323814106,-4.263276377939282e-05,0.0032487199771475328,0.00027492352312205733,-0.00023214184924107804,0.000753808877064831,0.00011032143715459212,1.2971822960038539e-05,0.000296962107542829,1.4027271710784873e-05,-2.5316271945259503e-05,0.00037677981200026005,-3.338091890319771e-05,0.0005925401909679193,0.0007553597286577701,-0.0004951323753356065,0.009433357317282719,-0.0010371752787032293,0.00022080935522348868,0.003834827255349918,0.00010239737112136278,0.00040810262964400125,5.247085808414361e-05,0.0013514038736814151,0.0004588645024709212,-0.0004264487005170873,0.0003100049172243414,0.019284281196361445,0.0004274602984557415,0.0009671107548550441,0.0009341964245011365,0.00016553345303318596,2.4890183916126537e-05,-5.551919320780823e-05,0.0013518091778784462,-0.0002843020744761561,0.0010496605207450597,0.00030172776475583825,7.868579580231707e-05,-0.007524083711920091,-3.8552167020572184e-05,-2.645667155783775e-05,0.0005384004001795239,-0.0048280652845112074,-1.9360129133386094e-06,0.0005782225182352935,-5.3189942152964025e-05,-0.0003631403051639073
DQ,-5.3247299756350435e-06,3.3502389268838706e-05,0.00019411447105789325,-3.853150120595576e-05,0.0010715483344726556,-2.29003068984838e-05,-1.9108858532572363e-06,6.38933976521073e-06,-7.639034465164983e-06,-3.0253914653088254e-07,3.6135265519846886e-06,2.4032999259659657e-05,-9.586694171845686e-06,-0.00038962208020590643,-1.683363145379428e-05,0.0001496048482382121,-2.1019454709505542e-05,3.599482942803992e-05,0.0019579244928621,-0.00013089961353838852,-5.073630917402723e-05,-0.0005763291603213646,-0.0002370690064611423,3.1227913511331464e-05,-2.904914430037861e-05,0.0004916841790991102,6.229420784929554e-05,3.752408304019963e-05,1.4743846218651664e-05,0.0004274602984557415,0.001215526125032096,-0.0003630341907949254,-4.3378359106616775e-05,-3.0815183300902345e-05,-0.00016597384890066824,-5.056661520277898e-05,0.0003957170968213499,-2.4865317898989583e-05,-7.413491010537093e-05,5.118700932448069e-05,3.7811436385209355e-05,0.00020709990103542805,-2.13819978729408e-05,-2.29704398833317e-05,-2.0079399262054313e-07,2.7615090332316926e-05,0.0001590584550902234,8.198022020711945e-05,-0.0008766434096672843,-5.4240342676746925e-05
EYPT,2.8754707831438834e-07,6.071440432881966e-05,6.237108983667081e-06,3.577609307249129e-05,-2.5653211527387653e-05,-1.7315589642636532e-05,-2.5134943327759866e-05,9.733711862072227e-05,1.2794214156144483e-05,2.849097993611188e-07,2.3054713957738795e-05,2.536060972974107e-06,1.40795953644783e-05,2.54185142255521e-05,8.038306644854755e-06,4.111148750465566e-05,0.00011011996060237748,1.6820705310016464e-05,-0.0001416661916264519,9.755565882870166e-05,-6.233367034470326e-05,0.000994503340360288,-3.4995796002700646e-06,8.29841945296054e-05,3.5060861480816e-05,0.00017527407921969523,1.8874529380224335e-05,-2.935829985561383e-05,3.5887391293419836e-05,0.0009671107548550441,-0.0003630341907949254,0.000594826630754981,0.0001172910626727625,1.2081514526918132e-05,6.872653927821921e-05,2.350702106174839e-05,-0.00040299728063174635,5.518689824782193e-05,0.00020677194682295995,3.08311219998917e-05,8.25929312023969e-06,0.0004015339918972333,2.3718767688527662e-05,2.3769969571934535e-05,0.00010439369969744332,-0.0009039505537751325,-3.298890904667956e-05,0.000154120355215717,-0.00014528151407417508,2.1190185495863307e-05
GEVO,2.2969623221649195e-06,-0.00033375465938026276,-2.512105788689478e-05,1.7237314410024753e-05,-5.9720265507114345e-05,-6.742897410100936e-06,-3.968131421543014e-06,5.577304853877335e-06,6.27430230628193e-08,1.3391867529064028e-06,-1.7008850063383644e-06,2.2893011682819824e-05,1.562110879655486e-06,-0.00025477639567455157,-1.0697275445204637e-06,7.046234227106758e-05,0.00011241435265664035,-9.82194278384934e-05,0.0006826746304810493,-0.00011563546854120955,-3.436646056369611e-05,-0.002246754969441765,1.2781085210498583e-05,-9.082975977381796e-05,1.000118168002734e-05,-0.0003565815210908056,-9.340531954577227e-06,5.213179709028155e-05,-3.662579788967838e-05,0.0009341964245011365,-4.3378359106616775e-05,0.0001172910626727625,0.0006229344509428608,0.00010658784175327781,0.00021041976140894646,5.276760225586259e-06,-0.00031504059966086496,4.062790120800788e-05,-0.0001202236143564994,1.7964034898982897e-05,-4.023641786731949e-05,-0.002114110951002238,1.5745861295677804e-05,7.024186018212969e-06,4.457706091810368e-06,6.757934580588978e-05,-0.00010038332857564841,0.00012979802748879307,0.00029973708555552003,-6.0408278963352996e-05
KIM,-1.6149229570063302e-06,-7.123986511954966e-05,2.1917748240132787e-05,1.0364132237580465e-05,-0.00039785127805859233,2.6851867560803763e-05,-1.5629454015296704e-05,6.343828153190204e-05,1.1748082187795334e-06,4.366851100826579e-08,2.303987850781901e-05,1.7502362148122996e-05,2.947494615307156e-06,-0.00012482414508425586,-5.027723508003671e-07,-3.985213281956996e-06,2.5280469322944262e-05,3.188626928055096e-06,0.00034355225653434813,6.936846016169949e-05,3.0030475080645748e-05,-0.0008858662733754762,5.6556903385802896e-05,-4.7808844362392004e-05,-8.409875960696203e-07,-8.847202720961214e-05,-8.15408899716925e-06,-2.0788302069776644e-05,-2.44557339677851e-06,0.00016553345303318596,-3.0815183300902345e-05,1.2081514526918132e-05,0.00010658784175327781,0.00016057621520644606,-3.810562863123676e-05,1.0776783285981942e-05,-0.00014139152384084385,5.270055294750642e-05,2.775973394180146e-05,8.093410768399394e-06,2.933536251145624e-05,-0.0007699725812388221,2.056684693689944e-06,-3.382987253413691e-06,2.145261345606047e-05,-3.915473728186201e-05,-3.3755165286817954e-06,5.041214416111693e-06,8.667013112800333e-05,8.814736578167835e-05
