,AFMD,ALACU,ATHM,BDN,CVEO,DUK,EVV,FTXO,GBDC,HCAT,HUT,ILCB,IMTB,IXC,LHX,LPI,MATW,MPWR,MSA,NEW,NTES,PICK,RCKY,RY,SHYL,TC,TCFC,TOKE,TRND,TWTR,UMAY,ZYME,AVDE,BCM,BPTH,CHCT,CLBS,CLSD,DBJP,DRIO,EQX,IAK,LBJ,LC,MGM,PRVB,RTH,TOL,BCEL,FRSX
AFMD,0.0009987749919770162,-0.00013900557694242918,-4.008038220027114e-05,-0.0003380930793294678,-0.0004990889763354721,0.0002288397234425482,0.0002461480548701212,-0.0004796698960646505,0.0003419496296944242,-0.00040218157217564583,0.0015899198520367037,8.019945745548534e-05,0.00028804072444881586,-0.00024450592649576043,-0.00018256271430875203,-0.0004306500351739603,-0.00022600251114387172,3.571198674772466e-05,0.00017887557630649983,-0.0008441804616687509,0.0003019159491105867,-7.143099874332456e-05,-0.0005094289917076578,-0.00011129990677060829,0.0002704007886220712,0.0008840264527906983,-0.0008074970123768513,8.372329234076183e-05,0.00018455932517022388,-0.0002000227499965607,0.00020853601502858758,-0.00018066717049834997,6.088517413462974e-05,0.0001612973814853202,-7.668702460302473e-05,-0.0003525432390485739,-0.00020082880961507654,0.0008299605470209837,6.254820036164208e-05,0.0010360354977425072,0.0006820855411900522,-0.00014064708980870408,-0.0010289624723654072,-0.0005135096666726083,-0.0008413697212462468,-0.0005624544464247948,9.973617631779886e-05,-0.0007385114402342788,0.0001916113182509891,-0.00017654227225937538
ALACU,-0.00013900557694242918,0.00010417458174492568,-3.224422233284061e-05,-0.000116114252202737,-0.00011710640530145886,-3.359407188680992e-05,-7.252847075342351e-05,5.521239717935576e-05,-3.3900071125528993e-05,0.00026567413157032617,0.0003281354427054342,-2.3381995081583283e-05,-0.00011511459575626594,3.7867296347434936e-06,-4.812111158171999e-05,0.00013997908850648118,-0.00025494522348906413,-8.238376348983892e-05,-0.0002731220944851971,0.00036501687863570154,-0.00011703012132131037,-2.1378512330113668e-05,-0.00014274787250150535,-7.588065464848277e-06,-6.747761898708906e-05,-0.00037349018681612136,6.647743455702555e-06,3.22148787785716e-05,-5.9702938814356244e-05,0.00026173424300753257,-8.771552538177333e-05,0.00015020842003307102,-2.979554645948169e-05,-7.706256738534564e-05,3.031270486814806e-05,9.737874977884948e-05,8.815735107532126e-05,-3.2791712239660647e-05,-7.614982209239198e-05,-7.318203862172827e-05,-0.00022299813450473907,-4.7693600436990376e-05,0.0005650174903470502,0.00015393024412774865,0.00012327649724296823,0.00020757856422290154,-3.4839458854954544e-05,-4.405986104601679e-05,0.00016004430936012666,-0.00028775864764136224
ATHM,-4.008038220027114e-05,-3.224422233284061e-05,0.0003687747979838283,0.00039123092162863686,0.00025722234800542324,0.0001462445254672552,0.00011900092181432093,-0.0002540666982139607,-2.1038465344931884e-05,-0.00013051028106948504,-0.0010405129668143345,3.6201866860694386e-05,0.00023480146451599945,6.569915276343283e-05,0.00033259941188557967,-0.00028247286745281637,0.00021853837183762016,-5.032013885550086e-06,0.0002989182293901815,0.0004901874274115024,0.00037153348356549327,0.00013117203761724215,0.00010809822287793949,0.00011554017918049135,0.00017622145155710137,-4.2739076289556864e-05,-0.00032949291444233893,-0.00010351865218562544,0.00012567227450471953,-0.0002679088238201408,0.0001821979740990942,-0.00014200070842384192,0.00015769908444807063,0.00014001220279586426,4.113957546878934e-05,-0.00014449811165636526,-5.268517489725704e-05,0.0001550311767780152,0.00027961354967804815,-0.0003464678293314588,-6.93662952190231e-05,-7.331680211954319e-05,-0.0003749745473372946,-7.314511592959269e-05,-0.0001979380174189457,0.000190123630816113,5.802227529583778e-05,-0.00030692520144240875,-1.6703309747470693e-05,0.0008784517568996619
BDN,-0.0003380930793294678,-0.000116114252202737,0.00039123092162863686,0.000956917465231429,0.0005411476620047342,0.00026482878835129467,2.138903345492169e-05,-0.0002071161091623288,-0.00010581739493604186,-0.000986580079153839,-0.0017009359317737864,3.422063868191959e-05,0.0002454462550970708,0.00013199178218593904,0.0007327336510845278,-0.0003681497644125742,0.0007530627476405199,3.5996092551255384e-06,0.0004361387079212474,0.00022009666139381442,0.0003165556991922632,0.00010357116385424312,0.0004967519807435633,0.0001421160736020309,9.241112887821707e-05,-0.0001255098363017752,0.00019215240113627222,-1.5287201852136894e-05,9.536434657390443e-05,-0.0004087552815803532,0.00020735418360982256,-0.0001403680238278223,0.00016584063388820294,0.00017008510155668122,0.00026188476407801396,0.0002687071357566231,1.4138707150772366e-05,0.0002303307746968997,0.0003359371774757027,-0.00044579179816899305,0.00018277711029599935,-2.6865380528372417e-05,-0.00018925498535924776,0.00016692518712769884,0.000341746450278734,-3.786773386834502e-05,5.916909332832653e-05,0.0001683793731231512,-0.0004869341364055343,0.0014973459992748406
CVEO,-0.0004990889763354721,-0.00011710640530145886,0.00025722234800542324,0.0005411476620047342,0.000782797999096258,-0.00013623253471287935,4.070355496677419e-05,0.00021114137262618574,-0.00021863545461615268,2.5101709380051854e-05,-0.002568081942330774,-2.067442916813561e-06,0.00010857239755111824,0.00022836755819434642,0.00025545286052511745,-1.7267020089655812e-05,0.0007537880237928345,0.00018153940564550992,0.0006116670178229664,0.00016454473114742372,0.00018199427682513683,0.00019171150465457522,0.0007578118825013139,0.00016337645317919888,1.824776027202088e-05,0.00015058764012861148,0.0004234507115867103,-0.0002506130993372226,3.911936423584405e-05,-0.0005462735919223439,8.708714415281306e-05,-0.0002811068318883777,7.612798974589517e-05,8.709869352757784e-05,-9.112894351776081e-05,-0.00015622769184942507,-8.891796567149407e-05,-0.0007151978793409245,0.00022422960158116793,-0.0009221168445346381,-0.0002190400241436164,0.00022033251527520188,-0.0007305277621808166,-4.214485814209222e-05,0.00018323059634464998,0.00017622092024614084,1.6315972766556226e-05,0.0005217214322520687,-0.0004152611337830186,0.001005480476292567
DUK,0.0002288397234425482,-3.359407188680992e-05,0.0001462445254672552,0.00026482878835129467,-0.00013623253471287935,0.00027935568584650536,5.5136539698132365e-05,-0.0003485106073624756,0.00010650575606133437,-0.0006424385226028029,0.00044213786410626907,4.006236805472755e-05,0.00017186984754206426,-7.22765345275751e-05,0.00030221811703572853,-0.00031790174340350866,3.250893449957803e-05,-8.471226812898551e-05,1.5240570097580412e-05,-1.260620720802539e-05,0.0002017617445262132,-2.7639478204960633e-05,-0.00017780880492195632,-2.0171105726909175e-06,0.00012009815552789231,-3.5482774802246704e-06,-0.00030794597634286453,0.00011279358379177842,8.710321340134836e-05,-3.1057304715980615e-05,0.0001386073315419552,8.233206195284678e-06,9.200777957385239e-05,0.00010234426097904813,0.00018352993091803708,0.0001384361365922045,8.789962896636255e-06,0.0006561199271681894,0.00013319369662460735,0.000332128828800759,0.00031201726718621764,-0.00016358058826235715,2.155354505227598e-05,1.1768518150362653e-05,-8.585509764348414e-05,-0.00016840543632520096,5.178929178880417e-05,-0.00035464217637416463,-2.6176370991337072e-05,0.0004441060262078679
EVV,0.0002461480548701212,-7.252847075342351e-05,0.00011900092181432093,2.138903345492169e-05,4.070355496677419e-05,5.5136539698132365e-05,0.00013028409680800472,-0.0001643194482024071,6.831828813610331e-05,-4.132727499088882e-05,-0.00022321118817397801,3.4035136561618515e-05,0.00016944490189065034,-2.1541409359372273e-05,1.236930741416638e-05,-0.0001937947267025418,8.590250244477419e-05,5.6732422858479235e-05,0.0002564123121115312,-0.0001180089931893688,0.00022766952645431109,5.3247590111158466e-05,-1.145096301997266e-05,2.2115496206064225e-05,0.0001417878224811613,0.00034435204762224244,-0.00029984983393248425,-6.70525306482353e-05,0.00010104111011303118,-0.00024051765433382043,0.00012482366304848323,-0.00016108712066466635,6.910330142053608e-05,0.0001000225046241754,-7.142999056271852e-05,-0.00024343827854298724,-0.00011049349779319572,0.00011975814369027896,0.00012428693339692123,6.579678970760034e-05,0.00013044139124813615,-1.1657632828151074e-05,-0.0006355955353444732,-0.00023260118629178582,-0.0003506803827956224,-8.088822267380821e-05,4.914906655941722e-05,-0.00024053031637159022,1.8774938575585938e-05,0.0002808699601269258
FTXO,-0.0004796698960646505,5.521239717935576e-05,-0.0002540666982139607,-0.0002071161091623288,0.00021114137262618574,-0.0003485106073624756,-0.0001643194482024071,0.0005379995463220219,-0.00018629844838579835,0.0005886980181757872,-0.0005579025288649399,-6.856274698132403e-05,-0.0003049217263248285,0.00011384884979077812,-0.00029077402707667813,0.00047965336378800127,5.1608642923555585e-05,8.043689792507415e-05,-0.00012187285788815212,-3.176525763644018e-05,-0.0003959542667918038,-6.7263616484531375e-06,0.0003251827953036572,-7.821292913184464e-06,-0.0002499118653021745,-0.00017992226704992894,0.0006868168820063964,-7.718001690643277e-05,-0.0001719359266459108,0.00013098557763517685,-0.00023530016648034107,7.575235699283684e-05,-0.0001542065247382019,-0.00017467812928654354,-0.00013521104316017307,6.657029314439933e-05,6.331139576010007e-05,-0.0008579815410302868,-0.00022575260455834844,-0.0004484913524588032,-0.00037522583942096045,0.00022516503218894738,0.0003501539544202086,0.00016648763019286555,0.00043313933762234813,0.00017310781449083966,-9.075922435944689e-05,0.0007022642761970509,-0.0001040936693072746,-0.0005678867879637817
GBDC,0.0003419496296944242,-3.3900071125528993e-05,-2.1038465344931884e-05,-0.00010581739493604186,-0.00021863545461615268,0.00010650575606133437,6.831828813610331e-05,-0.00018629844838579835,0.0001245798153262345,-0.00019911500377197994,0.0007108437961886966,2.654405547836003e-05,8.765893140007722e-05,-9.52417337980431e-05,-3.6398904146397765e-05,-0.00015206025229358636,-0.00011615653787354515,-1.432239882430387e-05,-8.931593869367569e-07,-0.00026277115276751746,8.574441329419338e-05,-4.130442590206773e-05,-0.00022021768902919997,-4.610368886236262e-05,8.365467501193953e-05,0.00023365351444772233,-0.0002819789548911833,5.978835082603303e-05,5.5839268978899875e-05,-1.2717306432190309e-05,6.446807970120254e-05,-2.427121149220022e-05,1.891369241320154e-05,4.787596430552281e-05,9.786540829972607e-06,-6.114529533179354e-05,-4.5951620551987455e-05,0.0003639910019770052,1.0789962999689944e-05,0.0004067229951849955,0.00024915750595398613,-7.409466980441572e-05,-0.00021642418115570773,-0.0001337555564682404,-0.0002482514546918944,-0.00019737545267575058,3.154067404034085e-05,-0.0002771563619419574,7.739329376288417e-05,-8.508391822687421e-05
HCAT,-0.00040218157217564583,0.00026567413157032617,-0.00013051028106948504,-0.000986580079153839,2.5101709380051854e-05,-0.0006424385226028029,-4.132727499088882e-05,0.0005886980181757872,-0.00019911500377197994,0.002409680403789971,-0.0005289085023486444,-8.886598773242144e-05,-0.00036781125385103807,0.00013452689611583276,-0.000855650254271511,0.0007440859435855272,-0.0007687378721382509,5.586358585631449e-05,-0.00032947951755019165,0.001077564915062499,-0.00028251858603949937,0.00013953758819432475,-0.00011720314192509835,4.324944433809573e-05,-0.00014583087927001157,-0.0004341312061279185,-5.691115728967721e-05,-0.00034160930579081074,-0.0001501498198565338,0.0003706457045259301,-0.0003101494133917176,8.817615866829364e-05,-0.0001367041000498526,-0.000252568803370338,-0.0005233870746556545,-0.000642604887457891,9.279990942236935e-07,-0.0013769344480720693,-0.000250582642985906,-0.0009145036963362778,-0.0012246895870453756,0.00018569614976135006,0.0002836069609205522,-9.554179874609398e-05,-0.00029679265569491117,0.0009609441549132168,-0.00011725877547279937,3.1503936472661203e-05,0.0006993052194072417,-0.0013224381507035074
HUT,0.0015899198520367037,0.0003281354427054342,-0.0010405129668143345,-0.0017009359317737864,-0.002568081942330774,0.00044213786410626907,-0.00022321118817397801,-0.0005579025288649399,0.0007108437961886966,-0.0005289085023486444,0.00868913285328662,-5.711983619164797e-06,-0.00044528369703263353,-0.0007661808199152802,-0.0008232255170000449,0.0001219928593620674,-0.002275598843020964,-0.0005667444333309722,-0.002035548897436019,-0.0010913887817448472,-0.0007979880912754368,-0.0007175605554721517,-0.00234026422110692,-0.0005930073577248934,-0.0001756826329141202,-0.00037898313263414103,-0.0009716522830372804,0.0009238494975145511,-0.0001934567466579964,0.0018028604937617286,-0.0003472916212127106,0.0009606159248404151,-0.0003269447024163555,-0.00032519755687151743,0.0003772776142544108,0.0007676688595844427,0.00032560111917739583,0.0023434386777452833,-0.0008476495826107342,0.0032434075791626556,0.0009748975285611993,-0.000651939317137251,0.002523716935204547,0.00024181343388764555,-0.00028023094231427974,-0.0008825476484656638,-7.337634417261778e-05,-0.001315379653130618,0.0011019366457431401,-0.0034306014947736523
ILCB,8.019945745548534e-05,-2.3381995081583283e-05,3.6201866860694386e-05,3.422063868191959e-05,-2.067442916813561e-06,4.006236805472755e-05,3.4035136561618515e-05,-6.856274698132403e-05,2.654405547836003e-05,-8.886598773242144e-05,-5.711983619164797e-06,1.1756060565284542e-05,5.500411839553039e-05,-1.26093305884091e-05,3.296011793119053e-05,-7.581937636121274e-05,3.275739880678168e-05,7.171065503210076e-06,6.431969531367807e-05,-5.1097489210274005e-05,6.805473623268817e-05,7.33205905090539e-06,-1.3387547410637123e-05,3.2892456630469916e-06,4.208470840394956e-05,8.908804817138174e-05,-8.702453470932493e-05,-2.1324893948388046e-06,3.0832700101178736e-05,-6.253125993453696e-05,4.1834722201405436e-05,-3.7795868650814615e-05,2.3020091669242323e-05,3.308359216405822e-05,2.8933311219458165e-06,-3.7169653085912304e-05,-2.520471202874977e-05,9.151532728098856e-05,3.9433555534760135e-05,5.526584098562583e-05,7.159905274431683e-05,-1.5604717538342323e-05,-0.00015063285639482877,-5.229602231905876e-05,-8.220547929357766e-05,-4.748273557630593e-05,1.634970248156967e-05,-7.758065949634427e-05,-8.330850031961231e-06,0.00010810401497019944
IMTB,0.00028804072444881586,-0.00011511459575626594,0.00023480146451599945,0.0002454462550970708,0.00010857239755111824,0.00017186984754206426,0.00016944490189065034,-0.0003049217263248285,8.765893140007722e-05,-0.00036781125385103807,-0.00044528369703263353,5.500411839553039e-05,0.0002795020706955028,-2.0313997728705163e-05,0.00020406066081234735,-0.00036206829008990853,0.00024058378641450608,5.054037637031475e-05,0.0003822704317654395,-0.00012215285788680713,0.00036472687284579185,7.252894593914306e-05,3.337385496841651e-05,4.8168093210492436e-05,0.00020873970396973789,0.0003938308133195866,-0.0003843531694908615,-5.516197302010951e-05,0.00015445928541910745,-0.0003626645785497615,0.00021307958833413724,-0.00021344507138299927,0.00012869543126442883,0.0001697257880617163,7.543206484520747e-07,-0.0002094364531606207,-0.00012714385974553206,0.0003270771135196575,0.00023128715905121783,8.404779979411138e-05,0.00026257838955995316,-5.2802797059556364e-05,-0.0007846090077958848,-0.00024547632960301963,-0.0003736975665350813,-0.00014857364731311044,7.966018295194876e-05,-0.00032817227271926547,-7.121078473819168e-05,0.00068038564268895
IXC,-0.00024450592649576043,3.7867296347434936e-06,6.569915276343283e-05,0.00013199178218593904,0.00022836755819434642,-7.22765345275751e-05,-2.1541409359372273e-05,0.00011384884979077812,-9.52417337980431e-05,0.00013452689611583276,-0.0007661808199152802,-1.26093305884091e-05,-2.0313997728705163e-05,8.376014845795772e-05,5.841716682374529e-05,6.759321639062779e-05,0.00015783789317040187,3.1671924051294374e-05,9.464733164910455e-05,0.00020143066703107206,5.10854699749662e-07,5.64967231878283e-05,0.00021390243553464207,5.2495851210719306e-05,-3.0216697866901328e-05,-0.00010589415570976077,0.00017341352883258506,-7.508864114876282e-05,-1.699945254402819e-05,-7.660008542598182e-05,-1.4051224789327775e-05,-3.265324941012374e-05,8.43542857604998e-06,-7.553596702806143e-06,-2.3145382388837333e-05,-1.0519690946457796e-05,7.659731133879238e-06,-0.000288048873807756,3.78513824564562e-05,-0.0003606812747790376,-0.00017749417949224333,6.422016984007239e-05,-8.411902102223411e-06,5.434046622741958e-05,0.00012934838852924352,0.00014944397435303185,-1.1745396343447957e-05,0.00018694012321910622,-8.226682819384171e-05,0.0002084193723129822
LHX,-0.00018256271430875203,-4.812111158171999e-05,0.00033259941188557967,0.0007327336510845278,0.00025545286052511745,0.00030221811703572853,1.236930741416638e-05,-0.00029077402707667813,-3.6398904146397765e-05,-0.000855650254271511,-0.0008232255170000449,3.296011793119053e-05,0.00020406066081234735,5.841716682374529e-05,0.0006284528176263693,-0.00034704792119321824,0.0004147495387323889,-7.573844536183705e-05,0.00018805200332299853,0.00032642930986386193,0.0002705372239097728,5.172386483708849e-05,0.00018837042360251186,9.559284230993625e-05,9.572070800286499e-05,-0.00025737940153822787,-2.7642873224995958e-05,5.441306882182344e-05,8.352224336069628e-05,-0.0001811944585031144,0.00017295263304715336,-2.7677268462034524e-05,0.0001480853762054796,0.00013375250360578764,0.00027939107135941554,0.00028579911829355496,5.175496952106562e-05,0.00046008201534764633,0.00026582424710935474,-0.00018731676824778498,0.0001684471057427466,-0.00012083318837139883,0.000125338475251538,0.00018506909164274897,0.00023729215040266185,-4.6133010403684465e-06,5.09853597315698e-05,-8.816420833383975e-05,-0.000268097153539124,0.0011227208325848756
LPI,-0.0004306500351739603,0.00013997908850648118,-0.00028247286745281637,-0.0003681497644125742,-1.7267020089655812e-05,-0.00031790174340350866,-0.0001937947267025418,0.00047965336378800127,-0.00015206025229358636,0.0007440859435855272,0.0001219928593620674,-7.581937636121274e-05,-0.00036206829008990853,6.759321639062779e-05,-0.00034704792119321824,0.0005245941809497768,-0.00026137290256819515,-1.0258126809189931e-05,-0.0003840783019513163,0.00021130889330993568,-0.0004499456020778709,-4.521230719327035e-05,6.33535719774426e-05,-3.6078152618315124e-05,-0.00026352418109970046,-0.0004267558642740061,0.0005214222523898756,-1.6794911136276387e-05,-0.00019550518901408756,0.0003756120457993034,-0.00028007678321070493,0.00020685796165375542,-0.00016700338115376335,-0.00021973615952019311,-9.885212260608466e-05,0.00012217703703398908,0.00012373941625556972,-0.0006840752587058818,-0.0002845603132804898,-0.0003118275450480992,-0.0004655986299008064,0.00013320071842988078,0.0007801641951651211,0.00024266231079115755,0.00040866283860836516,0.0002815538992788658,-0.0001058345945738993,0.0004899172238808334,0.0001006503833107408,-0.0008691240321081746
MATW,-0.00022600251114387172,-0.00025494522348906413,0.00021853837183762016,0.0007530627476405199,0.0007537880237928345,3.250893449957803e-05,8.590250244477419e-05,5.1608642923555585e-05,-0.00011615653787354515,-0.0007687378721382509,-0.002275598843020964,3.275739880678168e-05,0.00024058378641450608,0.00015783789317040187,0.0004147495387323889,-0.00026137290256819515,0.001048456247374449,0.00022367681201549588,0.0008119767105503496,-0.0005295443374671318,0.0002604005858101124,0.00013195793105515253,0.000818254644604769,0.00012089939873088796,7.502161810610455e-05,0.0005754580922877078,0.00045902036247696753,-0.00015117112707998902,9.849346073627444e-05,-0.0007590609096261497,0.0001938914269292267,-0.000378258245973322,9.633800176289845e-05,0.00017915904485445172,1.0198375196924588e-05,-4.048210647036716e-05,-0.00014680505129578466,-0.0003163081933055754,0.0002740453257962768,-0.00048013248194682807,0.0003074080507936568,0.00021093375061092848,-0.0011467626112637707,-0.00013383958583260995,0.00017158423669936442,-0.0002930457817484402,6.188969953963388e-05,0.0005661123099970563,-0.0006828140765485741,0.0013066529923908632
MPWR,3.571198674772466e-05,-8.238376348983892e-05,-5.032013885550086e-06,3.5996092551255384e-06,0.00018153940564550992,-8.471226812898551e-05,5.6732422858479235e-05,8.043689792507415e-05,-1.432239882430387e-05,5.586358585631449e-05,-0.0005667444333309722,7.171065503210076e-06,5.054037637031475e-05,3.1671924051294374e-05,-7.573844536183705e-05,-1.0258126809189931e-05,0.00022367681201549588,0.00011409471802555424,0.0002690075993413591,-0.00028626655619120326,5.268134630659639e-05,4.413739886125097e-05,0.00020800370541656097,1.6634578087662545e-05,2.738959937095996e-05,0.00035083576133151565,8.496664651242622e-05,-9.196664391380011e-05,2.869928797170862e-05,-0.00024861745408240576,3.478637055463844e-05,-0.00015618595155749413,-1.9835960864983234e-07,3.725320549913718e-05,-0.00011429927409038716,-0.00017922943410547212,-9.320335300698978e-05,-0.0002506108869702644,3.3324851679046096e-05,-0.00010419610055961789,5.566267487977802e-05,0.0001096550749908909,-0.0005764593775278179,-0.00016393093087402428,-0.00011271062238351286,-9.587757804345802e-05,1.4390444945969927e-05,0.00015671512008860375,-0.00012314040645747696,0.00012320473189901312
MSA,0.00017887557630649983,-0.0002731220944851971,0.0002989182293901815,0.0004361387079212474,0.0006116670178229664,1.5240570097580412e-05,0.0002564123121115312,-0.00012187285788815212,-8.931593869367569e-07,-0.00032947951755019165,-0.002035548897436019,6.431969531367807e-05,0.0003822704317654395,9.464733164910455e-05,0.00018805200332299853,-0.0003840783019513163,0.0008119767105503496,0.0002690075993413591,0.0009539050740906461,-0.0005119271919924849,0.0004863333361520789,0.00018871662818043534,0.0005755794194357617,0.00011968664810657315,0.0002468606403670127,0.0009420815821454662,-0.00010436074075809497,-0.0002543987357228662,0.000204233585554952,-0.0008864274213373736,0.00028822053856493327,-0.0005194970765263801,0.000149120875402179,0.00024919477935318935,-0.0001786171190652021,-0.0004882954747443743,-0.000283491030078916,-0.0002396794752075678,0.00034459113787714996,-0.00033478059849892356,0.00029627502177569635,0.00017337068506348988,-0.0018166921194361766,-0.00048045630907376363,-0.0004501629662407019,-0.00025281399425614866,0.00010470321291623158,8.12518340320279e-05,-0.0003975215254980942,0.001176344314990233
NEW,-0.0008441804616687509,0.00036501687863570154,0.0004901874274115024,0.00022009666139381442,0.00016454473114742372,-1.260620720802539e-05,-0.0001180089931893688,-3.176525763644018e-05,-0.00026277115276751746,0.001077564915062499,-0.0010913887817448472,-5.1097489210274005e-05,-0.00012215285788680713,0.00020143066703107206,0.00032642930986386193,0.00021130889330993568,-0.0005295443374671318,-0.00028626655619120326,-0.0005119271919924849,0.002378532097641374,0.00010200072587059051,0.00017923213708568485,-0.000179971841943226,0.0001984710494237553,-2.6762395085650125e-05,-0.0016060909518314176,-0.00031020284832761484,-0.00012585844885733077,-6.129349491505109e-05,0.0005352543620107854,-8.848478811508447e-05,0.00032852805546104545,0.00012549744343097748,-0.00010231098637731963,0.00012459116073130615,0.00010341263064196833,0.00026181498501952365,-0.00024499518110388137,0.0001555575306560503,-0.00119832935541329,-0.001190276869454591,-0.00021936774271421195,0.0015827922989864397,0.0005191443624638987,0.0002744757383260975,0.0012722163077088008,-6.236344968201246e-05,-0.0004502004765206896,0.0005430750227789868,0.0003593893233555972
NTES,0.0003019159491105867,-0.00011703012132131037,0.00037153348356549327,0.0003165556991922632,0.00018199427682513683,0.0002017617445262132,0.00022766952645431109,-0.0003959542667918038,8.574441329419338e-05,-0.00028251858603949937,-0.0007979880912754368,6.805473623268817e-05,0.00036472687284579185,5.10854699749662e-07,0.0002705372239097728,-0.0004499456020778709,0.0002604005858101124,5.268134630659639e-05,0.0004863333361520789,0.00010200072587059051,0.0005112005483873003,0.00012968053371118074,3.655491363157497e-05,9.071003661126462e-05,0.0002846955139167232,0.00039337857769912216,-0.0005677646669817331,-0.00011338523719533369,0.0002049271189064046,-0.00045305646994876964,0.0002767564212034681,-0.0002725508082817864,0.0001862006829059176,0.0002176142632007521,-2.060611914727184e-05,-0.00032806020074632806,-0.00015838547927842194,0.00034819376479706824,0.0003296064877494429,-5.497835621299252e-05,0.00019111953354995087,-7.938257376046073e-05,-0.0009666415972508154,-0.00030832943913485596,-0.0005195977177155821,-3.896891141066818e-05,0.0001005669709451454,-0.0004936861870753555,-1.825833314681241e-05,0.0009317041633193604
PICK,-7.143099874332456e-05,-2.1378512330113668e-05,0.00013117203761724215,0.00010357116385424312,0.00019171150465457522,-2.7639478204960633e-05,5.3247590111158466e-05,-6.7263616484531375e-06,-4.130442590206773e-05,0.00013953758819432475,-0.0007175605554721517,7.33205905090539e-06,7.252894593914306e-05,5.64967231878283e-05,5.172386483708849e-05,-4.521230719327035e-05,0.00013195793105515253,4.413739886125097e-05,0.00018871662818043534,0.00017923213708568485,0.00012968053371118074,7.853964042536885e-05,0.00013727333054958682,5.7828932575791495e-05,5.594494858171821e-05,5.287361224629818e-05,-5.8545991044026144e-05,-9.96701223137381e-05,4.096974069788424e-05,-0.00016559371117373122,5.371185314751023e-05,-0.00010054060900818836,4.831296067158062e-05,4.442436873286559e-05,-5.76222763995369e-05,-0.00014781182171256027,-4.6864998265936755e-05,-0.00016124228480293425,0.000100260405901251,-0.0002747981748719836,-0.00011128070157088439,3.262775692029522e-05,-0.00030089805128464885,-7.379798431076747e-05,-9.870865278301451e-05,0.0001196115412762665,1.573511681985355e-05,-1.9878114208956164e-05,-1.9460944648777543e-05,0.000305963842594238
RCKY,-0.0005094289917076578,-0.00014274787250150535,0.00010809822287793949,0.0004967519807435633,0.0007578118825013139,-0.00017780880492195632,-1.145096301997266e-05,0.0003251827953036572,-0.00022021768902919997,-0.00011720314192509835,-0.00234026422110692,-1.3387547410637123e-05,3.337385496841651e-05,0.00021390243553464207,0.00018837042360251186,6.33535719774426e-05,0.000818254644604769,0.00020800370541656097,0.0005755794194357617,-0.000179971841943226,3.655491363157497e-05,0.00013727333054958682,0.0008224282038424114,0.00012112114222436231,-5.901159569821482e-05,0.0002446516710810946,0.0006653254408340388,-0.0002023935595354165,-7.911430703963411e-06,-0.0005206919562960207,3.1213437269838306e-05,-0.00025741758038714976,1.5021789476509327e-05,4.8576517871222404e-05,-8.219610106168925e-05,-4.884692089716376e-05,-7.627980676698123e-05,-0.0007807788537872816,0.0001300624980948041,-0.0007862774707174246,-0.00010030048955976808,0.0002766758769538766,-0.0006762309248284106,-5.7448618318111755e-06,0.00033703670189869073,9.728236819872725e-06,-1.2844680708321147e-06,0.000759541457795286,-0.0005308149165207482,0.0008001035108433839
RY,-0.00011129990677060829,-7.588065464848277e-06,0.00011554017918049135,0.0001421160736020309,0.00016337645317919888,-2.0171105726909175e-06,2.2115496206064225e-05,-7.821292913184464e-06,-4.610368886236262e-05,4.324944433809573e-05,-0.0005930073577248934,3.2892456630469916e-06,4.8168093210492436e-05,5.2495851210719306e-05,9.559284230993625e-05,-3.6078152618315124e-05,0.00012089939873088796,1.6634578087662545e-05,0.00011968664810657315,0.0001984710494237553,9.071003661126462e-05,5.7828932575791495e-05,0.00012112114222436231,5.05876137459262e-05,3.0578628484527175e-05,-4.309030280002731e-05,-6.446389619363508e-06,-6.207480806830948e-05,2.368685772608861e-05,-0.00010364467771318336,3.771876376353222e-05,-5.345000403650825e-05,4.0848764938915404e-05,3.0621229045047553e-05,-7.821548379816005e-06,-5.1328760929526814e-05,-1.3371466363863309e-05,-0.00010007274311658595,8.305557687162199e-05,-0.00024275152875419004,-9.634111016459898e-05,1.409196098219815e-05,-0.00011541955530171893,-2.77350606981607e-06,-1.9809089081962373e-06,0.00011075457208238597,9.032914673918103e-06,8.065251917587446e-06,-3.738037000469662e-05,0.0002942924576006838
SHYL,0.0002704007886220712,-6.747761898708906e-05,0.00017622145155710137,9.241112887821707e-05,1.824776027202088e-05,0.00012009815552789231,0.0001417878224811613,-0.0002499118653021745,8.365467501193953e-05,-0.00014583087927001157,-0.0001756826329141202,4.208470840394956e-05,0.00020873970396973789,-3.0216697866901328e-05,9.572070800286499e-05,-0.00026352418109970046,7.502161810610455e-05,2.738959937095996e-05,0.0002468606403670127,-2.6762395085650125e-05,0.0002846955139167232,5.594494858171821e-05,-5.901159569821482e-05,3.0578628484527175e-05,0.00017222186537924224,0.00028765197004552447,-0.00039102808961411964,-4.8482147488568045e-05,0.00012138340346173519,-0.00023312063483426325,0.00015659381701473902,-0.00015059193964989353,9.736251476164545e-05,0.00012221561919535786,-2.631785431302535e-05,-0.00021440506975885175,-0.00010095672137089554,0.0002627785568844577,0.0001649414276148694,9.374581987008663e-05,0.00015675544440253562,-5.822089006405753e-05,-0.0005845226153614458,-0.00021520323866126278,-0.0003686986920991845,-6.95693438493656e-05,5.987211229480133e-05,-0.00034637745342398394,3.498514534213634e-05,0.0004065099735341173
TC,0.0008840264527906983,-0.00037349018681612136,-4.2739076289556864e-05,-0.0001255098363017752,0.00015058764012861148,-3.5482774802246704e-06,0.00034435204762224244,-0.00017992226704992894,0.00023365351444772233,-0.0004341312061279185,-0.00037898313263414103,8.908804817138174e-05,0.0003938308133195866,-0.00010589415570976077,-0.00025737940153822787,-0.0004267558642740061,0.0005754580922877078,0.00035083576133151565,0.0009420815821454662,-0.0016060909518314176,0.00039337857769912216,5.287361224629818e-05,0.0002446516710810946,-4.309030280002731e-05,0.00028765197004552447,0.0017211786462678095,-0.00031918074991334287,-0.00015824954687536873,0.0002317006237042792,-0.0009047793615805081,0.00028499346429523815,-0.000590968524572135,5.457269712437712e-05,0.00025219266604183083,-0.00032274029167234954,-0.0006890953409872944,-0.0004150721494499626,4.538323744426783e-05,0.00016270989064161366,0.0005831053079215521,0.0008184749813839442,0.00019582018256307667,-0.0024456880418183453,-0.0008350383817907795,-0.000893504328164919,-0.0008196393293380049,0.00012701780653808422,-7.263818263769816e-05,-0.0003077816650046615,0.0003622768187807137
TCFC,-0.0008074970123768513,6.647743455702555e-06,-0.00032949291444233893,0.00019215240113627222,0.0004234507115867103,-0.00030794597634286453,-0.00029984983393248425,0.0006868168820063964,-0.0002819789548911833,-5.691115728967721e-05,-0.0009716522830372804,-8.702453470932493e-05,-0.0003843531694908615,0.00017341352883258506,-2.7642873224995958e-05,0.0005214222523898756,0.00045902036247696753,8.496664651242622e-05,-0.00010436074075809497,-0.00031020284832761484,-0.0005677646669817331,-5.8545991044026144e-05,0.0006653254408340388,-6.446389619363508e-06,-0.00039102808961411964,-0.00031918074991334287,0.0012816828737094081,1.7247029719847937e-05,-0.00024727235841627413,0.00010395358699171949,-0.00028144336338342533,0.0001320348444087255,-0.0001946541903352875,-0.0002013280317064049,4.6096841548580266e-05,0.0004830849471708102,0.00015174051759763728,-0.0009083164059820608,-0.00025864950444966445,-0.0005312475477768049,-0.00020726246060717195,0.0002951811663089612,0.0007008459802686127,0.0004335767508788262,0.0010126635876893427,-1.7065054058926593e-05,-0.00011418834436465279,0.001245726401090304,-0.0005089593752780732,-0.0002686442043219917
TOKE,8.372329234076183e-05,3.22148787785716e-05,-0.00010351865218562544,-1.5287201852136894e-05,-0.0002506130993372226,0.00011279358379177842,-6.70525306482353e-05,-7.718001690643277e-05,5.978835082603303e-05,-0.00034160930579081074,0.0009238494975145511,-2.1324893948388046e-06,-5.516197302010951e-05,-7.508864114876282e-05,5.441306882182344e-05,-1.6794911136276387e-05,-0.00015117112707998902,-9.196664391380011e-05,-0.0002543987357228662,-0.00012585844885733077,-0.00011338523719533369,-9.96701223137381e-05,-0.0002023935595354165,-6.207480806830948e-05,-4.8482147488568045e-05,-0.00015824954687536873,1.7247029719847937e-05,0.00015495355345794372,-3.5760612582547e-05,0.0002218975314069154,-3.67176597327395e-05,0.0001477072518569205,-3.146307148078499e-05,-3.433783556651598e-05,0.00014127745169010089,0.00025723621441617225,8.034139619920527e-05,0.0003625547857758307,-8.254233661660584e-05,0.0003642856312715124,0.00017520815888325117,-9.092875010200921e-05,0.000485173651293342,0.0001408892189651136,0.0001560460535025853,-0.00014389218950937383,-1.0292843508504292e-05,-5.4335735733353995e-05,1.4326660435091752e-05,-0.00021769286965210664
TRND,0.00018455932517022388,-5.9702938814356244e-05,0.00012567227450471953,9.536434657390443e-05,3.911936423584405e-05,8.710321340134836e-05,0.00010104111011303118,-0.0001719359266459108,5.5839268978899875e-05,-0.0001501498198565338,-0.0001934567466579964,3.0832700101178736e-05,0.00015445928541910745,-1.699945254402819e-05,8.352224336069628e-05,-0.00019550518901408756,9.849346073627444e-05,2.869928797170862e-05,0.000204233585554952,-6.129349491505109e-05,0.0002049271189064046,4.096974069788424e-05,-7.911430703963411e-06,2.368685772608861e-05,0.00012138340346173519,0.0002317006237042792,-0.00024727235841627413,-3.5760612582547e-05,8.783099501136421e-05,-0.00019330414275024445,0.00011655352546226357,-0.00011968212703567114,6.994833752847029e-05,9.22985222753375e-05,-1.5336980116326627e-05,-0.00014471720391828129,-7.621788523520036e-05,0.00017757440542830183,0.00012313391261615874,6.01483379281877e-05,0.00013418862830880593,-3.145258098815301e-05,-0.0004544488676243034,-0.00015495890734913145,-0.0002454293443006669,-7.315890368839018e-05,4.43036017229848e-05,-0.00021235693622462007,-9.523144088929905e-06,0.0003312975778312119
TWTR,-0.0002000227499965607,0.00026173424300753257,-0.0002679088238201408,-0.0004087552815803532,-0.0005462735919223439,-3.1057304715980615e-05,-0.00024051765433382043,0.00013098557763517685,-1.2717306432190309e-05,0.0003706457045259301,0.0018028604937617286,-6.253125993453696e-05,-0.0003626645785497615,-7.660008542598182e-05,-0.0001811944585031144,0.0003756120457993034,-0.0007590609096261497,-0.00024861745408240576,-0.0008864274213373736,0.0005352543620107854,-0.00045305646994876964,-0.00016559371117373122,-0.0005206919562960207,-0.00010364467771318336,-0.00023312063483426325,-0.0009047793615805081,0.00010395358699171949,0.0002218975314069154,-0.00019330414275024445,0.0008264170724891182,-0.00027390271975679737,0.00048302608361895996,-0.00013811116874990788,-0.00023651480985707203,0.00015529076432653838,0.00043977979814548303,0.000265529575567693,0.0001728964309973653,-0.00031826808334016205,0.0002525586355471783,-0.0003228118614121657,-0.0001548099861937528,0.001701419954327798,0.00045209068445016656,0.0004228450419775202,0.000276859860800512,-0.00010041961245606576,-6.658421987665613e-05,0.00038054205210098665,-0.0010914153828254852
UMAY,0.00020853601502858758,-8.771552538177333e-05,0.0001821979740990942,0.00020735418360982256,8.708714415281306e-05,0.0001386073315419552,0.00012482366304848323,-0.00023530016648034107,6.446807970120254e-05,-0.0003101494133917176,-0.0003472916212127106,4.1834722201405436e-05,0.00021307958833413724,-1.4051224789327775e-05,0.00017295263304715336,-0.00028007678321070493,0.0001938914269292267,3.478637055463844e-05,0.00028822053856493327,-8.848478811508447e-05,0.0002767564212034681,5.371185314751023e-05,3.1213437269838306e-05,3.771876376353222e-05,0.00015659381701473902,0.00028499346429523815,-0.00028144336338342533,-3.67176597327395e-05,0.00011655352546226357,-0.00027390271975679737,0.0001631325294853416,-0.00015808356197952856,9.935273179552169e-05,0.00012989390045344847,1.1802398951251097e-05,-0.00014121451103495445,-9.186768818072332e-05,0.0002613176332024555,0.00017867862044525698,6.225591437460197e-05,0.0002056689898677978,-4.3049818512510436e-05,-0.000574374449875655,-0.0001742227771963014,-0.00026502839023690073,-0.00011585376833108912,6.0611993828217116e-05,-0.00024244862232126717,-6.497806872694018e-05,0.0005394639459222382
ZYME,-0.00018066717049834997,0.00015020842003307102,-0.00014200070842384192,-0.0001403680238278223,-0.0002811068318883777,8.233206195284678e-06,-0.00016108712066466635,7.575235699283684e-05,-2.427121149220022e-05,8.817615866829364e-05,0.0009606159248404151,-3.7795868650814615e-05,-0.00021344507138299927,-3.265324941012374e-05,-2.7677268462034524e-05,0.00020685796165375542,-0.000378258245973322,-0.00015618595155749413,-0.0005194970765263801,0.00032852805546104545,-0.0002725508082817864,-0.00010054060900818836,-0.00025741758038714976,-5.345000403650825e-05,-0.00015059193964989353,-0.000590968524572135,0.0001320348444087255,0.0001477072518569205,-0.00011968212703567114,0.00048302608361895996,-0.00015808356197952856,0.00029709969917098456,-7.609849193563478e-05,-0.0001361936543527764,0.00013690050009695917,0.0003370298660564614,0.00017598497801492034,0.00012872116859138956,-0.00017436241538278073,0.00011798800476171957,-0.0001697407433132143,-9.45346393279623e-05,0.0010850285440505898,0.0003217678034418075,0.00034505256344326225,0.00015194477125210026,-5.9906159610869076e-05,1.7926958108772246e-05,0.00016245235100241856,-0.0005326243988658321
AVDE,6.088517413462974e-05,-2.979554645948169e-05,0.00015769908444807063,0.00016584063388820294,7.612798974589517e-05,9.200777957385239e-05,6.910330142053608e-05,-0.0001542065247382019,1.891369241320154e-05,-0.0001367041000498526,-0.0003269447024163555,2.3020091669242323e-05,0.00012869543126442883,8.43542857604998e-06,0.0001480853762054796,-0.00016700338115376335,9.633800176289845e-05,-1.9835960864983234e-07,0.000149120875402179,0.00012549744343097748,0.0001862006829059176,4.831296067158062e-05,1.5021789476509327e-05,4.0848764938915404e-05,9.736251476164545e-05,5.457269712437712e-05,-0.0001946541903352875,-3.146307148078499e-05,6.994833752847029e-05,-0.00013811116874990788,9.935273179552169e-05,-7.609849193563478e-05,7.462575146206793e-05,7.68047422348761e-05,2.3196353757941532e-05,-7.291489518611352e-05,-3.697610022119087e-05,0.00015245994528550493,0.00012958624702633068,-5.6987350565317764e-05,4.4954426527608524e-05,-4.44500427231371e-05,-0.00024117108425322607,-6.558123042264189e-05,-0.00013670627259494732,2.0501156465914592e-05,3.4369004509635696e-05,-0.0001817600404003789,-1.0267172748580423e-05,0.00039341962071638253
BCM,0.0001612973814853202,-7.706256738534564e-05,0.00014001220279586426,0.00017008510155668122,8.709869352757784e-05,0.00010234426097904813,0.0001000225046241754,-0.00017467812928654354,4.787596430552281e-05,-0.000252568803370338,-0.00032519755687151743,3.308359216405822e-05,0.0001697257880617163,-7.553596702806143e-06,0.00013375250360578764,-0.00021973615952019311,0.00017915904485445172,3.725320549913718e-05,0.00024919477935318935,-0.00010231098637731963,0.0002176142632007521,4.442436873286559e-05,4.8576517871222404e-05,3.0621229045047553e-05,0.00012221561919535786,0.00025219266604183083,-0.0002013280317064049,-3.433783556651598e-05,9.22985222753375e-05,-0.00023651480985707203,0.00012989390045344847,-0.0001361936543527764,7.68047422348761e-05,0.00010446731761018964,3.0889888436084685e-06,-0.0001175308875661617,-7.838303842437017e-05,0.00018331901571546014,0.00014180645896490625,4.0477191236975446e-05,0.00017089449942587313,-2.2912877042712123e-05,-0.0004933827865931772,-0.00014569494901733605,-0.00020610399837812384,-0.00010444969356710954,4.830979696006321e-05,-0.00016561228238748366,-6.98390346330012e-05,0.00043792856441504587
