,ATHX,CHGX,CMO,CZA,DHIL,DMO,ENX,ESBA,EURZ,FBRX,FCCO,FCRD,FMBIP,FNX,FSP,GOVX,HTLF,JTA,MCD,MUI,NEXT,NMTR,OMER,OPT,PEX,PFS,PKO,POWI,RFIL,SCD,SRACU,SYPR,TA,VERI,VST,AVSF,DASH,DBDRU,FPI,GROM,HYLB,IVV,KF,NREF,RMNI,SWZ,WTER,PFE,EVOP,GXF
ATHX,0.0017097951458514846,4.2851393381232266e-05,-0.0002114251129434751,-4.503030255321763e-05,0.00030486319346279954,-9.028781893677489e-05,-0.00023234125535518457,-0.00035617543258522857,0.0002537361386270453,6.42846260927806e-05,-0.00019353725444767417,-0.000258650949780524,-0.0002897600713698747,0.00012570182128472857,-0.0006554166666664561,-0.0010290599953241917,0.00012677967262968634,3.3279631634619585e-05,-0.00024491464251241024,-0.00017524293068658822,-0.00021544851412097802,-9.796043220674036e-07,0.000773430719772025,-9.132483409675908e-05,1.6983737503456522e-05,0.0003142767267828911,1.4758817480523087e-05,0.0006048621289963639,-0.0003303622027733798,2.9548625134011e-05,0.0008263714292488914,0.00041220408289182567,3.396978996253006e-05,0.0013736883275989285,-0.0004194322593997404,1.2624800783967555e-05,0.00011617992485885336,0.0005175785989698853,-0.0002013195012635008,0.0012174766103733835,4.091785256975695e-05,1.47650195286302e-05,0.00010758063738004159,0.00021582332207744143,0.0010947306984203317,0.00021308223022758937,-0.00017774653959143103,-7.481205691094513e-05,0.0003037974911436286,0.001188682396331391
CHGX,4.2851393381232266e-05,3.1874228079329767e-06,1.3796248696499745e-06,3.85308968177668e-06,2.2581289945102615e-06,-3.5113990096815384e-06,-1.4847564299629308e-05,8.582511878836537e-06,6.240599145130743e-06,2.4798145966525537e-05,-1.0261190623072478e-05,-1.2635027169252108e-05,-4.045813469254853e-06,6.216304497855492e-06,-1.5893052975032955e-05,1.4634378740308324e-05,2.1980172776006683e-05,-1.634465124514698e-06,-4.494237933053462e-06,-2.7705110480306603e-06,-3.336880102640809e-06,-7.071374526697827e-05,2.6233189337069543e-05,-1.6256221853065813e-05,-5.368599153145862e-07,1.897630901046559e-05,5.139445351416223e-06,1.8890934136187037e-05,-1.4975931551265903e-05,5.644960244031535e-07,5.8357616296302556e-05,-1.5857146888889874e-06,-8.546795023316658e-06,4.181896832233841e-05,-8.473278860195906e-06,2.8805890383058363e-06,-1.5267988470783945e-05,2.901892899398254e-05,-1.587859953030776e-06,4.9745674521512666e-05,2.7546440040514503e-06,6.092826139420324e-07,-1.7307091252242096e-07,1.5920374051910797e-05,-8.900444535464272e-06,2.7585411148160855e-06,-1.0704845585463648e-05,-4.394575707972025e-06,1.4038376638142988e-05,5.230651832056577e-05
CMO,-0.0002114251129434751,1.3796248696499745e-06,0.00022029343831187178,0.0001139729851251459,-4.632879528931913e-06,-4.451701231735376e-05,-7.486128323205082e-05,0.00019172347921721046,-4.8976248045783945e-05,0.00021892769281215286,9.338850202158363e-05,-6.734106574978094e-05,-1.8897030759654486e-05,0.00011513084518983162,0.00027771987302576453,0.00013445261551046697,0.0002934951253700785,2.1174533094274834e-05,-2.2880897452159335e-05,-5.6092819760551484e-05,-3.171653703031221e-05,0.0007763776612181187,-7.259846364677572e-05,-3.576161165071197e-05,-3.4731500620314507e-06,0.0002752016061896121,-1.8387006867017272e-05,-4.536752023020855e-05,-2.5551746976288658e-05,1.2029401037441462e-05,-1.4072569905357388e-05,4.897458443290684e-05,0.00032349929970572415,-0.0004989413226879546,0.0001318318214596788,-2.645671392014898e-05,-0.00025465894085971707,-0.00024974201699843967,0.00014238721226075235,-0.0005625168461018117,-3.050572649372848e-05,-2.8121660342672687e-06,-0.00017973423113672372,-0.00010294703694167177,-0.00021598317028511277,-0.00010647488933914367,7.326237296063138e-05,-8.05851802595908e-05,6.936998570031696e-05,-0.00034852219099771323
CZA,-4.503030255321763e-05,3.85308968177668e-06,0.0001139729851251459,8.920100669358239e-05,2.4073830489547193e-05,-2.4203117748341725e-05,-4.503881737993562e-05,0.00019451334042032162,2.6367082091210975e-05,0.00013545412486576524,0.00011552854930828254,1.9235448361290184e-05,-3.220726524089469e-06,0.00010099679459907264,0.0001745398026927503,0.00033702042587992166,0.0002795402645523599,1.5110023545229085e-05,-2.76009077917908e-05,-1.48679558692358e-05,4.6087189837115965e-05,0.000714451154572633,2.864415968863373e-05,5.389122083883707e-05,2.7442645778118086e-05,0.00026189200058974923,1.4556135299403767e-05,-2.1973041243070145e-05,1.9200992377609402e-06,-1.111136894361606e-05,0.00010989649855331134,-6.252854299529541e-05,0.00017937718772821805,-0.0004845574223823703,6.188995244208525e-05,1.3423392027349914e-05,-0.00019521026112998956,-2.6116557071033852e-05,9.959131743118144e-05,-0.0001852199580578567,2.8485239185299966e-06,6.734973127059047e-07,-8.559803950080045e-05,-3.3082419612788424e-06,-8.015665943069803e-05,-1.7794453305964935e-05,5.960465783719011e-05,-1.3315338203413673e-05,4.241096565474743e-05,-0.00010125718207713285
DHIL,0.00030486319346279954,2.2581289945102615e-06,-4.632879528931913e-06,2.4073830489547193e-05,0.00012053551423484798,-4.5366588881148155e-05,-5.481916912954187e-05,-4.3245905247525335e-07,5.3968561378809374e-05,-7.565783380918104e-06,5.644529532773756e-05,2.871360641272228e-05,-7.46125720942275e-05,7.674545078374422e-05,2.585479044574918e-05,-0.0007649181863126159,0.00014460382040917192,3.5211963192521366e-05,-6.53179219298309e-05,-8.625272641235979e-05,-5.235672733601799e-05,0.0010020800548992705,0.0001476767572385386,7.560368321881372e-05,1.9452267848947824e-05,0.0001874473987563269,-3.848246887788975e-05,9.798821178335055e-05,-2.5430990459301664e-05,-1.725163524895382e-05,-2.5919369782553357e-05,6.990323038998094e-05,0.00016452765432540495,0.00010505121657933516,-7.871900429918201e-05,-2.956429653169424e-05,-4.199822033505085e-05,-9.039953237099546e-06,1.3016772808204283e-05,-0.00014825581522229193,-2.246869478609416e-05,1.8383856966325314e-06,-3.892175349402367e-05,1.1059732172209993e-05,0.0003695804789536515,-1.368073632087765e-05,4.8101424336009126e-05,-4.6267557769921066e-05,9.420689508092531e-05,-8.211121982640925e-05
DMO,-9.028781893677489e-05,-3.5113990096815384e-06,-4.451701231735376e-05,-2.4203117748341725e-05,-4.5366588881148155e-05,4.8550406441808447e-05,6.871278679793673e-05,-2.0622663728723245e-05,1.9128338312422412e-05,-5.180772429230576e-05,-1.8785917203036615e-05,3.160641881304889e-05,5.820309391099634e-05,-4.859463760488706e-05,-5.877873132020226e-05,0.00039082680620813686,-8.756970060739172e-05,-1.9974094968931267e-05,1.96484419494664e-05,8.184806088267243e-05,8.66517053875944e-05,-0.000529734386441918,-5.098942536987393e-05,5.7059254820015475e-05,1.6881364263042452e-05,-9.55879559983384e-05,4.782792177183443e-05,-5.293168600244928e-05,9.708556585177785e-05,-7.198040276764419e-06,8.112245257277228e-06,-5.64121818688398e-05,-0.0001673522456800337,-0.0003353752062182736,-2.024686483307603e-05,4.7861422744812167e-05,2.2585385798457937e-05,0.00011485791090867774,-4.250669549517748e-05,0.00010145162635444432,4.030929421203189e-05,3.575385906865318e-07,5.705833295060213e-05,8.137569003581333e-05,-0.00010100107582018987,8.149777157881035e-05,-5.3726409867644544e-05,6.782467658904387e-05,-6.373544931621616e-05,0.00010104802434051085
ENX,-0.00023234125535518457,-1.4847564299629308e-05,-7.486128323205082e-05,-4.503881737993562e-05,-5.481916912954187e-05,6.871278679793673e-05,0.00013417219751027043,-4.6291369914969994e-05,8.315473872358255e-06,-0.0001615954696539103,2.3666631670549516e-05,0.00010047259559958993,8.112677539030948e-05,-7.86880901256818e-05,-2.4256653391396922e-05,0.0005191402097359334,-0.00018015560596692132,-1.7035468974376333e-05,3.992573001805263e-05,0.00010710683957086083,0.00012455324887677608,-0.0003390271644822704,-0.00013245849494930733,0.00013201942391726377,2.345628502177417e-05,-0.00017692590509426405,3.8423090857729016e-05,-0.0001234272501248513,0.00016053860865641325,-1.305198551216812e-05,-0.0001756036558759142,-7.837983779978361e-05,-0.00017691325246940848,-0.000493316144272108,3.686339214299678e-07,4.833940647688851e-05,0.00010809155704985811,5.8989210524686334e-05,-4.092836146878949e-05,9.584906079551053e-06,3.855135043338458e-05,-1.2042366448678477e-06,7.930157269844096e-05,3.9008128338475145e-05,-5.8712136997929334e-05,9.083344157602392e-05,-8.399818652539996e-06,0.00010611617618015857,-0.00013310791040627506,-8.849346924812284e-06
ESBA,-0.00035617543258522857,8.582511878836537e-06,0.00019172347921721046,0.00019451334042032162,-4.3245905247525335e-07,-2.0622663728723245e-05,-4.6291369914969994e-05,0.0006153432947937614,7.113772056654901e-05,0.0002602334399088827,0.00031542375703439877,0.0002294061096250909,0.00010040743538036524,0.0001832113654245353,0.00046155070040394694,0.0011986882720633962,0.0006472044430108353,1.3228167389610722e-05,1.2622877827568297e-05,4.9138921418773423e-05,0.000250937327607153,0.0013794390895279162,1.5621777868365445e-05,0.00019575824254115134,8.389347572193677e-05,0.0005233737911703906,6.663284731916375e-05,-0.00016054035503179336,0.00010391752028316448,-7.136810284443818e-05,0.00026233908728746463,-0.0004451707149979504,0.00017351659541513985,-0.0012530875359698622,0.00015377262501826806,6.617519336648261e-05,-0.00044034657689567,0.00012747753991317672,0.00024614141407254894,-0.00030289557034581975,2.5788443996681917e-05,2.5071061863524685e-06,-0.0001243002482472572,9.700042229242949e-05,-0.00040622143814984324,-3.5246692464581594e-05,0.00017112921023761113,4.985728327922945e-05,1.4583112623354831e-05,-0.00020261448087220888
EURZ,0.0002537361386270453,6.240599145130743e-06,-4.8976248045783945e-05,2.6367082091210975e-05,5.3968561378809374e-05,1.9128338312422412e-05,8.315473872358255e-06,7.113772056654901e-05,0.00017834888743465687,-3.964662624737469e-05,0.00010114334235211244,6.301362695469594e-05,2.427156829077627e-05,4.541894967939018e-05,-4.3937786917605686e-05,-0.0007453776818012748,0.0001840975929973981,-1.0965875611602067e-05,-3.5094539735868385e-05,6.20771296978458e-05,8.285512224085565e-05,0.0003662350025371975,0.00014938632708778442,0.00019434139493239617,9.881876974364023e-05,0.00011101404819358415,7.84523227703438e-05,-2.5911417693461166e-06,-1.4734870154649695e-05,-4.438494318928202e-05,0.0003236839376903639,-0.00031354070046438957,-9.713376235522325e-05,-0.0003158322775812175,-9.713123231491373e-06,7.992178996450906e-05,-0.00029938588541404134,0.0003386258262760644,-9.930491848423055e-05,0.000767757026104597,7.292408702192471e-05,6.287340286953824e-06,0.0001521878270090061,0.0002147894502803943,7.993249830515001e-05,0.0001705612608284817,-0.00019724160810490296,3.85880693367268e-05,6.982237309003646e-05,-5.1191246769134225e-05
FBRX,6.42846260927806e-05,2.4798145966525537e-05,0.00021892769281215286,0.00013545412486576524,-7.565783380918104e-06,-5.180772429230576e-05,-0.0001615954696539103,0.0002602334399088827,-3.964662624737469e-05,0.0004308074836989501,-2.3943937904519448e-05,-0.00014632500389781002,-3.281099852648985e-05,0.00014619104197088786,0.00012726369840600614,0.0012191106989655326,0.00041151989808285553,8.87614500250415e-06,-5.7481058373341955e-05,-5.43467543219354e-05,5.857666445679095e-06,-0.00012135373202484947,0.00010636748760469111,-0.00017309335171941813,-3.125364445171304e-05,0.00042761815158235913,3.1398066569269526e-05,0.00010983572460572627,-3.181377496017703e-05,2.3470342321208063e-05,0.00036790282736818614,0.00017799289892438596,0.0002041327321177642,-0.0004470978547470173,-7.528608112696417e-07,7.645497354340635e-06,-0.00021030609883183817,-3.0184130564326333e-05,0.0001773257090471343,-0.000553454374924388,-5.005795784712663e-06,8.410899477972932e-07,-0.00024169483862013222,2.0029776992915203e-05,-0.0002958971045528099,-8.376601802213779e-05,9.462882150564858e-05,-6.522520295704608e-05,0.00011336572657587075,0.0003229415199729293
FCCO,-0.00019353725444767417,-1.0261190623072478e-05,9.338850202158363e-05,0.00011552854930828254,5.644529532773756e-05,-1.8785917203036615e-05,2.3666631670549516e-05,0.00031542375703439877,0.00010114334235211244,-2.3943937904519448e-05,0.000345211760513659,0.00019290960705366892,2.0375787014041225e-05,0.00013605808098966703,0.00033418377491110793,0.0004090523644132358,0.00036630247063164676,2.81652395026641e-05,-8.740018409519766e-06,1.9221822916856827e-05,0.00013995934959596404,0.0019133996905076253,-5.5295866327124514e-06,0.00027040445552934376,9.368032770023415e-05,0.0003046902941832575,1.5282472052520896e-05,-0.0001610106990928881,-9.880373158400005e-06,-4.291647991265e-05,4.621433946952303e-05,-0.0003585649164054701,0.00028892910885768057,-0.000768138246464398,0.00019681266778875923,3.4868275017866227e-05,-0.0002585898351633527,-2.0398237390253278e-05,0.00013292966002853375,0.00019619899266981722,1.3259773691244738e-05,1.583754076362355e-06,4.557940436460099e-06,-7.093913626303088e-05,1.3151551447162636e-05,2.6313987143066362e-05,0.00012093811622810913,4.8543236612815345e-05,-2.723290178404456e-05,-0.0003893888477286082
FCRD,-0.000258650949780524,-1.2635027169252108e-05,-6.734106574978094e-05,1.9235448361290184e-05,2.871360641272228e-05,3.160641881304889e-05,0.00010047259559958993,0.0002294061096250909,6.301362695469594e-05,-0.00014632500389781002,0.00019290960705366892,0.0003293644568019375,0.00010813506014634103,5.166577641590212e-06,0.00021243624279980385,-0.00010614533265557798,0.00012636722402984243,1.1389958147637204e-05,4.259620260985595e-05,6.732211308962998e-05,0.00020310910697440488,0.0009880876342770052,-5.0450765676898966e-05,0.0002963023255829982,7.072269796902264e-05,6.821838085926522e-05,1.4068394262260328e-05,-0.00015739781842874826,0.00023241581286726244,-8.620202815419122e-05,-0.00023602652429953144,-0.0003388275416047869,-0.00011107590390496988,-0.0006963702168877718,-2.233689482405889e-05,3.4065809688888406e-05,-6.072704737714529e-05,0.00014403631871805165,5.0257034342702656e-05,-0.00029350237385325734,1.4477712672793662e-05,6.86596149569922e-07,4.120474597830983e-05,0.00013078004478957913,4.733428013489089e-05,2.2868075870643852e-05,0.00011317470547737943,9.726273623364518e-05,-7.512780198629369e-05,-0.00030376319997694464
FMBIP,-0.0002897600713698747,-4.045813469254853e-06,-1.8897030759654486e-05,-3.220726524089469e-06,-7.46125720942275e-05,5.820309391099634e-05,8.112677539030948e-05,0.00010040743538036524,2.427156829077627e-05,-3.281099852648985e-05,2.0375787014041225e-05,0.00010813506014634103,0.0001227593620103951,-5.281581603727049e-05,6.10043196567378e-05,-9.635243430475515e-05,-4.211662425209305e-06,-2.8914401828032672e-05,5.587937843092397e-05,0.00011173307506934338,0.00013182555849378742,-0.0004448863892636242,-0.00011560867158468452,0.00010823424378983074,3.9854759065048435e-05,-9.130652448006781e-05,6.110578698644822e-05,-0.00013686188313521242,0.0001579226438702432,-3.984403533081693e-05,-3.1396002684315344e-05,-0.00025161136269645225,-0.0002381813252233352,-0.0005596522282471173,1.6021457494019286e-05,5.717401874506445e-05,-0.0001468834032675991,0.0001587323572890627,-3.956817439590147e-05,5.30431484819197e-06,4.4909301345373405e-05,1.9118492797488265e-09,6.729790452469752e-05,0.00016443216098975682,-0.0002940813234034174,6.0905633770362295e-05,-9.862310640486037e-05,6.277565586823487e-05,-4.995173351197158e-05,-0.00018253675308451469
FNX,0.00012570182128472857,6.216304497855492e-06,0.00011513084518983162,0.00010099679459907264,7.674545078374422e-05,-4.859463760488706e-05,-7.86880901256818e-05,0.0001832113654245353,4.541894967939018e-05,0.00014619104197088786,0.00013605808098966703,5.166577641590212e-06,-5.281581603727049e-05,0.00014109465244814087,0.00016060385510531373,0.0003253307658321262,0.0003362887014392365,3.120062092974582e-05,-6.2641897901155e-05,-5.828749814295272e-05,1.603652047821024e-05,0.0010993131708743878,0.00011134872800315569,5.7840741345678586e-05,2.759030883566525e-05,0.0003542612346333294,-2.437886515737472e-06,4.0141303657202214e-05,-4.3269693282013485e-05,-6.3230174610899794e-06,0.000149091610351911,8.764092126335252e-06,0.00028050226859420007,-0.00036943111371545777,3.638305502257815e-05,3.6931203731954847e-07,-0.00016932433761418858,-4.2032598206500916e-05,0.00011798036947073885,-0.00017688897451056845,-7.6176348342197895e-06,1.6726794573959329e-06,-0.00010858671236544965,-3.487579011745829e-05,9.410019315959762e-05,-2.225044219161219e-05,0.0001025076748704824,-2.962498604680736e-05,7.430680633016795e-05,-2.3274719483543227e-05
FSP,-0.0006554166666664561,-1.5893052975032955e-05,0.00027771987302576453,0.0001745398026927503,2.585479044574918e-05,-5.877873132020226e-05,-2.4256653391396922e-05,0.00046155070040394694,-4.3937786917605686e-05,0.00012726369840600614,0.00033418377491110793,0.00021243624279980385,6.10043196567378e-05,0.00016060385510531373,0.0006885445980698327,-0.0009739783017976268,0.0005075089277808808,4.917893531658298e-05,2.968707776657086e-05,-6.594776603444334e-05,5.1492971818884e-05,0.002467752498562427,-0.00022294395393832929,0.00020836858102917126,5.426832225467117e-05,0.0003867267569382407,-6.618939375901152e-05,-0.0002538243246093982,0.00011681042932730048,-6.648458168758397e-05,-0.0004188495089169399,-0.0003016781962417552,0.00044907717017759997,-0.0010355915694399817,0.0002389252062509656,-5.795163812890443e-05,-0.00048808214969904757,-0.00037991942781488155,0.00023574230438945705,-0.0011332086643827868,-7.022118212780507e-05,-5.603652023550808e-06,-0.0002140630699228335,-0.00010034369003534967,-0.00025935869264749693,-0.00021156119067334902,0.0001844040808150853,-9.309759161625828e-05,6.505784863307563e-05,-0.0012096083650353275
GOVX,-0.0010290599953241917,1.4634378740308324e-05,0.00013445261551046697,0.00033702042587992166,-0.0007649181863126159,0.00039082680620813686,0.0005191402097359334,0.0011986882720633962,-0.0007453776818012748,0.0012191106989655326,0.0004090523644132358,-0.00010614533265557798,-9.635243430475515e-05,0.0003253307658321262,-0.0009739783017976268,0.05246302554310415,-0.00036677318420644354,-1.0405129401734056e-05,-0.00013521988088739667,0.0009064588031758587,0.002435168732781644,-0.007655200879838367,0.00018025838851692055,-0.0008920851326851895,-0.000627096931048064,0.0015668631065335632,0.0006665780182791847,0.00020496374234116476,0.0006615865018137603,0.0007527464518132634,0.0026123822909311827,0.003417516023955745,0.0007459045587884755,-0.006974319870986221,0.00015189803690807518,0.0007823635416397169,0.005814684395698207,-9.98720715139069e-05,0.0025538755736009915,-0.0014713175835452284,0.00037501608596616327,-1.266859529686558e-06,-0.0013960553189120441,-0.002398624194259199,-0.0010873647813359516,0.0006237030383443512,0.004359830912703137,0.002200928826750347,-0.0028965636013371797,0.013376676036488915
HTLF,0.00012677967262968634,2.1980172776006683e-05,0.0002934951253700785,0.0002795402645523599,0.00014460382040917192,-8.756970060739172e-05,-0.00018015560596692132,0.0006472044430108353,0.0001840975929973981,0.00041151989808285553,0.00036630247063164676,0.00012636722402984243,-4.211662425209305e-06,0.0003362887014392365,0.0005075089277808808,-0.00036677318420644354,0.0010047691673878117,4.701853803019049e-05,-0.00010745149361449399,-5.956123267930376e-05,0.00013880224136556614,0.0024967469587691624,0.00024153952632992247,0.00025475345562306925,0.00013397140945183,0.0008875933395797194,6.118386371040464e-05,-7.358151816363344e-06,4.579257549524861e-06,-8.444283766919282e-05,0.0004835472613324049,-0.0003868690674677175,0.0004412410400452307,-0.0013458956545873955,9.696840286864694e-05,5.5002116006602185e-05,-0.0008156813969289063,0.00016308685681771541,0.00022536401152809622,-0.0003038703911122041,2.6571657651917255e-05,6.415120295368191e-06,-0.00018835657945242797,0.00019808137700749523,-0.00011093756580511726,-1.1288352756484392e-05,4.973433048658182e-05,-7.130159880654615e-05,0.0002506587761923827,-0.0004415758905905121
JTA,3.3279631634619585e-05,-1.634465124514698e-06,2.1174533094274834e-05,1.5110023545229085e-05,3.5211963192521366e-05,-1.9974094968931267e-05,-1.7035468974376333e-05,1.3228167389610722e-05,-1.0965875611602067e-05,8.87614500250415e-06,2.81652395026641e-05,1.1389958147637204e-05,-2.8914401828032672e-05,3.120062092974582e-05,4.917893531658298e-05,-1.0405129401734056e-05,4.701853803019049e-05,1.759772367739105e-05,-1.8881405358640887e-05,-3.96903560150231e-05,-1.8678565924555224e-05,0.0004343199380648494,1.7211434443954483e-05,1.19427289992908e-05,-5.97599367792705e-06,7.722876894951805e-05,-2.6568256824681927e-05,2.090018732156965e-05,3.3997025010609422e-06,4.5341497149339094e-07,-7.724009340532395e-05,7.333217080149351e-05,0.00010704942712679892,-1.5794918755500977e-05,-1.1886037447033661e-05,-2.2027881537941915e-05,2.772204931362933e-05,-7.977523032939114e-05,4.1029075079614925e-05,-0.00023407006647255848,-2.059012816391707e-05,-6.343980887275987e-07,-5.270526321842905e-05,-4.6601031016254855e-05,0.00011269345418414604,-3.5703306109279905e-05,7.361092866831836e-05,-1.741528661032866e-05,1.3633589582122157e-05,-4.137187160589975e-05
MCD,-0.00024491464251241024,-4.494237933053462e-06,-2.2880897452159335e-05,-2.76009077917908e-05,-6.53179219298309e-05,1.96484419494664e-05,3.992573001805263e-05,1.2622877827568297e-05,-3.5094539735868385e-05,-5.7481058373341955e-05,-8.740018409519766e-06,4.259620260985595e-05,5.587937843092397e-05,-6.2641897901155e-05,2.968707776657086e-05,-0.00013521988088739667,-0.00010745149361449399,-1.8881405358640887e-05,6.428363402981692e-05,3.864830331396083e-05,1.2972630513343624e-05,-0.0003489160637554201,-0.00011172692772162113,-2.2552756180854685e-05,-6.9515007019984276e-06,-0.00016940236836685395,-1.8497095592681498e-06,-9.176212875842105e-05,1.8436684347228074e-06,-6.853222187183936e-06,-7.999410631381799e-05,-0.00014716834744702703,-0.00011557439940330385,0.0001524191247257326,6.71973828201383e-05,-3.888338916463966e-06,9.153634253507211e-06,-1.054439150795753e-05,-2.192456568144399e-05,0.00012953673368266795,-4.447624111625139e-06,-1.520940642458172e-06,5.632797862527583e-05,-1.174024002525412e-05,-0.00020173781343063097,-2.7601353204223097e-05,-3.256828170011796e-05,1.1582566216220456e-05,-5.1221421908044745e-05,-0.00015563478733380192
MUI,-0.00017524293068658822,-2.7705110480306603e-06,-5.6092819760551484e-05,-1.48679558692358e-05,-8.625272641235979e-05,8.184806088267243e-05,0.00010710683957086083,4.9138921418773423e-05,6.20771296978458e-05,-5.43467543219354e-05,1.9221822916856827e-05,6.732211308962998e-05,0.00011173307506934338,-5.828749814295272e-05,-6.594776603444334e-05,0.0009064588031758587,-5.956123267930376e-05,-3.96903560150231e-05,3.864830331396083e-05,0.00015939274778485648,0.00018223023119500403,-0.0008127876058616624,-6.697902255582438e-05,0.00011406417788216012,4.794812161768845e-05,-0.00010800394962412313,0.00010440080533481333,-0.00011475140660371405,0.0001265060846920331,-1.731605455282285e-05,0.0001566502563945146,-0.000216468500140642,-0.0002746415881332126,-0.0006527387218748047,1.9790166020607223e-05,0.00010289810162759531,-4.7049266917820254e-05,0.00025759107563834893,-5.573999060253487e-05,0.00042332344483244754,8.367364095856149e-05,1.9605355667721414e-06,0.00012064941273218585,0.00014940804547853285,-0.00026495524085443214,0.00015891419226688263,-0.00010653757774941042,0.0001288627231578312,-0.00010830746966909712,0.00019387473243194907
NEXT,-0.00021544851412097802,-3.336880102640809e-06,-3.171653703031221e-05,4.6087189837115965e-05,-5.235672733601799e-05,8.66517053875944e-05,0.00012455324887677608,0.000250937327607153,8.285512224085565e-05,5.857666445679095e-06,0.00013995934959596404,0.00020310910697440488,0.00013182555849378742,1.603652047821024e-05,5.1492971818884e-05,0.002435168732781644,0.00013880224136556614,-1.8678565924555224e-05,1.2972630513343624e-05,0.00018223023119500403,0.00034758819054350954,-0.00021942639286348024,-1.8459586839308132e-05,0.00023929263831559398,6.711890664589316e-05,0.00014743871807100257,0.00012936340111738807,-0.00012923251116060347,0.000275764271034239,-3.9152410145357774e-05,0.00016652195989677566,-0.00019146878849017748,-0.0002018853848777474,-0.0013997404641717846,-2.800984860401705e-05,0.00013933117525848613,2.6622698322906367e-05,0.00031192844841912974,8.933276407034973e-05,-3.455038413133831e-05,9.732537494520894e-05,2.894603930240366e-06,1.9841202963174203e-05,0.0001641884000907442,-0.00020074994990256626,0.00017546072722908113,0.00011598320102478423,0.000215840547674333,-0.00017362687922210977,0.00047549936233818696
NMTR,-9.796043220674036e-07,-7.071374526697827e-05,0.0007763776612181187,0.000714451154572633,0.0010020800548992705,-0.000529734386441918,-0.0003390271644822704,0.0013794390895279162,0.0003662350025371975,-0.00012135373202484947,0.0019133996905076253,0.0009880876342770052,-0.0004448863892636242,0.0010993131708743878,0.002467752498562427,-0.007655200879838367,0.0024967469587691624,0.0004343199380648494,-0.0003489160637554201,-0.0008127876058616624,-0.00021942639286348024,0.017305945055561305,0.0002855359084251039,0.001449185084285981,0.00039500158207212923,0.002412097142245023,-0.0005364408698003766,-0.00032949311913612386,-0.00023623916576930446,-0.00029028085833624953,-0.0015006255888164934,-0.0008591433076754245,0.003087922756240837,-0.00197644338342294,0.0006727187874885802,-0.0003957793071539042,-0.001659356572273222,-0.0015213118754757286,0.000857433913939081,-0.0027440266893393964,-0.00038745126680911465,-3.670988959405517e-06,-0.0006584445726050723,-0.000783662860865873,0.0022189842679584595,-0.000658810031957678,0.0010470178801960327,-0.0005220324844361241,0.0006601192708221393,-0.004724986081306005
OMER,0.000773430719772025,2.6233189337069543e-05,-7.259846364677572e-05,2.864415968863373e-05,0.0001476767572385386,-5.098942536987393e-05,-0.00013245849494930733,1.5621777868365445e-05,0.00014938632708778442,0.00010636748760469111,-5.5295866327124514e-06,-5.0450765676898966e-05,-0.00011560867158468452,0.00011134872800315569,-0.00022294395393832929,0.00018025838851692055,0.00024153952632992247,1.7211434443954483e-05,-0.00011172692772162113,-6.697902255582438e-05,-1.8459586839308132e-05,0.0002855359084251039,0.0004168010703050624,-7.004118250237751e-06,2.8029859208529224e-05,0.00030053415893960316,3.119913562883058e-05,0.00026584895484068087,-0.00015696672087767204,-4.043208133134001e-06,0.0005535562423103601,5.6702997599561e-05,3.8481453131955284e-05,0.0004340961943186403,-0.00016569084750931354,3.0622221424681805e-05,-1.4111681141863382e-05,0.000337605976417633,-1.951147807065079e-05,0.0006524936681701956,3.0215871670704815e-05,8.838407351768001e-06,3.3149618702677914e-05,0.00012749264141527486,0.00042361221042573946,9.958201675883536e-05,-1.28936486752878e-05,-4.61808663550712e-06,0.00013589805508536158,0.000678717028752219
OPT,-9.132483409675908e-05,-1.6256221853065813e-05,-3.576161165071197e-05,5.389122083883707e-05,7.560368321881372e-05,5.7059254820015475e-05,0.00013201942391726377,0.00019575824254115134,0.00019434139493239617,-0.00017309335171941813,0.00027040445552934376,0.0002963023255829982,0.00010823424378983074,5.7840741345678586e-05,0.00020836858102917126,-0.0008920851326851895,0.00025475345562306925,1.19427289992908e-05,-2.2552756180854685e-05,0.00011406417788216012,0.00023929263831559398,0.001449185084285981,-7.004118250237751e-06,0.0004899595645301208,0.00015479187681580585,0.0001853061646493883,7.745137352685406e-05,-0.00017604723662737243,0.00027697155037949994,-0.00010166829200838706,-0.00012066854916348169,-0.00041929430125351824,-6.331382287500213e-05,-0.0014013570630280483,-1.8726982894422977e-05,9.922951366366162e-05,-0.0003598587451579022,0.00026373087867719757,-3.9678358201931545e-05,-9.389162630446498e-06,7.876529534670413e-05,3.420374010187936e-06,0.00010592084306534693,0.00026607909272838434,0.00015418709320120123,0.0001869422246458079,-8.240877878435026e-05,0.0001083467442460415,-7.538104897826016e-06,-0.0005406063201455002
PEX,1.6983737503456522e-05,-5.368599153145862e-07,-3.4731500620314507e-06,2.7442645778118086e-05,1.9452267848947824e-05,1.6881364263042452e-05,2.345628502177417e-05,8.389347572193677e-05,9.881876974364023e-05,-3.125364445171304e-05,9.368032770023415e-05,7.072269796902264e-05,3.9854759065048435e-05,2.759030883566525e-05,5.426832225467117e-05,-0.000627096931048064,0.00013397140945183,-5.97599367792705e-06,-6.9515007019984276e-06,4.794812161768845e-05,6.711890664589316e-05,0.00039500158207212923,2.8029859208529224e-05,0.00015479187681580585,6.871109483479414e-05,6.717327369310865e-05,4.5395865249380114e-05,-5.739270714193032e-05,3.150609365294615e-05,-3.6932011258919535e-05,0.00010633981098045177,-0.00024379641870000407,-4.477568261674163e-05,-0.0003814460917505617,2.667142598890553e-05,4.7074568648548554e-05,-0.0002426446660004303,0.0001618469182997093,-4.777268236263903e-05,0.0003187779598700503,4.117401167486893e-05,2.6633432616401067e-06,8.077423087980034e-05,0.0001312636872219295,-2.1606595963724645e-05,8.792800191184274e-05,-0.00011920534736850329,2.1021098284308922e-05,3.518375520125025e-05,-0.00022299635707641452
PFS,0.0003142767267828911,1.897630901046559e-05,0.0002752016061896121,0.00026189200058974923,0.0001874473987563269,-9.55879559983384e-05,-0.00017692590509426405,0.0005233737911703906,0.00011101404819358415,0.00042761815158235913,0.0003046902941832575,6.821838085926522e-05,-9.130652448006781e-05,0.0003542612346333294,0.0003867267569382407,0.0015668631065335632,0.0008875933395797194,7.722876894951805e-05,-0.00016940236836685395,-0.00010800394962412313,0.00014743871807100257,0.002412097142245023,0.00030053415893960316,0.0001853061646493883,6.717327369310865e-05,0.0009739162535616858,2.884562653378712e-05,0.00012343718628395035,7.091998192665978e-05,-3.276069598370266e-05,0.00035997525890795997,0.00011254935428375111,0.0005841708509860101,-0.0014464859637536307,-3.55437592197233e-05,3.4787087595187455e-05,-0.0003635960218618282,5.3913900795558305e-06,0.0003349945431046597,-0.0009235614525434919,3.086802221249135e-06,4.6245713849699045e-06,-0.0003396516058839774,3.294345517500019e-05,0.00021590167358763912,-2.688902940840927e-05,0.0003277345634203267,-1.8482846376626527e-05,0.0001586263321317239,0.000209519019789682
PKO,1.4758817480523087e-05,5.139445351416223e-06,-1.8387006867017272e-05,1.4556135299403767e-05,-3.848246887788975e-05,4.782792177183443e-05,3.8423090857729016e-05,6.663284731916375e-05,7.84523227703438e-05,3.1398066569269526e-05,1.5282472052520896e-05,1.4068394262260328e-05,6.110578698644822e-05,-2.437886515737472e-06,-6.618939375901152e-05,0.0006665780182791847,6.118386371040464e-05,-2.6568256824681927e-05,-1.8497095592681498e-06,0.00010440080533481333,0.00012936340111738807,-0.0005364408698003766,3.119913562883058e-05,7.745137352685406e-05,4.5395865249380114e-05,2.884562653378712e-05,9.259593826750196e-05,-3.2559408680300394e-05,6.334016767370393e-05,-1.2389845818200546e-05,0.00026519870730561844,-0.00014625821752110564,-0.00016788187334632198,-0.0005262763321335464,-6.531549930860334e-06,8.755188977816781e-05,-0.00011368772227160651,0.0002514203026124137,-3.7114076344760216e-05,0.00039129900503503327,7.246982614430771e-05,3.214768356554546e-06,7.368481270211858e-05,0.00015131400910785729,-0.00016850925863635434,0.00013799495225065434,-0.0001036434241190181,8.118754292567518e-05,-3.010743839167167e-05,0.00023736408501638526
POWI,0.0006048621289963639,1.8890934136187037e-05,-4.536752023020855e-05,-2.1973041243070145e-05,9.798821178335055e-05,-5.293168600244928e-05,-0.0001234272501248513,-0.00016054035503179336,-2.5911417693461166e-06,0.00010983572460572627,-0.0001610106990928881,-0.00015739781842874826,-0.00013686188313521242,4.0141303657202214e-05,-0.0002538243246093982,0.00020496374234116476,-7.358151816363344e-06,2.090018732156965e-05,-9.176212875842105e-05,-0.00011475140660371405,-0.00012923251116060347,-0.00032949311913612386,0.00026584895484068087,-0.00017604723662737243,-5.739270714193032e-05,0.00012343718628395035,-3.2559408680300394e-05,0.0002847172978418163,-0.00011211223311229874,3.8399922281504175e-05,0.00020744040974703077,0.0003978349244846444,6.376042894631048e-05,0.0006968051239604362,-0.00020234819731033607,-3.781522133418501e-05,0.0002183313657268168,4.435063950623251e-05,-6.152981905185681e-06,-6.0868870812396124e-05,-2.400919540247921e-05,2.8896638922942054e-06,-7.912015115565513e-05,-7.148011730384772e-06,0.0003897789033195756,-1.7434965197037556e-05,5.839848395995545e-05,-5.647661131412958e-05,0.00010173293969259653,0.0006310892478686957
RFIL,-0.0003303622027733798,-1.4975931551265903e-05,-2.5551746976288658e-05,1.9200992377609402e-06,-2.5430990459301664e-05,9.708556585177785e-05,0.00016053860865641325,0.00010391752028316448,-1.4734870154649695e-05,-3.181377496017703e-05,-9.880373158400005e-06,0.00023241581286726244,0.0001579226438702432,-4.3269693282013485e-05,0.00011681042932730048,0.0006615865018137603,4.579257549524861e-06,3.3997025010609422e-06,1.8436684347228074e-06,0.0001265060846920331,0.000275764271034239,-0.00023623916576930446,-0.00015696672087767204,0.00027697155037949994,3.150609365294615e-05,7.091998192665978e-05,6.334016767370393e-05,-0.00011211223311229874,0.0005795274377832906,-6.884358451880053e-05,-0.00047149326311828434,0.00011710811969499853,-0.0002748993872847806,-0.0017404179057517388,-0.00024778540926348604,7.211931571049146e-05,4.666683906156468e-05,0.00011258989500317654,4.617268641148271e-05,-0.0015133890019191102,4.853206119103796e-05,-2.9218650245942958e-06,-0.0001307768114882483,0.00028752883794268166,-3.965652800382805e-05,7.531878458347279e-05,0.00011526234216729254,0.00013702382172128052,-0.00010554376500934414,-4.165337942476836e-05
SCD,2.9548625134011e-05,5.644960244031535e-07,1.2029401037441462e-05,-1.111136894361606e-05,-1.725163524895382e-05,-7.198040276764419e-06,-1.305198551216812e-05,-7.136810284443818e-05,-4.438494318928202e-05,2.3470342321208063e-05,-4.291647991265e-05,-8.620202815419122e-05,-3.984403533081693e-05,-6.3230174610899794e-06,-6.648458168758397e-05,0.0007527464518132634,-8.444283766919282e-05,4.5341497149339094e-07,-6.853222187183936e-06,-1.731605455282285e-05,-3.9152410145357774e-05,-0.00029028085833624953,-4.043208133134001e-06,-0.00010166829200838706,-3.6932011258919535e-05,-3.276069598370266e-05,-1.2389845818200546e-05,3.8399922281504175e-05,-6.884358451880053e-05,3.887304509751016e-05,3.436680623289202e-05,0.00016011667438463873,6.650512538565459e-05,0.00020722303350190078,2.1710075507009405e-05,-1.320702642025355e-05,0.00015285366611558798,-9.515368851776884e-05,2.6767184065869517e-05,4.0957067087289555e-05,-1.1292958101768837e-05,-9.99175136936644e-07,-3.0239166168102806e-05,-0.00011721654097737502,7.62585266316695e-06,-1.7295307567506365e-05,5.768473686981602e-05,9.092512138105588e-07,-3.588663952410216e-05,0.00023764543724893813
SRACU,0.0008263714292488914,5.8357616296302556e-05,-1.4072569905357388e-05,0.00010989649855331134,-2.5919369782553357e-05,8.112245257277228e-06,-0.0001756036558759142,0.00026233908728746463,0.0003236839376903639,0.00036790282736818614,4.621433946952303e-05,-0.00023602652429953144,-3.1396002684315344e-05,0.000149091610351911,-0.0004188495089169399,0.0026123822909311827,0.0004835472613324049,-7.724009340532395e-05,-7.999410631381799e-05,0.0001566502563945146,0.00016652195989677566,-0.0015006255888164934,0.0005535562423103601,-0.00012066854916348169,0.00010633981098045177,0.00035997525890795997,0.00026519870730561844,0.00020744040974703077,-0.00047149326311828434,3.436680623289202e-05,0.0018152256058920383,-0.0004950365839007357,-0.00020384188513430335,0.00019631015485376165,0.00011869079667182098,0.0002320278158370693,-0.0004091285893162781,0.0009127100531421229,-7.429068555794632e-05,0.0029294856958078496,0.00019667928275640619,1.8975632929762844e-05,0.0002872764279052479,0.00026889335743601945,-0.0003955928456302486,0.0003782350991654262,-0.00034951474269052354,0.0001231861470296702,9.504141269762559e-05,0.0014985695649298253
SYPR,0.00041220408289182567,-1.5857146888889874e-06,4.897458443290684e-05,-6.252854299529541e-05,6.990323038998094e-05,-5.64121818688398e-05,-7.837983779978361e-05,-0.0004451707149979504,-0.00031354070046438957,0.00017799289892438596,-0.0003585649164054701,-0.0003388275416047869,-0.00025161136269645225,8.764092126335252e-06,-0.0003016781962417552,0.003417516023955745,-0.0003868690674677175,7.333217080149351e-05,-0.00014716834744702703,-0.000216468500140642,-0.00019146878849017748,-0.0008591433076754245,5.6702997599561e-05,-0.00041929430125351824,-0.00024379641870000407,0.00011254935428375111,-0.00014625821752110564,0.0003978349244846444,0.00011710811969499853,0.00016011667438463873,-0.0004950365839007357,0.0015000528742417528,0.00039479020470065005,0.00028400476238983835,-0.00036047701848518647,-0.00013818342245930837,0.001058333570238185,-0.0006449570501355081,0.00023773903233184314,-0.0021585649601925214,-0.00012093226010855816,-9.085315993395187e-06,-0.0004975274874450157,-0.0004436604877766885,0.0006626434227855662,-0.00019728130246577462,0.0005965998366113803,-2.8785710196865336e-05,-0.00010618456197150217,0.0013003504051260822
TA,3.396978996253006e-05,-8.546795023316658e-06,0.00032349929970572415,0.00017937718772821805,0.00016452765432540495,-0.0001673522456800337,-0.00017691325246940848,0.00017351659541513985,-9.713376235522325e-05,0.0002041327321177642,0.00028892910885768057,-0.00011107590390496988,-0.0002381813252233352,0.00028050226859420007,0.00044907717017759997,0.0007459045587884755,0.0004412410400452307,0.00010704942712679892,-0.00011557439940330385,-0.0002746415881332126,-0.0002018853848777474,0.003087922756240837,3.8481453131955284e-05,-6.331382287500213e-05,-4.477568261674163e-05,0.0005841708509860101,-0.00016788187334632198,6.376042894631048e-05,-0.0002748993872847806,6.650512538565459e-05,-0.00020384188513430335,0.00039479020470065005,0.0010286172295143913,3.2088995406390033e-05,0.00024264789563915184,-0.00014795060581933067,-2.7532445000787447e-06,-0.0007461808851527925,0.000347970689086099,-0.0008734978315580546,-0.00014072737900633245,-5.258789470099881e-06,-0.00035835966714754076,-0.0005677124765397453,0.0003932452574064603,-0.00027015080953636083,0.0004508889722381959,-0.0001669874970848818,8.940072514775887e-05,-0.0003884108363047303
VERI,0.0013736883275989285,4.181896832233841e-05,-0.0004989413226879546,-0.0004845574223823703,0.00010505121657933516,-0.0003353752062182736,-0.000493316144272108,-0.0012530875359698622,-0.0003158322775812175,-0.0004470978547470173,-0.000768138246464398,-0.0006963702168877718,-0.0005596522282471173,-0.00036943111371545777,-0.0010355915694399817,-0.006974319870986221,-0.0013458956545873955,-1.5794918755500977e-05,0.0001524191247257326,-0.0006527387218748047,-0.0013997404641717846,-0.00197644338342294,0.0004340961943186403,-0.0014013570630280483,-0.0003814460917505617,-0.0014464859637536307,-0.0005262763321335464,0.0006968051239604362,-0.0017404179057517388,0.00020722303350190078,0.00019631015485376165,0.00028400476238983835,3.2088995406390033e-05,0.009416886038691707,0.0001315566109829071,-0.0005555828496489,0.0009958553416606537,-0.0005650065730549901,-0.0005325741818398884,0.003563110033593169,-0.0003887111754709642,-2.7589954018410886e-07,0.0005148737165114978,-0.0008590564685778551,0.0009081455387491579,-0.0006513212934450183,-0.0003702101215640634,-0.0006480281782468407,0.0003769743770085479,6.443178653407543e-05
