,APM,AVCO,EPU,FBHS,FUL,FXH,GMS,HR,HTHT,HYTR,INSP,ITEQ,IUSB,JMPNL,KMDA,KRUS,LL,NFTY,NGD,OSN,PRS,RBB,REZI,RXI,RXL,SHOP,SLT,SMTS,SSRM,SZNE,XHB,AEVA,APLS,DOO,GLDD,IBMQ,IGIB,KRYS,MGI,MLP,RAVI,STRR,UNIT,UPRO,VMOT,ZYNE,BCOR,CAL,GURU,ZIXI
APM,0.0028234326853612407,0.0005249857957122009,-0.0003066985971765073,0.0001110320727033248,0.000519761772490895,-0.00012098529021847269,0.000980950457097707,0.00010774946606210722,-0.0004626694489492498,-6.0500478284844835e-05,-9.297347070114495e-05,-0.00036734407870032216,-7.045626916550342e-05,0.0006810517399610506,0.0007037946653575086,0.0003936063258271117,0.00045039680989169265,-0.00039309069285560597,-0.0010474397673453184,-0.0008190120818588473,-7.92632675815928e-05,0.0002642646226565695,4.198649791015774e-05,3.1661392133571986e-05,-0.0002691508637057139,-0.00017374076130801373,0.0004320246716412416,-0.0007958738430830533,-0.00094264146103682,5.97372983502311e-05,0.0004055019754262276,-0.00019441842602645242,0.0008821838319666536,0.00011790727851104864,0.0005638453125102092,-0.00025723723371086674,-3.54477735060355e-05,-0.0001896582873444291,0.00042732649535032067,0.00018385164173168828,-8.416206887997308e-05,0.00045703791264396293,-0.00030852094230770334,0.000271487236068454,-2.4704073104934798e-05,0.0005432627829981379,0.00017044323926701565,0.002235510592791464,-9.919410227769915e-05,-0.0006057595346422427
AVCO,0.0005249857957122009,0.002900375949023964,2.5500296442772995e-05,-0.000721214007922266,-0.00010658551107074082,5.1697585140254145e-05,-0.0006328257113714714,0.0004086726680009355,-0.0010424924650991743,0.00034413178369900555,-0.0002903995518372866,1.645525418410931e-05,0.0003472932175759791,0.0005629807555912309,0.0016773643518764364,-0.002109010971719105,-0.0005343554982355445,-0.00022507762797359016,0.0010062458650600173,-4.604226128099436e-05,0.0002079682818930904,-0.00048319996633711923,-0.0016908883010895391,1.7110780478024634e-05,-0.00026804136574631594,7.663299229373894e-05,-0.00021948084162592616,-0.0001621772688440154,0.000537380616204278,-0.000126742250832966,-6.686984192496532e-05,0.0004815806697254024,-0.00011610441873089836,0.00014208532491416542,-0.0006938125424880672,0.00021366641338110896,0.0002654654994254487,0.0005759460813591098,-0.00019314058638974284,0.0005555110798537184,0.000320948050038538,0.00058244097255897,0.0018065232240724635,-0.000725436834744625,0.0003027838452505046,0.00044943573291986,0.0002260563158651273,-0.0006228059458196294,-6.021528247352685e-05,0.0007295032129074898
EPU,-0.0003066985971765073,2.5500296442772995e-05,0.00013270306486232078,-3.767179878787286e-05,-0.00012257290736050955,-7.736314127372118e-06,-8.789292480209474e-05,1.5185069065923177e-05,4.07808964439784e-05,0.0001679023180330615,-0.00010389192887107574,4.505911295991273e-05,0.0001855885981794464,4.2302595687670403e-05,0.00014640851090644088,-2.0749684710184748e-05,-0.0001894167986118635,8.057208688155015e-06,0.00024201881992493859,0.00015552447418799988,0.00011943511458705778,-0.0001251676233711159,7.645446659913262e-05,-5.262209092318371e-07,-0.0001395772376753733,-0.00014690919027235129,-0.00010275402996811661,0.0001256571902580454,0.00023785788058855247,-1.3929202865026015e-05,-4.705052946100489e-05,0.00017606791163845488,-0.00027422235105536405,1.9308552077178564e-05,5.3236590674134255e-05,0.00018604552529630865,0.00017232621844845848,0.00010455746480824465,-0.0001845596014794178,3.420694787417859e-05,0.0001614900549843769,-3.111474968552583e-05,0.00046471039604089763,-0.00032671370931331963,0.0001714431986345098,-5.155507345097311e-06,2.1902719840841426e-06,-0.0003211076037913661,-5.893438995282146e-07,-5.453814637564282e-06
FBHS,0.0001110320727033248,-0.000721214007922266,-3.767179878787286e-05,0.0013439377136749363,0.0008385557040952628,-0.00026741860042555135,0.0013379421377667912,0.00027199574783218417,0.0006818511312791086,-0.00034575551889328094,0.00010953528637537135,-0.00013324912300357052,-0.00034062238368507927,-0.00035475116988514907,-0.0004811035725769048,0.002989270293876689,0.001609603925470448,0.00012125719811876221,-0.0006055989956871326,-0.0003533285078831297,-0.00024066527021470165,0.0011712344018433942,0.0010625137741476678,0.00013924059819286726,-0.0002756612119862915,-0.00046716887892769843,0.0006064961034420145,-9.117740036943675e-05,-0.0007123120579343496,0.00035267106249020944,0.0007879816849850231,-0.0003544004461536402,-0.0006338230722510012,0.00013977403901569593,0.001289595389032424,-0.0004142159946926176,-0.0003457403010979652,-0.0001086679116957418,0.0005119151541381312,3.9548854369109485e-05,-0.0003320342288838524,-0.00044304756615863166,0.00017242402047984302,0.0006651091892268821,-0.00015531634016708289,-0.0002173852725869147,0.0005425320688623439,0.0010943542973118304,-0.0001005593193561193,-0.0008091380958964683
FUL,0.000519761772490895,-0.00010658551107074082,-0.00012257290736050955,0.0008385557040952628,0.0008538162395228117,-0.00017326301630083622,0.0010368000735834113,0.00018739217078131006,0.0003391478359058481,-0.00035196209241825007,-7.73343093278777e-05,-9.188651512098232e-05,-0.0003527381124798383,-0.00020365664060386634,-0.00017464419025729134,0.002341362250810826,0.0012697183428873051,0.00010914530406295671,-0.00012509550295155262,-0.0005875811096877189,-0.0002467193939933367,0.0008394902539899176,0.0005819643278307412,8.21975720597592e-05,-0.00015581425629475844,-4.6318993059732014e-05,0.0005496161500670506,0.00015457211839982216,-0.0005885802599712271,0.0002448342064793757,0.0005620100516323865,-0.0002934694248991249,-0.00012975030576941048,0.00010131624749973409,0.0008250188267212546,-0.00042335975547697156,-0.0003577896598207084,2.8427403301931955e-05,0.0004631874351475776,8.195214337081341e-06,-0.00034297767701597974,0.00011426264404713807,0.0001436534071373521,0.000678933406589811,-0.00021930474611687084,1.182632116918109e-05,0.00043849809365189673,0.0011914893373768925,-5.930242314072143e-05,-0.0006580956055730251
FXH,-0.00012098529021847269,5.1697585140254145e-05,-7.736314127372118e-06,-0.00026741860042555135,-0.00017326301630083622,0.00013291356562973515,-0.00031725948107005116,-0.00011433429942256836,-0.0001472011122140958,4.6482239410211836e-05,0.00010771617460204914,7.298985818384461e-05,4.4969706087545294e-05,-0.00011044293145716243,9.858558795816648e-05,-0.0008299559013100433,-0.00036045955179083003,1.883491727775231e-05,0.0001590616109162338,0.00019739783003451135,5.251009346770952e-05,-0.00016455141967571004,-0.00015544839019906244,-3.442161537105092e-05,0.00019923017017167173,0.00016753444334583126,-0.00014529161512665271,-3.396736260425143e-05,4.141414023973909e-05,-8.958575385459644e-05,-0.00018666772585674082,6.57174799869835e-05,0.0001782962094700951,-5.623355252686778e-05,-0.00039979155009332217,8.750559503718926e-05,4.6220503453611904e-05,-7.630214372608056e-05,-3.63969132734317e-05,-7.487899653905508e-05,4.9869486381009456e-05,0.0001702213795699145,-0.0001850092511595857,-0.0001035881503234408,-2.877913011931168e-06,5.174182055164378e-05,-0.00013501876656402465,-0.0003354789922542928,3.428873675124354e-05,7.755874312455166e-05
GMS,0.000980950457097707,-0.0006328257113714714,-8.789292480209474e-05,0.0013379421377667912,0.0010368000735834113,-0.00031725948107005116,0.0018817674319304175,0.00037236905804010375,0.0005771281416134471,-0.00025977441747955266,-0.00012096691432074586,-0.0001569598278092726,-0.0002519644405269749,-5.261188836412137e-06,-0.00018253785544766963,0.0040762537261673885,0.0021377676136676914,6.713837545752068e-05,-0.00046992182541332215,-0.0005915171036365392,-0.00019971148164400995,0.001373004240947294,0.0013277682871138685,0.0001596144033652378,-0.0005100962633870112,-0.0005523119674478072,0.0008851519811463671,-6.317175886985078e-05,-0.0008312354674760619,0.00040105500733776585,0.0009704902267210691,-0.00024615207337824003,-0.0002831196375042543,0.0002085371514064607,0.0016817659555114122,-0.00035549622059902804,-0.00025814302580449657,-0.00011127701833828697,0.0007926871153043744,5.652945040044753e-05,-0.0002642725443214383,0.000305789305744838,6.318189761274507e-06,0.0005608411416157417,-4.659052024697024e-05,9.129371128135572e-05,0.0007203756046303792,0.0024599839472031495,-7.157302496338095e-05,-0.0011774172421815192
HR,0.00010774946606210722,0.0004086726680009355,1.5185069065923177e-05,0.00027199574783218417,0.00018739217078131006,-0.00011433429942256836,0.00037236905804010375,0.000266956644511244,4.044148516010069e-05,4.191971827895446e-05,-0.0001064051869143702,-2.6201231264358194e-05,4.047925359008308e-05,0.00014824347013075266,0.0002709673169081373,0.0008747031997564419,0.0006163426291324308,-1.7393466210011606e-05,7.740153940828872e-05,-5.889567667179325e-05,8.453676864881915e-06,0.00030284322287775636,-1.3652364218305307e-05,6.764972011263459e-05,-0.0002710847056627977,-0.00027613379471524047,0.00020466359415569492,-6.57694410204379e-05,1.085223265288292e-05,0.0001042658042761071,0.00028418587694259477,6.85040132333245e-05,-0.00023288317610141844,0.00010603336713771212,0.00040130459579542743,-4.3291024416450415e-06,1.4181928648685152e-05,0.00015789211193148212,0.00017360123741782862,0.0001772877584984016,3.490847329423611e-05,0.0001340372510216416,0.00045901397977453985,-8.876333146558178e-05,9.365212381215674e-05,7.405027036402529e-05,0.0002986315570126508,0.0004532854896119222,-3.227092074224533e-05,-3.576919040149238e-05
HTHT,-0.0004626694489492498,-0.0010424924650991743,4.07808964439784e-05,0.0006818511312791086,0.0003391478359058481,-0.0001472011122140958,0.0005771281416134471,4.044148516010069e-05,0.001348029903675896,-4.759003763678654e-05,-0.0001237055554901806,-8.491705453673233e-06,-5.074304636986705e-05,-5.835708996058533e-05,-0.00039646411290437163,0.0017807556349105497,0.0007585010175695926,0.00017787362697688715,-0.0006320895562990668,-0.00015085223561532278,-1.3660111324194718e-05,0.0006337297087378586,8.242129762175728e-05,9.301535094064847e-05,-0.00023653774693573284,0.00016161113595639388,0.0003029587615915817,0.00025266876712268997,-0.00033605925930874867,0.00013443922923454024,0.0001486582524433934,-0.00011734604020772265,0.00012545417561687835,4.512199638483595e-05,0.000856989935832137,1.1807675018654033e-05,-4.956148014484048e-05,0.00023256798037540814,-0.00038209115077437523,-0.00018835455395099709,-5.297800509978678e-05,0.0002152271157399276,-0.00016478659738389912,0.0001292784285124,-6.696012193975663e-05,-0.00010423761308744274,0.00031501605224287864,0.0001182085901960474,-3.667322152108017e-05,-0.0009239868463951169
HYTR,-6.0500478284844835e-05,0.00034413178369900555,0.0001679023180330615,-0.00034575551889328094,-0.00035196209241825007,4.6482239410211836e-05,-0.00025977441747955266,4.191971827895446e-05,-4.759003763678654e-05,0.00042845513593176964,-0.00019826328244589573,6.248253038065253e-05,0.0004466812689803644,0.0003005250986773529,0.000692927348179386,-0.000631489165970568,-0.0004488728665683378,-8.542704473393934e-05,0.0002931784122745407,0.00034610009017102804,0.0002997262180462886,-0.0003649739386361734,-0.0002213265646871382,-4.716814182517005e-06,-0.00024973347945347955,-0.00027626417455429585,-0.00019791859488201566,-4.905271868828827e-05,0.0003732339630658741,-0.00010262327718572371,-0.00017463192609339467,0.00040925399471609844,-3.1210512617404675e-05,3.8134555788869955e-05,-8.586807633617501e-05,0.0004551693294594102,0.00042438569508052173,0.0002466316689452719,-0.0003250432201166153,0.00010088956456401575,0.00040809185922575887,0.00034094424830395984,0.0007173803573893106,-0.000805272911543179,0.0003670605843729634,0.0002460032116372984,-1.2391877435526633e-05,-0.00036865363739612767,4.894109293504849e-06,7.224675269046283e-05
INSP,-9.297347070114495e-05,-0.0002903995518372866,-0.00010389192887107574,0.00010953528637537135,-7.73343093278777e-05,0.00010771617460204914,-0.00012096691432074586,-0.0001064051869143702,-0.0001237055554901806,-0.00019826328244589573,0.0005189101720496325,-1.4651821439683973e-05,-0.00021035191488348267,-0.000319223611860828,-0.0004385281983118655,-0.0009666283371191798,-0.0001412557801797429,5.266334902070988e-06,-0.0005218320560938996,0.00017203817635267498,-0.00011336144016092201,0.00027034933033453286,-7.706772868440612e-05,1.3023031688112033e-06,0.00038599465447095857,0.0002867825479577327,-7.314614009046646e-05,-0.00041372194961009935,-0.0003889649734568226,-2.4046538909547703e-06,9.016353687780684e-06,-0.00022538087736190086,9.87204457611666e-06,-6.793115650422631e-05,-0.00027550048060104987,-0.00018835564766389574,-0.0001952804922032095,-0.0005009092249654967,0.00015834565226634006,-9.430827016153532e-05,-0.0001823686440038283,-0.0003542222375860615,-0.0009068452428734946,0.00036425109049936197,-0.00019613103987361162,-0.00025129227587698,-0.00012166245588565067,-0.00023192650069089456,3.1549698952857377e-06,-0.00011716003415651816
ITEQ,-0.00036734407870032216,1.645525418410931e-05,4.505911295991273e-05,-0.00013324912300357052,-9.188651512098232e-05,7.298985818384461e-05,-0.0001569598278092726,-2.6201231264358194e-05,-8.491705453673233e-06,6.248253038065253e-05,-1.4651821439683973e-05,0.00011058215418775335,6.538407844919673e-05,-9.353736496195026e-05,4.773412417404027e-05,-7.245068198230785e-05,-4.948604682051314e-05,8.201547144963682e-05,0.0003923486854224989,0.0001800082321052791,5.6077723253019797e-05,-3.7517021736716776e-05,-1.2212360020635302e-05,-1.190416667064692e-05,6.515797072539856e-05,9.094682069535528e-05,-5.3027979238855956e-05,0.00017505565412992075,0.000173366678376083,-3.331610842270539e-05,-9.508032837882465e-05,0.00011816335576289354,-1.756028058894649e-06,-2.1449581724924244e-05,-0.00017066758997632306,0.00011240589689994229,5.438171625939199e-05,2.6307317625680322e-05,-2.8108855745958682e-06,-5.848530162320504e-05,6.319742312197886e-05,0.0002721792099257525,-1.2871370127363405e-06,-0.0001440223243152251,4.230149754681226e-05,2.818485675453206e-05,-1.15485753090034e-05,-0.00017542945347390004,4.4189352389928605e-05,2.4294514593359245e-05
IUSB,-7.045626916550342e-05,0.0003472932175759791,0.0001855885981794464,-0.00034062238368507927,-0.0003527381124798383,4.4969706087545294e-05,-0.0002519644405269749,4.047925359008308e-05,-5.074304636986705e-05,0.0004466812689803644,-0.00021035191488348267,6.538407844919673e-05,0.00046869379473285684,0.00030504659578605006,0.000709643445219369,-0.0006244095114157048,-0.00047669201102336904,-8.571764918828834e-05,0.00032301320647267075,0.00035012313205230527,0.00031345457644906184,-0.0003682790266015436,-0.00019597832315733726,-4.860234663917768e-06,-0.00026951696846084215,-0.0002835468278576748,-0.00020751529256760596,-2.97513515000504e-05,0.000386910148228743,-0.00010152408089340889,-0.00017298573759977684,0.00042964820273589077,-7.414868484662193e-05,4.185239556927215e-05,-6.656194949288028e-05,0.0004734373542852604,0.0004448593635265634,0.0002465884526543894,-0.00034830450823900954,0.00010335636211634893,0.0004252408743051571,0.00033800461473717196,0.0007775950753211467,-0.0008388212075345458,0.00038946983542514365,0.0002436496284040674,-1.0311314319951885e-05,-0.0003856348643604059,3.5699598841978634e-06,3.762208761006317e-05
JMPNL,0.0006810517399610506,0.0005629807555912309,4.2302595687670403e-05,-0.00035475116988514907,-0.00020365664060386634,-0.00011044293145716243,-5.261188836412137e-06,0.00014824347013075266,-5.835708996058533e-05,0.0003005250986773529,-0.000319223611860828,-9.353736496195026e-05,0.00030504659578605006,0.0008074724524209906,0.00041925521575112134,-0.00035624397621546546,-0.00022886293158206925,-0.00020314710787062648,-0.00018071863576258896,-0.0002152161443845998,0.00016501845116369615,-0.0002069068863057598,-0.0007234775395376314,2.2377762779576548e-05,-0.0004130144547516388,0.00012160067214474077,-1.870300314566655e-05,-6.714286611319934e-05,0.00021991074104941001,-4.231125541939718e-05,-7.135135922832736e-05,0.00023743715469259945,0.000281991771432051,8.471258298922939e-05,0.00021482032195713945,0.00024341735095652787,0.00029442581024293634,0.00016639190398663026,-0.0003926874322010169,0.00016987707386759726,0.00026341834624246197,0.0004469738586249439,0.00010028207757033945,-0.000493728886045396,0.0002540653379335382,0.0001787267664166938,6.741485470031557e-05,0.00048298540174369377,-1.1098638707796148e-05,-0.00013560385986398647
KMDA,0.0007037946653575086,0.0016773643518764364,0.00014640851090644088,-0.0004811035725769048,-0.00017464419025729134,9.858558795816648e-05,-0.00018253785544766963,0.0002709673169081373,-0.00039646411290437163,0.000692927348179386,-0.0004385281983118655,4.773412417404027e-05,0.000709643445219369,0.00041925521575112134,0.0022092860690881067,-0.0008757869571146921,-0.00029154083043276153,-0.0002186781901028469,0.0007344044819242703,0.00043840260085704387,0.0004884881321386226,-0.0005738898752374784,-0.0004780881806919124,1.854869417262604e-05,-0.00048180925542963294,-0.0009193138518838505,-0.00013016216169346444,-0.00038653545976140085,0.0003685978697982062,-0.00015892367600657542,-5.307987324037731e-05,0.0007096858161986722,0.00013503077007916766,0.0001474870085776723,-0.00021380344464538864,0.0006545852740589177,0.000649816961237922,0.0008161156249541471,-0.0001381031903751188,0.00040223718119949514,0.0006669904850571661,0.0008682463869834809,0.0023272592581345514,-0.0013402794056162472,0.0005993190148260084,0.0008966662224058877,0.0002385535359722504,-0.00033567608348862067,-6.936447101110238e-05,0.0004119924987725896
KRUS,0.0003936063258271117,-0.002109010971719105,-2.0749684710184748e-05,0.002989270293876689,0.002341362250810826,-0.0008299559013100433,0.0040762537261673885,0.0008747031997564419,0.0017807556349105497,-0.000631489165970568,-0.0009666283371191798,-7.245068198230785e-05,-0.0006244095114157048,-0.00035624397621546546,-0.0008757869571146921,0.012052355229821456,0.005576928861971931,0.0005438725984582786,0.0005329831842103624,-0.0011612569310205632,-0.0005109692647545215,0.002611525949289018,0.004019276697569946,0.00030697086297914084,-0.0013014226153978492,-0.0018879758861233464,0.0021094683364291035,0.0011723495338177216,-0.0007368069460138639,0.0009509504062137516,0.0020555663017200456,-0.0004345056867000246,-0.0010214731705421715,0.0004266266195022077,0.003882238424766633,-0.0007046135518335642,-0.0006478281943383172,0.0005647093910830174,0.002031739686108221,-1.7737928323539055e-06,-0.0006214487674750688,0.0007711172421766035,0.0008420092043788906,0.0012389579064673393,-0.00012917382795150242,0.00019467192087924075,0.0016430416610173535,0.005234899218424953,-3.803200557663694e-05,-0.0015387505057733474
LL,0.00045039680989169265,-0.0005343554982355445,-0.0001894167986118635,0.001609603925470448,0.0012697183428873051,-0.00036045955179083003,0.0021377676136676914,0.0006163426291324308,0.0007585010175695926,-0.0004488728665683378,-0.0001412557801797429,-4.948604682051314e-05,-0.00047669201102336904,-0.00022886293158206925,-0.00029154083043276153,0.005576928861971931,0.003273283365665919,0.0002500943216196362,-6.042940780811695e-05,-0.0005097429117252307,-0.00034493902211307477,0.0017849886449802605,0.001443127235042278,0.00021559642359278815,-0.0004735243285566786,-0.0007373252847305205,0.0012126190469732648,8.979827289813189e-05,-0.0007386619651594584,0.00051357204688156,0.0012119268983894985,-0.00032953169941962144,-0.00026420573145384676,0.00024311668889495636,0.0018169878299526376,-0.0005150772422246777,-0.0005042499075413999,9.18537734301433e-05,0.0013545157761555848,8.383314218358573e-05,-0.00043853232075348426,0.0006603139923719783,-0.00012581724286632137,0.0008485764760914891,-0.00020926767075603184,0.000132904282133061,0.0010210364582419825,0.00294152836654409,-2.7737549047479677e-05,-0.0008090537501841498
NFTY,-0.00039309069285560597,-0.00022507762797359016,8.057208688155015e-06,0.00012125719811876221,0.00010914530406295671,1.883491727775231e-05,6.713837545752068e-05,-1.7393466210011606e-05,0.00017787362697688715,-8.542704473393934e-05,5.266334902070988e-06,8.201547144963682e-05,-8.571764918828834e-05,-0.00020314710787062648,-0.0002186781901028469,0.0005438725984582786,0.0002500943216196362,0.0001334310333418114,0.00024891301983844016,2.0673529761803093e-05,-4.6825106094189227e-05,0.00018084766777914753,0.00016147286333868395,4.96459409627902e-06,7.624255549176407e-05,0.0001375786643761128,7.188936228186723e-05,0.00024926221774818335,1.3629709854733955e-05,3.4460401938011546e-05,2.128424899534653e-05,-2.8658507503935655e-05,-5.034417121630775e-05,-1.6732903504143705e-05,3.805461379780533e-05,-4.3890905163503804e-05,-9.067803566053388e-05,-4.585273041349097e-06,7.58428963396174e-05,-9.929387653068129e-05,-7.874010728966522e-05,0.0001489148913568008,-0.00014157345818596587,0.00013877305700417207,-7.293584374959566e-05,-6.603327769745746e-05,5.668985251127508e-05,8.609971414697754e-06,3.1268263598073856e-05,-0.0001276005577299394
NGD,-0.0010474397673453184,0.0010062458650600173,0.00024201881992493859,-0.0006055989956871326,-0.00012509550295155262,0.0001590616109162338,-0.00046992182541332215,7.740153940828872e-05,-0.0006320895562990668,0.0002931784122745407,-0.0005218320560938996,0.0003923486854224989,0.00032301320647267075,-0.00018071863576258896,0.0007344044819242703,0.0005329831842103624,-6.042940780811695e-05,0.00024891301983844016,0.002406473901904084,0.0003857375827679443,0.00021245647985894105,-0.0005166492758386786,0.00029824278572495656,-7.100183597922118e-05,-7.192624124476081e-05,-0.0001871564456999656,-0.00014400337393422622,0.0010220202066000385,0.0010994719247742943,-8.850059008311294e-05,-0.00020506163052157967,0.0006023451128800943,-0.00043867967502414214,4.653020424516456e-06,-0.0005651195445283236,0.0003947722329721836,0.00025960035293306984,0.0005149030849352139,0.00022754634996823836,4.228283774854219e-05,0.0002925747061407324,0.0009568735969890539,0.001380952261539339,-0.0006827698027701816,0.0003075836473497085,0.0003256638941324433,5.113771336179296e-05,-0.000356176128197344,0.00014035333257517363,0.0006765609483515641
OSN,-0.0008190120818588473,-4.604226128099436e-05,0.00015552447418799988,-0.0003533285078831297,-0.0005875811096877189,0.00019739783003451135,-0.0005915171036365392,-5.889567667179325e-05,-0.00015085223561532278,0.00034610009017102804,0.00017203817635267498,0.0001800082321052791,0.00035012313205230527,-0.0002152161443845998,0.00043840260085704387,-0.0011612569310205632,-0.0005097429117252307,2.0673529761803093e-05,0.0003857375827679443,0.0008761984370577687,0.00027073256569053254,-0.0003869816761237044,8.68689866666675e-05,-2.8425498153735015e-05,0.00012867125871643658,-0.00045367435837590046,-0.00033607530521240783,-0.00023616057407841584,0.00041304887815894677,-0.00014331589555616645,-0.0002604572586486861,0.0003494257784182889,-0.00017758954397644928,-5.00656636360872e-05,-0.0005282167099204243,0.00044789757379635526,0.0003331329177705076,3.931993637445155e-05,-3.581179720674372e-05,1.6362180434857675e-06,0.0003505301252107433,3.377252418685082e-05,0.0003525054130384409,-0.0007181789682567691,0.00026912368245269447,0.00010948223486365318,-0.00016638156619682427,-0.000989249291539368,4.8210805419074826e-05,0.0005036756464509636
PRS,-7.92632675815928e-05,0.0002079682818930904,0.00011943511458705778,-0.00024066527021470165,-0.0002467193939933367,5.251009346770952e-05,-0.00019971148164400995,8.453676864881915e-06,-1.3660111324194718e-05,0.0002997262180462886,-0.00011336144016092201,5.6077723253019797e-05,0.00031345457644906184,0.00016501845116369615,0.0004884881321386226,-0.0005109692647545215,-0.00034493902211307477,-4.6825106094189227e-05,0.00021245647985894105,0.00027073256569053254,0.0002159288140714864,-0.00024266209718476635,-0.0001500485287741001,-5.245744615019252e-06,-0.00014338014017137215,-0.0001624129910399342,-0.0001505626851778374,-3.4187247487981785e-05,0.00023647052557959484,-7.846670934660185e-05,-0.00013768358257048514,0.0002893316405718819,-1.0421559122511937e-05,1.9185689651002755e-05,-9.125585261638653e-05,0.00032678296758836855,0.00029776573180886895,0.0001569119797610938,-0.00023895799002686342,4.935241549860051e-05,0.00028663549295796,0.0002599329441503745,0.0004850523630854409,-0.0005658153719202258,0.00025205335755709935,0.00017283943588730104,-1.6580657999900776e-05,-0.00031877534474503274,5.54466275732699e-06,7.309747440588034e-06
RBB,0.0002642646226565695,-0.00048319996633711923,-0.0001251676233711159,0.0011712344018433942,0.0008394902539899176,-0.00016455141967571004,0.001373004240947294,0.00030284322287775636,0.0006337297087378586,-0.0003649739386361734,0.00027034933033453286,-3.7517021736716776e-05,-0.0003682790266015436,-0.0002069068863057598,-0.0005738898752374784,0.002611525949289018,0.0017849886449802605,0.00018084766777914753,-0.0005166492758386786,-0.0003869816761237044,-0.00024266209718476635,0.0016120180253517608,0.0004379642692436175,0.00016746740265964307,-0.00012929546469538363,0.00032869784999661343,0.000705628950580759,-7.236969411117107e-05,-0.0008897554113252601,0.00034614284931180477,0.0007639911070609748,-0.00029808129808570874,-0.00020437537854677647,0.00013556421566555444,0.0011682686426216754,-0.00040086639267799867,-0.00038932198109342697,-0.0004297270269960756,0.0005512405359726795,-7.054187168648725e-05,-0.00036395711947081826,0.0004501004710239714,-0.0008722794339208609,0.0007198016500133088,-0.0002097055101272792,-0.00021092397376975386,0.0006573636750553392,0.0016903471913390338,-2.45065294202251e-05,-0.0014001766808226792
REZI,4.198649791015774e-05,-0.0016908883010895391,7.645446659913262e-05,0.0010625137741476678,0.0005819643278307412,-0.00015544839019906244,0.0013277682871138685,-1.3652364218305307e-05,8.242129762175728e-05,-0.0002213265646871382,-7.706772868440612e-05,-1.2212360020635302e-05,-0.00019597832315733726,-0.0007234775395376314,-0.0004780881806919124,0.004019276697569946,0.001443127235042278,0.00016147286333868395,0.00029824278572495656,8.68689866666675e-05,-0.0001500485287741001,0.0004379642692436175,0.0030266567636176864,3.8869485403432435e-06,-0.00016791552497291524,-0.0015895840760942956,0.0004952556502043518,0.00015551346694575488,-0.00024758916331293863,0.00027385496843808057,0.0006729586362682556,-0.00019686644881670225,-0.0008154944246683452,3.8601199426065565e-05,0.0010646814208676507,-0.0002087229840880239,-0.00016117926686733775,-0.000145621194801634,0.001187172449266847,-0.00010921350354555566,-0.00018892743256248385,-0.0006581732736505133,0.0004896404327458871,0.0004112891140710688,1.724162964710926e-05,3.7896866486114567e-05,0.00014292725790223738,0.0015076999412790089,5.234298441906649e-07,7.203395176650414e-06
RXI,3.1661392133571986e-05,1.7110780478024634e-05,-5.262209092318371e-07,0.00013924059819286726,8.21975720597592e-05,-3.442161537105092e-05,0.0001596144033652378,6.764972011263459e-05,9.301535094064847e-05,-4.716814182517005e-06,1.3023031688112033e-06,-1.190416667064692e-05,-4.860234663917768e-06,2.2377762779576548e-05,1.854869417262604e-05,0.00030697086297914084,0.00021559642359278815,4.96459409627902e-06,-7.100183597922118e-05,-2.8425498153735015e-05,-5.245744615019252e-06,0.00016746740265964307,3.8869485403432435e-06,2.644427218286064e-05,-6.903969114506937e-05,-2.8702825773443783e-05,7.912910392808758e-05,-3.402621725207681e-05,-6.992097100626958e-05,4.0845111640841285e-05,9.821260837752333e-05,-4.228722207015963e-06,-5.166037818662392e-05,2.9927315316182676e-05,0.00016961862895030128,-1.4589222386734528e-05,-1.0926758167440533e-05,7.1179987726408385e-06,3.184379965473777e-05,2.666445161704892e-05,-6.696174109262374e-06,4.494918591667366e-05,3.530016052501189e-05,1.1841414679439738e-05,1.085646285916077e-05,-2.481802261017224e-06,0.00010108974992340801,0.000159298214525811,-1.1879567057849567e-05,-0.00012974770801554443
RXL,-0.0002691508637057139,-0.00026804136574631594,-0.0001395772376753733,-0.0002756612119862915,-0.00015581425629475844,0.00019923017017167173,-0.0005100962633870112,-0.0002710847056627977,-0.00023653774693573284,-0.00024973347945347955,0.00038599465447095857,6.515797072539856e-05,-0.00026951696846084215,-0.0004130144547516388,-0.00048180925542963294,-0.0013014226153978492,-0.0004735243285566786,7.624255549176407e-05,-7.192624124476081e-05,0.00012867125871643658,-0.00014338014017137215,-0.00012929546469538363,-0.00016791552497291524,-6.903969114506937e-05,0.0005844263120854201,0.000509045628273578,-0.00018425379370636954,-7.174588686332618e-05,-0.00015835351770244167,-0.00010271372288504022,-0.0002665532174116801,-0.0002289886789477891,0.00032722706672850583,-0.00015061926564073348,-0.0007330623438980639,-0.00019512861847601618,-0.00024292126745689902,-0.0003579523986674807,0.0001134770392175729,-0.00021337324325448791,-0.0002267130899160853,-0.0001602483493733753,-0.0009949120238400622,0.00044149819973744384,-0.00030237456393822175,-0.00017129769330511273,-0.0003180003679735757,-0.0005236589944341956,5.6525845640950634e-05,0.0002249503005614484
SHOP,-0.00017374076130801373,7.663299229373894e-05,-0.00014690919027235129,-0.00046716887892769843,-4.6318993059732014e-05,0.00016753444334583126,-0.0005523119674478072,-0.00027613379471524047,0.00016161113595639388,-0.00027626417455429585,0.0002867825479577327,9.094682069535528e-05,-0.0002835468278576748,0.00012160067214474077,-0.0009193138518838505,-0.0018879758861233464,-0.0007373252847305205,0.0001375786643761128,-0.0001871564456999656,-0.00045367435837590046,-0.0001624129910399342,0.00032869784999661343,-0.0015895840760942956,-2.8702825773443783e-05,0.000509045628273578,0.0021278825714578604,-0.00015271566938624274,0.0004398456361529172,-0.000276084888940411,-9.431837456978823e-05,-0.00043291316001329796,-0.00020263449164530144,0.000732142701763745,-0.00013185917089599222,-0.0005927279360712794,-0.00021818526974247158,-0.0002775169558451277,-0.0005696698719413205,-0.0006587880515026884,-0.00036213425335806647,-0.0002877925991941594,0.0007272852825563216,-0.0020344557169456575,0.0005649815369272677,-0.00037658252263820266,-0.00041909680284983033,-0.00017966448270986498,-0.0002643508323134368,9.848110747857943e-05,-0.001011286069622451
SLT,0.0004320246716412416,-0.00021948084162592616,-0.00010275402996811661,0.0006064961034420145,0.0005496161500670506,-0.00014529161512665271,0.0008851519811463671,0.00020466359415569492,0.0003029587615915817,-0.00019791859488201566,-7.314614009046646e-05,-5.3027979238855956e-05,-0.00020751529256760596,-1.870300314566655e-05,-0.00013016216169346444,0.0021094683364291035,0.0012126190469732648,7.188936228186723e-05,-0.00014400337393422622,-0.00033607530521240783,-0.0001505626851778374,0.000705628950580759,0.0004952556502043518,7.912910392808758e-05,-0.00018425379370636954,-0.00015271566938624274,0.0004912219469236506,3.3736140086419e-05,-0.0003931577309646569,0.0001951921281265646,0.00046040478063124517,-0.00016539022314133767,3.234215488392011e-05,9.19607116278241e-05,0.000736528293016694,-0.00023652664983124275,-0.00021158947892384607,-1.4984483404127271e-06,0.00047278093606683376,9.011556026669247e-06,-0.0001970995465928608,0.00031934532217687455,-0.00017650674259171413,0.0003965535296309004,-0.00010940591480332955,7.114674821328221e-05,0.0003813980228092269,0.0012971140153028207,-1.643951170855929e-05,-0.00046975187049611364
SMTS,-0.0007958738430830533,-0.0001621772688440154,0.0001256571902580454,-9.117740036943675e-05,0.00015457211839982216,-3.396736260425143e-05,-6.317175886985078e-05,-6.57694410204379e-05,0.00025266876712268997,-4.905271868828827e-05,-0.00041372194961009935,0.00017505565412992075,-2.97513515000504e-05,-6.714286611319934e-05,-0.00038653545976140085,0.0011723495338177216,8.979827289813189e-05,0.00024926221774818335,0.0010220202066000385,-0.00023616057407841584,-3.4187247487981785e-05,-7.236969411117107e-05,0.00015551346694575488,-3.402621725207681e-05,-7.174588686332618e-05,0.0004398456361529172,3.3736140086419e-05,0.0010391294360873535,0.0004901479261179185,2.462990136611271e-05,-0.00013899705216696196,9.833449185046762e-05,-0.00016288220825715324,-2.4340470257761602e-05,6.487460720366248e-05,2.259202949798723e-05,-4.408054292879421e-05,0.0002513196058473481,-0.0002044088048118136,-0.0001688599470069031,-5.160618582457455e-05,0.00041808132657915,0.00018505160349054824,6.608500792758411e-05,-2.696432572714199e-05,-0.00010874932900300987,2.6630743775347194e-05,-6.819674123130661e-05,8.168680035830534e-05,-0.00014766803138795525
SSRM,-0.00094264146103682,0.000537380616204278,0.00023785788058855247,-0.0007123120579343496,-0.0005885802599712271,4.141414023973909e-05,-0.0008312354674760619,1.085223265288292e-05,-0.00033605925930874867,0.0003732339630658741,-0.0003889649734568226,0.000173366678376083,0.000386910148228743,0.00021991074104941001,0.0003685978697982062,-0.0007368069460138639,-0.0007386619651594584,1.3629709854733955e-05,0.0010994719247742943,0.00041304887815894677,0.00023647052557959484,-0.0008897554113252601,-0.00024758916331293863,-6.992097100626958e-05,-0.00015835351770244167,-0.000276084888940411,-0.0003931577309646569,0.0004901479261179185,0.0010773518524753102,-0.00015447170453695684,-0.00040521647133749005,0.0004424087599455384,-0.0003242476438398978,-2.2852728826000413e-05,-0.000531230135152263,0.00043400471495847967,0.0003603270116975157,0.00045129811393670674,-0.00033494160725452456,0.00011472034875905489,0.00036311726953464025,4.588321533649992e-05,0.0009394346086575662,-0.000768728270188695,0.00031494671780381436,6.964353896609061e-05,-0.00020926841329042242,-0.0010198952963477734,6.77651864732181e-05,0.00095313551270831
SZNE,5.97372983502311e-05,-0.000126742250832966,-1.3929202865026015e-05,0.00035267106249020944,0.0002448342064793757,-8.958575385459644e-05,0.00040105500733776585,0.0001042658042761071,0.00013443922923454024,-0.00010262327718572371,-2.4046538909547703e-06,-3.331610842270539e-05,-0.00010152408089340889,-4.231125541939718e-05,-0.00015892367600657542,0.0009509504062137516,0.00051357204688156,3.4460401938011546e-05,-8.850059008311294e-05,-0.00014331589555616645,-7.846670934660185e-05,0.00034614284931180477,0.00027385496843808057,4.0845111640841285e-05,-0.00010271372288504022,-9.431837456978823e-05,0.0001951921281265646,2.462990136611271e-05,-0.00015447170453695684,0.00010908555675323633,0.00023950162478773165,-8.978319704943733e-05,-0.00018275223743966616,4.7495987441581726e-05,0.00038322546044110723,-0.0001274354007112805,-0.00010549265832518497,-3.827103959842649e-05,0.00017952213675475107,2.476950362407441e-05,-0.00010099909218645294,-5.64671216341306e-05,-1.3621205353128373e-06,0.00019858962915718413,-4.0659081683072434e-05,-6.470539198638371e-05,0.00017198050867256844,0.00045104425718101807,-1.8629195286988082e-05,-0.0002148546273428361
XHB,0.0004055019754262276,-6.686984192496532e-05,-4.705052946100489e-05,0.0007879816849850231,0.0005620100516323865,-0.00018666772585674082,0.0009704902267210691,0.00028418587694259477,0.0001486582524433934,-0.00017463192609339467,9.016353687780684e-06,-9.508032837882465e-05,-0.00017298573759977684,-7.135135922832736e-05,-5.307987324037731e-05,0.0020555663017200456,0.0012119268983894985,2.128424899534653e-05,-0.00020506163052157967,-0.0002604572586486861,-0.00013768358257048514,0.0007639911070609748,0.0006729586362682556,9.821260837752333e-05,-0.0002665532174116801,-0.00043291316001329796,0.00046040478063124517,-0.00013899705216696196,-0.00040521647133749005,0.00023950162478773165,0.0006026078590109918,-0.0001519386180357005,-0.0003910163686422954,0.00013077828095993974,0.0008536972632991312,-0.00025091994838735015,-0.0001859489578608292,-5.8169023259524764e-05,0.0005334319059198316,0.00012895684410494233,-0.0001715989549730761,-7.553360532832228e-05,0.00022622551613062477,0.0003390227043221289,-3.2463259383102423e-05,-1.0745952780161912e-05,0.00042563553331570226,0.0011503525093308569,-5.819084336751274e-05,-0.000403650358262521
AEVA,-0.00019441842602645242,0.0004815806697254024,0.00017606791163845488,-0.0003544004461536402,-0.0002934694248991249,6.57174799869835e-05,-0.00024615207337824003,6.85040132333245e-05,-0.00011734604020772265,0.00040925399471609844,-0.00022538087736190086,0.00011816335576289354,0.00042964820273589077,0.00023743715469259945,0.0007096858161986722,-0.0004345056867000246,-0.00032953169941962144,-2.8658507503935655e-05,0.0006023451128800943,0.0003494257784182889,0.0002893316405718819,-0.00029808129808570874,-0.00019686644881670225,-4.228722207015963e-06,-0.0002289886789477891,-0.00020263449164530144,-0.00016539022314133767,9.833449185046762e-05,0.0004424087599455384,-8.978319704943733e-05,-0.0001519386180357005,0.00044699605175921797,-8.903025405190032e-05,4.20635224057862e-05,-0.00012367442904170605,0.000446989851748534,0.00039714023198602065,0.00025767682425943466,-0.00023684690478100522,9.23257919147901e-05,0.0003903097587016806,0.0005145346004563327,0.0007641331104430469,-0.0007877770346850542,0.00036174917512665344,0.0002556928257477342,3.7143918663368806e-05,-0.000298769252960737,2.6425694011088014e-05,6.258689935691656e-05
APLS,0.0008821838319666536,-0.00011610441873089836,-0.00027422235105536405,-0.0006338230722510012,-0.00012975030576941048,0.0001782962094700951,-0.0002831196375042543,-0.00023288317610141844,0.00012545417561687835,-3.1210512617404675e-05,9.87204457611666e-06,-1.756028058894649e-06,-7.414868484662193e-05,0.000281991771432051,0.00013503077007916766,-0.0010214731705421715,-0.00026420573145384676,-5.034417121630775e-05,-0.00043867967502414214,-0.00017758954397644928,-1.0421559122511937e-05,-0.00020437537854677647,-0.0008154944246683452,-5.166037818662392e-05,0.00032722706672850583,0.000732142701763745,3.234215488392011e-05,-0.00016288220825715324,-0.0003242476438398978,-0.00018275223743966616,-0.0003910163686422954,-8.903025405190032e-05,0.001507007530258344,-0.00010738661339339575,-0.0005245331705874,1.9043160299805128e-05,-3.706909788695675e-05,-3.4192621929727764e-05,-9.86145671456044e-05,-0.00024709747648544577,-3.999515970831922e-05,0.0010373728306931483,-0.0013647774157867377,0.00012922676154833237,-0.00021705199140058818,0.0003714194461805152,-0.00019426413551766142,0.0005419661679620198,7.329084703494229e-05,-0.00017035526939228213
DOO,0.00011790727851104864,0.00014208532491416542,1.9308552077178564e-05,0.00013977403901569593,0.00010131624749973409,-5.623355252686778e-05,0.0002085371514064607,0.00010603336713771212,4.512199638483595e-05,3.8134555788869955e-05,-6.793115650422631e-05,-2.1449581724924244e-05,4.185239556927215e-05,8.471258298922939e-05,0.0001474870085776723,0.0004266266195022077,0.00024311668889495636,-1.6732903504143705e-05,4.653020424516456e-06,-5.00656636360872e-05,1.9185689651002755e-05,0.00013556421566555444,3.8601199426065565e-05,2.9927315316182676e-05,-0.00015061926564073348,-0.00013185917089599222,9.19607116278241e-05,-2.4340470257761602e-05,-2.2852728826000413e-05,4.7495987441581726e-05,0.00013077828095993974,4.20635224057862e-05,-0.00010738661339339575,5.166037789856089e-05,0.00023052010634675506,1.5074441600537835e-05,3.1317813073195e-05,7.086832282825308e-05,3.85979470126359e-05,7.337753835881164e-05,3.3139074408418414e-05,6.49733131923766e-05,0.00025622896678660477,-6.764623777483062e-05,6.334527055813353e-05,4.68238605171381e-05,0.0001338635721191824,0.00023018136727667753,-2.031394589346428e-05,-0.00010230999684258212
