,ARD,BDJ,BSMN,CHGG,CMP,DLY,DRUA,DWM,ESGRO,FLT,FXR,GNOG,GOVZ,INSG,JBT,JHSC,JPI,JPMB,KDNY,NUAN,PDCO,RBIN,RVSB,SMSI,SONY,SPNS,TOL,TSLA,TYO,UNTY,UPV,WORX,WTS,WUGI,AVNW,BBAR,CNQ,CVGW,DLHC,FTSI,GHM,IBDN,ICAD,JJS,KRBN,LUMN,PCSB,PODD,WMPN,JHMM
ARD,0.00044850525483238407,0.00015010364010133344,-8.186850116629333e-06,-0.00043513176988911134,0.0004149461597079235,-1.529923434688096e-05,1.4566510027570363e-05,0.0001384170914969155,0.0001361030901653769,0.0005426416384509596,0.00025172586059428193,0.00030956320580889657,-0.00017960990595039362,7.311094841390027e-05,0.0006997503738336549,0.0002592694367397821,8.090714588702224e-06,1.919632281244789e-05,-0.00010054763098066598,-5.59568939306463e-05,0.00037237569379228755,6.644816694495096e-05,0.0005261563491250578,0.00016087752536623708,7.682639444138423e-05,0.00010053037146219267,-0.00026939165628802616,-0.00021064534909905142,9.400885266278261e-05,0.0005004862153751116,0.000321845138911435,6.14858445080547e-05,7.924322253405859e-05,7.342610716975872e-05,0.00011001111314558345,0.0006395295245348245,0.0008737536061775041,0.0003505269032557832,0.0007207356484336189,-0.0007219052965802433,0.0004792527165822594,-2.542066221623327e-06,1.9192614713188624e-05,0.00013707591061381218,0.00013354147365122804,0.00014539598102203508,0.0001806415733385429,-0.0001674874955319935,1.4707484687582233e-05,0.0004567475300009472
BDJ,0.00015010364010133344,0.00010462167297980665,-1.8547224667816324e-06,-0.0002582253011018224,0.0002046627749904216,1.588917831485512e-05,4.98336110075619e-06,7.472691326206497e-05,4.175016035286415e-05,0.00033742099262563615,0.00011266367011831852,0.00016467785839190534,-0.00010915887430045494,-0.00015585261977389063,0.0003936565141638112,0.000114678097684514,2.1523459652757887e-05,7.879330915013634e-06,-0.00016187823639297278,-0.0002415675618325287,0.00017627680578390667,1.5941861600694764e-05,0.00025660644221172,0.00015254704083218654,-1.0167405843560508e-05,6.188428171664301e-05,-2.2608681300685377e-05,6.837835322714023e-06,6.383264112830292e-05,0.000286480954878725,0.00018521803671391477,0.00010135212188986643,8.048555254890447e-05,-8.40367450690202e-05,1.2691061771833597e-05,0.00041788200174390267,0.0005684613736512552,0.00016938247697277655,0.0004172911153915824,-0.0014253389160860325,0.00028198092587290247,8.139908797393718e-07,9.281810026190135e-05,-5.590501959483701e-06,8.101330636880431e-05,0.0001259984442327221,0.00011952572260919511,-4.552258650251831e-05,1.951431296443548e-06,0.00013915071864539826
BSMN,-8.186850116629333e-06,-1.8547224667816324e-06,2.198571031795975e-07,4.1271126870115694e-06,-4.707546979448524e-06,1.6645686626766245e-06,-2.0763202212199417e-07,-1.510357003030164e-06,-2.3910487189247626e-06,-1.9662214925362023e-06,-3.6970164270917763e-06,-7.342540827580955e-06,1.8092851942283699e-06,-7.222616563696828e-06,-5.820718132530946e-06,-2.9495973591375416e-06,-3.0494952998839303e-07,-1.0741453763299905e-07,1.481949119512226e-06,2.8290228920904885e-06,4.860886308649161e-09,-6.459790042483154e-07,-2.7717054528432534e-06,-2.9417342830805e-06,-2.166213270252776e-06,-1.045960730858853e-06,2.4848091814053324e-06,8.938101307009427e-07,-1.0836635898589105e-06,-7.673903790322495e-06,-2.6246044356403496e-06,3.2847601616500305e-06,1.1593773034210957e-06,-3.4176129751962667e-06,-3.064807070993647e-06,-2.5843651602886536e-06,-7.967571490294983e-06,-2.052329162135082e-06,-1.0102180037858663e-05,6.710422589772383e-06,-4.156849104078719e-06,4.777669199564827e-08,4.67029705518537e-06,-5.492073002542289e-06,-2.7343851226023193e-06,-7.973013604138085e-07,-5.949632667673896e-07,4.438616412122369e-06,-4.2625033604178434e-07,-7.246108617595258e-06
CHGG,-0.00043513176988911134,-0.0002582253011018224,4.1271126870115694e-06,0.002106850397609073,-0.0012316912213579322,-1.187738741485129e-05,-9.382902893368127e-05,-0.0002802278669267495,-0.00014488779952335763,-0.0025653655209751432,-0.0005872527340753775,-0.0003235416074106424,0.0005388165177135263,0.0015186956124912598,-0.002783170404741036,-0.0005725038066424211,1.6483747755460162e-05,-6.649282441003788e-05,0.0001230330757402563,0.0011392233827110698,-0.0014404913500990094,1.4297310820087728e-05,-0.002290900518949072,2.7947094765865397e-05,0.0005161367555828678,-0.0005116379242066957,0.0008967058302635864,0.0009670521532313132,-0.0003572501145540884,-0.0014287938200283144,-0.0008019103428921236,-0.00017278972068025372,-0.0004610303508373287,0.0008559046235715939,-0.0012148690866516827,-0.0020504677229654807,-0.002819343071008361,-0.001049351346273144,-0.0007332424730355229,0.003631143225220947,-0.0016731634007197524,1.937990374124291e-05,1.57602677384846e-05,-2.6736904511295015e-05,-0.00042146469382635057,-0.0007635061974309453,-0.0007343788257839528,6.613626097552914e-05,-2.6941614456136513e-05,-0.0008064159552172908
CMP,0.0004149461597079235,0.0002046627749904216,-4.707546979448524e-06,-0.0012316912213579322,0.0008521509692607506,3.717034827591891e-05,4.9741651850253764e-05,0.00024281834863941425,0.00014759419738208582,0.001505075836160643,0.0004384407755634719,0.00026018210252336417,-0.00037114147443855037,-0.0007079054660583702,0.001662083303038486,0.0004546808801872567,-1.807336085920074e-05,4.472921505823077e-05,-0.00011782807254290531,-0.000470345928131474,0.0009588460869609779,5.5988949474574355e-05,0.0014760890237842672,0.00015915859762214056,-0.0001273574559026202,0.00029596279579580765,-0.00044315007451312425,-0.0007456580888373393,0.00023996391513321424,0.0010588489957075575,0.0006357064714632302,0.00011476340826419311,0.00037187814356028765,-0.00038073462475963766,0.00048763004138442764,0.0016011657086922118,0.0017970645676979953,0.0007356620358656812,0.0007258578763751775,-0.002357848523868631,0.0011760190413337094,-9.415050117587976e-06,4.937301828635151e-05,1.6556401111463558e-05,0.00023728637441075115,0.0005257345905464542,0.0005668788135512786,-0.00013560977423340893,1.5933645324607805e-05,0.0006307689014346371
DLY,-1.529923434688096e-05,1.588917831485512e-05,1.6645686626766245e-06,-1.187738741485129e-05,3.717034827591891e-05,4.26822422613808e-05,-7.023852820349504e-07,2.604820026295708e-05,3.2545624156352263e-06,5.175553136185867e-05,1.1390798941932273e-05,-4.587130513164816e-05,-1.815339467028396e-05,-7.362096446324268e-05,3.1616258634339304e-05,3.501017783828151e-05,-9.758908443941692e-06,5.104836723561924e-07,-3.8631473956304186e-05,0.00014705907830516615,6.758901573281889e-05,1.9584644091778774e-05,8.891451510005435e-05,7.705972341001853e-05,2.7837152592531975e-05,-1.0202626134445102e-06,9.380246534086287e-05,-5.134444778769234e-05,1.1027365795268192e-05,2.0142804543524146e-05,6.623239203104188e-05,2.274613036445979e-05,8.452982773939285e-05,-2.8262078959278492e-05,-0.0001584460568178766,0.00024474618585215875,4.5388208352087956e-05,6.911802864952375e-05,6.48429538884444e-05,9.207527897848501e-05,7.074321935144308e-05,1.1755968375360775e-06,9.64142211414602e-05,-7.117087654579282e-05,-3.593565283695443e-05,5.852467471408005e-05,7.167349744492864e-05,3.802738025287414e-05,-3.878653675194253e-06,-7.224164049491995e-06
DRUA,1.4566510027570363e-05,4.98336110075619e-06,-2.0763202212199417e-07,-9.382902893368127e-05,4.9741651850253764e-05,-7.023852820349504e-07,7.008187809089518e-06,8.99662461036042e-06,5.489512264133805e-06,0.00010446111579161798,1.8698341496334492e-05,-2.058803900104395e-05,-1.812157856780012e-05,-4.406300346946677e-05,0.00010906092313686335,1.9993426273445758e-05,1.205819572826114e-06,2.2864986820211057e-06,1.3313740475603256e-05,-2.505682340096647e-05,3.554162069267595e-05,-3.981565009336123e-06,0.00010954479389985351,1.8994720022626003e-05,-2.9220063602410717e-05,1.9802375773774918e-05,-2.6111265468373505e-05,-6.968133618179899e-05,1.2075804811152994e-05,2.9832405595059473e-05,2.4744823895326185e-05,-2.243889324934902e-05,2.1404377436454738e-05,-4.18826002490079e-05,5.685684393139875e-05,7.018847313648329e-05,9.623986552585007e-05,4.519626024483449e-05,9.540841163105727e-06,-2.5373031611861975e-05,5.096118105269418e-05,-1.2038409102958042e-06,-1.8559991273820355e-05,9.156520296778141e-06,1.226219332420405e-05,3.8685248037840165e-05,2.8347763411733045e-05,8.59736329514968e-06,1.6150455365512495e-06,2.6028041364639072e-05
DWM,0.0001384170914969155,7.472691326206497e-05,-1.510357003030164e-06,-0.0002802278669267495,0.00024281834863941425,2.604820026295708e-05,8.99662461036042e-06,0.0001058124614482778,5.768842114454006e-05,0.00038860017685097436,0.00014101566380162795,4.2734292551065744e-05,-0.00013997971900830313,-0.00010576988266400704,0.00041817703772814026,0.00015170851468636765,1.5137533619563966e-05,1.800879907100163e-05,-9.008295789560918e-05,-4.073484592709374e-06,0.00030537201921975495,4.632310288074392e-05,0.00045824899045080196,0.00013138290421347686,2.634648621232104e-05,5.844252398039971e-05,-8.456903057309581e-05,-0.0002104120648155042,8.881233540988207e-05,0.0004051518332982993,0.0002489943140773713,0.00010753784827304097,0.00013056122779194954,-6.0257055552194005e-05,-9.676140162539478e-05,0.0005276799890101978,0.0006406373277681788,0.0002160719682403266,0.000350388119223359,-0.0006092631769780062,0.0003503703837031941,-1.451638685767735e-06,8.19022106142415e-06,-2.2572032605302305e-05,4.856082219228031e-05,0.00012900406437845905,0.00020315357027986998,-8.682996145362122e-05,-3.4576334700823095e-07,0.00024123742875060703
ESGRO,0.0001361030901653769,4.175016035286415e-05,-2.3910487189247626e-06,-0.00014488779952335763,0.00014759419738208582,3.2545624156352263e-06,5.489512264133805e-06,5.768842114454006e-05,4.89165919650636e-05,0.00018209010238683806,9.237667005307856e-05,6.916735993448842e-05,-6.917491296800138e-05,2.5763838853858172e-05,0.0002269713982000715,9.811371591096864e-05,-1.7724061531680805e-06,8.47385632894907e-06,-2.8352822873359057e-05,7.019952498839841e-05,0.00015512905942481798,3.256192438769068e-05,0.00023113407512517358,6.113525065811601e-05,4.1757026726010206e-05,3.126367741444917e-05,-7.141651937616146e-05,-0.00012519754617286146,4.128206389654386e-05,0.0002115414412639619,0.00013012652591116677,1.0658566414045978e-05,5.325318923351114e-05,2.4108101056888003e-05,-3.104031564439652e-05,0.000275828658048364,0.0002986154254696279,0.00012825325266895452,0.00022025336983098065,3.099105398152608e-05,0.00018467253264173195,-1.248708087265517e-06,-1.7110212742729114e-05,3.2123570424593056e-05,2.873250813774445e-05,5.825500651536528e-05,9.39838589024904e-05,-6.351426356349555e-05,3.848152894375583e-06,0.0001744118322187491
FLT,0.0005426416384509596,0.00033742099262563615,-1.9662214925362023e-06,-0.0025653655209751432,0.001505075836160643,5.175553136185867e-05,0.00010446111579161798,0.00038860017685097436,0.00018209010238683806,0.003556914480990474,0.0007171590523333924,0.0002265819797447117,-0.0007704451297665505,-0.001996779596105823,0.003732023789030284,0.0007296575870727998,3.174866806637456e-05,0.00011201397905104478,-0.0001641706447836202,-0.0009963713357293872,0.0022772971731948896,4.3004778968075194e-05,0.003109631944188661,-0.00030417298626080167,-0.0007213744102864337,0.0005964338191532343,-0.0016757456665609841,-0.0010372461819066938,0.0004658019972022645,0.0017882824633959802,0.001120844809932154,0.0008182865432661722,0.0004964378947852787,-0.0009874510410940807,0.0012004424207138938,0.0024392545454774103,0.004190760813238805,0.0014284515690400838,0.0011865997486245382,-0.0030700086976280165,0.002036339363842233,-2.5411299043661972e-05,0.00017971554712350966,-0.00013026897909490517,0.00048451711819513007,0.000684273165928293,0.0008684612770724057,-7.861912366709188e-05,1.5723164231609393e-05,0.0012123711079897286
FXR,0.00025172586059428193,0.00011266367011831852,-3.6970164270917763e-06,-0.0005872527340753775,0.0004384407755634719,1.1390798941932273e-05,1.8698341496334492e-05,0.00014101566380162795,9.237667005307856e-05,0.0007171590523333924,0.00025322638080721264,0.00022654173041079795,-0.00020722596043569634,-0.00031194547562815133,0.0008282673026088564,0.0002502870924271515,-1.295673876135307e-05,2.4768254764136745e-05,-0.0001118429218679479,-0.0001845315377152788,0.0005249336708376524,4.833498349581393e-05,0.0007270493999704917,4.9608902846406953e-05,-1.6699447685042436e-05,0.00014529267579438661,-0.00023953691877823312,-0.00031283541583674326,0.00013803975921313142,0.0006669877846481399,0.0003526473126865626,8.054005086937059e-05,0.00017469828321357365,-0.00013531109553131034,0.00015432505094772802,0.0008330986098956703,0.0009630811169829384,0.00035736791541483,0.0004477051611490793,-0.0009968386831339334,0.0006304209508772765,-4.514042890926809e-06,-1.733152610838449e-05,2.630088264888576e-05,0.00012814565406152142,0.00023065781191710483,0.0002961725627843752,-0.00013198623132274837,9.00446105873034e-06,0.0003975068355080364
GNOG,0.00030956320580889657,0.00016467785839190534,-7.342540827580955e-06,-0.0003235416074106424,0.00026018210252336417,-4.587130513164816e-05,-2.058803900104395e-05,4.2734292551065744e-05,6.916735993448842e-05,0.0002265819797447117,0.00022654173041079795,0.0009797641209469616,-8.587499646049157e-05,-0.0004364866092671727,0.0005424765025785627,0.00015184186850586762,-8.005122546461585e-05,-1.2368093647411009e-05,-0.00043058401058275974,-0.0006496034191265961,0.00019708939936167533,9.285505043897731e-07,-0.00015303150076839708,-0.00020053805501342009,2.8908962338758664e-05,0.00014611137872305897,-2.1769969644750965e-05,0.0005968842928771056,7.725181165592792e-05,0.0006089979300554486,0.0001274771016181987,-3.8188320231226574e-05,-3.2811082074707234e-05,-2.1825128804354527e-05,0.00031442674869635397,0.0005020039775258163,0.00039024395100965533,7.590450830503628e-05,0.0005299430749644813,-0.0019497020921029069,0.00048004109927484134,2.5836570826058648e-06,8.815734720595297e-05,0.00013314884118109402,0.00021339052134681906,9.874387249621602e-05,2.5218681459059976e-05,-0.00015401449898620832,2.4010331340701985e-05,0.00021784986353173133
GOVZ,-0.00017960990595039362,-0.00010915887430045494,1.8092851942283699e-06,0.0005388165177135263,-0.00037114147443855037,-1.815339467028396e-05,-1.812157856780012e-05,-0.00013997971900830313,-6.917491296800138e-05,-0.0007704451297665505,-0.00020722596043569634,-8.587499646049157e-05,0.00022854190792239744,0.00033890123184265295,-0.0008202838724548227,-0.00020591075150461167,-3.2289053611047156e-05,-3.15450100631362e-05,0.00013548177954928408,0.00016766258950216644,-0.0005465499172559951,-4.37775716964247e-05,-0.0007562826454545369,-4.8985212470210696e-05,8.344830871006687e-05,-0.00011833879969468217,0.0003187699932771931,0.000218490329515475,-0.0001428355871464729,-0.0006125710064903257,-0.0003498591579986509,-0.0002465321391655888,-0.0001398222876325621,0.0001724181164806317,-3.127615460712669e-05,-0.0006671766564600463,-0.0011568731791446027,-0.00032978257381892183,-0.00048487028005526987,0.0009331680576025647,-0.0005267283225143903,4.411914017328262e-06,5.450966626256904e-06,3.1639607921454983e-05,-0.00011445426536983782,-0.00015010051519749165,-0.0002588423853271503,0.00010818139929414447,-4.162990781949921e-07,-0.0003775031783402261
INSG,7.311094841390027e-05,-0.00015585261977389063,-7.222616563696828e-06,0.0015186956124912598,-0.0007079054660583702,-7.362096446324268e-05,-4.406300346946677e-05,-0.00010576988266400704,2.5763838853858172e-05,-0.001996779596105823,-0.00031194547562815133,-0.0004364866092671727,0.00033890123184265295,0.002071256859634804,-0.0021390070312308843,-0.00028004510280095837,8.86174315918071e-05,-3.3232521455829074e-05,0.00034114422889196196,0.0009471182026498151,-0.001232790370590402,7.08745826458015e-05,-0.0013959184385424746,0.0005420217406413635,0.0006386032482888019,-0.00040986392797907157,0.0006460215882756924,-2.5862208831789085e-05,-0.0002490016002649873,-0.0009011363484737957,-0.0004393874933851209,-0.00035122859421411994,-0.000312470987591715,0.0009284438989139133,-0.000864045363119137,-0.001477756955115933,-0.0019045682913388224,-0.0006501301136634172,-0.00017240415428067789,0.0020571502991065128,-0.0011633970068979623,1.1948179026350407e-05,-0.000289182023140818,0.0002546923632042201,-0.0002662382806496237,-0.0004586194787062349,-0.00041901260781255904,-0.00020591575755530837,-9.340350437585192e-06,-0.0002797020088980212
JBT,0.0006997503738336549,0.0003936565141638112,-5.820718132530946e-06,-0.002783170404741036,0.001662083303038486,3.1616258634339304e-05,0.00010906092313686335,0.00041817703772814026,0.0002269713982000715,0.003732023789030284,0.0008282673026088564,0.0005424765025785627,-0.0008202838724548227,-0.0021390070312308843,0.004044634349400026,0.0008175337119840142,-3.408188816332295e-06,0.00010909383080345909,-0.00029229646420221534,-0.0010868765579774026,0.0023667210793036084,4.6938024016879756e-05,0.003206836615059119,-0.0003396452206458611,-0.0007331939491838544,0.0006658083795293141,-0.0016984040517013113,-0.0009194154282044612,0.0005076226194108747,0.002027922502935475,0.0011926759027272686,0.000703281220945933,0.000509232409755653,-0.0010134037244769038,0.0013163662964245947,0.0027061066103386193,0.004399543846287652,0.0015188052056102092,0.0013940012913276109,-0.003002201563300933,0.0022403366616229868,-2.6876600123934848e-05,0.00013466238428387265,-4.054909000259384e-05,0.0005570990148190001,0.0007559510824783728,0.0009050806585864246,-0.0001185150593406884,2.9186140847771422e-05,0.0013601775073856979
JHSC,0.0002592694367397821,0.000114678097684514,-2.9495973591375416e-06,-0.0005725038066424211,0.0004546808801872567,3.501017783828151e-05,1.9993426273445758e-05,0.00015170851468636765,9.811371591096864e-05,0.0007296575870727998,0.0002502870924271515,0.00015184186850586762,-0.00020591075150461167,-0.00028004510280095837,0.0008175337119840142,0.0002696633984562228,-1.7214888057585105e-05,2.5284033710028682e-05,-8.283170646272891e-05,-4.1968833535044286e-05,0.0005496714012582756,6.224575885737827e-05,0.0007781414113085544,0.00010657301688172749,1.1389076627343848e-05,0.00013549219717745982,-0.00020928630698850942,-0.0004031003932810395,0.00013085001104455333,0.0006106469899446408,0.00037982995558878273,8.556367729028346e-05,0.000216963301829823,-0.00011924491191953531,8.027839357022706e-05,0.0009371286285728823,0.0009384963671025562,0.0004071767482811944,0.00047152621425877814,-0.0007767180898625532,0.0006383334836574045,-4.041377214200639e-06,4.765607291771514e-05,-4.363228929253408e-06,9.650839291334069e-05,0.0002565262940986153,0.0003255488873955471,-0.00010287870375397382,6.951338905972618e-06,0.0003926817756519886
JPI,8.090714588702224e-06,2.1523459652757887e-05,-3.0494952998839303e-07,1.6483747755460162e-05,-1.807336085920074e-05,-9.758908443941692e-06,1.205819572826114e-06,1.5137533619563966e-05,-1.7724061531680805e-06,3.174866806637456e-05,-1.295673876135307e-05,-8.005122546461585e-05,-3.2289053611047156e-05,8.86174315918071e-05,-3.408188816332295e-06,-1.7214888057585105e-05,5.637686133081874e-05,6.517024380133447e-06,-2.8698264590117064e-05,-0.0001327769528159314,-3.273312849543367e-05,-3.462518202807557e-06,2.6311071982215537e-05,0.00010176540281071306,-2.1402786349587942e-05,-1.8104493349543023e-05,-3.9440367382210376e-05,2.754377608389408e-05,1.143901146540686e-05,1.8476669645183533e-05,2.4075538115812844e-05,0.00011740022478165533,-3.057320225100422e-05,-7.91591194406027e-06,-5.414845212080943e-05,-0.00012743127639235896,0.00023320743444105228,-1.8938397559604283e-05,0.0001374095641763677,-0.0007104576952938321,-4.952357913903991e-05,6.668159752036518e-07,-2.1778445898324612e-05,-1.5317565968954832e-06,2.283432663620231e-05,-3.4241518931546e-05,-1.4234823973817048e-05,-3.344406745292588e-05,-5.179711889485459e-06,1.3438197901588123e-05
JPMB,1.919632281244789e-05,7.879330915013634e-06,-1.0741453763299905e-07,-6.649282441003788e-05,4.472921505823077e-05,5.104836723561924e-07,2.2864986820211057e-06,1.800879907100163e-05,8.47385632894907e-06,0.00011201397905104478,2.4768254764136745e-05,-1.2368093647411009e-05,-3.15450100631362e-05,-3.3232521455829074e-05,0.00010909383080345909,2.5284033710028682e-05,6.517024380133447e-06,6.278855663011479e-06,4.430618758085408e-06,-8.778459136836028e-06,9.537241324977471e-05,7.957495479993372e-06,0.00011649732300644446,-1.6759939358672895e-05,-1.259793448327443e-05,1.3201443075918153e-05,-8.304753085473348e-05,-5.330839632734786e-05,1.8120158281530487e-05,7.938012229343456e-05,4.6254315152816544e-05,5.694820155348006e-05,1.1670817742584918e-05,-1.397748651838484e-05,1.2787165410047624e-05,6.117591030768951e-05,0.00016595441275234075,4.403870785735719e-05,4.541022297740246e-05,-5.6189142551180916e-05,6.472050688871225e-05,-9.429624245665332e-07,-5.707181776151391e-06,-7.155376202949789e-06,1.3409630477454308e-05,4.962251180257661e-06,3.279754732779037e-05,-2.0946407737099935e-05,-7.575812930723569e-07,6.0572820073990874e-05
KDNY,-0.00010054763098066598,-0.00016187823639297278,1.481949119512226e-06,0.0001230330757402563,-0.00011782807254290531,-3.8631473956304186e-05,1.3313740475603256e-05,-9.008295789560918e-05,-2.8352822873359057e-05,-0.0001641706447836202,-0.0001118429218679479,-0.00043058401058275974,0.00013548177954928408,0.00034114422889196196,-0.00029229646420221534,-8.283170646272891e-05,-2.8698264590117064e-05,4.430618758085408e-06,0.0005390247881525474,0.00022281429372554356,-5.385569294800535e-05,-1.9298250429384265e-05,-3.015045928535959e-07,-0.00021978198686989418,9.43467320123959e-06,-3.964149655046304e-05,-0.0002832248911083303,-0.0006045683923781452,-0.00010095074060268977,-0.0004496776017980715,-0.00019677675974865078,-0.00012168814248708783,-7.095977616401507e-05,0.00013620674730008977,0.0004335308209317294,-0.00048455982210980164,-0.0006565871582700419,-5.334656596018396e-05,-0.0006829405829382896,0.001336973759624941,-0.00023244153319594443,-5.4566367233462034e-06,-0.00010439878601556409,5.8449716389965845e-05,-7.56258453217711e-05,-7.566363953224647e-05,-7.963111334079965e-05,3.512288268234386e-05,8.171898797842495e-07,-9.333699829540109e-05
NUAN,-5.59568939306463e-05,-0.0002415675618325287,2.8290228920904885e-06,0.0011392233827110698,-0.000470345928131474,0.00014705907830516615,-2.505682340096647e-05,-4.073484592709374e-06,7.019952498839841e-05,-0.0009963713357293872,-0.0001845315377152788,-0.0006496034191265961,0.00016766258950216644,0.0009471182026498151,-0.0010868765579774026,-4.1968833535044286e-05,-0.0001327769528159314,-8.778459136836028e-06,0.00022281429372554356,0.003556009541934673,-2.191975512027622e-06,0.00023585649793946142,-0.0002410817447091031,-0.00022359399336019492,0.00039576043278213315,-0.00034437069336274654,0.00013648302842887892,0.00012484967757643808,-0.0001333244952001011,-0.0007723320048128987,-0.00012612455691469044,-0.00019832520357170063,-2.287049523566527e-05,0.0007674100269710346,-0.001961647836258724,-0.00024996686510490857,-0.0012932654078103975,-4.53049762317382e-05,-0.0002260454672455532,0.013540830872800497,-0.0008713452508077206,-2.0860748519472214e-06,-7.042554956163846e-05,-0.0001260678668292405,-0.000609371103595803,-0.0005962111891022257,-0.0002056631455204332,0.00022656880263453036,-1.1769043261952741e-05,0.0002379654659162063
PDCO,0.00037237569379228755,0.00017627680578390667,4.860886308649161e-09,-0.0014404913500990094,0.0009588460869609779,6.758901573281889e-05,3.554162069267595e-05,0.00030537201921975495,0.00015512905942481798,0.0022772971731948896,0.0005249336708376524,0.00019708939936167533,-0.0005465499172559951,-0.001232790370590402,0.0023667210793036084,0.0005496714012582756,-3.273312849543367e-05,9.537241324977471e-05,-5.385569294800535e-05,-2.191975512027622e-06,0.001988519373732957,0.00014354152061077618,0.0021164881207878326,-0.000602759669763085,-0.00027965159475253017,0.00034262670757974714,-0.0014560731591776491,-0.0007296885534845043,0.0003261975504056532,0.0014568113185492615,0.000858953320955797,0.0008919141167529006,0.00031841891561221707,-0.0003692050988781727,0.0004004397282769249,0.0017220770505148903,0.002806447332616078,0.000971130901392041,0.0007681330641905706,6.468309284774496e-05,0.0014542087867648993,-1.7068472173388343e-05,0.00018945602000993458,-0.0002019301254427104,0.00023512017106751935,0.00022626594854058415,0.0006376472972937765,-0.0002101247179621461,-1.8743891481865514e-07,0.0010691652686167998
RBIN,6.644816694495096e-05,1.5941861600694764e-05,-6.459790042483154e-07,1.4297310820087728e-05,5.5988949474574355e-05,1.9584644091778774e-05,-3.981565009336123e-06,4.632310288074392e-05,3.256192438769068e-05,4.3004778968075194e-05,4.833498349581393e-05,9.285505043897731e-07,-4.37775716964247e-05,7.08745826458015e-05,4.6938024016879756e-05,6.224575885737827e-05,-3.462518202807557e-06,7.957495479993372e-06,-1.9298250429384265e-05,0.00023585649793946142,0.00014354152061077618,4.5421675422952686e-05,0.0001258862306385429,1.8325130964922502e-05,7.708990318715409e-05,-8.969313974980052e-06,-4.489721684208511e-05,-7.388977238067915e-05,2.3925558394317156e-05,0.00013920075906209342,9.983391141396641e-05,7.413729754029611e-05,4.1674491681733794e-05,7.489465264732043e-05,-0.00019240538718260926,0.00018376287522636785,0.00015366543483233912,7.13189287907886e-05,0.00014705094688776568,0.0005056726096437012,9.009559791650524e-05,4.8441332577699065e-08,1.7462346084502277e-05,-2.1600654428909267e-05,-2.084107679925921e-05,-1.0745580142475334e-05,6.8184658672918e-05,-5.31528293205468e-05,-2.153394599889588e-06,0.0001291283703680238
RVSB,0.0005261563491250578,0.00025660644221172,-2.7717054528432534e-06,-0.002290900518949072,0.0014760890237842672,8.891451510005435e-05,0.00010954479389985351,0.00045824899045080196,0.00023113407512517358,0.003109631944188661,0.0007270493999704917,-0.00015303150076839708,-0.0007562826454545369,-0.0013959184385424746,0.003206836615059119,0.0007781414113085544,2.6311071982215537e-05,0.00011649732300644446,-3.015045928535959e-07,-0.0002410817447091031,0.0021164881207878326,0.0001258862306385429,0.0032473801615355187,4.812382616756715e-05,-0.00043075046443135,0.0004996214159982943,-0.001292084004210861,-0.0016257565047935712,0.00047745898121226963,0.0018829316311323565,0.001200756264056088,0.0005302013811625298,0.0006613037067206345,-0.0007877885348374093,0.0006206097108991627,0.0026451838087930353,0.003766866986483225,0.001403027187250684,0.0010366396038026815,-0.0012740646710546763,0.001992547846463842,-2.5636438063917816e-05,-8.490267772544896e-05,-0.00011392115042363356,0.000327117696160141,0.0007552225708426954,0.0010578819004755113,-0.00018544975907406157,1.038120507473986e-05,0.0012960181718163059
SMSI,0.00016087752536623708,0.00015254704083218654,-2.9417342830805e-06,2.7947094765865397e-05,0.00015915859762214056,7.705972341001853e-05,1.8994720022626003e-05,0.00013138290421347686,6.113525065811601e-05,-0.00030417298626080167,4.9608902846406953e-05,-0.00020053805501342009,-4.8985212470210696e-05,0.0005420217406413635,-0.0003396452206458611,0.00010657301688172749,0.00010176540281071306,-1.6759939358672895e-05,-0.00021978198686989418,-0.00022359399336019492,-0.000602759669763085,1.8325130964922502e-05,4.812382616756715e-05,0.0012160906225193527,0.0002691575365433197,-4.8181497153096934e-05,0.0010333812412787434,-0.0003957028677614952,3.601947288151552e-05,7.206330621047866e-05,0.00021721210332604671,-0.0003853356819993661,0.0003174418236656369,-6.227972618581452e-05,-0.0005259162425217131,0.0006922087147844014,3.736593387629703e-05,8.939967283170378e-05,0.0006387648183431618,-0.0036871398711365126,0.00011754200135496282,1.0047903539060422e-05,3.821825944522085e-05,2.6683888311041128e-05,-2.0123267117358557e-05,0.0004599957261566034,0.0002757641861541903,-2.0327917290318922e-05,-4.4290683976768345e-06,-0.0001630150454248282
SONY,7.682639444138423e-05,-1.0167405843560508e-05,-2.166213270252776e-06,0.0005161367555828678,-0.0001273574559026202,2.7837152592531975e-05,-2.9220063602410717e-05,2.634648621232104e-05,4.1757026726010206e-05,-0.0007213744102864337,-1.6699447685042436e-05,2.8908962338758664e-05,8.344830871006687e-05,0.0006386032482888019,-0.0007331939491838544,1.1389076627343848e-05,-2.1402786349587942e-05,-1.259793448327443e-05,9.43467320123959e-06,0.00039576043278213315,-0.00027965159475253017,7.708990318715409e-05,-0.00043075046443135,0.0002691575365433197,0.00039248656816097036,-0.0001207813366693645,0.0004345753239332783,-0.00011521315783032647,-5.017005561624038e-05,-2.230503601472523e-05,-1.876831437106777e-06,-0.00013768127450349487,4.7958211509953056e-05,0.00035456555015281875,-0.00048763371472308157,4.9512114128504244e-05,-0.0006810218442944321,-0.00013777077313142995,7.537269616631029e-05,-7.071164429668653e-06,-0.00011263043087220045,7.491320465982332e-06,2.676104157133694e-05,1.7897936797635275e-05,-0.00010612192224311446,-1.9090521187054162e-05,3.458565333429786e-05,-0.0001383882921155912,-4.1931658530174265e-06,-3.984572071304706e-05
SPNS,0.00010053037146219267,6.188428171664301e-05,-1.045960730858853e-06,-0.0005116379242066957,0.00029596279579580765,-1.0202626134445102e-06,1.9802375773774918e-05,5.844252398039971e-05,3.126367741444917e-05,0.0005964338191532343,0.00014529267579438661,0.00014611137872305897,-0.00011833879969468217,-0.00040986392797907157,0.0006658083795293141,0.00013549219717745982,-1.8104493349543023e-05,1.3201443075918153e-05,-3.964149655046304e-05,-0.00034437069336274654,0.00034262670757974714,-8.969313974980052e-06,0.0004996214159982943,-4.8181497153096934e-05,-0.0001207813366693645,0.00013289157919899164,-0.0002027774207835998,-0.0001998993429418048,8.276053689558283e-05,0.0003584552607495006,0.00017742372253688632,2.0734703138320685e-05,0.00010682486274503999,-0.00021030827129599278,0.00035279202799428516,0.0005036998843158699,0.0006133811297362911,0.00023742069741152882,0.00014061226939546007,-0.001063701853591578,0.00042488036040066676,-4.3638381507549174e-06,7.0475545679119006e-06,1.127554336691606e-05,0.00011219262903654243,0.00019278415525522045,0.00017172605319783993,-1.9479629585700672e-05,8.199653838111178e-06,0.0001757859381337389
TOL,-0.00026939165628802616,-2.2608681300685377e-05,2.4848091814053324e-06,0.0008967058302635864,-0.00044315007451312425,9.380246534086287e-05,-2.6111265468373505e-05,-8.456903057309581e-05,-7.141651937616146e-05,-0.0016757456665609841,-0.00023953691877823312,-2.1769969644750965e-05,0.0003187699932771931,0.0006460215882756924,-0.0016984040517013113,-0.00020928630698850942,-3.9440367382210376e-05,-8.304753085473348e-05,-0.0002832248911083303,0.00013648302842887892,-0.0014560731591776491,-4.489721684208511e-05,-0.001292084004210861,0.0010333812412787434,0.0004345753239332783,-0.0002027774207835998,0.001927804760720925,0.00027663681568163457,-0.00014304727992192344,-0.0006127440729118666,-0.0003226173968512989,-0.0009560175592747886,0.00020934002196700566,8.532499592678513e-05,-0.000855627061146647,4.566825174202074e-05,-0.002045091128079911,-0.0005075706697519797,-0.00025575802710722735,-0.001622435086000803,-0.0005516666608990048,1.93364816516073e-05,3.373742076800296e-05,-1.2267177471248293e-05,-0.00023568165814357283,0.0003102721938389319,-4.2078310573035814e-05,0.0001809559031596847,-2.5236670705390385e-06,-0.0008354582813877706
TSLA,-0.00021064534909905142,6.837835322714023e-06,8.938101307009427e-07,0.0009670521532313132,-0.0007456580888373393,-5.134444778769234e-05,-6.968133618179899e-05,-0.0002104120648155042,-0.00012519754617286146,-0.0010372461819066938,-0.00031283541583674326,0.0005968842928771056,0.000218490329515475,-2.5862208831789085e-05,-0.0009194154282044612,-0.0004031003932810395,2.754377608389408e-05,-5.330839632734786e-05,-0.0006045683923781452,0.00012484967757643808,-0.0007296885534845043,-7.388977238067915e-05,-0.0016257565047935712,-0.0003957028677614952,-0.00011521315783032647,-0.0001998993429418048,0.00027663681568163457,0.002074977819274479,-0.0001459000832078589,-0.0006738636156141979,-0.0005294309695028809,0.00019787534750469218,-0.0005294094992655407,0.00021649890859657488,-0.0006621627166030355,-0.0014253225864157954,-0.0007977274084377452,-0.0006754919933337122,0.00017032019246892538,0.0022232488838156636,-0.0010240506338258617,1.2483289377695833e-05,0.00014712548045710938,-1.2201928422162567e-05,-6.557522444709731e-05,-0.0006720991369169202,-0.0007395962197302392,0.00017456424245171345,-5.030549137340097e-06,-0.0004364908394294292
TYO,9.400885266278261e-05,6.383264112830292e-05,-1.0836635898589105e-06,-0.0003572501145540884,0.00023996391513321424,1.1027365795268192e-05,1.2075804811152994e-05,8.881233540988207e-05,4.128206389654386e-05,0.0004658019972022645,0.00013803975921313142,7.725181165592792e-05,-0.0001428355871464729,-0.0002490016002649873,0.0005076226194108747,0.00013085001104455333,1.143901146540686e-05,1.8120158281530487e-05,-0.00010095074060268977,-0.0001333244952001011,0.0003261975504056532,2.3925558394317156e-05,0.00047745898121226963,3.601947288151552e-05,-5.017005561624038e-05,8.276053689558283e-05,-0.00014304727992192344,-0.0001459000832078589,9.793680686184522e-05,0.0004321595751599854,0.00021933298672220625,0.00010193208005186458,0.00010612080818243755,-0.00013380748652062004,2.2716290092661255e-05,0.00046399064177746224,0.0006889623882041716,0.00019484925852797524,0.0002620335339401061,-0.0006348079991631996,0.0003596803328710804,-2.923721213393892e-06,-3.8151324699607826e-05,-1.6444547350251017e-05,7.415076943685746e-05,0.0001222760865766388,0.00018378660436843284,-7.284446498954334e-05,1.4135433719381944e-06,0.00022743997866237907
UNTY,0.0005004862153751116,0.000286480954878725,-7.673903790322495e-06,-0.0014287938200283144,0.0010588489957075575,2.0142804543524146e-05,2.9832405595059473e-05,0.0004051518332982993,0.0002115414412639619,0.0017882824633959802,0.0006669877846481399,0.0006089979300554486,-0.0006125710064903257,-0.0009011363484737957,0.002027922502935475,0.0006106469899446408,1.8476669645183533e-05,7.938012229343456e-05,-0.0004496776017980715,-0.0007723320048128987,0.0014568113185492615,0.00013920075906209342,0.0018829316311323565,7.206330621047866e-05,-2.230503601472523e-05,0.0003584552607495006,-0.0006127440729118666,-0.0006738636156141979,0.0004321595751599854,0.0021587059979464576,0.0009859998124376718,0.0004578689675588945,0.0004433368498082829,-0.00040528330880775887,0.00015767269504775148,0.002069517853103763,0.002824079415581844,0.000771775664840106,0.0011595024343813193,-0.003904012042545404,0.0017128447919949749,-1.0216502132230037e-05,-0.00019775260976311035,-1.7798850810742288e-05,0.0003682005060336316,0.0005182275193212079,0.0008447660280749235,-0.000514428420330291,9.286608411444608e-06,0.0010760092771282448
UPV,0.000321845138911435,0.00018521803671391477,-2.6246044356403496e-06,-0.0008019103428921236,0.0006357064714632302,6.623239203104188e-05,2.4744823895326185e-05,0.0002489943140773713,0.00013012652591116677,0.001120844809932154,0.0003526473126865626,0.0001274771016181987,-0.0003498591579986509,-0.0004393874933851209,0.0011926759027272686,0.00037982995558878273,2.4075538115812844e-05,4.6254315152816544e-05,-0.00019677675974865078,-0.00012612455691469044,0.000858953320955797,9.983391141396641e-05,0.001200756264056088,0.00021721210332604671,-1.876831437106777e-06,0.00017742372253688632,-0.0003226173968512989,-0.0005294309695028809,0.00021933298672220625,0.0009859998124376718,0.0006135159174146801,0.0003162765869249772,0.0003241677477797735,-0.00021505205717619705,-6.563368119998547e-05,0.0013449443226189386,0.001656210118225816,0.0005787449803086949,0.0008056535404648888,-0.0017368984381218168,0.000928013382631465,-4.660303751590894e-06,8.49017893188404e-05,-8.010159315542698e-05,0.00014169499276607246,0.00033734588703031234,0.0005034368419783057,-0.00017835529427368476,-1.340269761548195e-07,0.0005830065146795965
WORX,6.14858445080547e-05,0.00010135212188986643,3.2847601616500305e-06,-0.00017278972068025372,0.00011476340826419311,2.274613036445979e-05,-2.243889324934902e-05,0.00010753784827304097,1.0658566414045978e-05,0.0008182865432661722,8.054005086937059e-05,-3.8188320231226574e-05,-0.0002465321391655888,-0.00035122859421411994,0.000703281220945933,8.556367729028346e-05,0.00011740022478165533,5.694820155348006e-05,-0.00012168814248708783,-0.00019832520357170063,0.0008919141167529006,7.413729754029611e-05,0.0005302013811625298,-0.0003853356819993661,-0.00013768127450349487,2.0734703138320685e-05,-0.0009560175592747886,0.00019787534750469218,0.00010193208005186458,0.0004578689675588945,0.0003162765869249772,0.001093290871762202,-9.553675059275151e-05,-3.6206048358660255e-06,-0.0001297957680601557,9.3959567498878e-06,0.0015609842154765898,0.0002151423539699706,0.0006023045768501316,-0.0013286214938085625,0.00026738843360318485,-9.985125470422938e-07,0.0002984796770242118,-0.00023561716063029442,0.00010238590743427115,-0.0002870084666889065,5.128378417547768e-05,-0.00016304376901001322,-2.747880031516553e-05,0.00039265777330910537
WTS,7.924322253405859e-05,8.048555254890447e-05,1.1593773034210957e-06,-0.0004610303508373287,0.00037187814356028765,8.452982773939285e-05,2.1404377436454738e-05,0.00013056122779194954,5.325318923351114e-05,0.0004964378947852787,0.00017469828321357365,-3.2811082074707234e-05,-0.0001398222876325621,-0.000312470987591715,0.000509232409755653,0.000216963301829823,-3.057320225100422e-05,1.1670817742584918e-05,-7.095977616401507e-05,-2.287049523566527e-05,0.00031841891561221707,4.1674491681733794e-05,0.0006613037067206345,0.0003174418236656369,4.7958211509953056e-05,0.00010682486274503999,0.00020934002196700566,-0.0005294094992655407,0.00010612080818243755,0.0004433368498082829,0.0003241677477797735,-9.553675059275151e-05,0.0003369676282443324,-0.0002191250293067096,-5.746304042662506e-05,0.001057945921440315,0.0005103583522217719,0.00033984189368700554,0.00022911569994724234,-0.0012719385971988481,0.0005708387916912272,-1.0253493647289928e-06,9.443933180992536e-05,-9.284483738327665e-05,1.8377309272514225e-05,0.00039065247874768127,0.0003865488431602977,-5.426862548991642e-07,6.400232021813433e-07,0.00014141056154832953
WUGI,7.342610716975872e-05,-8.40367450690202e-05,-3.4176129751962667e-06,0.0008559046235715939,-0.00038073462475963766,-2.8262078959278492e-05,-4.18826002490079e-05,-6.0257055552194005e-05,2.4108101056888003e-05,-0.0009874510410940807,-0.00013531109553131034,-2.1825128804354527e-05,0.0001724181164806317,0.0009284438989139133,-0.0010134037244769038,-0.00011924491191953531,-7.91591194406027e-06,-1.397748651838484e-05,0.00013620674730008977,0.0007674100269710346,-0.0003692050988781727,7.489465264732043e-05,-0.0007877885348374093,-6.227972618581452e-05,0.00035456555015281875,-0.00021030827129599278,8.532499592678513e-05,0.00021649890859657488,-0.00013380748652062004,-0.00040528330880775887,-0.00021505205717619705,-3.6206048358660255e-06,-0.0002191250293067096,0.0005937034223820744,-0.000518576919980592,-0.000735863392352939,-0.0009736445271998575,-0.00030967865338790414,-5.777457324557489e-05,0.0024338993717475266,-0.0005605553632653353,5.969512697491079e-06,-2.8423723954362593e-05,8.69557239113927e-05,-0.00015530154412968987,-0.00038167731127337147,-0.00026727049439674073,-0.0001215581920217906,-4.282692382731732e-06,-2.9626621916874083e-05
