,ACI,AGBAU,AIA,AOK,ARDS,ARMR,BAUG,BGI,BHVN,BOXL,BSCN,CI,DCT,DFP,DGP,DXJS,EGF,FBMS,FDIS,FKU,FLMN,FNY,FUN,GAA,GDOT,GE,GSV,HAFC,HEPA,HPF,IQLT,ITEQ,ITIC,IYY,JOF,LEVI,LRMR,MBIO,MLHR,MQT,MTZ,NQP,NSEC,NUEM,PGHY,PHCF,PSO,QMCO,RARE,REGN,RNG,SFUN,STKL,SVT,SWX,SYRS,TADS,TESS,TFFP,TSC,TSEM,UHS,USX,VCYT,VOLT,VOT,WLDN,WMB,WMC,WMT,DWAT,EDRY,EYES,HE,HYLN,IDT,JAMF,KMT,KSA,LSEA,MED,MTC,OLN,ON,PEBO,SKOR,SPEU,SPMD,TECK,TPH,VEGI,VGT,XLSR,ADXN,IEHS,IGR,KOMP,MSCI,RODM,SCHG
ACI,0.00023182172764445183,-6.014313276091867e-05,-4.4458906776388745e-05,-7.721430017212933e-06,1.6455022662795425e-05,-4.7722410737028815e-06,5.763905190714211e-06,-0.00012340696244273738,-0.00015853792673347364,0.0001552388304035439,3.0841924304602127e-07,-0.00014100621995239514,0.00039537146590989215,1.368225194222463e-05,-9.092578109632018e-05,2.3471935179550023e-05,4.8672585546013495e-05,-0.00023767831615092788,-8.48043121652022e-06,-2.550328926502493e-05,-0.00019723429137237747,4.080770305246975e-05,-0.00017637978254192088,6.159688179035311e-06,0.00010229762755717457,-0.00014927382776833847,-0.0002660623311564519,-0.0001648343288180145,-2.0824086286557895e-05,6.3835484477873155e-06,-6.531682379006461e-06,7.581072078207504e-05,-9.994178146014106e-05,6.6470476043791535e-06,-3.7940364005949744e-05,-7.566640748095409e-05,-8.15985951212666e-05,-0.0005766082763483171,-1.881899681181002e-05,8.501610450035048e-06,1.8345693917593076e-05,9.025420481601949e-06,-1.3354254518507606e-05,-7.224871540059027e-05,1.043282302201404e-05,4.435438708883531e-05,-8.07613231430751e-05,-0.00011205681516786386,5.558336634851322e-05,-7.215873057105151e-05,0.00012481455176194917,-0.0001158577234301769,0.00014799644818352996,0.0001003235136156418,5.974266677391817e-05,2.8672346730460936e-06,-1.0643367161054782e-05,-0.00018721400959030105,-0.00015085232870944306,-9.677386501426757e-05,-1.2407358361845717e-05,-8.040681823288773e-06,-1.4587427412565485e-05,0.00018414635963360975,-0.00012229687507324036,5.9386174615688286e-05,0.00033762129659399174,-1.9933449310433403e-05,9.316384641500403e-06,-2.7087590335083748e-05,2.0823960975723858e-06,2.98527209072002e-05,0.0003311878958973177,3.6934366349634117e-05,-0.00021194071532129903,-0.0001144579942055331,0.0003209438185931989,-7.462025484611043e-05,3.869761085451837e-05,-1.0693277363258599e-05,-0.00010786649153835215,0.00037875180020387303,-0.00010139869713559279,2.6825674714562803e-05,6.485949493876591e-05,8.054509494698109e-06,-3.6297803113898293e-06,-4.720122488072055e-06,-0.00025271912164061944,0.00013212881894557042,-2.921071129763988e-05,6.919959732157653e-05,1.1843132103184838e-05,0.0002204398652234123,1.1758296183738729e-05,7.263637140107396e-05,0.0001222162109575728,0.0001530398787187031,-3.877708770008409e-06,1.1229889401660796e-06
AGBAU,-6.014313276091867e-05,0.0012023492412264766,-7.693342726899745e-06,-5.267944075734215e-05,0.00017003920726691723,-1.741208566199254e-05,-2.6549818177817386e-05,0.00046713415366233103,0.00010557495694024475,-0.0007057597761471967,-6.174792023448198e-05,0.00028458528733883416,-0.0007327279776952805,-0.00014480803334466534,6.791073289427415e-06,-6.193424816780859e-05,0.00012876807695927538,0.000560676908236943,1.4160606793927416e-05,0.00024028961476752777,-0.00023760820292431065,-6.107130063892983e-05,8.45499562720707e-05,-4.4915449235964535e-05,0.00011656510811682355,-3.802369804893906e-05,7.087339286220502e-05,-5.467381197673497e-05,0.0002862039503704361,0.00012499134812081562,3.5032134922084945e-05,-0.00024445127926218745,0.0005857000191126276,-6.208715603691043e-06,0.00015402832851304417,-0.00013946697699337933,0.0011281639947207302,0.000482707052866397,-0.00019381119439734155,-0.0001995588246466755,3.712899626401661e-06,-8.251994460063781e-05,-0.0010238988764249045,-1.9131083827654142e-05,-0.0001002924942133999,-0.0002087050688340058,0.0003373290585774649,-0.0004480299399304618,-0.00019560581712295053,-0.0001666662197166336,0.00013144161899294137,-0.00019578113474205276,0.0003015037367167917,-0.0002348390449971583,0.0002556227454334159,-0.0012163642425753317,-4.5364054691217085e-05,-0.00015782233589446543,0.00025731973011070865,-0.0007487078097503793,-0.00015354303454252657,0.00019163476804445533,-0.00019121890144419682,0.00011405823717821772,0.00040839637457353614,-8.210189236810963e-05,0.0002717130668512194,0.0001726762160925946,0.0001565977515569438,-6.402976820573166e-05,-0.00014576684342704189,-0.0003146750353341928,0.0001939154654985123,0.00016008365677344736,0.0008500103347817581,-0.0002067225099447451,-0.0005410701595767077,0.00016487247397836138,-3.502022954332841e-05,-0.0003812344495779843,-4.654843646359589e-05,0.00038139173799644566,-1.70552654037325e-05,4.1393363956947605e-06,-0.00021214468699358677,-4.744640165578319e-05,7.169690046817043e-06,4.3088062747007255e-05,0.0001666652679533703,0.0001543012946123841,-8.910019397595577e-05,3.535696498113395e-05,-5.2649039256380146e-05,0.0008928989152624311,-6.629436067704244e-05,8.26578055440088e-05,-1.5140822303322476e-05,-0.00023552950544697396,-4.6005871446613266e-05,-4.3490925468121895e-05
AIA,-4.4458906776388745e-05,-7.693342726899745e-06,2.810502484201154e-05,7.019821477317119e-06,5.5678196524678216e-05,1.1481436065269408e-05,3.865997520942227e-06,6.131099266653769e-06,1.0493049846640058e-05,-7.106557836688472e-05,4.731840095162864e-06,2.5316686304045908e-05,-9.715260109106313e-05,1.0773552461876632e-05,3.454109262971195e-05,3.020953770063856e-06,-1.4628909013146576e-05,7.954315392142027e-05,-1.7016100016328544e-07,2.669302661082921e-05,0.00023489609436260048,-7.492284549092019e-06,9.913900644849301e-05,1.78278702788229e-05,-4.7373688115425794e-05,4.721986866126305e-05,6.570737721230494e-05,9.07351190219461e-05,-6.568877590554965e-05,1.8619784898369182e-06,1.0836372958631583e-05,3.837674970846677e-06,-4.203709423356077e-06,1.1864195063465098e-07,2.390654584930667e-05,2.6506951909749904e-05,-3.0111512704280063e-05,0.0003130295663667925,0.00014720429663070137,2.357406074265428e-05,6.1901367880676655e-06,2.556833944578562e-06,-2.7423632879230154e-05,3.1498022781648064e-05,1.1609637708977616e-05,2.3078335631087665e-05,1.169562741273942e-05,3.1791347793685223e-06,2.6709540984085567e-05,1.8560597531250745e-05,-3.178732290988194e-05,5.629331607415835e-05,-4.727782804777915e-05,-1.496536113321752e-07,8.023409804048581e-06,1.9803617180023932e-05,9.367958670411474e-06,0.00011437814522211239,0.00011527305814184275,7.055058244725824e-05,2.6939699529881287e-05,1.98100072660416e-05,1.602615204058562e-05,-0.00011941294219731748,4.851158248304966e-05,-9.205062085077226e-06,-0.0001462658278305629,3.63828174552513e-05,6.470780449135002e-05,-9.538469250757792e-06,-5.819021147344686e-06,2.8832463269104594e-05,-5.2117677261824424e-05,-1.0027050394448536e-05,9.006795642296645e-05,2.5307453729795445e-05,-7.266805178076121e-05,8.750018870327522e-06,1.495966432166098e-05,1.6120990563667744e-05,8.631888696984147e-05,-0.0001518873986460058,3.825133432761609e-05,-1.1473619463759997e-05,3.093648549638105e-05,3.799196794506795e-06,2.0456879334995354e-05,1.1719741100836214e-05,5.936677051583191e-05,-3.921190586448533e-05,1.7618634929439906e-05,-2.500853345078956e-05,3.4233111354175857e-06,0.0006277228779428166,3.6874047148339107e-06,-1.8184013350330124e-06,-2.9231494009164324e-05,-3.2976700021810155e-05,1.5990381273394138e-05,2.4505102152295307e-06
AOK,-7.721430017212933e-06,-5.267944075734215e-05,7.019821477317119e-06,8.891198315258765e-06,1.3910440621844497e-05,5.494082304210958e-06,5.781398767944088e-06,-1.576505680615692e-06,6.465428519226659e-06,1.321218561142798e-05,1.3033119466340558e-05,-7.920815729384126e-06,5.49337725835221e-06,2.150675804775285e-05,2.488742991253002e-07,8.792268214614442e-06,-1.2082661544373457e-06,2.913802155865611e-06,-1.4708917122313674e-06,-1.4634012103445517e-05,4.120034052732008e-05,1.7133728387417977e-05,1.7051733742771884e-05,8.639925607972326e-06,1.0824749460393109e-05,2.240007364677048e-05,-2.695082143763691e-05,8.096531041398511e-06,3.0893968402913995e-05,-1.3434138567120758e-06,-1.7580388472185018e-06,3.6359076582656587e-05,-1.6445431122918438e-05,1.675572163117787e-06,4.439483076946102e-06,2.271242141035148e-05,-2.3298467079770074e-06,0.00010946453330047036,8.58137267978991e-05,3.4165254120177425e-05,3.2565156387061915e-05,1.1287585922646207e-05,3.972734309632533e-05,9.957819637763429e-06,1.688215438056535e-05,4.174658210667314e-06,-3.5043438549163316e-05,4.180543833315817e-05,4.115210941458199e-05,1.1767043230334303e-05,-1.6699959139533741e-06,2.0292350970451498e-05,-8.787261315266327e-06,2.2510518413009924e-05,-1.8490974783918397e-05,0.00018857510623145917,5.825911969210819e-06,4.527321260492731e-05,3.8050398330957774e-05,4.072207000641471e-05,-8.153869780272999e-06,-5.486521408151297e-06,2.4583855294171158e-05,6.568786738357596e-05,-3.663064103149956e-05,7.670381900078216e-06,-8.560831704637762e-05,3.924651120664423e-06,4.552909296574767e-06,-1.763469968282426e-06,7.419844878689897e-06,1.1912413875479024e-05,0.00033896115709013266,-9.488471965091662e-06,-2.6192798610954943e-05,-2.4590205934277904e-05,3.706249950793993e-05,1.5000752175064413e-05,7.251249970092958e-06,2.0242852581389508e-05,3.6522445877172674e-05,-5.8204879679706005e-05,8.263877879537765e-06,2.1591987271863512e-06,1.129782813479651e-05,1.1665460682936546e-05,1.0765619686948898e-06,7.94874542714713e-06,8.945038182636284e-06,-2.7674567046409176e-05,6.8248030461929606e-06,-1.4585004553388574e-06,2.498096932091197e-07,1.5829602525929015e-05,3.867917484825748e-06,-5.3715167011586294e-06,1.7887100963947536e-05,-6.752209360612896e-06,4.8353679949943405e-06,1.1714316796483908e-05
ARDS,1.6455022662795425e-05,0.00017003920726691723,5.5678196524678216e-05,1.3910440621844497e-05,0.00028716928825972733,2.8773443149739252e-05,2.2411438252150244e-05,4.3901502999527974e-05,-0.00014246081543757617,-0.00028506182973960214,9.187332309366248e-06,5.127107723423771e-05,-0.00021735834899035247,-5.41559103757205e-07,3.9292099329122634e-07,4.1785032377868304e-05,8.55551853427499e-06,0.0002445249546092134,-8.697125035584337e-06,9.735656456913697e-05,0.0005514270254557914,-3.34464325585361e-05,0.00022766631435304377,5.630271366832913e-05,-8.072923310859247e-05,6.670317722309408e-05,-9.64665926768971e-05,0.00015925517120267556,-0.00016420670388839627,4.4597134329243895e-05,4.6170200222573655e-05,1.778439762104864e-05,4.2559277067529825e-05,8.387982348574667e-07,0.00011554526699605888,2.868971419618823e-05,3.634038125532882e-05,0.000635520706400318,0.0005898009108480382,7.025390296968074e-05,9.743518001363582e-05,1.2965290998999842e-05,-0.0003551746264681499,6.862446590701516e-05,2.6400447806217652e-05,1.9373180547871808e-05,-3.264491120502389e-05,-0.0001834398206157275,0.00010775607970788667,-7.752664608507173e-05,-7.232529408817106e-05,2.8547113186065893e-05,7.186893486536493e-05,2.8755933462203467e-05,7.89097725332025e-05,-6.170034761166551e-05,1.499070150227179e-05,0.00047013253281443917,0.0002892467255050973,5.388481982661084e-05,6.475166987628647e-05,8.276794415251679e-05,-5.978072495403323e-06,-0.00023374104259075372,5.112664885649055e-05,-3.814095926354199e-05,-0.00014282096991215655,7.160282308206648e-05,0.00018718670355396709,-6.38688863373794e-05,-7.66016945045097e-05,0.00021506821176619514,0.0005580861615732281,3.84764604778314e-05,0.00023994344646633683,-0.00015306757830140994,-8.462175609680074e-05,-3.386653619944573e-05,8.440991147492616e-05,-3.6063976089168236e-05,0.00020741387845823084,0.00011198402988968502,-0.00010981388293251538,-5.410625513106977e-05,0.00011920872726700216,1.1593714738803985e-05,7.842940848985902e-05,2.9042403884238907e-05,7.216179514600377e-05,-0.000149182856677284,-1.2470390011270162e-06,-2.769894547923585e-05,7.771531034795956e-06,0.00041702657342660197,-9.90879794693336e-06,7.954876337601375e-05,1.6464402991722384e-06,-6.636163310113362e-05,4.508320951926921e-05,2.459683416425893e-06
ARMR,-4.7722410737028815e-06,-1.741208566199254e-05,1.1481436065269408e-05,5.494082304210958e-06,2.8773443149739252e-05,9.252241727597295e-06,4.6140268492396295e-06,2.0095525798941363e-06,7.989919048714547e-06,-1.226310345531857e-06,7.024439844176667e-06,1.9260182432401555e-06,-1.8155192106106476e-05,1.7012121049072383e-05,1.3782986874477066e-05,2.360128837409625e-06,-2.9208641154336815e-06,4.3345923897963606e-05,1.7356155957643586e-06,2.1141789202993094e-05,0.00012392760917079152,1.84323571917146e-05,4.8418508099956765e-05,1.6533296353949887e-05,-6.956709363572242e-06,2.593538840849129e-05,1.0846522577938278e-05,3.96026558124111e-05,-2.3026518403877906e-05,3.9690167228268167e-07,7.551985868245017e-06,3.122106620157069e-05,-1.0539842558590502e-05,3.271921193202424e-06,1.1349551370436361e-05,1.5402219388626212e-05,-1.266198469585155e-05,0.00017161843018893537,4.514773367869491e-05,1.923579796041817e-05,1.6999973336472935e-05,6.867826104959193e-06,1.3779874736707218e-05,1.7508155557037082e-05,1.3293598833619492e-05,1.707628224954583e-05,1.912805966759308e-06,1.3611114599182138e-05,5.700289636666011e-05,1.8481815262292186e-05,9.282887082017524e-06,2.0376817160429593e-05,-1.5052898147010695e-05,1.224989116625748e-06,5.0266607435004034e-06,0.00014621172514321475,5.661809355060796e-06,7.87780196643455e-06,7.367868140547025e-05,2.596457254822391e-05,3.4062248013527996e-06,1.391580537919645e-05,2.1118238095589936e-05,3.891407541292784e-05,2.9621459296919782e-05,1.04958025080393e-05,-4.5907382251436144e-05,3.1759983817203355e-05,5.854399606083135e-05,-1.0914396916569076e-05,8.125823857412332e-06,-7.698023819250129e-06,0.0003040249977602054,-8.704105047341472e-06,8.355790911198734e-05,5.878789534307914e-06,-5.621256702056663e-06,2.0679350992226125e-05,1.8879955418272414e-05,8.518625056598322e-06,6.392813539714909e-05,-5.0844534259948635e-05,4.8103194660717263e-05,6.3885476837981585e-06,2.6493979604607642e-05,7.2642096459411e-06,1.0446019309434292e-05,1.513742777416443e-05,1.3277815902543996e-05,-1.9501862268360476e-06,1.1177598990376383e-05,-5.8867780987582e-06,2.535105929776486e-06,9.92928856556123e-05,1.00415265580975e-05,8.526856429982248e-07,1.5537035424343736e-05,-7.773091275681945e-06,9.839547110996288e-06,5.341784894805262e-06
BAUG,5.763905190714211e-06,-2.6549818177817386e-05,3.865997520942227e-06,5.781398767944088e-06,2.2411438252150244e-05,4.6140268492396295e-06,5.422749094009632e-06,-1.5142702381539295e-06,-1.3317701509474287e-05,8.722655306663697e-06,8.141508219464878e-06,-4.94450405030181e-06,4.791235516728381e-06,1.16955203475787e-05,-6.690663989790958e-06,8.811632328163935e-06,1.7230131304361762e-07,1.3754285075170837e-05,-1.122840279181969e-06,-1.8763225648575398e-06,4.000413829091254e-05,1.1117991841367647e-05,1.6718138612080264e-05,9.283767478038255e-06,3.303868272203094e-06,1.5324590266521077e-05,-3.708294731045255e-05,8.060106237980888e-06,5.168905089184839e-06,7.94268830533877e-07,2.5195398955134648e-06,2.7481930812183793e-05,-1.1574574354066072e-05,1.6026729261154054e-06,7.896115054501464e-06,1.1812591624162097e-05,-7.18108559493558e-06,6.64814217299613e-05,6.579286021698796e-05,2.3376796449812817e-05,2.907584333065492e-05,9.184228573903827e-06,1.5827410314024185e-05,8.87509614246025e-06,1.1339579040047257e-05,1.1237838017639553e-06,-2.661344597492992e-05,1.03742399655492e-05,3.9142899400667094e-05,4.510404874453056e-07,-5.6797180516250175e-06,4.357280075139748e-06,8.085737938818031e-06,1.1813098731584078e-05,-7.647308894027776e-06,0.00014145580916126086,3.517074195760065e-06,4.8724649135690794e-05,2.761296860256219e-05,2.3787901012858285e-05,2.5346620315852478e-08,-5.334505672320657e-07,1.469984640492668e-05,5.7470371678237155e-05,-2.2747151711568022e-05,3.9653492949820265e-06,-2.6551575683102778e-05,2.844660646820815e-06,1.27486001306861e-05,-5.430697640634938e-06,1.5192017982264244e-06,2.318252934008758e-05,0.00031875934370724046,-2.536628879340769e-06,-3.8109105071811332e-06,-2.7545049670235235e-05,2.732745667255095e-05,5.878847699885758e-06,1.2345435778355034e-05,8.433354968617324e-06,3.141691936902322e-05,8.372309876292117e-06,-7.731611742523946e-06,-5.6520775248019107e-08,1.6950694756092407e-05,7.680342383667285e-06,4.831023774785432e-06,6.304594468258132e-06,1.4633791357172324e-06,-2.5357279232851307e-05,2.1494071572497105e-06,1.586043748367584e-07,9.568159473786039e-07,-0.00023182720992392545,3.0016950886629434e-06,3.2905261080302547e-06,1.9723201969997104e-05,-3.0203664846499804e-06,5.138894672330155e-06,6.682439383280708e-06
BGI,-0.00012340696244273738,0.00046713415366233103,6.131099266653769e-06,-1.576505680615692e-06,4.3901502999527974e-05,2.0095525798941363e-06,-1.5142702381539295e-06,0.00033098002611413275,0.0002469840777775283,-0.0002658501050931647,7.386089696608388e-06,0.00012732648148905962,-0.00037557417838639164,2.1712146104127697e-06,4.861724236481858e-05,-3.640301766167332e-05,5.871481950512474e-05,0.0003161960048637109,2.4649530533477952e-05,7.088124352356292e-05,-0.00011360871836669184,5.631511088740477e-05,6.905032914566711e-05,-1.4955356873391678e-05,0.00014178818944489513,7.593831833028524e-05,5.743014490715765e-05,-4.9021932713570695e-05,0.0004216145879113611,6.53011193715862e-05,1.2887217004405077e-05,-2.0751921642029742e-05,0.00032981131629490336,4.876107476005896e-06,0.00010704245831304258,0.00010103366299276981,0.0005544673944780679,0.0004867831861839886,-0.00015767734098771918,-4.6422594072236456e-05,4.675183257714429e-05,-1.8017824283892963e-05,-0.000427428213805838,5.599920684696197e-05,-1.4576838097180437e-05,-0.00011580563060643113,0.00011606124658984968,0.00011294379097616879,6.746533363312629e-05,6.290706414983263e-06,0.00017232867345241647,-5.1595319318127614e-05,3.874109686579201e-05,-9.168293241693524e-05,-2.4113481740273562e-05,9.916722233617434e-05,-3.3466927981553132e-06,-0.0002332089766528317,0.00024597983187951857,-0.0003059212286251065,-0.0002048302134684205,9.968803678888026e-05,-1.9091045129644065e-05,0.00021620663388886562,0.00015213646638924524,-1.6001154087006315e-06,-0.00010113041055911423,6.157789814585674e-05,5.2449275120186526e-05,-1.4901445422724936e-05,-8.328806272349755e-06,-0.00023042021377897554,0.0015170979541833942,3.838857104558912e-06,0.0006798422069239807,-0.00014337114798209153,-0.00016168341688519415,0.00016858112668631924,-1.9583982142464655e-05,-0.0001377343619448182,0.00010958247542754238,0.0002354121466427774,0.0001813275769031637,1.425704180638638e-05,-0.00015407653131264317,5.362318278667775e-06,-8.828482078057626e-06,4.2024487696514517e-05,0.00016985907001763713,4.73590135118367e-06,-2.1743148407148334e-05,1.6116376407457998e-05,-3.451737832812508e-05,-0.00147340385187541,-1.849203180147003e-05,-2.5454639569208904e-05,5.0177631859611715e-05,-0.00015370639244837985,-1.8341619472364006e-05,1.4190315358831476e-05
BHVN,-0.00015853792673347364,0.00010557495694024475,1.0493049846640058e-05,6.465428519226659e-06,-0.00014246081543757617,7.989919048714547e-06,-1.3317701509474287e-05,0.0002469840777775283,0.0005369024879806575,-1.1939734011889249e-05,2.520895416431671e-05,-2.2177405602301635e-05,-3.255816000555387e-05,0.0001106909881459339,0.00018104428050967915,-8.626086470630953e-05,4.1585952001685474e-05,2.2773499433076445e-05,4.870257723790716e-05,-4.927155869513585e-06,-4.89986242392641e-05,0.00016271839210108392,-2.027402309260419e-05,-2.2152499285782658e-05,0.0002387305498534622,3.8225434787625324e-05,0.00032290731102405774,-9.98434651102703e-05,0.000570175452613158,3.5580196936550416e-05,-1.508702562326345e-05,6.861263100280886e-05,0.00021207209281236277,1.5225398634621424e-05,3.6134892017083465e-05,0.00025010413934608465,0.00023235641875659182,0.0003898622089787776,-0.00051324914804196,-5.2386963464261425e-05,-0.00011646102171243116,-2.8708934647459752e-05,-0.0001920859946967828,6.204852349451567e-05,1.3309563241194764e-05,3.524017907626165e-05,0.0001595815325469909,0.0005470028624458629,0.00015354780049231994,0.0001838345749653923,0.00046000897296242686,6.308227218527915e-05,-0.00025181423615182287,1.430809199372345e-05,-0.00013804032004563883,0.00033796061329370575,1.7438177971777782e-05,-0.0009319168668240587,0.0002652966807275238,-0.0001887688529156353,-0.0003259412642674225,0.00010344022106788721,5.906156101330932e-05,-3.7759403416005146e-05,0.00019714156313737236,0.00011407392457053235,-0.00033787960052733264,7.686227724450937e-05,7.062488913207816e-05,2.0251019311049514e-05,0.00012320056294646412,-0.0004832634012460556,0.001045468638465323,-0.00011903922598352762,0.0008741756581875463,7.703195894755713e-05,6.798968527722304e-05,0.0001964264296602426,-5.175926021591487e-05,-3.904357533466831e-06,0.00013815274147843697,-4.98346486792623e-05,0.0006210906119658344,6.686190938785345e-05,-0.00018549724070700857,1.7996664844549973e-05,-3.943885376710078e-05,4.76802027586152e-05,9.657729759468753e-05,0.00022040673708525487,4.0971260114833255e-05,2.41221361348569e-05,-2.2089635353472976e-05,0.0005763782385813614,2.8998162765907854e-05,-0.00011387660840753872,4.38866007185799e-05,-3.0663494859630345e-05,-1.497234984685877e-05,3.437107731418044e-05
BOXL,0.0001552388304035439,-0.0007057597761471967,-7.106557836688472e-05,1.321218561142798e-05,-0.00028506182973960214,-1.226310345531857e-06,8.722655306663697e-06,-0.0002658501050931647,-1.1939734011889249e-05,0.0007603702491026628,2.7711450086901474e-05,-0.00021594196505800837,0.0006781006528136707,8.683621522655552e-05,-6.0108631940004605e-05,3.6461652287440587e-06,-4.748209637785496e-05,-0.0003941543352887174,1.1198847657747725e-05,-0.00010649059419026136,-0.0003309839254907844,0.0001458921133064973,-0.00023224517009201568,1.8430433252721657e-05,5.4653101824588434e-05,-3.832699172041309e-05,-0.0001275938070767177,-0.00013025175750384566,-6.393719085743463e-05,-9.547446029082122e-05,-2.4913534510244873e-05,0.00022278480652651047,-0.0003474004784056641,1.8546695532658068e-05,-0.0001583521294070082,1.251534312812483e-05,-0.0006011564558303448,-0.0008769640241487937,-0.0006360035993753244,3.655761847151192e-05,-1.0428617781930942e-05,5.473360314867855e-05,0.0008745440723939076,-3.676144609776649e-05,4.280080010575993e-05,8.802575657046116e-05,-0.00013510648224467393,0.00030675840215181296,0.0002336662078300347,0.0001461151395169545,8.117725761152758e-05,-4.008027114900507e-05,-8.56935079235909e-05,3.944820095793402e-05,-0.00015432997267935276,0.0012423111044027855,5.1109414744233606e-06,-0.0005090200282107696,-0.00033987012437739265,0.00021785700441173244,1.0694155224072844e-05,-0.00012976426661438312,0.0001290152874757673,0.0006657403502001207,-0.00016934508103634135,0.00012782782493973494,0.0003924873534112922,-9.085357503572483e-05,-7.60073389197058e-05,4.004179155912938e-05,0.00016786959493770047,-7.044035249915755e-05,0.0012294239284635806,-0.00010176849595631847,-0.000335600089199426,0.00017493401733090474,0.0004449480947229813,-3.967894827121864e-06,2.9327354102677555e-05,0.00017131651320473687,-5.758565771086029e-05,0.00016152144704203466,0.00016163743893216293,9.388031849230632e-05,8.673093159231936e-05,2.5293826737356942e-05,-5.223983728225524e-05,-5.452038249210831e-06,-0.00024395934157380968,0.00011793139781331799,3.5784694776047134e-05,4.36700461269324e-05,2.5862950825541417e-05,-0.0035881655862611216,7.902302147978569e-05,-6.516921599346029e-05,0.00017471361689871853,0.00022192844417868077,-4.2038490906812875e-06,1.995097908451339e-05
BSCN,3.0841924304602127e-07,-6.174792023448198e-05,4.731840095162864e-06,1.3033119466340558e-05,9.187332309366248e-06,7.024439844176667e-06,8.141508219464878e-06,7.386089696608388e-06,2.520895416431671e-05,2.7711450086901474e-05,2.2555054310725093e-05,-2.0640693856743405e-05,3.205671625781075e-05,3.926618122919036e-05,-4.4719457778702025e-06,1.1291755723125491e-05,9.743808339930315e-06,-1.4391429344902958e-05,-1.947040569696225e-06,-2.962118142037256e-05,-1.6075081606219664e-06,4.0519348464342535e-05,-1.5569996618873257e-06,9.536953103502192e-06,5.058180680467405e-05,2.0534106280934588e-05,-6.059636436591199e-05,-1.9923373344297743e-05,0.0001001306409776542,9.210916424300068e-07,-7.813444957182105e-06,6.638869482270077e-05,-1.3322041493332257e-05,3.718665275901283e-06,1.7454167940050028e-06,2.990139367748108e-05,5.19940619396793e-05,0.00013993951933119288,0.00010335030602622646,5.222994686077519e-05,5.558641646602526e-05,1.7058138624217403e-05,5.3461645631147234e-05,4.482255763443608e-06,2.770843438399893e-05,1.934516825111904e-06,-5.4512081254871486e-05,7.287658119197935e-05,6.6138050447737e-05,1.7806340996278488e-05,3.099966767039573e-05,1.9394971125236475e-05,1.79696225118319e-06,4.280422611067827e-05,-2.45860707811726e-05,0.0003130864915842159,7.084586792995287e-06,4.351113422316664e-06,5.312765921306434e-05,2.384398866174675e-05,-3.682992507074916e-05,-8.044851774004463e-06,3.9196403785154715e-05,0.00017415207633431998,-6.647249191181353e-05,2.2734854082111058e-05,-0.00012404527791002535,1.1618631167071905e-05,2.0142833399296607e-06,-3.3104463817497653e-06,1.6051958754458013e-05,-2.0562397549937757e-05,0.0006539431552624755,-1.168018869058782e-05,-4.612581900588432e-05,-5.518453865058448e-05,8.672813357511019e-05,3.804618036755644e-05,6.656258126918701e-06,2.3208925457305013e-05,4.046317617715878e-05,-8.712090897632708e-05,2.6099751455085862e-05,1.3878449627388329e-05,3.252073170698312e-06,2.1107247488709335e-05,-6.3408823607709144e-06,1.5971668041765586e-05,-4.982594676345295e-06,-1.3025165984926384e-05,7.229351726289711e-06,8.950876967541663e-06,-2.219971562670994e-06,0.00021674434132714282,6.607413992436589e-06,-8.258040403992824e-06,4.6233781125008225e-05,-4.743398900543646e-06,2.1517404378216572e-06,2.1921113138547476e-05
CI,-0.00014100621995239514,0.00028458528733883416,2.5316686304045908e-05,-7.920815729384126e-06,5.127107723423771e-05,1.9260182432401555e-06,-4.94450405030181e-06,0.00012732648148905962,-2.2177405602301635e-05,-0.00021594196505800837,-2.0640693856743405e-05,0.00019972615792992397,-0.0004843871521431562,-7.564977956284222e-05,1.0161913865644715e-05,-9.052899476137825e-06,-2.587501781540992e-05,0.0003639400179684299,-3.0500034539509954e-06,0.00010869540997428959,0.00011724643244950323,-7.173585774380283e-05,0.00018358693345948483,4.00102345719217e-06,-0.00013506150199778727,0.00012061963568517333,0.00012530084216656292,0.0001727051401001354,-0.00013375117683241044,1.5547096104473048e-06,2.3075734630245476e-05,-0.00010733614764543742,0.0001342648065598598,-7.110596127543801e-06,4.293281604233467e-05,-7.957200906385586e-05,0.0002789131096500855,0.000504848484370812,1.916519810722225e-05,-3.661042223657943e-05,4.6453163107485306e-05,-8.54659597945447e-06,-4.852760664454382e-05,3.442996766037153e-05,-3.049024219625107e-05,-0.00010043203444032351,0.00011158643924407515,-0.0002072736281801189,-8.751485304231603e-05,-1.4554494126506886e-05,-0.00022552800898115454,1.6892892237304646e-05,4.897916354122055e-05,-0.00018125642868266773,7.137735024821364e-05,-0.00015848265668872116,-9.390905194868936e-06,0.0003590336835871856,0.00010766094557708375,-5.153030630623891e-05,9.089939129285693e-05,1.4640657302760108e-05,-3.030001051438007e-05,0.0001339564779901715,0.00017580788460476072,-8.96988631893318e-05,-2.0609338503694685e-05,6.686749426452167e-05,5.4986588528035644e-05,-6.292409926417665e-06,-5.6652894287081134e-05,2.8031427208353814e-06,-9.221724483189074e-05,4.435938194647626e-05,0.00013189488294288354,5.2095604207546146e-05,-0.0004340543118216594,8.079825920612309e-05,-8.225969084477305e-06,-8.535683142263141e-05,6.004179596381798e-05,-0.00024236777577431074,-7.677185949939443e-05,-1.4912045185665863e-05,-2.5591506257248836e-05,-1.937861394519595e-05,1.375554975481816e-05,1.5889195292894852e-05,0.00020807584135384003,-0.00011185162376462682,-3.852122411378998e-06,-5.362905787280061e-05,-1.449982285022455e-05,-0.0006714575205545842,-1.8408179600700557e-05,-7.654176196379227e-06,-7.79408993272576e-05,-0.0001737988524189696,-2.896051448690293e-06,-2.0971979223854194e-05
DCT,0.00039537146590989215,-0.0007327279776952805,-9.715260109106313e-05,5.49337725835221e-06,-0.00021735834899035247,-1.8155192106106476e-05,4.791235516728381e-06,-0.00037557417838639164,-3.255816000555387e-05,0.0006781006528136707,3.205671625781075e-05,-0.0004843871521431562,0.0012611147402912725,0.00014280496541586776,-7.929493448898464e-05,1.8789041168848464e-05,5.129484120473325e-05,-0.0009376436966782364,3.2485623056457886e-06,-0.00026089395661530455,-0.0005238040031380413,0.0001584062628718996,-0.0005307729944874277,-2.2009747663641426e-05,0.00029643440308775685,-0.0003290521231711378,-0.0003458574307239286,-0.0004546392440206702,0.00021034798827531095,-3.2771924178484996e-05,-6.20168259416114e-05,0.00023739711682337268,-0.0003823191265202223,1.6094332536976117e-05,-0.00016212841420694805,8.900269176656956e-05,-0.0007233396659821557,-0.0016272299641547838,-0.0003093067554482672,4.626049393003482e-05,-0.00012393521703527903,2.149092066294539e-05,0.00033374156395359327,-0.00012833409208200022,5.113796458898162e-05,0.0002159130482662627,-0.0002583405087009238,0.0003950408088131357,0.0001563062465894773,2.3892954271752737e-05,0.00046810594345713985,-0.00010394080139606883,-5.383477755430286e-05,0.0003749542231262851,-0.00014727672900754802,0.0003821378472608629,6.607059677319912e-06,-0.0009066123409541413,-0.0004551119037708728,9.36633616689812e-05,-0.00015849163946313647,-8.531201364400137e-05,5.627521318664458e-05,-8.091398772657723e-05,-0.0004322164160239452,0.00020998405093703904,0.0003430073547137002,-0.0001892611156464092,-0.00018590968881761967,2.82627203760278e-05,0.0001439025468035209,-1.532540354863966e-05,-6.698026057617729e-06,-8.596158241894331e-05,-0.0005343979011885125,-6.0856214529174164e-05,0.0010311073353990346,-0.0002096766167380864,1.0720635144086243e-05,0.00019417348748938354,-0.0002592873746137511,0.0006462899325161936,0.0001006565224526637,5.805429982508774e-05,6.597297326434132e-05,3.2323808742698904e-05,-5.4967600768278973e-05,-5.3760233307390545e-05,-0.0005683843543616171,0.00031258641647214806,-4.210106696112737e-06,0.00014073322933175658,3.7151771397831277e-05,0.0005468843946243188,4.996879581566221e-05,2.045239895872558e-05,0.00020370020846660614,0.00045680361623229694,-9.856253574551063e-06,3.3222676008874124e-05
DFP,1.368225194222463e-05,-0.00014480803334466534,1.0773552461876632e-05,2.150675804775285e-05,-5.41559103757205e-07,1.7012121049072383e-05,1.16955203475787e-05,2.1712146104127697e-06,0.0001106909881459339,8.683621522655552e-05,3.926618122919036e-05,-7.564977956284222e-05,0.00014280496541586776,9.345089825453254e-05,3.057359451562325e-05,4.183455849666801e-06,2.0412206283343485e-05,-7.176266199782019e-05,5.860168443829827e-06,-3.9620440367729996e-05,7.682463276386669e-05,0.00010247308979536847,-8.6268858459355e-06,2.2082381311057422e-05,0.00011488814363087754,1.6768999003359392e-05,-3.80241910849222e-05,-4.023586680536776e-05,0.00018766881617536486,3.429720988644186e-06,-1.0953140850892624e-05,0.0001387960389626763,-3.707368430842819e-05,1.1088755706290834e-05,-1.4169556922750572e-08,8.973358626292299e-05,1.1709301015602278e-05,0.00024186116159159536,7.590141299902e-05,7.705993448501901e-05,4.677745286971776e-05,2.2809391968870035e-05,7.424901806984946e-05,1.516002275427172e-05,5.274567101811638e-05,5.262309318122448e-05,-5.987831285147791e-05,0.0002077689010693722,0.00016229036877286865,6.79202793910959e-05,0.00016122117616693688,4.756013887127764e-05,-5.786263057406011e-05,9.600721885385178e-05,-4.9194605626684846e-05,0.0005515364662651497,1.7120799893272186e-05,-0.00021521007911785855,0.0001329895484074101,3.58099417290828e-05,-9.896310307586316e-05,1.2489837348226349e-05,7.941446784967298e-05,0.00020345508004457596,-5.7812193368815834e-05,7.521993436447079e-05,-0.00021958719894261627,4.41162807214093e-05,5.812428250873972e-05,-9.959877881733151e-06,5.731604812375001e-05,-0.00010790841683233774,0.001098416129224517,-4.632245543880518e-05,9.063176694744648e-05,-4.681914911304414e-05,0.00020513539003540876,7.023321081142385e-05,1.8925235594152503e-05,5.5373699412475486e-05,0.00010130837659573681,-0.00013165256050205035,0.0001812638498104735,3.849319472382824e-05,1.1966238267814496e-05,3.7238386054186e-05,-7.70656176792977e-06,3.551051370661141e-05,-3.9670380297789914e-05,5.709231997669168e-05,2.6503777558107667e-05,2.1601041113428724e-05,1.0812374166834054e-06,0.0008686450443887593,2.686579440600224e-05,-2.1271031790946916e-05,9.009756360499961e-05,3.0450531417554023e-05,9.518518330525813e-06,3.8639813495110176e-05
DGP,-9.092578109632018e-05,6.791073289427415e-06,3.454109262971195e-05,2.488742991253002e-07,3.9292099329122634e-07,1.3782986874477066e-05,-6.690663989790958e-06,4.861724236481858e-05,0.00018104428050967915,-6.0108631940004605e-05,-4.4719457778702025e-06,1.0161913865644715e-05,-7.929493448898464e-05,3.057359451562325e-05,0.00012025548597402748,-3.8227186676385685e-05,-1.8033638375823447e-05,7.176488536886977e-05,2.06978399939043e-05,5.702789346611948e-05,0.00032860591304121055,2.448144199713633e-05,0.00011115959988969175,1.2477343515630449e-05,-2.3339276501899815e-05,4.309387952684434e-05,0.0002646031829255977,0.00010015874043645568,-9.35487450298212e-06,7.122957201166341e-06,1.634184291921526e-05,-9.71371902893802e-06,3.677365167062322e-05,4.4360888147804105e-06,2.9676324667442895e-05,0.0001041998074974078,-0.00010410969497189041,0.00035418270564934487,-0.00012284978404987162,-3.33650085591542e-05,-0.00010329465229088471,-2.0556315826889327e-05,-9.915922907818961e-05,5.789484463942555e-05,1.0091111498785142e-07,7.247833569310493e-05,0.00011754950132971356,0.00016172389722692417,5.6569038147456466e-05,8.991760254556554e-05,0.00012264553081678582,8.472515182656608e-05,-0.00017878160089833322,-1.5989550173417897e-05,-2.1821030492207748e-05,-8.816917005702818e-05,1.4618983207822385e-05,-0.0002601356832013816,0.00018417486570340347,3.554241350416772e-05,-4.223800347665846e-05,6.879366808507906e-05,1.7165480117196463e-05,-0.0003578678566716796,0.00019626052349830012,2.6019142627772168e-05,-0.00017353872538966545,6.521795604229872e-05,0.00012567983297221628,-2.936735851031774e-06,3.834217438570734e-05,-0.00011941193348970681,-0.0003407939196269937,-5.800324505782192e-05,0.00047408549778041743,0.0001414643517377913,-9.661412149655118e-05,3.279641083417446e-05,3.7131293629269133e-06,2.1061403243899186e-05,0.00013117908107457144,-0.00012747851393194625,0.00028583444246022693,2.7731985993321594e-06,-6.325133355881049e-06,-6.6217048544546455e-06,2.053966897801237e-05,1.7705190076449806e-05,8.133768958945447e-05,6.862889005279826e-05,3.892392134307809e-05,-2.954211117988011e-05,4.6181696362651235e-06,0.000931968725217797,1.9482019096742553e-05,-3.586432682445046e-05,-5.5781679020437005e-05,-1.4254081564453453e-05,1.834947828393085e-05,-4.557159271822891e-06
DXJS,2.3471935179550023e-05,-6.193424816780859e-05,3.020953770063856e-06,8.792268214614442e-06,4.1785032377868304e-05,2.360128837409625e-06,8.811632328163935e-06,-3.640301766167332e-05,-8.626086470630953e-05,3.6461652287440587e-06,1.1291755723125491e-05,-9.052899476137825e-06,1.8789041168848464e-05,4.183455849666801e-06,-3.8227186676385685e-05,2.6803817371233255e-05,-2.0342682299196186e-06,-1.590594826960013e-05,-1.1142431210441031e-05,-2.7884231266669314e-05,9.397493463084708e-06,-1.0806838515970872e-05,4.2814050701229555e-06,8.37063050114686e-06,-1.2959419605664589e-05,8.944903435322667e-06,-0.00010931182957238042,3.0520184569599816e-06,-2.7771824951111117e-05,-3.2496416881525843e-06,-2.7173108076313226e-06,2.565495647998832e-05,-4.333951875860368e-05,-1.593338270802563e-06,7.978702581847881e-07,-1.532382080768007e-05,-1.5811425979413644e-05,1.7728960277751044e-05,0.0002058519106408362,4.879320083764861e-05,6.140374902411523e-05,1.6845456502608676e-05,4.6547758904816756e-05,-4.693878302467146e-06,1.5690429692723515e-05,-9.561166472999345e-06,-7.827718968847261e-05,-4.546588297119503e-05,8.268130141926015e-06,-3.0025939845931764e-05,-7.326168365456425e-05,3.3566722015406813e-06,4.6453968644857735e-05,3.3958690099748684e-05,-1.0444638206896008e-06,0.00012226223487965074,2.4766354884562265e-06,0.00021638252873115585,-1.5214759960289562e-05,6.243464043788467e-05,3.425272028645948e-05,-2.5829447998000682e-05,1.1723358674484957e-05,7.519933554786126e-05,-0.00010028855734065231,-1.2647876904775447e-05,-4.32871485520829e-05,-2.0250082355193995e-05,-2.8660381887849014e-05,-3.907371304683102e-06,-1.7994402087786827e-05,0.00010233114982043813,0.0002066108251747716,1.4216690900395294e-05,-0.00020666005447816905,-6.753631194495286e-05,5.064357726168218e-05,-2.1908431748032597e-05,1.1891491886627318e-05,1.8671355077410818e-05,3.294880895514914e-07,-2.4696658020003312e-05,-0.00011934773139114183,-1.2466144242033444e-05,3.3408373328159005e-05,1.0732963940281152e-05,4.840219552208764e-06,-2.7262025361049755e-06,-1.2810769619446107e-05,-7.375582788955091e-05,-5.106017507666778e-06,-3.7585001268569865e-07,2.1829707062477643e-06,-6.638393723976089e-05,-5.8076703938511605e-06,1.6109431728076518e-05,1.5027504273102418e-05,-1.4839847950858124e-06,4.883650813699672e-06,8.950633998195376e-06
EGF,4.8672585546013495e-05,0.00012876807695927538,-1.4628909013146576e-05,-1.2082661544373457e-06,8.55551853427499e-06,-2.9208641154336815e-06,1.7230131304361762e-07,5.871481950512474e-05,4.1585952001685474e-05,-4.748209637785496e-05,9.743808339930315e-06,-2.587501781540992e-05,5.129484120473325e-05,2.0412206283343485e-05,-1.8033638375823447e-05,-2.0342682299196186e-06,5.101065549138469e-05,-3.956419096695062e-05,3.303355319165198e-07,-1.7640027809951387e-05,-0.00017569432615101074,4.24382232128727e-05,-7.813539605690012e-05,-1.0404369786324819e-05,0.00012664499152248315,-5.129969084214228e-05,-9.481176887448342e-05,-0.0001138640687862131,0.00020409244465447127,2.5913969514670068e-05,-1.253201126164697e-05,3.1045399859201785e-05,7.227634940079933e-05,3.360740947428598e-06,7.923166672861316e-06,-2.823529182483493e-06,0.00023092976358267932,-3.356038297705929e-05,5.6939113100702245e-06,5.1483143960627165e-06,3.0400802799201607e-05,-3.027771666804652e-06,-0.0001501276395765877,-2.961237816054896e-05,7.126010075784729e-06,-1.8384013137109512e-05,-9.468767690791006e-06,9.429767273222956e-06,1.5538389074508792e-05,-2.5517941451946698e-05,0.00013108210973898567,-4.6919724499870846e-05,7.269211609793605e-05,4.530998579991415e-05,2.1990413685011727e-05,-9.537345653513592e-07,-5.107264334828927e-06,-0.0001747941809695776,2.483397765951546e-05,-0.00015507430017489636,-9.655336563489376e-05,2.0949763605211213e-05,-6.24781886221101e-06,0.00017399900586515175,-4.0307480999771614e-05,3.1830405864414205e-05,-1.6125969344024568e-06,2.079885491900909e-05,-3.7742785614307506e-06,-1.1739878609674245e-05,-1.5886564449600323e-06,-0.0001034536747205684,0.0005272340045794577,1.9506387985364284e-05,3.51046779754047e-05,-0.00011275399254104433,0.0001100225224060905,4.051471900483547e-05,-7.882392525341098e-06,-4.295713619577025e-05,-3.5777192315581225e-05,8.454054450192104e-05,2.171328131456892e-05,2.3267336193706405e-05,-4.6354449046902944e-05,1.2166938462191525e-05,-1.7019723383837715e-05,1.413886644155728e-05,-5.8708426528056954e-05,8.205969082494652e-05,-1.7937288989138637e-05,4.0979392703235404e-05,-1.0098938565579938e-05,0.0007906449414460763,-5.238021769801817e-06,1.602144805285867e-05,6.544963585251694e-05,1.0579382756776584e-05,-1.4145113834736584e-05,1.46350823229177e-05
