,ALCO,AUD,BCD,BCH,BIOX,BTU,BUI,BWZ,CADE,CMCT,CME,COLB,CQQQ,CUBA,CYB,EJAN,ELP,ENTX,EOD,EPC,EWK,FI,FIBK,FMN,FNGO,FORM,FXB,FYC,HBT,HIHO,HOFV,HOLD,HOVNP,HYHG,IDHD,JAGG,JOBS,KINS,LAD,LFEQ,LIZI,LXU,NEE,NFJ,NTLA,NUHY,OGEN,ONE,ORBC,ORRF,ORTX,PCSA,PEP,PHYS,PLAB,PMAY,PSEC,RBUS,RLJ,RNDM,RYH,SLGG,SOGO,SPHQ,TDY,TPIC,UHAL,USDU,VIRC,XLB,XPH,ACU,AGQ,AUTL,AWP,CMCO,DFEN,DXC,FGFPP,FNCB,FUND,GMOM,NHC,PSN,PYT,RIOT,SCHC,SMTC,TRTX,CBAN,CEV,KBWP,NBRV,PALL,RILYP,ROAM,SMPL,LTL,ZIONO,BKSB
ALCO,0.0004533172679437338,-0.00012287357290561172,-2.7990279892803587e-05,-0.00014467696217301227,0.00021787486528824146,0.0009152565021465424,3.082102677462571e-05,1.0971805318290786e-05,0.00029370692886379585,7.046344491339182e-06,-2.251630712571618e-05,0.00026053169230198586,-8.619473387675678e-06,0.00018981194433743604,-3.242882425978384e-06,9.467261366726635e-06,-0.0002662447504251968,0.0009355238531951211,7.511859381308321e-05,0.0002090181183421945,0.00014714318057079586,0.00029426878193144395,5.786403343400039e-05,-0.00018354180227728604,1.2712559506303975e-05,9.240144445025119e-05,-2.0161875320283994e-05,8.685087132408428e-05,0.00023280546202245262,0.00017748966405185606,-3.6152947242962096e-05,-3.634350162874298e-05,-0.0002946501682444362,2.0886922155357235e-05,-3.832151574762672e-05,-2.282801078054342e-05,0.0003856657708420706,-0.00026213011644102133,0.00017149732310620659,-2.3495555324180175e-06,8.297130789180969e-06,0.00023940243438374034,-5.0545261238791265e-05,-4.522391271635708e-06,-0.00020608317184431788,2.097341691875457e-06,0.0003630767540818278,0.0002833558479498934,0.000158074218089991,-0.00015854312801473705,-0.0005612593238706475,0.0003789169849356713,1.3253752222419997e-05,-7.78598834439761e-06,0.0001851829972562752,-4.24337681500617e-06,0.00019816474977656754,-5.609867774180125e-05,0.000615451117769322,4.126996783849997e-05,-5.6332014158858895e-05,2.6646315818073044e-05,0.0002144565702784925,-1.2052110306691745e-05,8.944341536357217e-05,5.432576489758537e-05,5.98332806755985e-05,-6.240831462847085e-05,0.0005321339026374674,0.00010036667616143523,-7.657087160356339e-05,-0.00012379399866298605,0.00034879092780599623,-0.000109805300307025,0.00011800184093065224,0.0002495078219047708,0.0005403197709785409,0.0003796987417512088,-0.00024238749299859203,0.00041802411246565384,8.165228675030737e-05,3.596683683446147e-07,7.736828958504358e-05,8.816181190506487e-05,-6.72586791510625e-07,0.0002168939544885812,7.459123974353224e-05,-2.659555754397208e-05,0.00043444507977555107,-0.00014746464394938105,-0.00017227861281328497,0.00015263233474958058,0.00010877231770270503,0.0003230288442012444,8.258580180257916e-05,-5.309701818588358e-05,0.00029164567679720155,0.00026984298191066075,-0.00011444426457343314,0.0004190587304811297
AUD,-0.00012287357290561172,0.008609031383455727,-0.00010993936692830167,0.0006698499304456252,0.0005106265761662936,0.0017989098776288442,-0.00013121901850500923,-0.0003304187846401903,0.0020631694965533944,-0.0018541341510309273,-0.00016836490361307488,0.0005775540903253831,-0.0002449273920216504,-0.0028829195299974785,-4.1598750478661146e-05,-0.0001766837768102462,0.000798971079401023,-0.002602775602870385,-0.0001116495703666719,-0.0015242515107967006,-0.0007658778273300454,-0.001821745390945105,-0.00039759801942524373,-0.0006105792986885653,-0.00012845675008442246,0.0007778751674088653,-0.00021131702716454574,-0.0002784294016537452,-0.0007576779190815124,-0.0012446891723760826,-0.0005073329305756467,-0.0003913669724953295,-0.00028069488135845476,-0.0005381895117813658,-0.00037256038662251544,-0.00033350190004218324,-0.0002677665179854683,0.0011919827851452436,0.0023199668046590097,1.9836937619107546e-05,-0.0011228216200387172,0.0004697953309180419,-0.00015240308256261095,-0.00011221860072807762,-0.0009670340355714107,-0.0003509066291566619,0.0008495002285416703,-0.0031383610258174793,0.0004999848923026569,-0.002350648301921109,0.0008426772104945926,0.0021274649236777046,-0.0006300477798522638,-0.0003970072309372443,0.00017462961732803544,-0.00022673637294254518,0.0020718490264218163,-0.00030289535109721154,0.0011897314920796143,-0.0005901967580204094,-0.000317590652657648,0.007769661551574539,-0.0013549390333476132,9.548066417008615e-08,-0.0006447131978067961,-2.673146226155925e-05,0.00040634790847748344,-0.00047114125446743335,0.0006064303935249471,6.721363603765892e-05,-0.0003373054216085421,-0.0013244230817048342,-9.672768560567125e-05,-0.00033555419423905475,3.4084404540247994e-05,-0.000645577232544309,0.0006676699724923457,0.0012885951618541757,-0.00047699057923291776,-0.0013352956466407512,0.00022532885256198868,-0.00035541335306802193,-0.0010402946001069901,-0.0003745549046663813,-0.0008838141997771828,0.0039052788075819578,-0.0005490759215630101,0.00012091920324031969,0.002249491597482181,0.0012667946957776,-3.534844039323671e-05,2.926951069144845e-05,-0.001112511439421302,0.00031449089520227457,-0.001309487205607526,-0.0003305429954675188,0.0005294769129643881,0.0003427923266689365,-0.00030784998131502757,0.0005444879029677396
BCD,-2.7990279892803587e-05,-0.00010993936692830167,6.325380445350019e-05,8.394499022455804e-05,-0.0002334037169001882,-0.0004469003731016319,3.621120179694644e-05,8.254641591747972e-05,-9.73801892848088e-05,-7.097424600209669e-05,-3.191831979433145e-05,-6.048842872003596e-05,6.52249149707481e-05,0.00013824765591313414,7.341003902465019e-05,4.999806935660742e-05,6.715539431856595e-05,1.7276586271163498e-05,2.098088504592366e-05,-5.657283370120323e-05,2.5698114270056125e-05,-0.00015120415384933808,-2.5427044144248365e-05,6.291090241758259e-05,-8.310792309327497e-05,-3.653347888382826e-05,6.439598639290137e-05,-4.3451721451305456e-05,-1.028455312654997e-05,0.00011788430347890547,4.538519254075075e-05,7.773952601069999e-05,0.0002994266539727513,6.719581826560131e-05,1.0402185097080097e-05,8.538864653270338e-05,1.4962505207148246e-05,-8.754850569217318e-05,-0.00014558360846844267,5.70207899800764e-06,-4.0780294258516383e-05,1.4984353783253751e-05,7.815400509009696e-05,5.661781472765691e-06,-2.9851747971617697e-05,6.090850169397684e-05,6.728917471765942e-05,6.123761047161588e-05,-0.0001473955774498621,0.00010564822733184157,3.0275870293449778e-05,-0.000118986786686587,4.2428898071949605e-05,8.883508372335746e-05,-3.822171795401273e-05,3.3962665369335235e-05,0.00019192368423102198,5.514814968858783e-07,-0.00022346017430901482,2.562546799743252e-05,-2.265209394866601e-06,0.0003563548968494964,5.6437735108222126e-05,-5.437148671144768e-07,-3.3023759073111095e-05,-0.00018746352466820473,7.739505171434869e-06,8.038970423108666e-05,-1.0920602098879754e-05,1.4094859674783367e-05,1.1308701784049424e-06,3.664812007697497e-05,3.523140418420901e-05,1.8653630553465787e-05,-3.8872115355237044e-05,-6.753988506497905e-05,-0.00021380700378274213,-9.695712694903268e-05,1.9276764300581737e-05,-5.036388123233449e-05,-2.9116048237036693e-05,8.769903217411388e-05,1.3732385428158216e-06,5.293989142916891e-07,-3.4633475947698156e-05,3.728177077606413e-05,1.012023284019933e-05,-6.868478830732715e-05,-0.0002527360219996319,-0.0001261930339187774,7.828921940762973e-05,-4.883589135429208e-05,-0.0006079779318028989,-9.611670776317986e-06,-1.535864273717152e-05,6.24438832283037e-05,-0.00017007011826674717,-0.0001062350316665642,4.828681230333245e-05,-5.149089316443705e-05
BCH,-0.00014467696217301227,0.0006698499304456252,8.394499022455804e-05,0.0003870987432521417,-0.000822128964634988,-0.0011612933213495952,8.163737487748287e-05,9.153327601570991e-05,-0.0001845954675756009,-0.00030307468740409964,-7.562347462137556e-05,-0.0002350899468534051,0.00015833949446094784,7.951531335364877e-05,0.00014881989846490318,8.762212682215819e-05,-5.304557570835605e-06,-0.00036692223607863065,5.3251783837874404e-05,-0.00035915786558377596,-2.5372216848943845e-05,-0.00032409802508036344,-0.00019331347468542855,0.00016471126141146163,-0.00013598268701231028,0.00019966528919392425,8.419027990829998e-05,-7.742385868191199e-05,-0.000327707088577179,9.164711405811769e-05,4.9045275464556644e-05,9.944572120971637e-05,0.00029103386852835395,7.69366767452437e-05,-2.3260589704037506e-06,0.0001094327562053491,0.00012169868674574434,0.00013605724910307806,-0.000173617874403583,2.7736767952753296e-05,-0.0004018087558000712,5.756029769527911e-05,2.6452523319297453e-05,5.1506259138490896e-05,-0.00015040817475922154,8.313280161049223e-05,0.00023419004317448868,-3.761519207195766e-05,-0.0003469973405117493,-0.00029600546745908957,0.00032718297529424724,0.00036199620597440475,-5.169175157207241e-05,7.749763821393348e-05,-1.628377633497036e-05,4.520584453213546e-05,0.00047857343992831105,-2.305699297860753e-05,-0.0006840835644989913,1.365017504578577e-06,1.0048457391409616e-05,0.0023448651142311955,-9.188350154201994e-06,4.050993328127305e-07,-0.00013038606694287566,-0.00043744668584125393,2.9718734648559443e-05,9.273964953551392e-05,-0.000183488045142722,-2.6936758319733797e-05,4.968288796548602e-05,5.769909881340524e-05,-0.00021508268387073894,0.0002886414215189722,-7.465444366971908e-05,-0.00028843144355271416,-0.0004926388202956114,-5.1196640642213096e-05,0.00010179883636531674,-0.00046289358247147825,-2.5993479981175733e-05,7.922192694983965e-05,-0.00012427417986384057,-3.207127323453298e-05,-0.00013193867232462835,6.548137953711957e-05,-2.7872678267230866e-05,-5.5692216982774665e-05,-0.0002520178929919342,-0.0002636960491886745,0.00017383277759960264,-0.00013879058040635418,-0.0008921104785220551,-6.344906988067038e-05,-4.071553710270215e-05,9.132585723175017e-05,-0.00022185318114791583,-0.00031405901754417363,0.00011536644388199893,-2.2364040445427717e-06
BIOX,0.00021787486528824146,0.0005106265761662936,-0.0002334037169001882,-0.000822128964634988,0.003126014102155711,0.005769103276412357,-6.230881063458981e-05,-0.0002597773082015153,0.0009652621983135788,3.0205063498392535e-05,6.388974570700042e-05,0.0008399828407156241,-0.0003159924904381703,-0.000786416113951569,-0.0004247977228529705,-0.00010122554658877689,0.000516118772824359,0.00024189642253912708,-0.00011127974002707598,0.0007403197254539838,-0.00013557988840667864,0.00023891912447226277,0.0006912499323064156,-0.0005427932246791808,0.00029628712088657907,-0.00046392406330373205,-0.00018415525126524307,9.444885780489007e-05,0.0006591893673233204,-0.0005162645227459672,-0.00020831990262075578,-0.0003091929186386424,-0.00040339628901347964,-0.0002914865496991748,1.8640276299102122e-05,-0.0003568259120845479,-0.00011282907624450293,-0.0002611466795447503,0.0010918686097567394,-8.308723336751418e-05,0.0008093450523191143,-0.00015880114449627573,0.00011528133246901182,-0.00020601977387181507,-0.0001513012770103485,-0.00022709914945302382,-0.00020070453926000499,-0.0005881645301144103,0.001402977040587884,0.0003487572269591746,8.982728784370516e-05,-0.0005691215130901236,-3.869986862443454e-06,-0.0003120973191455749,0.0004029553903547001,-0.0001733160620225895,-0.0005528604794337924,0.00012329928117525997,0.0016757347463507988,-7.244092755601487e-05,-0.00015209976358492348,-0.0025963756193116637,-0.0003828925996481954,-3.9327014448323126e-06,0.00036587129045241985,0.0017082625059880092,0.0003729259773760569,-0.0003041364616359515,0.0008526608137115696,6.486341770726539e-05,-0.00016114000242493966,-0.0004136750806383199,-0.00015085404623123202,-0.0016400200216291584,0.00017290611067588582,0.0005503540081397598,0.0018877535150258365,6.349065500858399e-06,-0.00028550710951904043,0.0003596787673451832,0.00021053308764777052,-0.0003146512887050265,0.00023297515654900538,4.6579165316199114e-05,9.791606148562055e-05,0.0016153145746829567,-9.244270749280385e-05,0.00030121581075583256,0.0009825176585867503,0.0006166781954910369,-0.00034088120187565076,0.0001901333200661179,0.0018638578816838024,3.5240070676124324e-05,-0.00041614833974692615,-0.0001862429343575294,0.0008427742565412162,0.001240467603115093,-0.0001350026189271998,0.00016586619415419093
BTU,0.0009152565021465424,0.0017989098776288442,-0.0004469003731016319,-0.0011612933213495952,0.005769103276412357,0.015801174412205844,6.78882319012291e-05,-0.0006289786419022797,0.003194270130870982,1.2803347735632675e-05,-0.00036218369752068604,0.00218921487635899,-0.0004312422948103286,-0.00098730028165094,-0.0009532886714966303,-6.379902726690831e-05,0.0009809222534847212,0.0003215802175431356,8.44301269716369e-05,0.0015584884101743951,-0.00023947894028107425,0.0002111433165929856,0.002077360644382837,-0.0010749159471798951,0.0010080352459504605,-0.0006344404185522515,-0.0005215987275610912,0.0006170288124570891,0.0011728782848777245,-0.000819671821750175,-0.0008012135764389649,-0.0008111179334288266,-0.00016238048654242904,-0.0006234996074057283,-4.753455777921316e-05,-0.0009492941084164726,0.0015121547479351198,0.00021070743091682336,0.0029287744899093252,-0.00012188985500692095,0.0014948790000505095,0.0008525392186562007,5.707143930005674e-05,-0.0003018013132284527,-0.0008069543370560566,-0.0004949084402969486,0.0016757908363012905,-0.001206200524445895,0.003664837211436792,-0.00034699079467314617,0.00145246756922847,0.00203135725183068,-0.00014599923681507984,-0.000910136790648328,0.001786084647212933,-0.0004339674004495631,-0.0003987628426499598,0.00024979882884133885,0.0035332696296819692,-8.496766438302298e-05,-0.00048165895358265017,-0.00011853977774340986,-0.0004979853063504839,-0.0001229915210766667,0.0009119109572753636,0.004013559203606689,0.0016828293645348021,-0.0008918062665815106,0.0031023686561427823,0.0003496436125241837,-0.00030987549982817693,-0.0016679475399587961,-0.0010153145414106726,-0.002851801471991732,0.0004369143616703774,0.0014402969434814442,0.005105107058012995,0.0008652820144716673,-0.0011305514950965786,0.0008607676083959448,0.0008753749984275028,-0.0008452154498351459,0.0004264322571937306,0.0002713190162466953,-0.0007125510838533805,0.0026728328010117036,-0.00014454061124364491,0.0006290142786372547,0.002988408571751573,0.001477006379044706,-0.0008912411254605603,0.000617392099400877,0.003808089363746821,2.6606230984480734e-05,-0.000877866973344016,-0.00015584072480553205,0.002926654065011843,0.0029441527836069317,-0.0002842528193208407,0.002171012609825041
BUI,3.082102677462571e-05,-0.00013121901850500923,3.621120179694644e-05,8.163737487748287e-05,-6.230881063458981e-05,6.78882319012291e-05,0.00016804536580446023,0.00010330146560308257,-0.000434481067663203,-0.0001653503466948751,-6.912404344119018e-05,-0.0001507371249552183,0.00012065343323923859,0.00029787640570196094,8.554160338225665e-05,0.00011868142052753326,-7.72527010413085e-06,0.00016446249251629504,5.8361319863752055e-05,-0.00012837400616042195,0.0001007617169311143,0.00017324692654190822,-7.922497490547112e-05,4.473331940956743e-05,-4.832285076638448e-05,-7.506670394210624e-05,8.701855838437948e-05,-1.949718786747567e-05,-5.314455306296678e-05,0.00018879294196499954,0.00014114531836054321,0.00010762055297115177,0.0005481316124629367,0.00012290419659042416,4.683540195920436e-05,9.808870854008679e-05,0.00025494632395262464,-0.00020528589782519303,-0.00021211187371527026,2.037036592465684e-05,-0.000124029913238225,2.769430756123231e-05,1.283753521988361e-05,2.166280603959408e-05,0.0001367152147995261,0.00010771110563833166,0.00016589377451349082,0.00020842827835879148,-8.37822532870744e-05,-0.0001606187427582368,0.00034380442124852013,0.0001434151573164422,4.07499409482078e-05,6.960489780688196e-05,5.688579175546859e-06,5.078303615394338e-05,0.0002534925520016425,6.960418301687353e-05,-0.00046102266366484243,6.81994676113855e-05,3.509705606956298e-05,0.0012969895959558115,0.0001848738676487926,5.672135335774223e-06,4.512979870073226e-05,-7.422912616041418e-05,1.303285024294774e-05,0.00011452267672813964,0.00017762038893327482,-3.4350061698893094e-05,0.0001571092836969411,0.00021168678315070156,-0.0001520237702138394,-4.805660539962305e-05,-2.887501720675346e-05,-0.00010293026167047964,-0.0001604295923992303,-0.0002632721867347366,0.00013617892104449052,-0.0002653531619249763,2.110220762631449e-06,7.731150356557388e-05,-1.9939426823320926e-05,-3.8994597372839644e-05,0.00014987458066935622,-0.0005402818395602133,1.5496783552386435e-05,-8.002632283395652e-05,-0.0001966342656016026,-0.0002775480837683812,8.906189935773365e-05,-0.00012160275464387196,-0.00016692476495708687,2.9076597929872828e-05,2.3778821142665963e-05,3.426711713988207e-05,-0.00012551859249520025,-2.4876681442080876e-06,0.00013072918080882283,1.685152421404386e-05
BWZ,1.0971805318290786e-05,-0.0003304187846401903,8.254641591747972e-05,9.153327601570991e-05,-0.0002597773082015153,-0.0006289786419022797,0.00010330146560308257,0.00015864113659529313,-0.0003476987906115879,-0.00010571660702375479,-5.594381402528072e-05,-0.00010609496876668084,0.00013137503330620188,0.0003152640112732914,0.00013929090081869018,0.0001165414325798122,-2.0103441566206504e-06,0.0003191253770171498,3.446905859165303e-05,-8.042534922584151e-05,0.0001003968901666985,-3.5152185719229813e-06,-7.999580135059757e-05,4.2293299616016936e-05,-0.00014380064947919867,-2.9951528817608828e-05,0.00012748612110811717,-8.41994610075372e-05,-3.646952632021328e-05,0.0002723589416156896,0.00013963741444128987,0.00015314925035095123,0.00034955092299832405,0.000140757713583644,2.9698670781726855e-05,0.0001608896573854085,9.555678023121783e-05,-0.00025485571039264473,-0.0003000022399789177,7.296554554909539e-06,-7.20139804108953e-05,-4.028768904688806e-05,0.0001201113816875403,6.854995554143707e-06,9.84338632927644e-06,0.0001312093606519543,0.00017916617808833146,0.0002329013810990362,-0.00026539314003419046,0.00021583519974759558,-3.507171553566187e-07,-0.0002720910745920443,7.224036755413403e-05,0.00015958219088837427,-6.198408775207623e-05,6.76627996362474e-05,0.00027473743835389837,1.843519621173198e-05,-0.00040607195500389566,7.684555275286522e-05,3.58444663930006e-06,0.0005670145115979955,0.00019334730016110871,8.298108773921068e-06,-9.438611989459653e-06,-0.00026281524473501265,-2.2228229553410895e-05,0.00015989274609900896,9.424722640817745e-05,-8.17557658451118e-07,4.14450209755284e-05,0.00018986878490199246,-3.128690433779762e-05,7.5602102538026585e-06,-5.991582694647659e-05,-0.0001707321950602608,-0.0003618899407178756,-0.00023032870858710232,6.198136477175446e-05,-0.00012934202639115937,-5.694996932064466e-05,0.0001486588459763211,-2.3065501665865986e-06,-8.87822322937436e-06,8.101059008165956e-05,8.482725646870442e-05,3.8487977009390206e-05,-0.00012348473914030532,-0.0004154716727808932,-0.00024683629105986464,0.0001274815072000331,-0.00012392920229867653,-0.0007528228512118141,2.7819723944972453e-05,2.1509993273478167e-05,8.703197255288752e-05,-0.00028073730901849366,-0.00018748133901351675,0.00012109131604252826,-8.519180157654358e-05
CADE,0.00029370692886379585,0.0020631694965533944,-9.73801892848088e-05,-0.0001845954675756009,0.0009652621983135788,0.003194270130870982,-0.000434481067663203,-0.0003476987906115879,0.002606639266235298,-4.546378409324607e-05,9.743140532219295e-05,0.0009552323136115979,-0.0003647134077156543,-0.001119754386904707,-0.00031076736833533954,-0.00029812307079709726,0.0003155291875372618,-0.00027913528927594057,-1.9951867982046276e-05,0.0005598395829440407,-0.000379387930588139,-0.0011484466190520906,0.0005835837259555484,-0.0002896951068728082,0.00010155369482591869,0.0002691655266636405,-0.0002922616801625422,0.00011152899015522125,0.0003281479422017669,-0.0006463632511686758,-0.0006601843446079176,-0.0004550393447073552,-0.0014842090682352538,-0.00047275793063168047,-0.0001794468108143917,-0.00041597055427968215,-0.00032130588204478625,0.0005438636678695353,0.0014301209963794564,-6.456929657479494e-05,0.00032194371594885336,0.00020243465842940465,0.00014654595414676002,-0.00011980899798605407,-0.0011516980834155905,-0.0003884386873705026,0.0005006342626467709,-0.0009642609759087954,0.0009715393468842431,-0.00019699537737623437,-0.0010361613675746264,0.0006256755033895002,-0.00021021899610867615,-0.00031504560217705325,0.0005131228753701847,-0.00021810297309042735,0.00017396420556797023,-0.00026919893330738163,0.0021510070501008635,-0.00024322665313524826,-0.00029641735671600633,-0.00038226735142486815,-0.0008088756865834512,-6.836889876953463e-05,-6.460988148846065e-05,0.0006700014308123811,0.0005155304077045756,-0.0005378376712876932,0.00023914018182991497,0.00030906852664788694,-0.0006902895162336038,-0.0012661487397834074,0.0004394722699431917,-0.000641579749257558,0.00022270534281035125,0.0005887872897586379,0.0017650646198618413,0.001315091673459534,-0.0008104915070660129,0.000848387296417967,0.0002633559915653348,-0.0003103827203283053,0.00014553272151598607,0.00036821144144227733,-0.0008582705596530836,0.003064554752431254,-9.00018159480583e-05,0.00034480180793112396,0.0013451241728389652,0.00043650291393430336,-0.00041309571996609416,0.0005664045848471705,-0.00020583518216888685,0.00012544558284899272,-0.00047928500640963305,-4.097549679931533e-05,0.000954622114246665,0.0007246787680243341,-0.0004670331541392573,0.0006683673715885485
CMCT,7.046344491339182e-06,-0.0018541341510309273,-7.097424600209669e-05,-0.00030307468740409964,3.0205063498392535e-05,1.2803347735632675e-05,-0.0001653503466948751,-0.00010571660702375479,-4.546378409324607e-05,0.0009263495200605776,1.084535028152872e-06,9.210514191230068e-05,-0.0001850093446143878,0.0002786936899499794,-0.0001271329574107972,-0.00011304995955653699,-0.00015398148699554909,0.00020960841203832028,-9.817458371487725e-05,0.0002919854589925023,4.5132428573013294e-05,0.0006022795355744994,0.0002419115273263328,-9.479403359862081e-05,0.0002916897356082424,-0.0001930552414303184,-0.00012115223131995792,0.00013675158524832222,8.678422162846347e-05,8.016037991289238e-05,-2.2655274258205463e-05,-7.366106921611653e-05,-0.0004572559004620116,-5.984547889334651e-05,-1.4098318850016483e-05,-9.956052537528072e-05,-0.00017179692508870065,0.00028337779219323426,-0.00013680582110626446,-1.9206090926882e-05,0.0006989598663805758,-0.00011891526037386118,-9.085934265264135e-05,5.51495430476786e-06,0.0007647142558652959,-7.569500943247172e-05,0.00024035883261189168,0.00011488646202000565,0.00013312149291299494,0.0006796821162059053,-0.00016330029553863806,-0.00018727325685537023,7.42123365531693e-05,-6.0092879675339936e-05,-0.00016253220641098356,-3.342357004343458e-05,-0.0010227093130505288,2.890303949286185e-05,0.0003495945604689051,5.223686899325734e-05,3.656959076494409e-05,-0.003473998119765502,0.0002464982589586507,-1.56103061314069e-05,9.91625491160089e-05,0.0003074114042606751,-0.00011789115805138426,-6.596499585690267e-05,0.00015621515538268412,-9.104888873713859e-06,2.779361213206673e-05,5.534996257079894e-05,-0.00011077829721919281,0.0006626638069982114,-3.115452851746108e-05,4.832432499039042e-05,-0.00010309667637692345,-2.3218866234436157e-06,-9.163749399889544e-05,0.0007035835103565764,-2.8825224403081816e-05,-7.858841334091552e-05,-1.8314594502482756e-05,3.226215764937901e-05,0.00018325515912589536,-0.0011966113718838108,0.00010006024546058224,-8.144521655806666e-05,-2.961888705341393e-05,0.0008564593708193945,-0.00015913980890145082,0.00013756784709832313,0.0014819866450582564,-0.00016613164413781302,0.00026885909896446453,-1.5534424110256717e-06,0.00013414881580309828,-0.00025409100184507945,-7.074564486211618e-05,9.360288857396273e-05
CME,-2.251630712571618e-05,-0.00016836490361307488,-3.191831979433145e-05,-7.562347462137556e-05,6.388974570700042e-05,-0.00036218369752068604,-6.912404344119018e-05,-5.594381402528072e-05,9.743140532219295e-05,1.084535028152872e-06,0.0001871724149517983,-0.00012991471910203735,-7.432151042684398e-05,-5.244828805946285e-05,-3.5724640514881645e-05,-7.142913997375227e-05,-9.193042367464524e-05,0.00010154013006510825,8.511095798334223e-06,0.00017590778196637134,-2.69839883662966e-05,-2.8604168800143482e-05,-0.0001009059743722525,0.00012296164115854644,-7.353626904404744e-05,5.570402638449251e-06,-2.4695021304509497e-05,-1.0004227094816543e-05,5.1773091604226666e-05,-0.00013566888576465049,-1.6036058171951563e-05,-4.824273532957028e-05,-0.0004268132146657895,-5.165919793639702e-05,4.615480545328255e-05,-3.8830787612892894e-05,-0.000348212303613824,-0.00011482310807349077,-9.502955769878516e-05,-2.4650274798943795e-06,-3.951704030562894e-05,-0.00028661449084143616,1.8652260171568778e-05,1.514131366665477e-07,-0.00012585533677842185,-5.685759763052986e-05,-0.00039815735072074504,0.0002155319315043239,1.315713860086975e-05,-0.00018475397666418484,-0.00047343962140448086,-0.00022495078663762298,-2.2021341597499122e-05,-2.8534297926979807e-05,-4.653841874941455e-05,-5.873888479195222e-06,-0.00013764909627249702,-2.5654660709431077e-05,7.763648169790055e-05,-1.752001743067459e-05,4.550439810321861e-05,-8.601329266271926e-05,-0.00019701086277602127,3.568563387601423e-06,1.1330658881740629e-05,-3.6630427794220045e-05,-0.00011005006739667108,-5.183628690407068e-05,-0.0005168620587483112,-8.16101907134105e-06,-4.847498207997958e-05,7.178487667337128e-05,0.00016496978336037938,-0.0002094551019015885,7.291846986778998e-05,0.0001565293473654398,0.0001542140369238303,2.2662261028761727e-05,0.00010238637531235996,5.384066728565801e-05,-5.06995440982936e-06,-2.9609784514789893e-05,0.0001732920695930536,0.00015942649078290973,0.00013681965044403443,-8.574766135897359e-05,1.4291132143800774e-05,0.00014513072550557214,-1.713145628926666e-05,-0.0005630088353236648,-4.4094199909634665e-05,8.747974207412755e-05,0.00024230859630689505,2.7284747297747363e-05,4.8854467294310726e-05,-3.835416586185895e-05,-4.537818030595637e-05,0.0001356207311250763,-4.894367072993159e-05,-0.00025579346995736034
COLB,0.00026053169230198586,0.0005775540903253831,-6.048842872003596e-05,-0.0002350899468534051,0.0008399828407156241,0.00218921487635899,-0.0001507371249552183,-0.00010609496876668084,0.0009552323136115979,9.210514191230068e-05,-0.00012991471910203735,0.0007855154051224624,-6.777719405173471e-05,-0.0004573710340237007,-0.0001718548666599098,-7.54267388058021e-05,7.40627351363553e-05,0.0002666168872606803,-6.157549426800408e-05,0.0003580720313594647,-6.280575780245305e-05,-0.00019959775997907176,0.0004733343293311027,-0.0004000552723952689,0.00016990055127125196,0.00018527703964905422,-0.00011932964395534193,9.55603791869832e-05,0.00033374718613449824,-0.0001251401389602272,-0.0002940539557860515,-0.0001753714857956489,-0.0006717666828838871,-0.0001545479825480569,-0.00013824061342756916,-0.00017040516070286626,0.0003733629782555083,0.0001580057977279915,0.0007751180349895963,-5.952236800856606e-05,0.0002444364835482783,0.0005108748883965168,-3.435587582172944e-07,-8.71360012983934e-05,-0.0006655953161199345,-0.00011584862204382211,0.00014338772884331025,-0.0004159529276253917,0.00045394793386769163,0.0006196395493138334,-0.0002707587647906289,-5.758951239302828e-05,-2.9911516833346315e-05,-0.00012444854806614464,0.00039124089506049366,-0.00010661786663576791,-0.0001159470321169307,-9.109220643797922e-05,0.0012627454758303877,-6.767199808117273e-05,-0.0002054574581373297,-0.0024504167357282903,-3.662153921676605e-05,-1.4700055060054047e-05,6.366678511161213e-05,0.0005525508044820622,0.000311709151884649,-0.00019180517650329852,0.0007432243512486622,0.00014469810426721857,-0.0003364736210796649,-0.0006080952051941348,0.00019970112145767458,-0.0003613684249056955,6.80922818339152e-05,0.00029295394093462344,0.0008706258303456734,0.0006072349335404304,-0.0005596244379015018,0.0005346936812049661,8.974819057183659e-05,-0.00013624102637634325,2.736445466865631e-05,-8.820400530548451e-05,-0.0005583384553123722,0.0022651873114398605,-2.441723874370209e-05,7.549539105580094e-05,0.000684080665538508,0.0009514312204765564,-0.00020556276489681408,0.00015539433366223052,-0.00012876751351439155,9.981797849671861e-05,-0.0001499694936933948,-4.00792037354652e-05,0.0006351007182296071,0.00032633900249960695,-0.00021246644821221885,0.000545023138275237
CQQQ,-8.619473387675678e-06,-0.0002449273920216504,6.52249149707481e-05,0.00015833949446094784,-0.0003159924904381703,-0.0004312422948103286,0.00012065343323923859,0.00013137503330620188,-0.0003647134077156543,-0.0001850093446143878,-7.432151042684398e-05,-6.777719405173471e-05,0.00021375314904940293,0.0003222072848218091,0.00010223576912071872,0.00012463755417964876,-0.00011057991940310073,0.0002602480848999477,5.712535490767223e-05,-4.654719021632725e-06,0.0001043164768834246,-2.1325270841965425e-05,-3.196323112576351e-05,9.100175886271119e-05,-0.0001044263253560091,0.00013800075723083638,0.00010842771863417388,-2.9303948815630502e-05,-4.1324474205912106e-05,0.0002282241838105423,8.10012547292559e-05,0.00012224473231014268,0.00018446607593690262,0.0001363025167182028,3.0467720607992305e-05,0.00012338023287718274,0.00035761803476286525,-0.00019731307608869325,-0.0002656604485972875,2.782051884414396e-06,-0.000271677203522415,0.00015017899603162463,4.392664696709115e-05,2.505950145643338e-05,-0.0003472279536510711,0.00012601455737866804,-9.229444102351398e-05,0.0003786168037793417,-0.0002570668088525746,0.00019782344855007858,0.00014028129906926273,-0.00014665116519950523,3.8794513631802145e-05,0.00010266625661986308,0.00012452692747958686,5.356675323875194e-05,0.00022618458218139252,2.121718656389246e-05,-0.00047690796171461955,7.514464218853615e-05,-1.9533013151539684e-06,0.0005372785584418254,0.00018708001440653836,1.0780513272765012e-05,2.855670701013849e-05,-0.00019084769877446284,5.3807474104456765e-05,0.00013128946737714367,-8.608457946357267e-06,-1.4788287953347429e-05,2.544084813947154e-05,0.0001518985210954064,-0.00010138266554396541,-9.2000899563035e-05,-3.4170620120435416e-05,-6.004255567292687e-05,-0.0002062145427305045,-0.00015002769493126938,5.523439404610639e-05,-0.00024900250384876665,-3.461897955419321e-05,9.573730772521274e-05,8.571596537877692e-05,-5.185642026288404e-05,-0.00010128781411933615,0.000452598681173494,3.171326484262199e-05,-1.305722956368317e-05,-0.0003471928324716718,-0.00033910885559545486,0.00013007454802757193,-0.00015181460213235052,-0.0007836828547403748,-7.839235856954946e-06,8.509345448129165e-05,8.561700854545154e-05,-0.00010190737101041201,-0.0001033172448249025,0.00012071173462388453,8.67833051463472e-06
CUBA,0.00018981194433743604,-0.0028829195299974785,0.00013824765591313414,7.951531335364877e-05,-0.000786416113951569,-0.00098730028165094,0.00029787640570196094,0.0003152640112732914,-0.001119754386904707,0.0002786936899499794,-5.244828805946285e-05,-0.0004573710340237007,0.0003222072848218091,0.0015758545325396482,0.00023747052573635616,0.00027043672912513986,-0.00042400726517460727,0.0013833934087787317,0.00019546939674527878,0.00028270862192150925,0.00043251469570682825,0.0006922063750560598,-6.225265032106019e-05,0.0003383186131385862,-0.0001484562193975832,-0.00018179688660569798,0.00023846094099313326,3.961280549003116e-05,4.824800665966657e-05,0.0008351226675935822,0.0003654200707484089,0.0003230921780532941,0.000677399818068729,0.00039258715061806426,0.00018351513738985297,0.0003087213031768224,0.0005412595710936488,-0.000708954229999452,-0.0011601340801591393,3.532760902988122e-05,1.7893001340197006e-05,-0.00012790136421860242,0.00013515909319939044,9.861463093022643e-05,0.00029628639675559603,0.0003090366865239796,0.00039495255121018623,0.0015226294260111187,-0.0004429933937617884,0.0003492712182709161,-8.773882278321564e-05,-0.0001709740639525607,0.00023672533790984937,0.000292312761309495,6.315370785901206e-06,0.00017523734015435083,2.471071062633054e-05,0.00013188697401492886,-0.0011808399839473938,0.0003230925553479443,0.00013091069634738712,0.0008325281138708924,0.000748277732332124,-4.976097509941545e-06,0.00022952418488822544,-0.00038986650344921065,-6.870775233411835e-05,0.0003338101487793677,3.3438252173929654e-05,-2.001428274733462e-05,0.00027044712334315974,0.0007097505609991093,-0.00018266232224601497,0.00021244509982878292,-3.965657887220393e-05,-7.275063644564608e-06,-0.0005066359870701984,-0.0006241182750192173,0.0002887134179530643,5.944381023153384e-05,-5.0643082178880376e-05,0.00028522612547296554,0.00032845132613628194,0.00020834492664319619,0.00043824195580430644,-0.0018223760956031813,0.0002466521554532046,-0.0001766694997904326,-0.0010711335507865127,-0.0012177042952626464,0.00016147547238065795,-0.0001532769381832663,-0.00043988207040536193,1.5867879543956668e-05,0.0004904961560232669,0.0002341703666785846,-0.0003972466893598851,-0.00024820373962086527,0.00030702134543675183,-6.015814770709667e-06
CYB,-3.242882425978384e-06,-4.1598750478661146e-05,7.341003902465019e-05,0.00014881989846490318,-0.0004247977228529705,-0.0009532886714966303,8.554160338225665e-05,0.00013929090081869018,-0.00031076736833533954,-0.0001271329574107972,-3.5724640514881645e-05,-0.0001718548666599098,0.00010223576912071872,0.00023747052573635616,0.00015884182311382672,9.876940283927931e-05,-4.187406831690655e-05,0.00023181150057353649,3.1216024861722565e-05,-0.00019194961294090361,7.076563521194277e-05,-1.272157573893908e-05,-0.00017266912141097087,4.5485680979376535e-05,-0.0001615678445382944,2.8268870716927187e-05,0.00011600614152969831,-0.00010445504447013202,-0.00014985723190672352,0.00023462920245337926,0.0001420259176379104,0.00014101145957220624,0.00021767962902235092,0.00011697923142439501,1.8474893165635506e-05,0.00015302113037758341,-5.708855197689076e-06,-0.0001655914230063372,-0.0002813271619028979,1.5205629025681232e-05,-0.00012679300371411646,-0.00012212949320766311,0.00010093680616403978,1.6916405092730565e-05,9.255231108118635e-05,0.00011370779952766779,0.00030812998457331223,0.00014062336420552925,-0.0003133239428605783,1.9526933671109643e-05,-5.348589754893861e-05,-0.00010666819451644638,3.030511425000812e-05,0.00014765875928173205,-0.00012283459849951107,6.5436393613533e-05,0.00032918818720078044,-5.176234585701334e-06,-0.00044096368633769707,5.638658781774149e-05,1.250816334679381e-05,0.0011629444673726037,0.00014028401490029705,7.812622313292753e-06,-5.760027826659904e-05,-0.0003559007400419632,-6.522231982034919e-05,0.00014027221669328142,2.7084788363799027e-05,-1.1332320349254184e-05,4.948628302872586e-05,0.0001970564103875084,-6.809200770392993e-05,0.00016124104722570773,-6.125346310368747e-05,-0.0002623048795820813,-0.0004532352897253867,-0.0001736854997439708,8.255306157019775e-05,-0.00018781625190443475,-5.758036546430368e-05,0.00013567252540439706,-7.489751871671075e-05,1.3735623651914274e-05,0.00013169890424581237,-3.924046046551194e-05,2.8591737025038345e-05,-0.00013036492007727451,-0.0003428237659974342,-0.0002603211222357015,0.0001255985611079594,-0.00011292081941330524,-0.0006402820072070611,4.130890732930842e-05,5.478520052558671e-06,7.193676290925573e-05,-0.0003161282912685128,-0.00027119387117105064,0.00011482407781755184,-9.610013574290417e-05
EJAN,9.467261366726635e-06,-0.0001766837768102462,4.999806935660742e-05,8.762212682215819e-05,-0.00010122554658877689,-6.379902726690831e-05,0.00011868142052753326,0.0001165414325798122,-0.00029812307079709726,-0.00011304995955653699,-7.142913997375227e-05,-7.54267388058021e-05,0.00012463755417964876,0.00027043672912513986,9.876940283927931e-05,0.00011651241807862189,-6.899897341835463e-06,0.00023805196666950565,3.893402278392381e-05,-7.028694819511178e-05,8.207350099295463e-05,6.206018770980691e-05,-3.21504183203249e-05,2.0106993467309385e-05,-8.399165459105218e-05,-1.0187231825247109e-05,9.789718275451783e-05,-5.282977792205133e-05,-7.090301745386704e-05,0.00021485712186751065,0.0001157348398554352,0.0001134113320490817,0.00029108267263276314,0.0001100856769255392,3.2999187887171296e-05,0.00011015576282957558,0.00018005771440610403,-0.0001786262285135195,-0.00019904644757483272,7.201671300607064e-06,-7.172195507718495e-05,-2.4534794032580968e-05,8.420930921950019e-05,7.579881307946618e-06,1.3175949431118431e-05,0.00010803762259960852,0.0002489213910941968,0.00018753358422460279,-0.00013234740914456846,9.67304336699034e-05,0.00017086196497692493,-6.921291904534574e-05,3.981584057639936e-05,9.792038214414293e-05,1.3747530201705815e-05,4.802222853474675e-05,0.000223868161430526,3.795862688662777e-05,-0.0003843623556418767,7.141245666925613e-05,3.461529903861645e-07,0.0008844512843661754,0.0001649074963419123,5.1695265042246575e-06,2.6785146276763924e-05,-9.418931717447565e-05,3.64629121433393e-05,0.00011712459721299504,0.00016328428712770996,-1.3605358720111967e-05,6.72481528616062e-05,0.00016533852452432212,-0.00018494825791976003,-3.4240270329158687e-05,-4.651932072315377e-05,-0.00015792115011252194,-0.0002006375303200442,-0.00021596298086434647,6.417550525327058e-05,-0.0002008886203835465,-1.8095654194548656e-05,9.000511402009107e-05,-9.459869413592157e-06,-9.797743374805061e-06,7.741513752597305e-05,4.434348417973828e-05,2.5868403220704483e-05,-7.781439314644149e-05,-0.0002729346913075444,-0.00019825073693396588,0.00010174487895607094,-0.00012281206551865157,-0.00040998912549040613,-1.872868063082425e-06,5.914773554947976e-06,7.362593070396588e-05,-0.00014572587941489315,-0.00010271695634558084,0.00013139454093423182,3.2221565165233017e-06
ELP,-0.0002662447504251968,0.000798971079401023,6.715539431856595e-05,-5.304557570835605e-06,0.000516118772824359,0.0009809222534847212,-7.72527010413085e-06,-2.0103441566206504e-06,0.0003155291875372618,-0.00015398148699554909,-9.193042367464524e-05,7.40627351363553e-05,-0.00011057991940310073,-0.00042400726517460727,-4.187406831690655e-05,-6.899897341835463e-06,0.0007804479795778746,-0.001083256973083107,-6.425700024262849e-05,-0.00023531545555258767,-0.00020300960484262903,-0.0006413023441722419,0.00019513372084432732,-1.6999958666758215e-05,3.089773488884831e-05,-0.00047878243326131205,4.535107579715509e-06,-7.77049034897744e-05,6.037626248562862e-05,-0.00022071381350845893,-4.364784360114224e-05,-4.661592151412196e-08,0.0012134361773305522,-6.100184059441075e-05,-9.430294159997174e-06,-8.690008406296107e-06,-0.00035047663938268423,0.0001829371207496912,0.0003127947923080414,1.365558852803821e-06,0.0003424700998030361,-2.4776663175099333e-05,0.00017736256750233706,-6.57257450286384e-05,0.00038389596512983503,-3.549848990259204e-05,0.00017265023425761038,-0.000874921890912647,0.00030458199147812405,5.0760662294845765e-05,0.0007849289514707094,-0.0001152902135178209,5.160792175195369e-05,9.555299960063313e-06,-0.00015154575782920664,-2.656446626972072e-05,0.00025099908040563746,6.952855114393037e-05,1.639565462765507e-05,-8.972308801400043e-05,-4.168168971870257e-05,0.00045483959203389013,-0.00028269509373233896,-1.5878969775119765e-05,-9.30307660472654e-05,0.00022224500283057433,0.00016131432470183028,1.2908139002593382e-05,0.00021213269343994972,2.7798509520342114e-05,2.4144931864468244e-05,-0.00027012960498409394,-8.257324906794256e-05,-0.000254429202508433,-0.00010881778026143624,-0.00011166427510981853,-5.743583763079246e-05,-0.00027852207255163014,-1.4897099584530553e-07,-0.00013605380921392636,1.974500609559101e-05,2.9374979274827607e-05,-0.00018398327912392526,-9.3677097647338e-05,-0.0001255464664228007,-0.00017006592328970343,-0.00013064160535415466,-0.0001238705447558059,-0.00010793577638564368,0.0005678439878598424,8.864464880294498e-05,-2.654269802608753e-05,-0.0005305394072571794,-0.0002012262292396089,-0.00041691047394148577,5.017951286917761e-05,-0.00017566213065313988,0.00011003823506751215,2.613684171692482e-05,-0.00013917014002625604
