,AFLG,AGRX,AMJ,ARMR,ATRC,AVUV,AXL,BCS,BNY,BR,BRBR,BRY,BV,CANF,CFRX,CM,COUP,CTBI,CVY,CWBR,DEO,DINT,ENBL,ERO,ETNB,FAAR,FBK,FCO,FDBC,FLMI,FRAF,FUNC,GDEN,GDL,GDS,GRIN,HEWG,HTBX,IBDT,IIGD,IWY,JBHT,JDST,JMM,KHC,LMRKP,MARPS,MCF,MDLZ,MESO,MNMD,MVV,OCCI,OIA,PAI,PATK,PID,PSMT,RFCI,RNWK,SBUG,SCO,SMDV,ST,SYPR,TK,TKC,TNA,TUSK,TVTX,UBSI,USDU,WNS,ZTR,BAND,DWCR,GD,GNCA,HLNE,HMN,LBAI,LHCG,MSN,NCNA,PDCE,RDFN,STZ,VIAV,VRNS,WEYS,BBCP,CDW,ENLC,ESGN,FTF,KOP,PFLD,SCHK,IVOL,KALL
AFLG,1.2197115919144253e-05,5.85599728585707e-07,-3.6060359846363898e-06,8.279411317500567e-06,-1.654010906653008e-05,-3.859063157352629e-05,-0.0001179347118510566,-7.011789229244603e-05,4.068580921097031e-05,3.939292010423219e-05,-3.115874195779215e-05,-0.00011835744569525153,1.680023400966231e-06,6.547247403143711e-06,5.4300068055573504e-05,2.7453240347331782e-05,4.24894484214719e-05,-5.7515444826038045e-05,-1.3087664418343642e-05,-0.00022018825969897447,2.5252756796844042e-05,3.0257198384035407e-05,6.080567190559422e-06,3.664447405004831e-05,1.3958861387678997e-05,0.00023184260592791674,-0.00011444619085012215,9.301010688343243e-06,-2.533666895867148e-05,6.017629828442823e-05,-5.03832832179823e-05,2.5577179324171376e-05,-0.0001015466339072692,4.31862871325555e-05,6.330668861201549e-05,0.00018320536708603115,1.737546019763774e-06,0.00028220493066719363,4.8199650273909796e-05,5.9545303242464335e-05,-4.58353294268539e-07,4.5374576043678194e-05,8.962294380902023e-05,2.024860206585671e-05,6.717231913742713e-06,5.129208635124714e-05,1.57825696822137e-05,-0.00040213553430096125,2.1021124713265266e-05,7.807596889699292e-05,-0.00011468128580790437,-6.920528131016537e-05,7.660066899451887e-05,5.5010901734224904e-05,5.583951223777716e-05,-2.581115506029651e-05,-5.072198369306474e-06,4.297834592766483e-06,6.0448717250306004e-05,-0.00013435196589483243,5.387811209874626e-05,0.00022632317048467245,-2.8631325320953093e-05,3.791880774667036e-05,4.88684028902049e-05,-7.216259174222998e-05,5.7799327605584425e-05,-0.0001882466018723076,5.6860552232352784e-05,-4.45182752320001e-05,-9.720517499922342e-05,5.694069313759972e-05,-1.1683649520659535e-05,1.0319910031168885e-05,-7.001305184261742e-06,0.00010372851689904705,2.278505260093198e-05,-6.665861485504571e-05,8.048049431443236e-07,8.950556524743092e-06,-4.3363522629197255e-05,3.873270456986302e-05,0.00020123618384138822,6.163589686196733e-05,-0.0002354693385100745,-5.9710398642784116e-05,-1.9835977734023704e-05,5.54864708076073e-05,1.4700152251113843e-05,0.00025572649886189153,0.0010262164010128808,-4.484539785771964e-05,-2.199565842176707e-05,3.576365037651325e-05,5.252062909005399e-05,-9.114182433704764e-05,6.177507527893281e-05,2.7266098550859918e-06,5.787853455244929e-05,4.611271965736698e-05
AGRX,5.85599728585707e-07,0.0013544662159242458,-9.781142306690787e-05,-1.4459680144211735e-05,0.00011110917178141046,-0.0003741943934092875,-0.0005189529637357541,-0.00026365496956896694,0.00035565494274176416,7.636176050071989e-05,-0.00015881868341206573,-0.0004412530289700157,-0.0007950307434682966,-0.001427684567897498,0.0022908430735092107,2.354979422240029e-05,0.0003761273297855376,-1.2922367882826425e-05,-6.300403456621615e-05,0.002455415187366996,-0.00013579439006931285,0.00012710195196098407,-0.0005736759676621268,-0.0006480048467880762,0.0011613681456593289,0.0003070006528639277,-0.0001630592194573513,0.00017154324107269975,0.00027759787003882037,0.00027605634880459794,-0.00031282554667863745,0.0006955147163865572,-0.002061196370979977,0.00013832727417472437,0.0003209492120110742,-0.00012157417409754058,2.3049079614604998e-05,-0.0003900647409895919,0.00023862370530699004,0.0002616327636860969,6.617816350165257e-05,-0.00019093466309257293,0.001492221916591317,0.00027257276744690513,0.00022939321224117422,0.000350884868960997,-0.00042815141859499107,3.211964589046681e-05,-4.5226411620049715e-05,0.0011162747202187922,-0.0008178675155211375,-0.0006649226158126545,0.0011223621196923602,0.0001811847331447507,0.0002714612564085063,-0.0010012233611952583,-0.00016156592413207554,0.00017924142978535367,0.0003180090386245302,0.0003280876232869413,-9.518075769851547e-05,0.0016790980046031535,-0.00020773138455979813,-0.0007693617600116869,0.0003872840994258258,-0.0009256124389839114,0.0003582403364717823,-0.001196069388619974,-0.0007493221447071241,0.001901727495839649,1.8200112098417363e-06,0.0004092097497263605,-9.780417556880968e-05,9.42251718226435e-06,0.0007340232786810007,0.0003005241472610663,-0.00039937234729149986,0.0004957378537846527,0.00013161044888996298,-7.06709082337801e-05,-0.000373506833479516,0.00023501007860613805,0.00013358566314969973,0.00020771173305131208,-0.0002492009593036332,3.8641182024082125e-05,-0.000450560169238268,-0.0003718048640879804,8.777891277134161e-05,-0.0008359880424805824,-0.0015159540922367325,-0.0003779767929167377,0.00023050857441821588,1.4127871646648572e-05,0.00015903537949596614,-0.0006407858544207281,0.00023892167289233168,1.7098218025198578e-06,0.00024315401324865316,9.090019862079031e-05
AMJ,-3.6060359846363898e-06,-9.781142306690787e-05,4.407522886766461e-05,-1.1799135968481034e-05,3.236901963768089e-05,3.748986983788581e-05,0.00015678962513714285,6.71989650067358e-05,-3.16578945441171e-05,-1.9754285912473444e-06,4.795299433299137e-05,0.00016368405372548984,1.8899918770230926e-05,-9.082106233717553e-05,-0.0003487482754694174,-1.9345565930202114e-05,0.00010945517478990708,2.876833693349684e-05,2.9789609758819695e-05,0.0001408801319688506,4.822567452109102e-06,-4.442782519281233e-05,1.5822183414842696e-05,4.2647965524916e-05,-4.375054194055814e-05,1.949875973344155e-06,6.54059718340111e-05,-0.00011999458188029842,-5.1651178558075075e-05,-7.446571738633588e-05,0.00040689598936009553,5.597960294624603e-05,-2.4695450922219364e-05,-5.0824288611580456e-05,-1.8081613630147358e-05,0.0001380465393645127,7.843369100146244e-06,-4.5919634067106754e-05,-7.633571516570436e-05,-8.138776562486048e-05,-6.346107520676053e-06,1.282255838785601e-05,-0.00025780388867521894,-7.740415461580417e-05,-9.242095303385732e-05,-5.009020177173708e-05,0.00012267089429620216,0.00012254785322225032,-1.6072191005485992e-05,-8.193598602425573e-05,0.00020004487482766273,0.00013077124952964086,-4.303888905469986e-05,-7.252601439296081e-05,-0.00010140914278078507,0.0001194699053823074,7.110239152878145e-06,-6.680820918083925e-05,-8.243008548142251e-05,0.0002182239148074527,3.332256774487892e-05,-0.00042121308487688366,-1.145572559684249e-06,7.930051843829464e-05,4.6935028466115604e-05,-0.00010167597191626239,-0.00010366131026639841,0.00021636681453348318,0.00011108094427807335,0.00013019048284593213,8.070673574740779e-05,-0.00010798702512975453,-6.9389630913769415e-06,-1.860795266724265e-05,-2.7852111376353263e-05,-6.237350261969122e-05,2.7403342390633354e-05,0.00021225128327226372,3.9797701835884025e-05,3.3096569595527275e-05,6.746838078682362e-05,2.5587766003211515e-05,-0.00017615709733200826,-0.00010344713820772054,8.89266003548458e-05,0.00014132975838039477,5.09545227326154e-05,2.9735961392237778e-05,-2.9411345310963793e-05,0.00010447436867877275,0.00038775084894048884,1.2545750121965603e-05,0.00015859247896999115,-3.205998910361959e-05,-2.9509927860276986e-05,7.135237553282945e-05,-5.4229515309534666e-05,-1.3972402185765105e-06,-7.637184291577859e-05,-5.6104434399132425e-05
ARMR,8.279411317500567e-06,-1.4459680144211735e-05,-1.1799135968481034e-05,8.814192651680118e-06,-2.205392712601181e-05,-2.118867329332356e-05,-9.701850517096334e-05,-5.221520210814274e-05,2.194850918642473e-05,2.184848802046155e-05,-2.625912655761362e-05,-0.00010315810636406751,2.069945545741973e-05,8.035836447378602e-05,5.5719896462493214e-05,2.0902079309328725e-05,-1.8315441071014412e-05,-4.076101086706559e-05,-1.4374057904137214e-05,-0.0002561137433164407,1.786869250570109e-05,2.638874104926963e-05,1.5709923288126385e-05,2.8258743602820997e-05,-1.6365424395651776e-05,0.00012585428211055272,-7.994710004089649e-05,3.524785437602873e-05,-9.357016079499794e-06,4.8523360396128525e-05,-0.00013792948052340396,-2.4691475748402266e-05,1.1808495125609348e-05,3.5576924425816616e-05,3.071595321155776e-05,6.91621302638553e-05,-1.9954581390835607e-06,0.00019464713299054956,4.309378715003431e-05,5.056533957079065e-05,-8.377040670584182e-07,2.8493625548473657e-05,8.1648314882246e-05,2.699600082092826e-05,2.478089501961104e-05,3.313019542931917e-05,-1.29251979759695e-05,-0.0002746079777898304,1.9182883193546018e-05,3.850039063588205e-05,-9.884042503248173e-05,-5.699830552584712e-05,2.0518393170147056e-05,4.7968021193237444e-05,5.2921073972390174e-05,-1.7907477365794375e-05,3.7467334618679794e-08,1.6202872690947733e-05,4.9808765656265916e-05,-0.0001523601004676047,2.478620602133296e-05,0.00020059394263966996,-8.925687068788224e-06,2.4533565199781194e-05,2.9817198471546295e-06,1.9352134284772596e-05,5.275278217018958e-05,-0.00013485670187777602,2.698805248872877e-05,-0.0001241289458360739,-7.86521774110107e-05,5.255070739468821e-05,-1.965171538029096e-06,1.0989064829554047e-05,-1.7791300026909983e-05,6.971627280370807e-05,1.9021896489231913e-05,-0.0001185848928130663,-1.4016425865958711e-05,-2.3642566852025737e-06,-3.181247080503144e-05,8.215195071069327e-06,0.0001663350777613201,5.919029628057462e-05,-0.0001599335445085441,-7.871317236028935e-05,-1.1874160199695447e-05,3.693924786507642e-05,1.3580284471030437e-05,0.00014845947601546444,0.0005397338128515648,-1.7147041797696276e-05,-6.655816560788742e-05,2.9724286361129713e-05,3.419399533885678e-05,-5.278485067786756e-05,4.4379255560505785e-05,2.0231762594904426e-06,4.852172553146208e-05,4.016703147577763e-05
ATRC,-1.654010906653008e-05,0.00011110917178141046,3.236901963768089e-05,-2.205392712601181e-05,0.00011021484455085457,6.433530053023514e-05,0.0003260892286010425,0.00013525297268482563,-2.5661814530999785e-05,-1.4858662452502381e-05,0.0001248210643776793,0.00025757025733844953,-0.00011475864348378197,-2.6989912420643077e-05,-0.00033806244169038216,-6.21741278039276e-05,0.00012757212402756803,0.00017270294970154416,3.581811351342042e-05,0.000372592084603592,-4.794783908361359e-05,-8.329777705715931e-05,-0.00017813419341030683,-0.00020954809495399892,9.905710641277735e-05,-0.0003027420218832402,0.00027789319441437314,-7.651342097931298e-05,-6.76705897572874e-06,-9.828147008894492e-05,0.0004056571478477873,4.039918680661742e-05,-0.0002713577740555568,-0.00010149969757337919,-0.00015689982653083445,-0.00030535364842921236,8.080102840277242e-06,-0.0003396568636861766,-9.56461123932997e-05,-0.0001096353807897461,-1.3929367883050129e-05,-0.00011840279467731912,-4.732492100418506e-05,1.8789351659241236e-05,1.8307969423481135e-05,-9.429562242695806e-05,1.3245162877678422e-05,0.0006225642256919167,-9.115007645492187e-06,0.00024834599620292237,0.00027311833665431736,0.00015464615395529533,-6.0362698351047206e-05,-0.00010194955456627472,-0.00018150332353950615,1.7217854824664736e-06,-1.4444018325850653e-05,-4.307076905155499e-05,-9.055261296888383e-05,0.00048544472562234923,-7.851199372282487e-05,-0.0005583301929363142,6.892794087973831e-05,-5.258156591591389e-05,4.4814759628513576e-05,4.010110783435977e-05,-0.00012423554926871836,0.0003353906785476488,2.5908206910581198e-05,0.0005091852675998747,0.0003450454133275688,-7.766378425123751e-05,-1.8285480420910043e-05,-4.282783185017066e-05,0.00019739666015547016,-0.00015544977697644664,-1.6012354805799214e-05,0.0002549216674405247,0.0001348964547205848,-9.36361967659074e-06,0.0001563712527133132,2.507482971974226e-05,-0.00037648342504906755,-0.00018707696564310128,0.0001728479799093929,0.0001460636043412162,2.2883206152372013e-05,-4.295190869723547e-05,-8.629062599880533e-05,-0.000297680851053171,-0.0013503512116908515,7.141708839046975e-05,0.00020439372155109923,-9.152820431768068e-05,-9.334453886375094e-05,0.00017341073442342516,-0.00011140271164401713,-8.539814587191838e-07,-0.00011737577735558848,-0.00012898461210361656
AVUV,-3.859063157352629e-05,-0.0003741943934092875,3.748986983788581e-05,-2.118867329332356e-05,6.433530053023514e-05,0.0002680947621754542,0.0006373972781362529,0.00032719345921176566,-0.00023160881367600888,-0.00012783765700898655,0.00020990682788463063,0.0005291572171311766,0.00020472873533701924,0.0006660310800249488,-0.001085713632150069,-0.00011007893461984068,-0.00023334571952909297,0.0002693836782690974,6.016061333177679e-05,-0.00036782221379797034,-4.7063595638982256e-05,-0.00015631331800582864,3.982074135908863e-05,-5.046371875171979e-05,-0.0003856675014109518,-0.0009205865455225782,0.0005210051358988496,-4.854770575467979e-05,-2.1299374933719292e-05,-0.0002674134412514455,0.0002346404778948602,-0.0003689434761902406,0.000852162928140752,-0.00019985341455081696,-0.00040907099628356117,-0.0007750145348963719,-1.3381240065341324e-05,-0.000713871202918404,-0.00022181169368049036,-0.00026426556513661244,-3.508760760856158e-05,-0.00014394925584668708,-0.0006159350592327716,-6.241802014545484e-05,-9.262991756210285e-07,-0.00030179823124589183,4.067971307360374e-05,0.0013239015994454943,-1.7186988611371638e-05,-0.00031152490564293926,0.000662489405491614,0.00045322341825887783,-0.0006598764193839709,-0.00022143620036596306,-0.00031256381345666896,0.00036580396305336757,5.847242883654417e-05,-6.172741519198611e-05,-0.00027024296941417433,0.00040439731511983623,-0.0001836526004698676,-0.0013280740423625126,0.00021935273975111385,0.00011940670102981746,-0.0002711418996179693,0.0006919997706335782,-0.0002943340697299554,0.0010245109050201718,0.00011784628430677933,-0.0003475619965975551,0.00046591932506598034,-0.00026343570828472293,5.514793674165269e-05,-4.96593333294511e-05,-7.547763146146829e-05,-0.0004382102946904181,8.075484624257628e-05,-3.384314397883597e-05,3.660174545971943e-05,-3.1079669837042256e-05,0.00033966823399712013,-0.0001826415991408915,-0.0006758767190445276,-0.0003007089359901986,0.0006811026142449087,0.00011116686936838244,0.00020674169932708694,-2.859918958621017e-05,-0.0001251653623648592,-0.0005767552373002129,-0.0032306646203904875,0.00031508749651171307,-9.016957167095729e-06,-0.00013989339873545666,-0.00024160428795228856,0.0005674474141532783,-0.00028837743127682077,-5.858360974676173e-06,-0.0002656693396800478,-0.0002077335128041072
AXL,-0.0001179347118510566,-0.0005189529637357541,0.00015678962513714285,-9.701850517096334e-05,0.0003260892286010425,0.0006373972781362529,0.0018932302079114499,0.0009404936634200793,-0.0005294047534978362,-0.00032322954298303166,0.0006222328742499911,0.0016451508376127287,0.00016880688971502607,0.0008560187990255041,-0.002614330102782331,-0.0003461843452407695,-0.00018060618354030344,0.0008290555993096558,0.00020665674521177092,0.0007011555656901182,-0.0002002433494687783,-0.00047875027124186275,-0.00018159156160037375,-0.0004160890885232699,-0.0005324025376335947,-0.002434311109685373,0.0015463384201728069,-0.00032884420137918846,-2.62977471183899e-05,-0.0007804369570069777,0.001470870475923179,-0.0005136640745563918,0.0011711383371331816,-0.0006113561157139647,-0.0010232395060190756,-0.0019416197503627432,-5.757460123365007e-06,-0.00236041028107592,-0.0006771438139675382,-0.0007966418352126312,-7.732488363248535e-05,-0.0004888970068267385,-0.0015112289332161737,-0.00020565255931734308,-9.215550723453927e-05,-0.0007770022245443984,0.0001652248318309413,0.004074855822711766,-0.00011280280865542868,-0.00043356229824048967,0.001895835796096374,0.0012215541014731091,-0.0013337539524552106,-0.0006997764022454017,-0.000978037059141661,0.0007512541110817501,9.009531481332932e-05,-0.00023372948688723874,-0.000783345597814861,0.001867087754146408,-0.0004964651036198893,-0.003826651894360932,0.0005020912803172649,8.858363073598367e-05,-0.0004332305806450978,0.0011904231003601596,-0.0008805210264190473,0.00274583317486228,0.0001742928842467267,0.00042480263779045094,0.0015231322101471596,-0.0007728452832415643,8.318948449686738e-05,-0.00018096599347603316,0.0001437372851806771,-0.0012225700267921877,6.668252745012027e-05,0.0007005990754488181,0.0002780028654302923,-4.935660832369483e-05,0.0009150120184469576,-0.0003210264985301698,-0.002268236198268111,-0.0009857098734557847,0.0020017925245816312,0.0006783045102503678,0.0004512680529530855,-0.00022216417195190043,-0.0003773628197983028,-0.0018656305375973517,-0.009115158606569893,0.0007088874400091072,0.0004907860476744063,-0.00046718694789765416,-0.0006665021243949176,0.0014171422234392117,-0.0008130052968050303,-1.894489274732057e-05,-0.0007994262495649323,-0.0006741251747648215
BCS,-7.011789229244603e-05,-0.00026365496956896694,6.71989650067358e-05,-5.221520210814274e-05,0.00013525297268482563,0.00032719345921176566,0.0009404936634200793,0.0005015405300276459,-0.00030169753255779536,-0.00021532597309572758,0.00028456440370588486,0.0008682064205135391,0.00010657592345164378,0.00031767741205154527,-0.001108382984283722,-0.00018315043507685587,-0.0001958236349621702,0.00040795737310541063,0.00010534725192115075,0.0006867745784875552,-0.00012075032998027189,-0.00023940175558014376,-2.1150720408711607e-05,-0.00016973224224108938,-0.00028631095983142567,-0.0014007203355131442,0.0007951985085955428,-0.00014690277118043147,4.179456941974643e-05,-0.0004290516773541069,0.0006321828117057066,-0.0002676438547641549,0.0007921154860107605,-0.00031696741614707993,-0.0005021492700312442,-0.001066499440418694,-7.760947520976173e-06,-0.0014845064928189098,-0.000361376560333188,-0.00043127910477544837,-2.5884558216812548e-05,-0.0002561856473268696,-0.00083835439850037,-0.00014925095514594622,-7.515952245395026e-05,-0.00040400395593533713,4.605510529416903e-05,0.002359469206640743,-9.348620744841024e-05,-0.00045564752951483605,0.0009601879323469144,0.0006155420982654708,-0.0006946054102052947,-0.0003833615201357309,-0.0004730819002013195,0.00037911434125796964,5.3908586138734363e-05,-9.967017757620686e-05,-0.0004349667680505968,0.0009236783180597481,-0.0002893057320559941,-0.0019267168243152439,0.00024175273409151042,-2.0731859607545005e-05,-0.000293206318751495,0.0006085897680685139,-0.000459373482927996,0.0014502746052285102,-5.265623021825205e-05,0.00011768968465792658,0.0007250324308757836,-0.00043169015210856325,6.542090464466766e-05,-8.424646062164706e-05,-6.095681230869155e-07,-0.0006839648678455384,-1.6184385804795574e-05,0.0003823462516859349,6.84108912173052e-05,-3.1277637574725585e-05,0.00042168927784141995,-0.0002219467630660526,-0.0012694681639079152,-0.00048806254661954557,0.0012991694334958137,0.00038267423346291106,0.0002264747887897726,-0.00019726332804690335,-0.00015914657451754523,-0.00121417378408597,-0.005469908439519139,0.0003632224570627714,0.00020297568161223227,-0.00024256835791751342,-0.00035966806504322406,0.0007271557609588965,-0.00043750319217852814,-1.3829798614279253e-05,-0.0004248941402962412,-0.0003400402635531952
BNY,4.068580921097031e-05,0.00035565494274176416,-3.16578945441171e-05,2.194850918642473e-05,-2.5661814530999785e-05,-0.00023160881367600888,-0.0005294047534978362,-0.00030169753255779536,0.00022973871986857968,0.00015107627830818538,-0.00014924334613314208,-0.0004973630675010835,-0.00020703748271418728,-0.0004191057647543341,0.0007878412756307434,9.800286335967951e-05,0.00026283110701968797,-0.00020345221514294498,-5.671088168481644e-05,-8.68570243272096e-07,4.945571657397406e-05,0.00013279844978399756,-0.00012091451161438641,-3.205268691107892e-05,0.00035957758043354414,0.0008787410446288634,-0.0004342983431026308,5.533670753834293e-05,-1.4827518523821957e-05,0.0002663746493193574,-0.00018853361634590607,0.0002971557117162724,-0.000903929665371607,0.00017836916455379298,0.00031334109812298984,0.0006356842243785323,1.35987455699334e-05,0.0008286816173423298,0.00021581148394839378,0.0002595592294581616,1.7806782146886983e-05,0.00010967353763892771,0.0006579010434140705,0.00012048796242146944,5.981669739471706e-05,0.00026604631310456575,-4.043282915136431e-05,-0.0013351101753074023,5.129309373056949e-05,0.0005238292707111316,-0.0005870865042589074,-0.000400205449268438,0.0005712483019715117,0.00022294722847128424,0.0002537907272887923,-0.00034202775158154153,-5.976959695042919e-05,5.250678023028604e-05,0.0002762448176127457,-0.0003373086679990588,0.00016603491207219757,0.0011724612014285224,-0.00016244513917998207,-7.276686223950393e-05,0.0002791915764653615,-0.000538545309379527,0.00027758817701917357,-0.0009388512466539699,-6.425318970883432e-06,0.0003850545756616178,-0.0003344190038922817,0.00028255581628502957,-6.60771659005168e-05,3.62052187330533e-05,0.00015891024520188913,0.00042516030334881303,-3.31432589079477e-05,-4.176727444496858e-05,3.545210040843797e-05,1.9026571089162902e-05,-0.0002498788442669285,0.0001982197029966244,0.0006869848681253926,0.000254017980083925,-0.0008308571669989199,-0.00015960941969585954,-0.00018412512356519894,8.479477980673485e-05,7.568796423419425e-05,0.0006506976783432635,0.00315962924131679,-0.00026104529376068294,1.6077261660878446e-05,0.00012218737844281878,0.000219735602627993,-0.0004836370000947779,0.00026819230267154386,9.025326240341275e-06,0.00025119373576453505,0.00017593154964919939
BR,3.939292010423219e-05,7.636176050071989e-05,-1.9754285912473444e-06,2.184848802046155e-05,-1.4858662452502381e-05,-0.00012783765700898655,-0.00032322954298303166,-0.00021532597309572758,0.00015107627830818538,0.00014470109947449,-7.014628885085268e-05,-0.000350609894542299,-5.791103570355843e-05,-2.0594945123896923e-05,0.00011476635653580062,7.888323627544596e-05,0.00022293947208382894,-0.00014749252397163544,-3.591162121318177e-05,-0.0006232449466519163,7.310725402247026e-05,8.285707270209143e-05,-6.186124821576037e-05,3.9837896860709686e-05,0.00011865296549470907,0.000761595466259878,-0.0003230601727377411,5.9442642632244684e-06,-9.316168374183253e-05,0.00019281598454813745,-2.617041871717438e-05,0.0001300678672647086,-0.0005414868471614084,0.0001245386724183629,0.00018304909836878433,0.0005692995699283527,1.0512905923272224e-05,0.0009202700092723803,0.0001476894130952235,0.00018538021786951005,-5.963973364141106e-06,0.00011962135456808595,0.0003492515692955256,8.898254438602558e-05,3.633822694938382e-05,0.00016299769602220836,5.751961729786596e-05,-0.001266307356258557,7.448384939544378e-05,0.0004197446224398705,-0.0003383809773766938,-0.00021205168166582035,0.0002902633266677736,0.00016965693305324287,0.0001421686376220233,-0.00011765912082637261,-2.859498675059161e-05,1.7093059369587115e-06,0.00019778340517533037,-0.000300337005056725,0.0001704858980975602,0.0006609780855524319,-8.521775393013641e-05,0.00010599976369623787,0.0002127045615592542,-0.00027986097850895414,0.00017467511986540078,-0.0005998214625373908,0.00021041816301514124,8.347786010533828e-05,-0.0002266422871391762,0.0001913384872478318,-5.395356761306758e-05,2.1590443345928012e-05,6.961722132456577e-05,0.0003352211305862184,7.105724071108493e-05,-0.00013374256124714528,6.132787105070284e-05,2.906640751867469e-05,-0.0001081153939057982,0.0001624987205344487,0.0006087219503206032,0.00016033851981386518,-0.0008247847136182428,-0.00016327203020762452,-7.515719519249559e-05,0.00018452841066748154,2.21866073230719e-05,0.0008296732835819927,0.0033080671695310893,-0.00014918567694452276,7.671697358089096e-06,9.799695032304201e-05,0.00016401282010164371,-0.0002879940567636486,0.00019308651730058502,9.98050084500477e-06,0.000175617744003011,0.00012331186273834834
BRBR,-3.115874195779215e-05,-0.00015881868341206573,4.795299433299137e-05,-2.625912655761362e-05,0.0001248210643776793,0.00020990682788463063,0.0006222328742499911,0.00028456440370588486,-0.00014924334613314208,-7.014628885085268e-05,0.0002267911016530819,0.0004852926289776293,4.448181715463668e-05,0.00045962406286284064,-0.0009861812807919416,-0.00010729157776954248,-2.7372991558122863e-05,0.0002900494468151812,6.023692774468982e-05,-0.00013074902702630214,-5.4280614094664024e-05,-0.0001538802645601479,-0.0001231294682669663,-0.00019093112032986278,-0.0001707464738404537,-0.0007200155925033949,0.0005086540349019961,-8.310571719803307e-05,-3.775371424555482e-05,-0.00021788815254926693,0.0004427225727769778,-0.00020858344011541872,0.00028274851541947526,-0.00018913596395865682,-0.00037095284525227564,-0.0006714125151297534,-1.6177002176731862e-06,-0.0005602562826632542,-0.00019323989363529797,-0.00022549571376302973,-3.67396198784976e-05,-0.0001678520540458171,-0.0003797470128699222,-4.387496688156435e-06,2.8561080786044317e-05,-0.00024812435819125553,4.319750311803194e-05,0.0011306023890623395,-1.1968720958554309e-06,6.811635180163512e-05,0.0005929709961769595,0.0003858673675631295,-0.00045082082783605947,-0.00019309654885466215,-0.00032354146670627015,0.00022823303997224762,2.388284826521424e-05,-7.190462437978046e-05,-0.0002122712286481546,0.0005776313489106074,-0.00015578115398670324,-0.0011994270381591805,0.00019101670835598136,6.35544402309087e-05,-0.00011553809517461997,0.00047159800591417306,-0.00025902579585172374,0.0008399744839413417,0.00014389732456071384,0.00014976846667885322,0.000541305265628145,-0.000197052490106164,1.3849176667006923e-05,-6.216152199969301e-05,0.00011495450094064716,-0.0003528698719462328,5.978704717784287e-05,0.0001246833355363225,0.00014056648684300044,-2.53720735212287e-05,0.0003340305315344271,-7.692496709627308e-05,-0.0006221680298826178,-0.00031502082193025953,0.00042738569894755713,0.00014400970174174225,0.00014505526469077895,-1.3762367322741239e-05,-0.0001487202644422934,-0.00046153864557782996,-0.0026317001768472077,0.00024609529751421974,0.00013994654851028516,-0.0001458886792336065,-0.00020549762738470472,0.0004694639767104074,-0.0002444508060858326,-2.4882107100977457e-06,-0.00023502814445533235,-0.0002157326347645041
BRY,-0.00011835744569525153,-0.0004412530289700157,0.00016368405372548984,-0.00010315810636406751,0.00025757025733844953,0.0005291572171311766,0.0016451508376127287,0.0008682064205135391,-0.0004973630675010835,-0.000350609894542299,0.0004852926289776293,0.0015831229715613105,0.00012890673576175458,0.00012293129144521644,-0.0019611183836222594,-0.00031426912506073466,-0.00012363567533677598,0.00066318987968986,0.00020675064282319255,0.0017060707831315798,-0.00019851572729314573,-0.0004280494019828244,-2.284577441027796e-05,-0.00022452011213934048,-0.00040780555883548225,-0.0021845519247522564,0.0013143022384750954,-0.00040724205240713174,2.884585884762589e-05,-0.0007741087376339716,0.0015865441249746663,-0.0002446004232951005,0.0010648933721943696,-0.0005616080195764285,-0.0007553750742445265,-0.0014342134036749192,1.683365511513865e-06,-0.0025280056306424686,-0.0006700599437342173,-0.0007879163018695487,-3.705095532403794e-05,-0.0003900241260207923,-0.001620892942403589,-0.0003602448492013595,-0.00026946221182840924,-0.0006735728370104385,0.00022414961216996298,0.003961468354929003,-0.0001939738783042806,-0.0008525762424471635,0.001731727024735612,0.001099236800689244,-0.0010323110417951482,-0.0007079321728122865,-0.0008592846318060112,0.0006881182826373978,8.307941678401695e-05,-0.00024165796146305752,-0.0007953628901458979,0.0018082716508549413,-0.0004104510558629378,-0.0035000091920573883,0.000338625861611513,-1.6568272466116517e-06,-0.0003643951096455289,0.0006591559818314331,-0.000852784401835891,0.002500039421963677,-3.211265162531224e-05,0.000541710762030685,0.001219778161879077,-0.0008275152392447293,9.001015465494118e-05,-0.0001559621006681715,-1.7129957827872224e-05,-0.0011543241168470168,-4.1698628219270475e-05,0.0010173026095024107,0.00014859371942829345,4.5294400415808885e-07,0.0007012523693422021,-0.0003008290270319637,-0.0022902474666932314,-0.000897709531304442,0.0022576451087324314,0.0008546777387105462,0.00038888127205970895,-0.0003285410322150595,-0.0002682160457723506,-0.0018856172741750928,-0.008231408788607245,0.0005395993364588057,0.0005858375641691428,-0.0004268851907575185,-0.000594816956756444,0.001173396360250767,-0.0007507433114943562,-2.554926202672903e-05,-0.0007670754337067753,-0.0006059872213436971
BV,1.680023400966231e-06,-0.0007950307434682966,1.8899918770230926e-05,2.069945545741973e-05,-0.00011475864348378197,0.00020472873533701924,0.00016880688971502607,0.00010657592345164378,-0.00020703748271418728,-5.791103570355843e-05,4.448181715463668e-05,0.00012890673576175458,0.0005089709689121121,0.000979322282829856,-0.0010972377479377998,4.584436980576976e-06,-0.0003723297894273846,-3.174941315757854e-05,1.1788429246192948e-05,-0.0016636648981131121,8.238717288320068e-05,-3.6042548991494556e-05,0.0003840653219662677,0.00040367348578566,-0.0007212921059278254,-0.00021634060458133452,3.059092649066643e-05,5.939363996723779e-06,-0.0001205170729825668,-0.0001125040218236105,-0.00021389598443773537,-0.0005035199538577567,0.0014154019013207112,-3.863145130732009e-05,-0.000176860666588841,-4.229485946763889e-05,-2.3507175408035804e-05,0.0002523310865593056,-8.345609139748423e-05,-9.491620844574615e-05,-3.3190009930290266e-05,0.00011802206008606102,-0.0007462006136370722,-0.00011810222042370755,-7.311440358750675e-05,-0.0001777273077990699,0.0001577213427586054,-0.00010744418313832563,3.6166177754424365e-05,-0.0007166050135348953,0.00033085718727888396,0.00030134416790161074,-0.0006864112633450494,-5.165764244107054e-05,-6.744757625909022e-05,0.0005394114119261189,0.00010078842293208647,-4.901846762203077e-05,-0.00013398746621381684,-0.0004446755960039581,2.8707359871763677e-05,-0.0006675188172729598,0.00012770119618727796,0.0004151089867582082,-0.0003113206361578269,0.0006870281611725314,-0.00013324068594679775,0.000569390421799745,0.0003518311380250423,-0.0014004775514630252,-0.00010699526070521566,-0.0001713830615151999,7.573253227482057e-05,1.5085791754477273e-05,-0.00047874735029358257,-0.0001420370272881719,0.000223496284662568,-0.0005209865892739768,-0.00014567904405590905,1.5330619005519474e-05,0.00016107533250288498,-0.00018939988078287348,7.012266716104965e-05,-2.652753022129749e-05,0.00013261009028285478,-0.00015250159670118606,0.00024341940474489497,0.00019777991413232857,-1.7485824001739575e-05,0.00040745619236425294,0.0005365480678099729,0.00022892653365351988,-0.00031446606612692735,2.4435670518081832e-05,-7.485080180733136e-05,0.00034031294055043664,-0.00010393027923913103,-7.314729094694104e-07,-8.521765696351696e-05,5.045433690670741e-07
CANF,6.547247403143711e-06,-0.001427684567897498,-9.082106233717553e-05,8.035836447378602e-05,-2.6989912420643077e-05,0.0006660310800249488,0.0008560187990255041,0.00031767741205154527,-0.0004191057647543341,-2.0594945123896923e-05,0.00045962406286284064,0.00012293129144521644,0.000979322282829856,0.004461628528505873,-0.0034069987394019846,-7.249908507083412e-05,-0.0011190497323816458,0.00048532801701763593,-4.182493187872651e-05,-0.006605586493313802,0.00011335711444126725,-0.00015221919804008188,7.513520958745715e-05,-8.228133995411311e-05,-0.001594073656083196,-0.001367376284414601,0.0007685233481266937,0.0005549848369183537,-0.0002698774624724934,-7.648558376252085e-05,-0.0016861321766077951,-0.0019542268586235268,0.002938388846941784,-0.0001451904371089188,-0.0012307512352854628,-0.002251132992723588,-8.571275319066263e-05,0.0009858700128651471,-1.8284363334317578e-05,-3.800999789739561e-05,-0.00018313545015093545,-0.0001916482778156302,-0.0003666871188090833,0.000501207484148853,0.0006999205616407427,-0.0005797318551652587,-0.00022148227726751744,0.00012874654974782398,0.0003720153264488416,0.0003632294622402024,0.0007439745486267865,0.0006836713520015431,-0.0021826621754726682,7.786797208027317e-05,-0.000325556534580484,0.0008954829903300704,0.0001858164499027212,9.40605001293847e-05,-3.1726255388094394e-05,-0.0010027695695069062,-0.00035358856407404643,-0.0014423881499384303,0.0008084386596369723,0.0008341934952322768,-0.0009136059227593472,0.003315223415338321,-0.00011868639502469726,0.001442629509623102,0.0010461246647742728,-0.0031188520465051627,0.0007338735490554746,0.00011245263176402047,0.00012974533062299536,-2.3233780660246326e-05,-0.00020416200995816057,-0.0003932897350255864,0.0006914315722101788,-0.0024638290747133994,0.00010551682959344896,-0.00022756388765231872,0.0008910938122439663,-0.00047800444469179925,0.0005027002668332094,-0.00014553970283525547,-0.0007467594257120297,-0.001174730563813947,0.0005331101324433233,0.0006178965272465486,-0.0003502796048758668,0.0004084362963067947,-0.0035557026323377264,0.0009813223473412907,-0.0012317450734773282,-4.2122292283676714e-05,-0.0003383379272871255,0.0013222370046342493,-0.0003038125645896994,2.357611612725706e-05,-0.00011415389184744781,-0.00013053959023859557
CFRX,5.4300068055573504e-05,0.0022908430735092107,-0.0003487482754694174,5.5719896462493214e-05,-0.00033806244169038216,-0.001085713632150069,-0.002614330102782331,-0.001108382984283722,0.0007878412756307434,0.00011476635653580062,-0.0009861812807919416,-0.0019611183836222594,-0.0010972377479377998,-0.0034069987394019846,0.006796632422723249,0.00031912158078547154,7.96176546291388e-05,-0.0008856468162199644,-0.0002771557394696673,0.00452385484967263,-9.869404471470011e-05,0.0006460646580535845,-0.00017577119039486575,-0.00021842512847258946,0.001959739318504679,0.0017899323875316532,-0.0016370129792952174,0.0006497963710129018,0.0007098335938784722,0.0009197595518956235,-0.00245726562584876,0.001383586741706992,-0.00272376540413992,0.0007283682353407167,0.001508299195207757,0.001245928543095701,8.825906308811078e-06,8.414609832634382e-05,0.0008589470271446243,0.000950308058060505,0.00023925976202147952,0.00017014935061890536,0.003001696868242039,0.0002934484482594182,0.00022122315286060232,0.0011532276259937308,-0.0009369946846682812,-0.0021732377563011855,-0.00016323286034428672,0.0005289764955221713,-0.002904314657845494,-0.0020729379669682147,0.0026687501864057755,0.0007437383271592119,0.001427333845549076,-0.002056335764435728,-0.0002534965852801911,0.0005671994786578835,0.0009519540244857893,-0.0014774378465375725,0.0001368611298134502,0.005964276203220768,-0.0008347563538347628,-0.0014827707410826148,0.0005105532493769627,-0.0023586655491493217,0.0012414521716591713,-0.0038826793735840374,-0.0019729720290015897,0.0015657807718373916,-0.0017324998633734372,0.0010491050269323151,-7.617777169515576e-05,0.00022887831366731598,0.0004096857546106859,0.001201298954724196,-0.0008831160632238461,0.0001599103716941573,-0.0005099500548202011,-7.98485882857137e-05,-0.0016179769647805698,0.00028125531185877985,0.0016564906486841928,0.001285438501495732,-0.0006056967198473188,-0.0003654833904223007,-0.001043551087264684,-0.0007685664560805596,0.0006645622859044172,-0.0008602294623078271,0.0018843278305584387,-0.0011630714420807937,-0.000418533924512114,0.00043332386315639206,0.0007254623168947143,-0.002162321394489899,0.0009502220608026817,-4.074513861500262e-06,0.0009740371582773236,0.0007760486677939082
CM,2.7453240347331782e-05,2.354979422240029e-05,-1.9345565930202114e-05,2.0902079309328725e-05,-6.21741278039276e-05,-0.00011007893461984068,-0.0003461843452407695,-0.00018315043507685587,9.800286335967951e-05,7.888323627544596e-05,-0.00010729157776954248,-0.00031426912506073466,4.584436980576976e-06,-7.249908507083412e-05,0.00031912158078547154,7.160257681529205e-05,5.909624097505308e-05,-0.00016624630226716382,-3.703164184913494e-05,-0.00037170037019310304,5.584096844899782e-05,8.779261695553579e-05,5.00008115115899e-05,0.00011488195812263424,4.7210056368458766e-05,0.0005432972098656412,-0.0003116314988086383,4.162182428975913e-05,-3.1827453841120445e-05,0.00015090033917133108,-0.0002165098275713728,7.616817423834462e-05,-0.00019263906937296268,0.00011745512001727584,0.00018937592797310258,0.0004515121044739538,2.1474322303500315e-06,0.0005992347786178077,0.0001265269711605752,0.00015260554346285552,7.804400112645908e-06,0.00011678100496110121,0.00022996226169926318,3.40584298070115e-05,6.226092102539277e-06,0.00014122880924176875,1.2702448350475847e-05,-0.0009323933295162521,3.566718186198577e-05,9.232955875524467e-05,-0.0003314402329275156,-0.00020469886986401498,0.0002177915909996791,0.00013805248009905323,0.00017278605168482116,-8.91479890261205e-05,-1.1639736712043919e-05,2.6707254008233972e-05,0.00014974896600201176,-0.0003811219607405103,0.00012391407964260635,0.00066226410498812,-8.965913527038822e-05,5.218736142429416e-05,9.595800535841932e-05,-0.00020866691167908082,0.0001582053353442738,-0.0005046422355882488,5.918704898874001e-05,-0.0001530106488396056,-0.00029671078198309785,0.00014061058760906625,-1.9696918688342006e-05,3.326637745664226e-05,-5.142781631521799e-05,0.00025261316006374893,2.62897506756681e-05,-0.0001622234218009587,-3.958609867824047e-05,1.9380313081475852e-05,-0.0001512203120604951,7.45570588725488e-05,0.0004867403839914346,0.0001811478457786703,-0.0004831837064150007,-0.0001423500987950113,-6.361490192151453e-05,9.599221642054564e-05,6.141649717770265e-05,0.0005291769390084784,0.002288819786408343,-0.0001271651543094065,-8.635959488099602e-05,9.564168938449078e-05,0.00013438784630141033,-0.0002565047812476335,0.00015928403508235706,5.023850602622672e-06,0.00015232659923414081,0.00013006827007153564
COUP,4.24894484214719e-05,0.0003761273297855376,0.00010945517478990708,-1.8315441071014412e-05,0.00012757212402756803,-0.00023334571952909297,-0.00018060618354030344,-0.0001958236349621702,0.00026283110701968797,0.00022293947208382894,-2.7372991558122863e-05,-0.00012363567533677598,-0.0003723297894273846,-0.0011190497323816458,7.96176546291388e-05,5.909624097505308e-05,0.0008695500672036361,-0.0001437111407512191,2.6247923713820834e-05,0.0009023755142219594,5.9343962102647677e-05,2.6345633559140256e-05,-0.0002518336707677385,-4.262842152242527e-05,0.0005481592244724965,0.0012528335266452381,-0.00033966604714429473,-0.0003506980976274036,-0.00017712284610061184,0.00013145939576152306,0.0012693029098884993,0.0007359621083979901,-0.001768561550043663,6.685845832624409e-05,0.0003862793056036037,0.0013225028733517058,5.36459676092642e-05,0.0009175346171329606,4.5721712021635355e-05,9.106288102476135e-05,6.6267780634211875e-06,0.00014710898897184703,0.0002213907696752166,-5.6955031251048515e-05,-0.000206245995979923,0.00022715741666754077,0.0003317674851207572,-0.0013454719206215308,1.1719440594233993e-05,0.0007068880124838363,-0.00016554775613557103,-0.00015574670715524805,0.0008077336300303311,6.13530119136442e-05,-1.2917835791288295e-05,-0.0001998215685141539,-8.748669690192967e-05,-0.00015357395123623388,0.00012539477441774767,0.0004758459113557694,0.0003291316020066282,0.00025411747965219144,-0.0002465500536325358,6.828317612342786e-05,0.0006442929390672232,-0.0012574514513155931,4.4648633493313305e-05,-0.0006554955834766341,0.0003105408444685321,0.0014304570619231697,-9.349044331806379e-05,5.8851763159972726e-05,-0.0001410866267643566,-2.57648645483353e-05,0.00029075407653102376,0.0003951882515087796,-2.4484781777618327e-06,0.0008353815630960091,0.00025663450534324603,0.00013484067195344317,-0.00012182491342837686,0.0004231779996268114,0.0002878523508983852,-2.8844556866972304e-05,-0.0008979911836349689,0.0003177734620641701,-0.00013741523908617206,0.00017636787514996657,-1.1500377902214656e-05,0.0011494100362000794,0.005472684722838286,-0.0003639449392603116,0.0006845555862352362,3.88699449466736e-05,0.000209739769731539,-0.00048247705181976976,0.000197236097905715,8.475299375287231e-06,9.152314816056328e-05,2.950220599136641e-05
