,AFSM,AMWD,AVGO,BBC,BPTH,CGEN,CHIX,COW,CWBR,DENN,EDRY,ELTK,EMD,ENVA,EXD,EXPO,HEWU,IBDQ,IQI,ITEQ,IWD,KRNY,LFT,MKTY,MOD,NRZ,NVT,OBLG,OPRX,ORBC,ORTX,RYJ,SDP,SHY,SPRO,SQM,UAPR,WBIG,AQNB,BLD,BNOV,FLRT,GLADL,HYRE,IMAX,CHH,PRF,TPYP,BDRY,NAOV
AFSM,2.9504465890315168e-05,0.00017878268708330236,-4.351655120642958e-06,-1.6033599527641938e-05,0.0001282435493061108,4.999188437207119e-05,-4.279108688021693e-05,-6.396130440157619e-06,0.00011612514849060279,1.888306986941509e-05,-4.862441850583645e-05,1.5459672205068598e-05,9.110687015900355e-06,0.00013036598040834217,-1.3818182308074917e-05,-1.8614347834351293e-05,-1.0748143421057948e-05,-3.629442688405002e-07,1.582644065236235e-05,1.221833165651747e-05,1.4404549224881818e-05,-2.080633315543683e-06,1.6051990411302032e-05,-0.00015206742366406572,5.0196577714818e-05,5.0890559239633225e-06,3.2201926973241424e-05,-0.000176870162402209,-1.4124763149081063e-05,0.0001402472914733026,-1.385735295144111e-05,2.568661612443272e-05,-2.9135330781091467e-05,1.0778432610730661e-06,-3.069772080261987e-05,4.548094437427645e-05,3.1058828637746963e-06,-4.2008195573103116e-06,-4.543424365247611e-06,9.250315709632113e-05,6.176549196187841e-06,3.365524531306833e-06,-4.141640742878123e-06,6.309116673873725e-06,3.58521811898365e-05,3.542796954792413e-05,1.0272479482142222e-05,2.1056037430872932e-05,-8.118565339224649e-05,7.045216373168635e-05
AMWD,0.00017878268708330236,0.0023891406593883084,-0.00025449619122081717,-6.500275563418225e-05,0.0006782999198002541,-0.00024636200733492956,-0.00026632640285400666,-0.00011662449035347314,0.0015452976312985433,0.0005138189765837599,-0.000382667034259104,-0.00017980691997403127,-2.3552012807023038e-05,0.0008379712710137096,-0.00016398524030673703,-0.00011774766877507546,-0.00010790977199000954,-0.00018651466607595574,-0.00016550428323063176,-6.683920328808683e-06,8.764003948078514e-05,-0.00015257051234455994,-3.1374593642356235e-05,-0.0012154818255893222,0.0001272345732146782,0.00013123367652980396,0.000369596302107145,-0.0010373795510645258,-0.0002481925738336816,0.0008934497846606038,-0.00022886304979622394,0.00011574108876751186,-0.0008362227584504592,-0.00017632752293451773,-0.000645495526653957,9.374190923940764e-05,-7.299230814880967e-05,-2.5794294013665144e-05,-0.00029022321641540506,0.0007520158158460968,-5.8676925788942564e-06,-0.00015070356804846409,-0.00026932288438814107,0.0004915633645220388,0.0002583236329042696,0.00031467882356829156,4.862532127463122e-05,0.00016662417876663185,-0.0005062091645249838,-0.00012747536127827842
AVGO,-4.351655120642958e-06,-0.00025449619122081717,0.00016476517037611077,-1.5367097869042992e-05,4.54090181987398e-05,-0.0001509146698996842,5.196642529329405e-05,8.831537556001183e-06,-0.00017617948492132884,-0.00020058331832093664,-6.179699062331118e-05,-7.0213918902468765e-06,-1.6647043903792086e-05,1.251956812275501e-05,-2.3387153247392157e-05,6.0994370333303546e-05,2.9289661835679543e-05,-9.646316933588381e-06,-1.602177156592282e-06,1.0700527407860426e-05,-2.1210344367773187e-05,-3.984281056505624e-05,-1.9591131460747896e-05,-7.953512572761922e-05,-2.219049106091158e-05,-2.6329736192301495e-05,-8.238342944475344e-05,0.0004090256176484444,0.00014590340649517548,-0.00014166909502602164,-0.0001026942938402713,-1.1497930976894322e-05,0.00012364279252645557,-5.073817449270905e-06,3.882166244699195e-05,-9.856773951947939e-05,-8.074902754118242e-06,2.4700815116195753e-05,-4.389042160442932e-05,-0.0001297216064347514,-3.7780084340064497e-06,-7.238483969171856e-06,-2.8239363591524935e-06,-0.0004978137146580408,-6.393430640314979e-05,-1.5841660181735315e-05,-1.136515488113116e-05,-5.2817915108402974e-05,-5.8981941112035615e-05,4.396046580670429e-06
BBC,-1.6033599527641938e-05,-6.500275563418225e-05,-1.5367097869042992e-05,4.461020576904775e-05,-0.00014321211940412343,9.183636482396548e-05,4.879662806469564e-05,2.745908442182505e-06,-0.00010236524419475334,4.981740026489245e-05,-0.00021428954672921382,-4.832175396779489e-05,-2.720608437178727e-06,-0.0001339383889772515,1.8415771731796478e-05,1.366840361080415e-05,2.673861141903347e-05,-1.0848584113250868e-05,-1.3062672019918967e-05,8.378199822069888e-06,-1.3493373199419169e-05,1.2956788496482428e-07,-2.8758177963632097e-05,4.44987513363497e-05,-6.261260138027911e-05,-1.1749782678694454e-05,4.944044713560495e-06,7.233041706339576e-05,7.483790937260853e-05,-4.953782541742979e-05,2.192518418950116e-05,-1.1019826409732764e-05,1.9798791278950633e-05,-1.292346938422417e-05,0.00013730178102161676,3.684236256691318e-05,-8.193810209006017e-06,9.507346865017576e-07,-1.6638382217041023e-05,-1.6668320033210707e-05,-6.169750498533515e-06,-1.2423040201299647e-05,-5.357273558448632e-06,-2.1882859004424807e-05,-6.551499587020992e-05,2.277991069888185e-06,-6.610122406023657e-06,-1.659203819217688e-05,6.816911471027317e-05,0.00013319945851245852
BPTH,0.0001282435493061108,0.0006782999198002541,4.54090181987398e-05,-0.00014321211940412343,0.0013070569831600885,-0.00020635628385493434,-0.00028718746550498384,-1.9044423030688163e-05,0.0005729244853371531,-4.491277827685008e-05,0.0007469374896740265,-5.8944868712007924e-05,5.646250537037535e-05,0.000642287638978815,-0.00012972484293581802,-0.00010133414657244479,-9.22058734804626e-05,-6.824983457768455e-05,-5.6747251282823316e-05,-8.119448588466684e-06,5.491034040147402e-05,-2.6414906677307053e-05,2.3888942933775903e-05,-0.0013440609009585539,0.0002040765397108772,5.632700628000863e-05,7.370712488242232e-06,-0.000588884114872099,-0.00045894478384363684,0.0006797511015796022,-0.0003194981565239113,0.00010119990490687329,-0.00040442102463407806,-6.063442237765923e-05,-0.000378968687213277,5.952463798564529e-05,-1.9108478204733306e-05,-3.3450956585463476e-05,1.1139410388187869e-05,0.00023632072408303736,2.701524815344654e-06,-4.0327793669005295e-05,-6.891054964173388e-05,0.00010151552455872063,1.8526414050057073e-06,3.116846905474401e-05,3.65338616993334e-05,3.918116820379191e-05,-0.0003818373340611729,0.000396018503289068
CGEN,4.999188437207119e-05,-0.00024636200733492956,-0.0001509146698996842,9.183636482396548e-05,-0.00020635628385493434,0.0024702615171094513,-8.813255827588352e-05,-9.427581380356929e-05,-0.0007200358025681501,9.048284506178812e-05,-0.0012624505219410757,0.00021185432745651577,-6.681967786720558e-05,-2.7516587731696453e-05,3.705732099599325e-05,-0.00016481700712661542,4.5722107189087e-05,-0.0002634524091650419,-0.00011820358424930419,0.0001790220693258424,6.451312384332299e-06,7.22650891641194e-05,-0.00010470791935067816,-0.00024442002934939517,0.0003212019384685128,-0.0001977363399287223,0.00027173251864006016,-0.0017895529822647958,-0.00021269769215280323,0.0008829697409278683,8.392925535459563e-05,0.00016868603460132065,-0.0003381049177937547,-0.000270754446953678,0.0005113600869630466,0.0011647192215041105,-0.00019852044989432664,-1.7348034392010748e-05,-3.473080189728623e-05,0.00036475654250553175,-0.0001377084270117639,-0.00025056351408404094,-0.0001849693449009968,0.0010355519545562782,0.00013903743878702202,0.00013567595096332074,4.697399511652876e-05,4.9529633821740636e-05,0.00013981398890461187,0.00019154105924845693
CHIX,-4.279108688021693e-05,-0.00026632640285400666,5.196642529329405e-05,4.879662806469564e-05,-0.00028718746550498384,-8.813255827588352e-05,0.00013377054358418644,-5.93594666097155e-06,-8.669786968090134e-05,-3.8759171696821866e-05,-0.0002278503623414205,2.483679570402375e-06,8.455822200944175e-06,-0.00019360488030551305,2.3331186199953233e-05,4.622381610488728e-05,6.078415784189127e-05,1.2613479415879011e-05,-1.5358417305051359e-06,-5.211314644608092e-06,-2.325510060924861e-05,-1.3339104606226474e-08,-1.585937841390456e-05,5.588958323699068e-05,-7.359938481016724e-05,-1.0364631353294488e-05,-5.009090347856309e-05,0.0004083344513533991,0.00019529040490952446,-0.0002739516149297749,1.5200366688673312e-05,-4.726895469706302e-05,0.00014930569320802217,1.086530343216035e-05,0.0002469187951694919,-2.303847232051975e-05,5.025166155708629e-06,1.4067483997187454e-05,-1.2783235029447245e-05,-0.0001642223943151851,-1.2480409702758193e-06,6.068531838549564e-06,1.5707209325349643e-05,-0.0003205780573655553,-7.76149165874152e-05,-4.085686070779859e-05,-1.399202034448222e-05,-4.4484612239152465e-05,0.00012043706327526815,1.297300110056145e-05
COW,-6.396130440157619e-06,-0.00011662449035347314,8.831537556001183e-06,2.745908442182505e-06,-1.9044423030688163e-05,-9.427581380356929e-05,-5.93594666097155e-06,3.50287013035713e-05,-0.00013199277957597286,-2.4189079402771088e-06,8.403281122855881e-05,-4.2979366486954455e-05,-2.5730654717005943e-06,-6.123508574664732e-05,1.6638268794933352e-05,2.0625171770177305e-05,-9.251632229511851e-06,3.682256726814843e-05,3.409690449221473e-05,1.295036475074548e-06,-5.279861255933299e-06,4.939011072486381e-06,6.474208886774834e-06,0.0002770306645764836,-4.367880026106977e-05,-5.617993628269515e-06,-2.6222465981114644e-05,8.875222745608083e-05,2.5036492187283113e-05,-6.265674662443943e-05,4.407015815538124e-05,-4.481816009836752e-06,7.366086439354136e-05,3.620858847638747e-05,-3.674222504360098e-05,-0.00011289764821388929,2.1994382363315214e-05,-1.8533651787042437e-06,1.7327740596396724e-05,-4.980358284507141e-06,1.3517040733284426e-05,3.4307798024222816e-05,4.0013026366579755e-05,4.915565712550998e-07,-4.406925546208212e-05,5.577597034316146e-06,-5.88434758270654e-06,-5.209631073187905e-06,4.464605579566422e-06,0.00010507925911611133
CWBR,0.00011612514849060279,0.0015452976312985433,-0.00017617948492132884,-0.00010236524419475334,0.0005729244853371531,-0.0007200358025681501,-8.669786968090134e-05,-0.00013199277957597286,0.0023073028051997253,0.00041873512247758184,0.00035202513958252545,0.00023132357696526947,0.0001863185320029012,0.000851959094496449,-8.888245370932386e-05,-0.0001493581226481621,-1.7160958004164304e-05,2.0070799080109366e-05,5.492746090509165e-07,-4.685704955558753e-05,0.0001477006568756061,3.768751593645685e-05,0.00022643988633804906,-0.0008051602803529275,0.0005106108540745768,0.00012426809342167588,0.00021558209379241998,-0.0009488850324709821,-0.00017243383497625575,0.0002942445960890969,5.059060247599588e-05,3.3901752091883054e-05,-0.0003979264607833589,1.6000330529553213e-05,-0.00010797894557386444,-2.1691125264266183e-05,5.6296559948754144e-05,-6.557164534782332e-05,-5.903997110746864e-05,0.000398489354445248,4.2687179999129134e-05,2.974116587297254e-05,-4.293184603848634e-05,0.0003037775202544935,0.00024184102891815966,0.0002433079178307973,8.336427576872351e-05,0.0001749034696919635,-0.000152376825765024,-0.00015313980170372793
DENN,1.888306986941509e-05,0.0005138189765837599,-0.00020058331832093664,4.981740026489245e-05,-4.491277827685008e-05,9.048284506178812e-05,-3.8759171696821866e-05,-2.4189079402771088e-06,0.00041873512247758184,0.0003584220852509994,-0.00014269087380458048,-9.534277364072173e-05,2.716224928866953e-05,-5.0512782637039384e-06,2.313234920106873e-05,-5.0654283931937017e-05,-1.355306075050442e-05,-1.435959685384563e-05,-2.2391607063185395e-05,5.987860828335394e-06,2.895105159308893e-05,2.219628963835173e-05,8.229585493456986e-06,0.0002057728624465212,1.7978350133312327e-05,1.5875285063752927e-05,0.00013507096124175622,-0.0005251697942767453,-8.073349558856071e-05,0.00017201631157169953,0.0001383766580250105,1.9282437744621383e-05,-0.00021476054944420648,-2.1620612255462725e-05,8.237821747279885e-06,3.310766601442539e-05,8.466891230868907e-07,-3.7108681098867164e-05,-3.459094460427733e-05,0.0002557519603099311,2.0676090821533198e-06,-1.3203274642893604e-05,-2.220640828021638e-05,0.0005696638893408895,-2.8016929300704474e-05,0.00012673127247507597,1.61969431757358e-05,6.315374398280677e-05,6.958703997551576e-05,0.00025480055510361874
EDRY,-4.862441850583645e-05,-0.000382667034259104,-6.179699062331118e-05,-0.00021428954672921382,0.0007469374896740265,-0.0012624505219410757,-0.0002278503623414205,8.403281122855881e-05,0.00035202513958252545,-0.00014269087380458048,0.0025625495924814575,5.908669469650279e-05,5.400231598803185e-05,0.0001253157126150052,-1.859673272274328e-05,-5.733485157581693e-05,-0.00018765551919586513,0.00015095983272187324,1.7665908149979345e-05,-0.0001718111737737105,4.206908255498076e-05,8.971505791226352e-05,0.0001493870800139703,0.0006443638437371032,0.00011275346201631794,0.00010902136848592715,-0.000226433271162062,0.00013752820090734804,-0.0007927597279124315,-0.0003081054958449056,2.9899067266581637e-05,-6.647029984935187e-05,-0.00015692146516847226,0.00014694440588795504,-0.0008894295415501237,-0.0006912401955997586,0.00010049422362182023,-4.962424060711207e-05,0.00026566237366221223,-0.00028492892002729295,4.222786442158531e-05,0.00014015801547345767,0.0001429475582888777,0.0008169747508232984,6.707326915397417e-05,-0.0002167731253371873,-3.0427194412865765e-06,3.407798858670735e-05,8.034674114851675e-05,-0.000685734740489526
ELTK,1.5459672205068598e-05,-0.00017980691997403127,-7.0213918902468765e-06,-4.832175396779489e-05,-5.8944868712007924e-05,0.00021185432745651577,2.483679570402375e-06,-4.2979366486954455e-05,0.00023132357696526947,-9.534277364072173e-05,5.908669469650279e-05,0.00036711033195740213,9.395750568644235e-05,0.00020325685527987562,3.301893250952831e-05,-7.887339630614067e-05,1.2395381498983126e-05,0.00013657160584937183,0.0001695047376246035,1.9721773342827537e-06,4.70287968130847e-05,0.00011305132958149897,0.00015935959624857615,-0.0002713514599482243,0.00023760469198769204,2.8866206964763603e-05,3.945850808178552e-06,-0.0002972928120468898,3.2496903889476696e-05,4.156981342338989e-05,0.00012866815325880617,1.1948423177095333e-05,0.0003036501076401734,0.00013580072321497214,0.00023954165197918916,0.0002727138344701803,8.042194463139568e-05,-8.082713617674449e-06,0.00019660020217068024,-4.189381181429461e-05,4.481372572848273e-05,0.00012455981995487987,0.0001290888024809578,-0.0001129595853075298,0.00024929872684667276,-8.339079512296626e-05,3.2397478812301204e-05,5.84483760088431e-05,-8.403853865738268e-06,-0.00017882237948417423
EMD,9.110687015900355e-06,-2.3552012807023038e-05,-1.6647043903792086e-05,-2.720608437178727e-06,5.646250537037535e-05,-6.681967786720558e-05,8.455822200944175e-06,-2.5730654717005943e-06,0.0001863185320029012,2.716224928866953e-05,5.400231598803185e-05,9.395750568644235e-05,7.207703074888558e-05,5.6050710286791095e-05,2.2202707203400657e-05,-3.033096629327527e-05,1.394742883875601e-05,9.048157400073756e-05,9.332739054634451e-05,-5.445163967526136e-06,2.203019164604749e-05,5.882544716225682e-05,7.558788129119041e-05,-0.00021295145213584603,5.685302829922938e-05,3.069635666025146e-05,-1.2660702275876674e-05,-5.139675185937391e-05,4.3877338964415544e-05,4.928990563208896e-06,6.383738604414464e-05,-2.5624804177233226e-06,0.0001600538004984755,8.850312438398586e-05,0.000178816220132784,6.366599849298313e-05,6.054851161764518e-05,-1.3635077791621771e-05,0.00010204592443825869,-8.322249569869048e-06,3.746061090325321e-05,8.49769155778155e-05,8.632765669917581e-05,-0.00011195294554838465,2.6239732957448598e-05,-3.52930132610586e-05,1.3016972730107797e-05,2.0568958335089847e-05,2.588311881460705e-06,0.00020014261320566671
ENVA,0.00013036598040834217,0.0008379712710137096,1.251956812275501e-05,-0.0001339383889772515,0.000642287638978815,-2.7516587731696453e-05,-0.00019360488030551305,-6.123508574664732e-05,0.000851959094496449,-5.0512782637039384e-06,0.0001253157126150052,0.00020325685527987562,5.6050710286791095e-05,0.0007491335615196929,-8.929826302771326e-05,-9.759108005538538e-05,-6.16240914901051e-05,5.495332337012596e-06,6.283064706209414e-05,2.2483844330672982e-05,8.471175672545444e-05,-5.650666272874886e-06,0.00012576291979058047,-0.0007460881740984213,0.00035001727272692394,4.512560170370591e-05,0.00012271307047069906,-0.0007587596606540938,-0.00014149592064661076,0.0005308262836819734,-8.909199967543982e-05,9.900484739153257e-05,-0.0001552874517297654,1.3556298422447148e-05,-0.00026868913472986026,0.00013716156016440549,2.0284623216223773e-05,-1.5807070248006132e-05,-7.476862229995472e-06,0.00033597545672717525,2.783814643952434e-05,2.0730996064452954e-05,-2.4012547606851022e-05,-9.749839426107323e-06,0.0002761944661884924,0.00013220252019594133,5.488429776951837e-05,0.00010991156464810377,-0.00037690387111583327,-0.00010705528670049993
EXD,-1.3818182308074917e-05,-0.00016398524030673703,-2.3387153247392157e-05,1.8415771731796478e-05,-0.00012972484293581802,3.705732099599325e-05,2.3331186199953233e-05,1.6638268794933352e-05,-8.888245370932386e-05,2.313234920106873e-05,-1.859673272274328e-05,3.301893250952831e-05,2.2202707203400657e-05,-8.929826302771326e-05,3.588397425093443e-05,-2.0031235304667143e-06,8.94954593579087e-06,5.886079131060367e-05,5.980475492509124e-05,1.9213371458414367e-06,1.063827647174728e-06,3.820530117938929e-05,3.0068801464258876e-05,0.00018648262432499705,-1.287192460264873e-05,5.147553598173666e-07,-1.1956958995258012e-05,1.2941416694555716e-05,5.162064326783157e-05,-6.901969208602851e-05,9.144031366101138e-05,-9.551712233315683e-06,0.00013375570020719693,5.628453202531233e-05,0.00010972690312914216,9.23653809985227e-06,3.3905137585716395e-05,-5.446978860112128e-06,6.162138430274281e-05,-2.394559408570529e-05,1.829180658569446e-05,5.213516869398417e-05,6.18454916791959e-05,1.605849021150345e-05,-3.7093770892622116e-06,-2.1438470758299554e-05,-5.3027689007061846e-08,4.918225517785684e-06,5.8260145904946695e-05,9.71683807447505e-05
EXPO,-1.8614347834351293e-05,-0.00011774766877507546,6.0994370333303546e-05,1.366840361080415e-05,-0.00010133414657244479,-0.00016481700712661542,4.622381610488728e-05,2.0625171770177305e-05,-0.0001493581226481621,-5.0654283931937017e-05,-5.733485157581693e-05,-7.887339630614067e-05,-3.033096629327527e-05,-9.759108005538538e-05,-2.0031235304667143e-06,5.5279186056934606e-05,1.2801085349800002e-05,-1.220270452775335e-05,-2.1004857976052872e-05,-5.372639537304667e-07,-2.2159236253905222e-05,-3.7108870642735544e-05,-3.552289320114453e-05,0.00022538813939786375,-8.501671535086824e-05,-1.6298908852775505e-05,-3.92533184956286e-05,0.0003173266214761884,9.968714557576392e-05,-0.00016005033478234926,-2.4740574833078016e-05,-2.1165460874543798e-05,3.905268697274746e-05,-1.0932034613184143e-05,-2.988178550564755e-05,-0.00015098822345512104,-8.825589005053055e-06,1.418634653587496e-05,-5.632572172611282e-05,-6.668484525443848e-05,-4.9861537694259535e-06,-1.2342735533618663e-05,-1.0824819261425222e-05,-0.00018712550336192062,-7.615717746649585e-05,1.0083619419275615e-05,-1.575999011280145e-05,-3.4295176087252706e-05,1.1313561027429054e-05,-1.31715249730592e-05
HEWU,-1.0748143421057948e-05,-0.00010790977199000954,2.9289661835679543e-05,2.673861141903347e-05,-9.22058734804626e-05,4.5722107189087e-05,6.078415784189127e-05,-9.251632229511851e-06,-1.7160958004164304e-05,-1.355306075050442e-05,-0.00018765551919586513,1.2395381498983126e-05,1.394742883875601e-05,-6.16240914901051e-05,8.94954593579087e-06,1.2801085349800002e-05,3.722240556491506e-05,-1.1717526507000206e-07,2.258564106424166e-06,8.208692563146612e-06,-7.310325700003765e-06,4.991470683998711e-06,-5.1828446609842755e-06,-9.294186049382037e-05,-9.564973532996187e-06,-1.0394424771125807e-05,-1.3666367366273873e-05,0.00011484571111060152,0.00010232921055814021,-7.113425358183873e-05,-8.249958644331955e-07,-1.1855407420069247e-05,6.913234104664286e-05,-1.0728741374452005e-06,0.00017862609244860485,5.1584716759606324e-05,-8.482427072140183e-07,4.396692490050786e-06,-5.517874881901883e-06,-5.4186714123489536e-05,-2.0773160899772285e-06,-1.7442726433993027e-06,4.62833927041745e-06,-0.0001747910771216006,-4.229271805977238e-05,-9.058838230248132e-06,-1.8370371022987732e-06,-1.9331278005015915e-05,4.5461041459393146e-05,9.408879645852702e-05
IBDQ,-3.629442688405002e-07,-0.00018651466607595574,-9.646316933588381e-06,-1.0848584113250868e-05,-6.824983457768455e-05,-0.0002634524091650419,1.2613479415879011e-05,3.682256726814843e-05,2.0070799080109366e-05,-1.435959685384563e-05,0.00015095983272187324,0.00013657160584937183,9.048157400073756e-05,5.495332337012596e-06,5.886079131060367e-05,-1.220270452775335e-05,-1.1717526507000206e-07,0.00021570881109852545,0.0002192362498702837,-1.722342937778328e-05,2.221411574253283e-05,9.10406444475733e-05,0.00013228875180913086,4.1735351587317744e-05,-6.626319233799132e-06,5.9560120358534404e-05,-5.7706064313979306e-05,0.0001745805785017294,0.00014807188030156144,-0.00012076713872205803,0.00015816998640107274,-1.943222753940345e-05,0.0004273710137242943,0.00021472407186594677,0.00017173711602313848,-4.980577660599265e-05,0.00013677871222337487,-9.562364570375425e-06,0.00020129121600569007,-5.364931013460126e-05,8.736757385608864e-05,0.00020067379233653824,0.00020086116561900445,-0.0002823000341454331,7.177054560392243e-05,-8.976701099382195e-05,6.856808582272508e-06,2.9659057186513532e-05,-2.746976924269045e-05,0.00023411875386790298
IQI,1.582644065236235e-05,-0.00016550428323063176,-1.602177156592282e-06,-1.3062672019918967e-05,-5.6747251282823316e-05,-0.00011820358424930419,-1.5358417305051359e-06,3.409690449221473e-05,5.492746090509165e-07,-2.2391607063185395e-05,1.7665908149979345e-05,0.0001695047376246035,9.332739054634451e-05,6.283064706209414e-05,5.980475492509124e-05,-2.1004857976052872e-05,2.258564106424166e-06,0.0002192362498702837,0.00024333486421925424,2.7241521680843817e-06,2.8549287783956242e-05,9.62818349682186e-05,0.00014374861414558732,1.1357921468117731e-05,3.311670842502223e-05,4.819884948129668e-05,-3.601553011352622e-05,4.404399517692539e-05,0.00017858540696148454,-3.720154474555941e-05,0.00017092271395948181,4.6401609798788645e-07,0.00045728458762753514,0.0002189515558566342,0.00020897886523392175,2.0373763925977577e-05,0.00013784912224494106,-9.346091301804885e-06,0.00020398152488703704,2.731342249023811e-07,8.965179117041366e-05,0.00020527362487971772,0.00020652835281431716,-0.00030324390862190625,9.984638154218838e-05,-6.495010077401138e-05,1.367025526157589e-05,4.04933551813925e-05,-6.654513740917527e-05,0.0002921298888733181
ITEQ,1.221833165651747e-05,-6.683920328808683e-06,1.0700527407860426e-05,8.378199822069888e-06,-8.119448588466684e-06,0.0001790220693258424,-5.211314644608092e-06,1.295036475074548e-06,-4.685704955558753e-05,5.987860828335394e-06,-0.0001718111737737105,1.9721773342827537e-06,-5.445163967526136e-06,2.2483844330672982e-05,1.9213371458414367e-06,-5.372639537304667e-07,8.208692563146612e-06,-1.722342937778328e-05,2.7241521680843817e-06,2.644489373948643e-05,1.852533665578186e-06,-1.9394162926713675e-06,-4.409934314986594e-06,6.256630932584618e-05,3.400453215159699e-05,-2.6761387382063798e-05,2.451562980757065e-05,-0.00014109726630841152,3.406631872738869e-05,7.05025471196226e-05,1.530323924150953e-05,2.0125208484852833e-05,-2.622156467350009e-06,-1.7422656858545156e-05,4.7091370721186686e-05,5.5604869850413824e-05,-1.2545267189493401e-05,-5.637789342421138e-07,-2.333850491895161e-05,5.93361657053726e-05,-7.51592266877005e-06,-1.5220581532877793e-05,-9.799506645780568e-06,1.865693746234414e-05,-9.531905548927057e-06,4.668173334036448e-05,5.021274708975673e-06,3.615274883313749e-06,-1.3863130094962874e-05,9.334801938665449e-05
IWD,1.4404549224881818e-05,8.764003948078514e-05,-2.1210344367773187e-05,-1.3493373199419169e-05,5.491034040147402e-05,6.451312384332299e-06,-2.325510060924861e-05,-5.279861255933299e-06,0.0001477006568756061,2.895105159308893e-05,4.206908255498076e-05,4.70287968130847e-05,2.203019164604749e-05,8.471175672545444e-05,1.063827647174728e-06,-2.2159236253905222e-05,-7.310325700003765e-06,2.221411574253283e-05,2.8549287783956242e-05,1.852533665578186e-06,1.6912477138477678e-05,1.8671060874619762e-05,3.533165442004416e-05,-3.148593821572347e-05,6.14515999441351e-05,8.730237250041745e-06,2.0346820789523782e-05,-0.00015499887491814447,-2.2054219190900862e-05,5.8825708372021014e-05,3.1342328817261545e-05,1.120269333519756e-05,7.073324821687588e-06,2.1686527784333275e-05,-2.991229815319643e-07,2.633066982985372e-05,1.601133013331867e-05,-8.182765467725945e-06,2.444497219684586e-05,5.0325358967760177e-05,1.0372926046214087e-05,2.1793907197433992e-05,1.8766196088779287e-05,5.8871298493568376e-05,4.203558493621713e-05,1.66840475022314e-05,1.0363160625668122e-05,2.354996810130083e-05,-2.210475988318483e-05,1.690645451140143e-05
KRNY,-2.080633315543683e-06,-0.00015257051234455994,-3.984281056505624e-05,1.2956788496482428e-07,-2.6414906677307053e-05,7.22650891641194e-05,-1.3339104606226474e-08,4.939011072486381e-06,3.768751593645685e-05,2.219628963835173e-05,8.971505791226352e-05,0.00011305132958149897,5.882544716225682e-05,-5.650666272874886e-06,3.820530117938929e-05,-3.7108870642735544e-05,4.991470683998711e-06,9.10406444475733e-05,9.62818349682186e-05,-1.9394162926713675e-06,1.8671060874619762e-05,7.3249852058696e-05,7.347099266224887e-05,-1.0806712797769652e-05,5.9630346282884186e-05,1.66222579823028e-05,-9.864944436072715e-06,-0.00013398234904192448,1.5145915039595004e-06,7.149197893929659e-07,0.00010701006060059341,-6.02678478812946e-07,0.0001657436873346834,8.778178588471349e-05,0.00016012170328614446,9.166812517369842e-05,5.542857010043222e-05,-1.4986664753238988e-05,0.0001235591096357498,-1.5688520078888548e-05,3.070110547195498e-05,8.304245204655096e-05,9.317499572775409e-05,4.581025175409753e-05,4.5745030591195284e-05,-4.616427285637392e-05,1.1664711536421741e-05,2.417991863719614e-05,4.633952100942115e-05,0.00012795529201649428
LFT,1.6051990411302032e-05,-3.1374593642356235e-05,-1.9591131460747896e-05,-2.8758177963632097e-05,2.3888942933775903e-05,-0.00010470791935067816,-1.585937841390456e-05,6.474208886774834e-06,0.00022643988633804906,8.229585493456986e-06,0.0001493870800139703,0.00015935959624857615,7.558788129119041e-05,0.00012576291979058047,3.0068801464258876e-05,-3.552289320114453e-05,-5.1828446609842755e-06,0.00013228875180913086,0.00014374861414558732,-4.409934314986594e-06,3.533165442004416e-05,7.347099266224887e-05,0.0001198984882668861,2.0934065262403703e-05,0.00011077502924376473,3.251198505431473e-05,-6.033877086943233e-06,-0.0001330442058305667,4.34188932777168e-05,-7.247801924948491e-06,0.00012557122384399932,4.039817978340809e-06,0.00022650260512142853,0.000130800579074591,9.597247559192757e-05,1.4446243513458787e-05,8.51804546928281e-05,-1.4905520539196808e-05,0.0001306706924616457,2.183443711091709e-05,5.252904152945602e-05,0.00012372875847539946,0.00012279764123655204,-6.358899485834664e-05,0.00010031663053621884,-1.942037044746806e-05,1.909025806878413e-05,4.501530007141109e-05,-2.7299862395367013e-05,8.25856921704564e-05
MKTY,-0.00015206742366406572,-0.0012154818255893222,-7.953512572761922e-05,4.44987513363497e-05,-0.0013440609009585539,-0.00024442002934939517,5.588958323699068e-05,0.0002770306645764836,-0.0008051602803529275,0.0002057728624465212,0.0006443638437371032,-0.0002713514599482243,-0.00021295145213584603,-0.0007460881740984213,0.00018648262432499705,0.00022538813939786375,-9.294186049382037e-05,4.1735351587317744e-05,1.1357921468117731e-05,6.256630932584618e-05,-3.148593821572347e-05,-1.0806712797769652e-05,2.0934065262403703e-05,0.005572469616104247,3.0560238636535993e-06,-0.00028654289249730824,-6.70575194134217e-07,-0.00018302024325602567,4.8993282608930476e-05,-0.001044440280393855,0.0008289653603472311,-5.413603810483733e-05,5.652725219773044e-05,2.0093249545090354e-05,-0.0008206299491579951,-0.00130949339960749,-1.2192353123685252e-05,-2.408705587147541e-05,-0.00023285119513335946,0.00012380455805146315,-5.0363556571636495e-05,1.1386678369126276e-05,9.951030161884329e-05,0.0016536946302486409,-0.00025660712615058017,0.000488315124733477,-3.965969299094736e-05,2.5209414997410807e-05,0.0005696290453390826,-0.0006437376514702656
MOD,5.0196577714818e-05,0.0001272345732146782,-2.219049106091158e-05,-6.261260138027911e-05,0.0002040765397108772,0.0003212019384685128,-7.359938481016724e-05,-4.367880026106977e-05,0.0005106108540745768,1.7978350133312327e-05,0.00011275346201631794,0.00023760469198769204,5.685302829922938e-05,0.00035001727272692394,-1.287192460264873e-05,-8.501671535086824e-05,-9.564973532996187e-06,-6.626319233799132e-06,3.311670842502223e-05,3.400453215159699e-05,6.14515999441351e-05,5.9630346282884186e-05,0.00011077502924376473,3.0560238636535993e-06,0.0003587679530544769,-3.2534149746843124e-05,8.267750918056861e-05,-0.000775773730275438,-0.00013776221014079456,0.00023445650071228562,8.77694224704905e-05,5.8455569934155e-05,-8.257134957351805e-05,-9.461169440507198e-06,2.1083202423099246e-05,0.000189288601484077,-3.7136213262367965e-06,-2.6311046776166185e-05,2.92188303956005e-05,0.00016221472757927267,-9.331478741860678e-06,-4.226948810805788e-06,1.8455742452751343e-06,0.0003283132777937221,0.00015539613689471787,0.00010751619363435423,4.554843014183573e-05,7.367881297236848e-05,-2.6220254294041563e-05,-0.0001177947317691849
NRZ,5.0890559239633225e-06,0.00013123367652980396,-2.6329736192301495e-05,-1.1749782678694454e-05,5.632700628000863e-05,-0.0001977363399287223,-1.0364631353294488e-05,-5.617993628269515e-06,0.00012426809342167588,1.5875285063752927e-05,0.00010902136848592715,2.8866206964763603e-05,3.069635666025146e-05,4.512560170370591e-05,5.147553598173666e-07,-1.6298908852775505e-05,-1.0394424771125807e-05,5.9560120358534404e-05,4.819884948129668e-05,-2.6761387382063798e-05,8.730237250041745e-06,1.66222579823028e-05,3.251198505431473e-05,-0.00028654289249730824,-3.2534149746843124e-05,5.400776386868326e-05,-1.1529877440737778e-05,0.00010760247082244152,1.416004193907013e-06,3.7226261411928554e-06,-8.828322010313729e-06,-1.197698818235967e-05,7.095604809013946e-05,6.0886741563177434e-05,-9.460143690634214e-07,-1.5315794907077102e-06,4.240929107227795e-05,-1.8768834290242854e-06,6.413554179310042e-05,-1.8925025113014616e-05,3.0868908947239046e-05,5.690711056657046e-05,4.295623362830767e-05,-0.00011417971586370645,5.147737524781841e-05,-6.11900568855239e-05,9.211144783890424e-07,1.3503304518164932e-05,-4.6055662751484313e-05,7.254176927980586e-06
NVT,3.2201926973241424e-05,0.000369596302107145,-8.238342944475344e-05,4.944044713560495e-06,7.370712488242232e-06,0.00027173251864006016,-5.009090347856309e-05,-2.6222465981114644e-05,0.00021558209379241998,0.00013507096124175622,-0.000226433271162062,3.945850808178552e-06,-1.2660702275876674e-05,0.00012271307047069906,-1.1956958995258012e-05,-3.92533184956286e-05,-1.3666367366273873e-05,-5.7706064313979306e-05,-3.601553011352622e-05,2.451562980757065e-05,2.0346820789523782e-05,-9.864944436072715e-06,-6.033877086943233e-06,-6.70575194134217e-07,8.267750918056861e-05,-1.1529877440737778e-05,0.00011168577630035198,-0.00046599167385671985,-6.043389140733216e-05,0.00022512358741484567,2.7770056652740828e-05,3.924736236720917e-05,-0.0001823452002547375,-5.851104877916941e-05,-5.6340145081783744e-05,0.00012674430165602894,-3.3746927450189196e-05,-1.058278662068458e-05,-6.013856690382196e-05,0.00019706558890577336,-1.8120386346440296e-05,-5.2047839857479865e-05,-6.164602445212339e-05,0.0003126236888128042,6.668913311113983e-05,0.0001007987537986539,1.625579011245809e-05,4.503976823359272e-05,-3.558225275653769e-05,-3.062762947942392e-05
OBLG,-0.000176870162402209,-0.0010373795510645258,0.0004090256176484444,7.233041706339576e-05,-0.000588884114872099,-0.0017895529822647958,0.0004083344513533991,8.875222745608083e-05,-0.0009488850324709821,-0.0005251697942767453,0.00013752820090734804,-0.0002972928120468898,-5.139675185937391e-05,-0.0007587596606540938,1.2941416694555716e-05,0.0003173266214761884,0.00011484571111060152,0.0001745805785017294,4.404399517692539e-05,-0.00014109726630841152,-0.00015499887491814447,-0.00013398234904192448,-0.0001330442058305667,-0.00018302024325602567,-0.000775773730275438,0.00010760247082244152,-0.00046599167385671985,0.003129583565264023,0.0007219781061224922,-0.001335037236991236,-0.00029626106053988265,-0.0002534268098715164,0.0007772338660178857,0.00018734289064607123,0.000193276548050049,-0.0008169057547576169,0.00010959494298825002,0.00010828526603458172,5.034394151909576e-06,-0.0009375545824797009,7.691315694120736e-05,0.00015355539306845787,0.0001392548088182382,-0.0021532355189733694,-0.0003659620726487889,-0.0004257470628527939,-0.0001223239143277974,-0.0002652615228785159,7.660851680665933e-05,-0.0001277242539017515
OPRX,-1.4124763149081063e-05,-0.0002481925738336816,0.00014590340649517548,7.483790937260853e-05,-0.00045894478384363684,-0.00021269769215280323,0.00019529040490952446,2.5036492187283113e-05,-0.00017243383497625575,-8.073349558856071e-05,-0.0007927597279124315,3.2496903889476696e-05,4.3877338964415544e-05,-0.00014149592064661076,5.162064326783157e-05,9.968714557576392e-05,0.00010232921055814021,0.00014807188030156144,0.00017858540696148454,3.406631872738869e-05,-2.2054219190900862e-05,1.5145915039595004e-06,4.34188932777168e-05,4.8993282608930476e-05,-0.00013776221014079456,1.416004193907013e-06,-6.043389140733216e-05,0.0007219781061224922,0.0006160109200648595,-0.0003359935500502595,8.541169085279854e-05,-4.124117408886112e-05,0.0005680659394537894,0.00015076246125895554,0.0004848238380152356,-6.79914852574205e-05,9.304968100068332e-05,3.21602693194088e-05,1.5069821556209389e-05,-0.00011087408184933591,6.684572064084659e-05,0.00013628161067143216,0.00013549262174100086,-0.0010152288749919523,-7.14896933172921e-05,-4.295302562539732e-06,-1.3855696112724824e-05,-4.2763332643625797e-05,-3.360348304403864e-05,0.0004067877700278173
ORBC,0.0001402472914733026,0.0008934497846606038,-0.00014166909502602164,-4.953782541742979e-05,0.0006797511015796022,0.0008829697409278683,-0.0002739516149297749,-6.265674662443943e-05,0.0002942445960890969,0.00017201631157169953,-0.0003081054958449056,4.156981342338989e-05,4.928990563208896e-06,0.0005308262836819734,-6.901969208602851e-05,-0.00016005033478234926,-7.113425358183873e-05,-0.00012076713872205803,-3.720154474555941e-05,7.05025471196226e-05,5.8825708372021014e-05,7.149197893929659e-07,-7.247801924948491e-06,-0.001044440280393855,0.00023445650071228562,3.7226261411928554e-06,0.00022512358741484567,-0.001335037236991236,-0.0003359935500502595,0.0009849615418541459,-0.0001199868496875807,0.00015803052554268218,-0.00042842489481013235,-0.00011647860485417195,-0.00014325039744460906,0.0005605419187768892,-6.7189703535479e-05,-3.1517417475401007e-05,-1.8425682854827615e-05,0.0005126113296379971,-2.5703784430225157e-05,-9.641845568784332e-05,-0.00011928222661391252,0.0005910884092988608,0.00018910722406612383,0.0001322785651848608,5.1821537167829244e-05,0.00010676686548577485,-0.0003139375793075321,0.00031112772345533277
ORTX,-1.385735295144111e-05,-0.00022886304979622394,-0.0001026942938402713,2.192518418950116e-05,-0.0003194981565239113,8.392925535459563e-05,1.5200366688673312e-05,4.407015815538124e-05,5.059060247599588e-05,0.0001383766580250105,2.9899067266581637e-05,0.00012866815325880617,6.383738604414464e-05,-8.909199967543982e-05,9.144031366101138e-05,-2.4740574833078016e-05,-8.249958644331955e-07,0.00015816998640107274,0.00017092271395948181,1.530323924150953e-05,3.1342328817261545e-05,0.00010701006060059341,0.00012557122384399932,0.0008289653603472311,8.77694224704905e-05,-8.828322010313729e-06,2.7770056652740828e-05,-0.00029626106053988265,8.541169085279854e-05,-0.0001199868496875807,0.00032368903596010013,-2.8412503104572934e-06,0.000278318194546725,0.00014999104641148417,0.00015520331156029847,-3.939571081272159e-05,9.38475352811872e-05,-2.7626709561310657e-05,0.0001362903767865162,7.3166316762611e-05,5.025467674100972e-05,0.0001411973031182005,0.00016090912095952133,0.00029694887125811833,5.50321937925375e-05,4.3685138112731225e-05,1.614658075153906e-05,5.9476960468012914e-05,0.00012888881961094944,0.00015545758685945552
RYJ,2.568661612443272e-05,0.00011574108876751186,-1.1497930976894322e-05,-1.1019826409732764e-05,0.00010119990490687329,0.00016868603460132065,-4.726895469706302e-05,-4.481816009836752e-06,3.3901752091883054e-05,1.9282437744621383e-05,-6.647029984935187e-05,1.1948423177095333e-05,-2.5624804177233226e-06,9.900484739153257e-05,-9.551712233315683e-06,-2.1165460874543798e-05,-1.1855407420069247e-05,-1.943222753940345e-05,4.6401609798788645e-07,2.0125208484852833e-05,1.120269333519756e-05,-6.02678478812946e-07,4.039817978340809e-06,-5.413603810483733e-05,5.8455569934155e-05,-1.197698818235967e-05,3.924736236720917e-05,-0.0002534268098715164,-4.124117408886112e-05,0.00015803052554268218,-2.8412503104572934e-06,3.125792815762362e-05,-5.863419680876413e-05,-1.8822161392105244e-05,-3.2917520869352956e-05,7.335602271439319e-05,-1.1804317629248916e-05,-5.140733418713828e-06,-1.1808672596902625e-05,9.96218654393008e-05,-5.294241471254788e-06,-1.5397474734254886e-05,-1.6472971404838337e-05,0.00010583611136516096,2.9082906609950975e-05,4.4272353228789235e-05,1.003481899756518e-05,1.9418931240103008e-05,-5.5234907135249486e-05,5.610796199823789e-05
SDP,-2.9135330781091467e-05,-0.0008362227584504592,0.00012364279252645557,1.9798791278950633e-05,-0.00040442102463407806,-0.0003381049177937547,0.00014930569320802217,7.366086439354136e-05,-0.0003979264607833589,-0.00021476054944420648,-0.00015692146516847226,0.0003036501076401734,0.0001600538004984755,-0.0001552874517297654,0.00013375570020719693,3.905268697274746e-05,6.913234104664286e-05,0.0004273710137242943,0.00045728458762753514,-2.622156467350009e-06,7.073324821687588e-06,0.0001657436873346834,0.00022650260512142853,5.652725219773044e-05,-8.257134957351805e-05,7.095604809013946e-05,-0.0001823452002547375,0.0007772338660178857,0.0005680659394537894,-0.00042842489481013235,0.000278318194546725,-5.863419680876413e-05,0.001096742116972079,0.00042774377482441916,0.0006332507261327958,-2.094905211090154e-05,0.00026067112475198725,1.2859794815345914e-05,0.0003815699515266618,-0.00027768588697526614,0.00016492390871484532,0.0003939525086759616,0.00041287136616654623,-0.0011046611992956644,7.898457831878965e-05,-0.0002245912109624909,-2.544572141779287e-06,-5.985042941428387e-06,-1.7226663059273036e-05,0.0005301865254646175
SHY,1.0778432610730661e-06,-0.00017632752293451773,-5.073817449270905e-06,-1.292346938422417e-05,-6.063442237765923e-05,-0.000270754446953678,1.086530343216035e-05,3.620858847638747e-05,1.6000330529553213e-05,-2.1620612255462725e-05,0.00014694440588795504,0.00013580072321497214,8.850312438398586e-05,1.3556298422447148e-05,5.628453202531233e-05,-1.0932034613184143e-05,-1.0728741374452005e-06,0.00021472407186594677,0.0002189515558566342,-1.7422656858545156e-05,2.1686527784333275e-05,8.778178588471349e-05,0.000130800579074591,2.0093249545090354e-05,-9.461169440507198e-06,6.0886741563177434e-05,-5.851104877916941e-05,0.00018734289064607123,0.00015076246125895554,-0.00011647860485417195,0.00014999104641148417,-1.8822161392105244e-05,0.00042774377482441916,0.00021420633769387817,0.00016304149346952796,-5.108371170910783e-05,0.0001363041047665579,-8.167473193088527e-06,0.00019906834991580285,-5.37806577734722e-05,8.768599185855785e-05,0.00020006241187672244,0.0001989879405556104,-0.00030189258920671304,7.538034804933385e-05,-9.121073931408355e-05,6.466718182455739e-06,2.8984743999127374e-05,-3.778395183752969e-05,0.00022620741777773265
