,AGIO,AM,AMOV,BAUG,BBSA,BEDU,BIZD,BLHY,BPYPP,BX,BYSI,CDAK,CNCR,CNXN,COCP,CRWS,DBA,DMRC,DZSI,EAOK,EEMX,EMIF,ESGC,EWD,EWJV,FLCO,FRGAP,HDEF,HERO,IBRX,IGF,IPFF,JHMC,JHS,JMOM,JPM,LEVL,LXU,MIC,MINC,MJO,MXE,NEXA,NNA,OYST,PEXL,PFHD,PHB,PLAN,PRS,RDIV,RNG,ROIC,RWX,SC,SCL,SLB,SPNS,SPYG,STPZ,SUNS,SVA,TDTF,UAVS,UGL,USAI,UWMC,VGSH,VOE,VRDN,VSS,WETF,CIGI,CPTAL,CRBN,EIM,ENLC,EPP,FMTX,FRLN,GNCA,HNRG,HYMC,IBD,JJS,KINS,LI,MXL,NOK,SPYD,STRT,THCAU,VKQ,XLG,YLDE,AWTM,CNQ,PLAY,PPBI,STWD
AGIO,0.0004591398497107661,6.0583615605372396e-05,7.255767051922734e-05,-4.859060272020405e-06,4.247027886955807e-07,2.264013181107928e-05,-4.1702566786097664e-05,-3.956016762713839e-06,-3.362223217297537e-05,8.42391514118906e-05,0.00023908332672343595,-0.000660014230161428,0.00011013293083891233,2.5091021694279384e-06,0.0004186920387890722,-4.8858500332192186e-05,-5.350381618156837e-05,-0.000290317973961801,5.935226143036362e-05,-2.013287307220587e-06,5.264533840889378e-05,-6.630687352095304e-05,-5.690121564245146e-05,1.5142887846641604e-05,-7.81479371395123e-05,-1.736442129421712e-05,2.629456247672643e-05,-2.9080620079498984e-06,7.903627297183028e-06,0.0004321381264309365,-6.233875272146172e-05,-4.120565428469692e-05,1.482893068068287e-05,-1.146311705307972e-05,4.071008956677325e-05,5.5938265759879536e-05,0.00014457594461647204,-0.0006958089006404511,8.16933325486807e-05,-1.2659498579691645e-05,-2.1900549468206527e-05,-7.018105650213759e-05,-0.0001958178188425225,0.00012222295476302446,0.00019712306684209878,3.785056344623901e-05,-8.782526367516023e-05,-1.0958284691884012e-05,6.50572478971622e-05,-8.491390459551176e-05,-3.236897713926395e-05,0.0002070790446089557,-0.0002675537738800734,-0.00010168750000340983,-0.0002215848746171529,5.241065057398898e-05,-4.055332999499259e-05,-8.780021226362135e-05,3.476446823702731e-05,7.985556250909124e-06,-5.777376923994032e-05,0.0,4.4810992355782025e-06,0.0009344534444667015,0.00012860042138995763,-1.4632588652346853e-05,0.0001770907938269582,1.2694030500644572e-06,-6.183630004466724e-05,0.00045054740875279835,-1.5565401947464815e-05,-6.949292244354558e-05,-1.808213580989425e-06,3.6099175643236156e-05,1.3190065923285288e-05,-2.932084809622623e-05,-9.836928579592322e-05,-1.0604016667440159e-05,0.00016383327075060968,-0.00020708233077161947,4.586836492306466e-05,0.00016896211469797208,-7.572301508679258e-06,-4.977338538901726e-06,-0.00017253239989285373,-3.2586450031706856e-05,0.0005493924955859129,0.00017689025470488687,-0.00011176936762862429,-6.536588584360533e-05,-4.6754840131153224e-05,-0.00046339802659851057,-2.952203451276091e-05,3.1232327578102e-05,-2.9644973413896525e-05,-5.450701143129405e-06,7.855738707852781e-05,-1.1885705950004435e-06,-9.826824922895453e-05,6.372757895652367e-05
AM,6.0583615605372396e-05,0.0010151637843036064,0.00018882651798537346,1.532792648726081e-05,1.435913205255469e-06,-0.0002841017807676169,3.348984620174752e-05,7.983246732779794e-06,0.00013129431283768906,-7.149911858722703e-05,-0.0003444275656414693,0.000792142132400121,9.024588581590307e-05,0.00028208944266442076,0.0002375986870044356,6.106988349730271e-05,9.03464010179433e-05,0.00011424125958152578,0.0002534382797608277,-4.522536946961237e-06,2.3606538280664227e-05,0.00010014438347105668,3.373191732420316e-05,9.824716587881406e-05,3.281593775399045e-05,-2.2845430657293425e-05,4.557397330288201e-05,2.161291639081523e-05,3.352217889002393e-05,0.0005733671636937737,4.798933880732957e-05,4.257261292392486e-05,9.68261895104744e-05,4.2734886470067586e-05,-4.703647146567561e-06,0.00019036749283363256,4.0360972077411885e-05,0.0006059634938511207,2.7723883658745855e-05,9.824799938553605e-06,0.00030208617146616003,1.0167237692792126e-05,0.00016381706867969986,0.00042578848390522624,0.00010149543476672948,0.00013076533475471757,6.650541166301424e-05,-1.1773078229070923e-05,-1.5957999863228694e-05,-8.316793806463327e-05,0.0002803130062762788,-5.6928248275518404e-05,7.705630980201153e-05,7.811538265458229e-05,0.00042151875984631164,0.00016226947678450477,0.0005715358413522252,-0.0002665434963702552,-0.0001076828226715901,3.09013766946984e-06,9.290892297407092e-05,0.0,2.4171038165320133e-06,0.00046526909726942914,9.090584961420161e-05,0.00048807046796839245,6.371435002050667e-05,-1.8409236987750305e-06,0.00012022979578995164,0.0001775829753295095,7.24653040755709e-05,0.00013892556834864351,-7.358197315337598e-05,-4.0257902004157405e-05,-7.281640714861725e-08,-8.390517246828788e-05,0.0011881509068433587,6.607004124239597e-05,0.00014223970136461846,0.00018029041952907023,-0.00015276624230545167,0.0006606942272586443,-4.7041223304190405e-05,-1.6947342020738437e-06,2.847825773729018e-05,5.977972646574086e-08,0.00012247734178282997,0.0003356810947760456,0.0003365875785231691,0.00016394704716603988,0.0003689442848175342,-0.0012305833551252625,-4.700002902228876e-05,-9.25663393392353e-05,4.659309974028563e-06,-4.211563014769438e-06,0.000517389709554722,0.0007219479004843012,0.00013710322313063207,0.0005111468246216648
AMOV,7.255767051922734e-05,0.00018882651798537346,0.0013690052119420878,2.483398418687828e-06,-5.184368302270846e-06,-0.0001179122114993942,0.00010231506972919318,1.3326209752924984e-05,-2.7860714827272845e-05,5.208378642766709e-05,3.537398862825052e-05,-0.0002910602093789752,-2.2495451987596253e-05,0.00018131972612277995,-0.0007470271105758118,-8.486072252095579e-06,1.703069378573962e-05,-0.0006885812102314548,-0.0006128310144820454,4.418042040590258e-06,0.00012342043723007724,0.0001158140274053068,-8.018872385501752e-05,0.00017981733995591466,0.00015206112468295674,-1.8270323102707945e-05,0.0001474176235642014,8.448023317006433e-05,0.00013882405980030667,-0.0002915303923667732,5.8981547131591264e-05,6.2402730373761e-05,6.771580394047033e-05,6.899067098708014e-05,1.334188015990285e-05,-4.796239857472566e-06,-7.202076907174924e-05,0.00019597515760098246,8.073025317147208e-05,7.026128274905308e-06,-0.000247334158303047,3.406650801574574e-05,0.00010842656637031417,-0.00038481160300790813,0.00019242530205696457,1.5139935710654747e-05,-6.72376748930037e-05,-4.961011112386796e-06,9.474103959575031e-05,5.160455738877018e-05,3.29225949287129e-05,-0.00019460588450720412,-0.00014090773367240753,0.00012436618288398077,-4.44435758616887e-05,-0.00013836662106875885,-0.00013392820791774548,-0.0005042016326424927,3.432195225472672e-05,2.1791866739175845e-06,3.084206382680528e-05,0.0,-8.616483622212074e-07,-0.00041155673092155797,-4.441810092691446e-05,-1.4218926138706307e-05,-6.290750104197555e-05,-2.9851206379224348e-06,-1.7783732278122602e-05,-0.0003361899890674901,0.00012613526431314113,0.00028800917497457393,-4.208035104876085e-07,5.045542259683494e-06,4.5222626227507074e-05,-3.219429863762725e-05,-4.3622655660058165e-05,5.3468869123253113e-05,-0.00010356217496258054,0.00018231673256531052,-3.630659511279745e-05,0.0014926336996315926,9.783950429161874e-05,6.0409944500444585e-06,0.00020230101149259217,0.0002151162988584223,-0.00031655347210482633,0.00011022282813590621,0.0001312934729113006,-1.1104694288169292e-05,-0.00010452878050433942,-0.0012295681882003497,8.50630085639687e-05,5.559589457584368e-05,4.289455411932499e-05,4.529395506948462e-06,0.0002242368074184852,0.00010437893427192711,-0.00022335318838690883,-0.0005080951890496896
BAUG,-4.859060272020405e-06,1.532792648726081e-05,2.483398418687828e-06,1.9507534297075216e-05,3.3378648307505556e-07,-1.2675864778157964e-05,1.5502520569735666e-05,4.921778052520456e-06,-1.1887489580239008e-05,3.725528365100037e-05,-3.4995059190410744e-05,0.00024169690235252293,2.8048847985805692e-05,3.954303787164165e-05,0.00011324407119817149,3.591514605718236e-05,2.3351707887618854e-06,3.240917136683727e-05,5.459950058994625e-05,8.511607597121603e-06,2.5968664077035003e-05,2.917269917136985e-05,6.95398327574189e-05,7.664761198812729e-06,1.7676243192889293e-05,7.794497932176737e-07,1.741105854734905e-05,3.2015310382650666e-06,2.4554893426842554e-05,-1.9204240326989623e-05,1.5987187958149067e-05,1.4377158711642546e-05,3.764321957669885e-05,-9.87604682466123e-06,3.4849154169165665e-05,2.4944783733851902e-05,-3.4347720994553927e-06,0.0001707019857469949,2.0014205121121767e-05,4.31204657399257e-06,9.071337592648502e-07,-1.4336876252415582e-05,-2.294026094092203e-05,-5.375609937198129e-05,2.0901763004628543e-05,3.631571971193106e-05,4.511815647797322e-05,6.273038059879609e-06,2.7367875641799396e-05,9.851099791467752e-06,2.822881320669161e-05,2.4333249221754442e-05,5.996319574666859e-05,1.4240990908580354e-05,1.397482183700721e-05,2.095696690628358e-05,4.54920561859625e-05,6.836015200570177e-05,3.910677215895345e-05,-2.6976008679159035e-07,3.28592963070445e-05,0.0,-9.179087264900227e-08,0.0003545029075859922,-2.314456297115114e-05,2.6302990347811774e-05,9.076478098404493e-06,-4.6479226614634155e-07,2.9147018775420923e-05,-5.5054953894303056e-05,1.7261127802431977e-05,3.36244465109113e-05,5.5790143448820916e-05,2.9104921189546158e-06,2.2740276935673018e-05,1.6963926212879664e-06,3.258969483464056e-05,1.8277306018763594e-05,3.0508639171178542e-06,1.696417368757753e-05,0.000168479395082785,-2.8838896188797134e-05,-4.987955870295847e-06,6.201218610135554e-07,-1.407248780851515e-05,4.1091159075559395e-06,-1.4748044443164903e-05,7.984970009878514e-05,1.7749469977154323e-05,2.5490653993298354e-05,7.90967758367636e-05,9.827868991644972e-05,2.965825127017727e-06,3.296996219911693e-05,2.484190393431966e-05,-4.4720861736828427e-07,4.3193249264546834e-05,0.00010479097263635835,4.0452102211190465e-05,3.330557796196099e-05
BBSA,4.247027886955807e-07,1.435913205255469e-06,-5.184368302270846e-06,3.3378648307505556e-07,2.473587843913404e-07,-1.4925510669075726e-06,-7.838829107709928e-07,1.4737062527018577e-07,-1.642276348905602e-06,2.8683823738529493e-06,8.703602029664462e-06,2.4742561326643348e-05,2.5852695546672277e-07,2.8373506707594346e-07,1.76020635028922e-05,1.8027698722505287e-06,1.2511493500238525e-06,9.956328943963798e-07,2.124988497515295e-06,4.817289231555597e-07,2.6973553474714053e-06,4.857705355973735e-07,-6.221523310159754e-06,-2.258295282286736e-06,-2.483792441361602e-06,8.781937498194437e-07,1.0587453623185097e-06,-1.5576448069133374e-06,3.570144247918542e-06,3.929889896720696e-06,-7.945658134634371e-07,-6.620135348780917e-09,-1.107345184255268e-06,1.021268449653299e-07,1.058188336860819e-06,-3.7359197334512623e-06,1.039816913625002e-06,-4.690142838032526e-06,-1.8180334836420982e-06,1.1361058477765504e-07,-3.960335804565835e-06,-9.43805719579426e-07,-3.7182690501175472e-06,2.23156142865351e-06,1.3301942234613688e-06,-5.4064042527467606e-08,-5.045826669868491e-06,5.104887921830352e-07,2.1494185945708147e-06,1.2393197454043632e-06,-1.69514233588743e-06,4.334510689579758e-06,-2.7623669868721935e-06,6.3131449695937e-07,1.695460330997504e-06,-2.934241168862716e-06,-8.463569739403131e-07,4.406612697520557e-06,1.286329098720226e-06,5.5551652909750015e-08,-7.916084571351316e-07,0.0,2.818451822976366e-07,2.0223894289546963e-05,4.980112108985582e-06,-4.5960414785195836e-07,1.0356479251432544e-06,6.16828664952851e-08,-1.2257984079158195e-06,-3.907172309392815e-06,1.3248905428147347e-07,-1.3786949329527478e-06,1.3966620162824353e-06,-5.575693979530478e-07,4.226103944185633e-07,1.483632758765096e-06,-2.6884159667153245e-06,7.335100268575048e-07,2.8481721895669225e-06,-2.8390467286372364e-06,2.5849540995590573e-05,2.3550257464256908e-05,-7.195281533939235e-07,3.284178602470416e-07,-4.2894457343958246e-07,-2.260807758738352e-06,1.8902692320331735e-06,8.556163678647329e-06,4.7439911644228893e-07,-1.824506782799723e-06,4.196484370630589e-08,1.1973042087619856e-05,5.668015871256289e-08,8.115167834786739e-07,-4.837319816373292e-07,-1.3100130690692902e-07,2.6100040142873724e-06,-3.029851579368525e-06,-2.793063265614926e-06,6.798823255653883e-06
BEDU,2.264013181107928e-05,-0.0002841017807676169,-0.0001179122114993942,-1.2675864778157964e-05,-1.4925510669075726e-06,0.00037484131657324076,-1.972508416599397e-05,3.0947412876389044e-06,4.4196954486382085e-05,-3.453223101675166e-05,6.909348158144522e-05,-0.0011309030668412237,-4.365462613809325e-05,-0.00017328317469678193,0.0009797428577139194,-2.6370157902763574e-05,-8.05737395359495e-05,-6.665704598103588e-05,-0.0002810044462713496,-8.632547164379662e-06,-4.023836827212607e-05,-6.0917637515997505e-05,-0.0001481846386451919,1.164165585440985e-05,-4.10252334517131e-05,-1.0294020249239383e-05,-3.845351371356457e-06,3.558906487807247e-06,-5.5702472233183035e-05,-0.00017243199505951416,-3.315423461741132e-05,-1.8780531767626433e-05,-7.056017515395123e-05,-2.0677912440953643e-05,-1.9792514302691763e-05,-0.00014971652123878346,-4.884834186379591e-05,-0.0005267497763515939,1.0793574727977552e-05,-1.363108070721943e-05,-3.127384900087271e-06,1.3751078243629196e-05,-3.693375441785077e-05,-4.0673408722211114e-05,4.1540406740417306e-05,-3.715062050574345e-05,-1.9320480051340308e-05,-8.290116220180598e-06,1.4895750069560359e-05,1.415895992217837e-05,-8.203174637718078e-05,-5.755064371943729e-05,-8.229664852036396e-05,-1.37295723204877e-05,-9.619099800164422e-05,-8.022433891493287e-05,-0.0001887156008941373,8.906763433626435e-05,2.0315374621964066e-05,1.445393735630322e-06,-0.00013909485475292153,0.0,1.1331317071879366e-06,-7.030993447451183e-05,-3.567416858875212e-05,-0.00019107890433593265,-0.000120675139002273,1.6261065479871897e-06,-4.980763630472071e-05,-0.000312847766676927,-2.790425275487951e-05,-9.672235038869126e-05,8.62441344276412e-05,-1.1466644699090208e-05,-8.254875095736396e-06,2.1892321979762398e-05,-0.0003837649288126058,-2.7334987866094146e-06,8.409322747717465e-05,2.7978026805257015e-05,-0.0004619584209632675,-0.000649867862207323,1.15464097573131e-05,-6.462902209770731e-06,-8.022853883011634e-05,-7.008081323392099e-06,-0.00020883262209950895,-0.00018882895452259238,-5.9635334613929685e-05,-7.33610454191593e-05,-0.0002556836298567084,0.0005770705019251742,-2.356330185879981e-05,1.470114608573007e-05,-2.527652292010965e-05,5.274604694053353e-06,-0.00020959317687488984,-0.00019532409634838636,2.853554526182452e-05,0.00017931517936366792
BIZD,-4.1702566786097664e-05,3.348984620174752e-05,0.00010231506972919318,1.5502520569735666e-05,-7.838829107709928e-07,-1.972508416599397e-05,4.1292675794320905e-05,7.881143496738287e-06,-4.781903941978032e-06,1.7684368098233727e-05,-0.00010903645676538828,0.00021366434374797027,3.059295776052503e-05,5.419376344351454e-05,-0.00013774226366000084,3.564558790767994e-05,1.4377163799198417e-05,-1.4720479364927093e-05,-4.112047421324771e-05,5.0895017263504445e-06,9.089688529496917e-06,4.174686414982872e-05,0.00013465918461070387,2.3388824778261015e-05,3.900326557469227e-05,-1.0456071531701064e-06,3.252820619524646e-05,1.4809712465756002e-05,9.54046096966616e-06,3.284170180467812e-05,2.9054159810945524e-05,1.647042555561999e-05,3.577189956966854e-05,-1.5572278714175018e-06,2.109793939093678e-05,3.0438232233187994e-05,5.091716206665653e-06,0.0002116354272484471,4.2366776460283104e-07,5.176856459302407e-06,1.8374976596854408e-05,1.1152745009120327e-06,-1.644923670296346e-06,-4.976686644780011e-05,1.7565242839042002e-05,2.925914975474178e-05,7.7460400895573e-05,5.6913962918805175e-06,2.614234957772109e-06,1.8260483394200442e-05,3.549538527222454e-05,-3.3250576135348544e-05,9.964486513307543e-05,2.839919962872618e-05,4.5155528737449084e-05,3.832042434112109e-05,2.0974034063202237e-05,-6.7334194190033305e-06,2.363969286649145e-05,1.0907531601501755e-06,5.835131143339442e-05,0.0,1.2013480973240815e-06,0.0003334606172078626,-7.008334859128369e-05,2.138164003679626e-05,-1.672722879202493e-05,-8.405197034744242e-07,3.7387525396191674e-05,-0.00014783610382244225,2.0764667654250926e-05,5.2839462609217785e-05,6.073713326507057e-05,-3.815233858683419e-06,1.601497137030742e-05,-6.607708595775295e-07,5.469690162792998e-05,1.823112370243758e-05,-9.141174652126145e-06,5.184223456474714e-05,-7.666821818224333e-05,-2.6354184309062565e-05,4.28461354043918e-05,-6.057669493538268e-07,1.7567931043708147e-05,9.231948898135792e-05,-9.086401892490391e-05,2.400264233930166e-05,4.052097180717356e-05,3.9620233302125005e-05,6.571521203050961e-05,-9.680381337447751e-05,3.4898380545094285e-07,1.9463682186477954e-05,2.6260391181847785e-05,5.550805313803325e-07,2.6741027010189764e-06,0.00011915857552513832,4.2507574498090564e-05,-2.8218490842554464e-05
BLHY,-3.956016762713839e-06,7.983246732779794e-06,1.3326209752924984e-05,4.921778052520456e-06,1.4737062527018577e-07,3.0947412876389044e-06,7.881143496738287e-06,2.928391959612294e-06,-3.124970274751043e-06,1.2217313637438986e-05,-3.4885486738823025e-06,4.4959818534054726e-05,8.934632150059749e-06,1.3518215104311228e-05,1.1889509558047586e-05,1.3653998440568437e-05,1.01093858959611e-06,2.0294447017771488e-06,-6.96882423720129e-06,1.891423763394735e-06,5.451381873732996e-06,8.59135233948262e-06,1.3443054378843035e-05,6.014376585803349e-07,5.028481700180195e-06,4.6874101972754735e-07,1.0313830621523838e-05,3.7906996741627906e-07,7.4433865399516866e-06,-5.42291936689633e-06,5.648917672898479e-06,3.5942593254780258e-06,7.131014907121831e-06,-2.8129892905755952e-06,8.394230486139195e-06,-5.123742277018472e-07,2.0092102753846206e-06,3.998723642522553e-06,1.1719235378798166e-06,1.0100475038663139e-06,5.35373636985464e-06,-5.303199441222331e-07,-2.429247025526034e-05,-1.1517018226491342e-05,-5.345340133246364e-06,8.0759669765396e-06,9.473646487245248e-06,1.692896492871072e-06,1.1032624834877163e-05,6.347519356235932e-06,4.893621007256693e-06,1.1897900181669053e-06,1.6191109264519766e-05,7.376329013129405e-06,1.2317351731465298e-05,-2.0072775314090764e-06,5.808009337539859e-07,1.4750190983422246e-05,1.0460752821587764e-05,2.213702150260877e-07,1.1202688186947016e-05,0.0,3.2104900295680366e-07,0.00014124694075931096,-1.429654909679125e-05,4.440942112094818e-06,-8.186636685362065e-06,-9.608161592982006e-08,7.5019989208829215e-06,-4.039360539398666e-05,3.5034340144058416e-06,7.976037785647534e-06,2.164836761390223e-05,-1.0455185666752464e-06,5.303551045140187e-06,1.5607228753347462e-06,3.47116549539928e-06,5.192727783803408e-06,1.8650181143087522e-05,1.509191261045274e-06,4.8726687586667826e-05,1.5075724229556272e-05,4.841102571263545e-06,2.3646546878016104e-07,-1.2087646951757641e-06,2.457792684428373e-05,-4.729319746715224e-05,1.9449682381792568e-05,9.425229068485455e-06,6.2970447632310815e-06,7.850103870444978e-06,3.348132815243377e-05,-1.0035645286948029e-07,8.872769487971765e-06,5.917578887272685e-06,1.0059037219057015e-08,4.313445070910859e-06,3.053232613933701e-05,9.378985139628853e-06,2.5460695582458525e-05
BPYPP,-3.362223217297537e-05,0.00013129431283768906,-2.7860714827272845e-05,-1.1887489580239008e-05,-1.642276348905602e-06,4.4196954486382085e-05,-4.781903941978032e-06,-3.124970274751043e-06,0.00013565390574862227,-0.00010711038378231067,-0.00014627069781558266,-0.00025840861653880553,-2.2002199757915155e-05,5.778947493460583e-05,0.00014534266075288675,1.2745844307193345e-05,-6.8670565547662925e-06,9.924533050141189e-05,5.380742396015858e-06,-6.8814531301273575e-06,-1.0366922953558207e-05,4.018208491725852e-05,-0.00019409311133451634,9.191629791016312e-05,1.6140713176846498e-05,-1.6040567723511982e-05,-1.5069170557575718e-05,5.453979167142257e-05,-2.1585757396654264e-07,-5.6063008041400494e-05,3.072907874572619e-05,1.122232249495061e-05,-3.4240187401636475e-07,2.3981880191906668e-05,-3.9775718237475114e-05,-4.502140610056331e-06,-2.0600240086344075e-05,-0.00017849447883230526,1.516363025987981e-05,-5.472461967897295e-06,0.00011864966767658483,4.94952269186605e-05,0.00012226899158165647,5.81221538459388e-05,-3.979285306903868e-07,2.6746184460287165e-06,8.317678707480693e-05,-6.9550320158522635e-06,-0.00010576753542829047,-1.600321009550859e-05,4.8630907085381905e-05,-4.6566610523450433e-05,4.023802145524307e-05,3.5736104497800866e-05,2.960178927576772e-05,8.402862881043627e-05,0.00013802873019995982,-6.24466572719009e-05,-4.978068166261575e-05,5.777584450728407e-07,-2.673539308786881e-05,0.0,-1.7766067229266832e-06,-0.0004607246357579993,2.4856677737535933e-05,5.816703462815939e-05,-0.00014075831463425647,6.113426957520731e-07,1.177735320193335e-05,-0.00021131513517956178,4.4828918334132505e-05,0.00011594922520106278,-4.8042368531925915e-05,-4.933954228845551e-05,2.5430480589656177e-06,-2.6891532689614326e-05,0.00021432959950073681,4.030698351826949e-05,-4.452463221238835e-05,-2.8367699073007962e-05,-9.108853063330222e-05,-2.807786397339239e-05,0.00010718733072433064,-2.8746894203703566e-06,3.1284176388130204e-05,-2.5386751582539494e-05,0.00011921673901915153,-0.0001783959056492947,7.967673437143423e-05,2.3993110110523878e-05,3.357128427564249e-05,-2.357155835728329e-05,-3.855588741913146e-05,-4.3605516792121575e-05,-1.8171740791157918e-05,2.707204419639949e-06,0.00012500648619688496,-9.216746689631562e-05,8.097237400033988e-05,0.0002851210247709777
BX,8.42391514118906e-05,-7.149911858722703e-05,5.208378642766709e-05,3.725528365100037e-05,2.8683823738529493e-06,-3.453223101675166e-05,1.7684368098233727e-05,1.2217313637438986e-05,-0.00010711038378231067,0.00019012495253682615,-1.64304271913278e-05,0.0003856759568031989,4.6453963891996985e-05,2.1342849851634924e-05,0.0004237476385224173,2.5833288018272465e-05,-1.0718287667435816e-06,-0.0001429944833016578,7.472575855772046e-05,2.2509967753936992e-05,6.892160315645374e-05,1.2246470127736231e-05,2.1337768875672805e-05,-4.980969280969974e-05,-7.393435215553021e-06,2.0150937899871305e-05,5.409014492251931e-05,-3.8907910844084285e-05,7.009600607894047e-05,-7.149937375810728e-05,-8.834350535642937e-06,1.4597223897058823e-05,3.158570825796234e-05,-1.9482239741205685e-05,8.575008936543935e-05,-1.4231693838956617e-05,-2.981014812946644e-05,-4.3533219563295804e-06,-9.934377916232616e-06,9.924152888867275e-06,-0.00010971276429403101,-7.64234602594855e-05,-0.00013361677494032467,-0.00014699347237727,3.5251853461044816e-05,3.369801495057701e-05,-6.433680198938534e-05,1.7359349516191882e-05,0.000151706613426037,4.795785187284314e-05,-3.5426150875414426e-05,0.00011762957477614471,-4.461777233113768e-06,-3.404532465193949e-06,-1.5388655473157206e-05,-8.131777729266111e-05,-0.0001091776448135895,0.000148118312017126,0.00011817359041080255,9.044490793647515e-07,4.3173553276081554e-05,0.0,5.90989274123689e-06,0.001172913376323482,1.0143747243881583e-05,-2.600310040374242e-05,7.112198496786266e-05,6.076224164648068e-08,-1.1913737204511345e-06,-4.758677227515807e-05,-8.749010542047606e-07,-6.649869130355654e-06,0.00016086436655754068,2.162570452239318e-05,3.9799986625968055e-05,2.8714020464476098e-05,-0.00021426337765064027,1.971431528956547e-06,4.1470723039178844e-05,-6.33402021214353e-05,0.0007366012933635825,0.0002224143673053619,-8.793899243012686e-05,7.502714601824637e-06,-5.425367973269286e-05,4.171840761355302e-05,-3.1639010260938874e-05,0.00021450608293117822,-1.6817132470338974e-05,-1.893469921899984e-05,4.477070573319863e-05,0.00029638224502538966,2.6362793054121616e-05,0.00010479035635512319,3.620335954090719e-05,-3.283573913116374e-06,-3.122827629749577e-05,0.00017618012778339287,-5.7399946415294025e-05,-1.0243201462787747e-05
BYSI,0.00023908332672343595,-0.0003444275656414693,3.537398862825052e-05,-3.4995059190410744e-05,8.703602029664462e-06,6.909348158144522e-05,-0.00010903645676538828,-3.4885486738823025e-06,-0.00014627069781558266,-1.64304271913278e-05,0.0028102737739752817,0.0013711571435497346,0.00016717244880867213,0.0001943956477408292,-0.0005094268528961516,0.0002242867554747032,-6.189547759213868e-05,1.7611577556956285e-05,-4.41238916680591e-05,-9.40375972997057e-06,7.475028173139833e-05,-7.263912515806163e-05,-0.0003617955030314383,-0.00012635686704418625,4.742483299783165e-05,-9.236128039044595e-06,-3.301451123216122e-05,2.4862025423646393e-05,0.00016146373705614546,0.0006800444324027355,1.9614099287290116e-05,-6.719160509800758e-05,4.240719029319071e-05,-3.6107039552794584e-05,1.0254069727817882e-05,-4.593724727454926e-06,0.0008192024134442403,-0.0025530043178849807,0.0001789692009112422,-3.145362140395899e-05,8.278932893974609e-06,0.00018844978389858063,-0.000534598380692196,-0.00027695740056801125,-5.458034580239405e-05,4.8902012180581244e-05,-0.00010102725734161738,-9.842300453055906e-06,-8.023470765093338e-05,-7.337922646256263e-05,4.4481988816743895e-05,0.00015569621503342822,-0.00021767748091896426,2.060213215154414e-05,1.5874079991521495e-05,-6.611117149006171e-05,8.663101803415455e-05,0.00020016334831212055,-7.352675419497527e-05,-1.3895232388837938e-05,-0.00015224248831834978,0.0,-2.800305426165681e-05,-0.0007854578908886383,-8.316370894792028e-06,-0.0001876961398989007,-2.2045842908056757e-06,1.7796930696091372e-06,2.6727053966012984e-05,0.0009728194279871031,-2.4654236446797578e-05,-0.0001527371983510439,-0.00016061970717399585,1.8826826723340782e-05,2.918934823520048e-06,-3.889053770133005e-05,-0.000368912779685854,-8.19343841551268e-06,0.000753382752125617,-0.0003605422236210211,0.0011798500080848952,0.002154068122787129,0.0002410239740530744,5.652101738200596e-06,-3.2866898633695456e-06,-6.991365664705667e-05,-0.00032324139284925653,0.0009308909483956051,-0.00040916293781990303,2.5997002739878523e-05,-0.00030447110389480336,0.0006083935883202617,5.1482472534165306e-05,-6.278049871317971e-05,5.31481054896032e-06,-2.1796909439466037e-06,0.00012003764372806313,-0.0004927111236998785,0.00017750456708252388,0.0001276015044819462
CDAK,-0.000660014230161428,0.000792142132400121,-0.0002910602093789752,0.00024169690235252293,2.4742561326643348e-05,-0.0011309030668412237,0.00021366434374797027,4.4959818534054726e-05,-0.00025840861653880553,0.0003856759568031989,0.0013711571435497346,0.01262903422243656,0.00012131876014597613,0.001283918721280954,-0.0015188837281154856,0.000718809420524979,0.0003681238502037369,0.0006898684164946115,0.0015950806845981265,0.00011116681824282667,7.896775358168679e-05,0.000325484463256086,0.00029678791587050077,-0.00021425103918641975,0.0004537725994177714,8.974465063719844e-05,0.00022841858048835387,2.0715187779935675e-05,0.00034661720362759067,-0.0004867494007572115,0.0003639388907799622,0.00021875587096930544,0.0004413772450925071,0.0001491052107259606,0.00030561308314097245,0.0006092750623408643,0.0007411555716400305,0.003055597184998661,-6.202584604530534e-05,0.00012848357962254975,0.00012702036985806357,-1.2485223399344913e-05,-0.00019480363548585758,-0.0012515456824423407,0.00033804090876213174,0.0004944468817667566,0.0006451520621459245,0.00011286528285170772,-0.0005326636104477013,0.00015230395204768435,0.0007023052922918208,-4.947861780793565e-05,0.0013031144622289098,0.00030186167750986283,0.001312459120961513,0.0007483606335318653,0.0010163876156259227,0.0005436543150816591,0.0001322279665000292,-2.4209367846849092e-05,0.0007436341533186931,0.0,1.9431597704436472e-05,9.80608922574513e-06,-6.0146573149221615e-05,0.0005009418258229481,-0.00026816664344700685,-4.070292924725828e-06,0.0006895730796010324,-0.0014815537610905793,0.0001738394402042686,0.0008958819128183374,0.0003858378289934064,8.998386138927277e-05,0.0001470369816014528,0.00011269409791899536,0.0013592782033039982,0.00013673982282870877,-0.0003679728416936679,0.00021932502274500022,0.004088669854604626,0.0038726697297185243,0.0007870698504956154,5.394948273101758e-05,0.00031689191551439945,0.00028218330006722604,-0.0005073651308961939,0.00213448222415806,7.126979438318414e-05,0.0007630450860096905,0.002518080140875862,-0.0014486905553224895,5.906566568695002e-05,8.497805817256693e-05,0.0004180643912026432,-1.3525346103745827e-05,0.0006516591688544527,0.0013595311408057256,0.0009557593246049412,0.00046541920319731283
CNCR,0.00011013293083891233,9.024588581590307e-05,-2.2495451987596253e-05,2.8048847985805692e-05,2.5852695546672277e-07,-4.365462613809325e-05,3.059295776052503e-05,8.934632150059749e-06,-2.2002199757915155e-05,4.6453963891996985e-05,0.00016717244880867213,0.00012131876014597613,0.00031112743632190386,0.0001007547014699304,0.0005386358144300345,4.8651795261668644e-05,3.266980255867485e-06,4.714895982431071e-05,1.518994219789056e-05,1.1789281615088813e-05,9.043120378555389e-05,0.00010518652724554045,0.000478743694213627,1.924633281187771e-05,4.9723153649574764e-05,-6.537416266470224e-06,5.8470705202570555e-05,3.349921290092871e-05,9.271507314848303e-05,0.0010123909413552545,4.0097731409024653e-05,6.390461663675377e-06,0.00011379009252387449,-5.380199068279926e-05,7.483539232979319e-05,0.00013999576101468434,0.0001157038244730965,-0.0001395844966141529,8.683598293407916e-05,-1.8665030440675978e-06,0.00031809265933740105,1.0069519822301424e-06,-0.00012669042294457625,0.00019597683723911898,0.0001634295914863343,0.00011489760369906698,0.00014595827373082486,1.0599056308938237e-05,8.277022415991377e-05,-2.017748800730289e-05,0.00013075680079461347,9.215768441436937e-05,0.00014638346998808126,2.7992885909991812e-05,8.704228080259764e-05,8.520263562442714e-05,0.0002507191797696027,6.702597084995802e-05,4.131887555585155e-05,2.5967042317303155e-06,4.166580761667896e-05,0.0,-7.568361497362174e-06,0.0016728723168833036,-0.00013565035507935385,0.00012216376726153938,0.00028692207423050553,-3.173006154423847e-07,6.632368539131917e-05,0.000763852257198203,4.324803206152506e-05,5.5840734251378517e-05,5.0573043844552085e-05,-4.5286069910288e-05,4.692430866755599e-05,-7.1981671991673e-05,0.0001460438112913735,5.4522047718626716e-05,0.0002260812382923659,-3.759202234513022e-05,5.1647664530695955e-05,-8.487643464904773e-06,2.569043973168738e-05,-4.1707199959955106e-06,-2.3133062244410425e-05,-1.1821458634410798e-06,0.00016521258571964767,0.00037288909904679377,-2.3819337037004568e-05,8.46428693428978e-05,1.2187841130711542e-05,2.9275978064297653e-05,-1.4260336951201305e-05,2.8637798983175716e-05,2.5024867641848863e-05,-2.528709767254335e-06,8.930020122966233e-05,0.00021632905341798889,0.00016132682266176975,0.00016580166920692003
CNXN,2.5091021694279384e-06,0.00028208944266442076,0.00018131972612277995,3.954303787164165e-05,2.8373506707594346e-07,-0.00017328317469678193,5.419376344351454e-05,1.3518215104311228e-05,5.778947493460583e-05,2.1342849851634924e-05,0.0001943956477408292,0.001283918721280954,0.0001007547014699304,0.0004042378995121954,-0.00031886991958504673,0.00021310870873454994,2.4376846785673524e-05,0.00019678647072715337,0.0001561483156375732,1.6119647891334657e-05,7.079195089908894e-05,0.0001442140270191953,2.724335613650351e-05,0.00010606406479248248,0.00012886376549729316,-1.3107244266614815e-05,7.533224192545455e-05,8.80127988903525e-05,8.729567976505717e-05,0.00014650335198762,0.00012035954477520583,6.36681517991715e-05,0.00015530522660726033,2.7550089654627085e-05,5.214574766514415e-05,0.0001637584526798233,0.00016461481776265202,-0.00013619465078785895,9.169596924916585e-05,7.325627140088719e-06,0.00019821751120764264,4.910577801515112e-05,4.217703084073596e-05,-0.000224991983181652,2.5630178533696616e-05,0.00014706677609304547,0.00023629259827633053,9.297399872247692e-06,-0.00012296908231859344,-7.236588604314126e-06,0.0002233051151303518,2.2486824082554066e-05,0.00023971521138521745,9.732887682240002e-05,0.00021310701812246312,0.0002523573049596832,0.0003692819993609595,0.0001478411927512662,2.0779762151126375e-05,7.724159211586676e-07,0.0001387857455156131,0.0,2.7430357289444157e-06,0.0008042107034501558,8.417925309908453e-05,0.0002095291978765054,-0.0001722322077296486,-1.767081727161483e-06,0.00015320898983723635,-6.163860751644471e-05,0.00011592147303698516,0.0003358243059653924,8.577067083706294e-05,-8.54346900664762e-06,6.428343265461224e-05,-6.289921043114101e-05,0.00046429892297483033,8.920339481493464e-05,-6.53168387572432e-06,-4.369725585772863e-05,0.0008923084045161851,0.0007676929608937701,0.0002654237788711785,2.388482275171622e-06,7.154573580752749e-05,0.00014618331409799436,8.369743143802014e-05,0.0002829476987645232,0.00013362121300115702,0.00018252690609777734,0.0003590277700808338,0.0001305044760063127,-8.765929836449651e-06,2.8965255228368355e-05,7.285017187311094e-05,-3.2685678513854e-06,0.00034838526227591354,0.00023121356305975285,0.00032617065092071504,0.0003005977892658089
COCP,0.0004186920387890722,0.0002375986870044356,-0.0007470271105758118,0.00011324407119817149,1.76020635028922e-05,0.0009797428577139194,-0.00013774226366000084,1.1889509558047586e-05,0.00014534266075288675,0.0004237476385224173,-0.0005094268528961516,-0.0015188837281154856,0.0005386358144300345,-0.00031886991958504673,0.014009936503318643,-4.6667483647237445e-05,-0.00015728126296189697,-0.0007861735870340558,-0.0001259866495312328,0.00010663811414276233,0.0005633688116475558,0.00033082765071807904,-0.0010216314051149865,0.0002848059025718581,-9.898549178819135e-05,5.705665517720085e-05,0.00013544696910074353,3.155091433055067e-05,0.00045501110541677314,0.0029218578935365294,-7.462814728323628e-05,0.00013900733794103135,7.78673245289023e-05,-4.1864940553087275e-05,0.0002840568414462649,-0.00033926816340444535,-0.0002143263410429467,-0.0024239227087150123,-4.910073970063941e-05,-2.6047580686656318e-05,0.00034282550328936824,-0.00025045624651766867,0.0020636834459537646,0.0004329608653666366,0.0018061567991029977,0.0003271152201811931,-0.00016444573739381942,6.700619420478413e-05,0.000699667673490144,0.00011466004880692327,0.0003499973660347585,0.0003868386698245856,5.791288786091801e-05,0.0002738970535295264,0.0007531818598678889,-7.934221682718624e-05,0.0008611780738976135,0.0010809181173587693,0.0003493421242135474,7.92450288796984e-06,-0.0007431926981506645,0.0,2.9497226787521755e-05,0.007591736443069962,0.0008142046330086979,0.00015044767739882156,0.0004284977093809238,9.896727276070579e-06,-2.926520177636722e-05,0.0006801960062361586,0.00030128480248121567,-9.059546143528245e-05,0.000940072698312387,-0.000399399453519629,0.0002521398755002182,-9.379878912920206e-05,-0.00032839556778243884,0.0003188388946456772,0.00015862344928776738,0.00033349815104197374,0.0009317749491399614,0.00016169374785782908,-0.0007406689987170431,1.638541866959075e-05,-0.0005184661765540411,-0.0014571940190512655,0.0027739019683068055,0.0012381371360748914,0.00042013105646458205,-9.362794061486149e-05,-0.0007559538059107697,0.0038373360692350515,-7.952303699942686e-05,0.00028652632734398916,8.724688664587773e-06,-2.8137472530920575e-07,0.00018453763142446493,0.0012200814847406856,0.000633106007937681,0.0020858638971878963
CRWS,-4.8858500332192186e-05,6.106988349730271e-05,-8.486072252095579e-06,3.591514605718236e-05,1.8027698722505287e-06,-2.6370157902763574e-05,3.564558790767994e-05,1.3653998440568437e-05,1.2745844307193345e-05,2.5833288018272465e-05,0.0002242867554747032,0.000718809420524979,4.8651795261668644e-05,0.00021310870873454994,-4.6667483647237445e-05,0.00020532355444116652,1.0507240955506844e-05,0.00025858709257352454,6.2597949471832e-05,1.6565664817891803e-05,8.122703489379823e-05,0.00010612718650499231,6.401987381960535e-05,5.6217880913770586e-05,5.1197604884972356e-05,-4.208972720354327e-06,4.719698940018903e-05,4.18038205517944e-05,7.274670749159932e-05,4.6993974345511224e-05,7.333397487546534e-05,4.2256925362641876e-05,0.00010319779211679106,-1.0019468966672133e-05,5.9522308680571105e-05,3.543438640438798e-05,0.0001248182358183699,-5.020639930280758e-05,6.239411558409263e-05,7.281441252259878e-07,1.1053682826468981e-05,2.9425550066317372e-05,-8.51454854635571e-06,-0.00016288476109445186,-1.95654841357289e-05,0.0001018447320538396,0.000156568604075221,1.2595087850253977e-05,-3.28734605897579e-05,1.4402344420892282e-05,0.00010954646154702212,6.87806677766913e-05,0.00016456088244838353,7.368449738565639e-05,8.158398724102169e-05,0.0001411318272521445,0.00020811403618072082,0.0002854210314311739,6.082124520173511e-05,1.1400058244654444e-06,8.443470015471183e-05,0.0,2.9136607006737697e-06,0.0009239922883800857,7.141489933587288e-05,8.494623975243779e-05,-0.0001493200492231449,-1.3186716608645022e-06,9.470157661349493e-05,-0.00022300129232526142,7.866343882728425e-05,0.00013807997659184826,0.00012443044367305302,4.1400218912887736e-07,5.9839510798252926e-05,-9.55667762744288e-06,0.0001861557448382026,7.752652184110812e-05,4.8195760998730376e-05,2.4535558177431336e-06,0.0005933104713299999,0.00029584203803165513,0.0001403481038767272,-1.8084246267809487e-09,1.2494839019613775e-06,7.109354378920077e-05,-5.664391608703681e-06,0.00019672346007049932,9.752768964308964e-05,8.945537451407741e-05,0.000153913325147911,0.0006902433388187625,-2.354980464079106e-06,5.3704371970674314e-05,5.534419361512711e-05,-2.3419975249888785e-06,0.00022328368739112005,9.314911420090539e-05,0.00021920614701145032,0.000192960189940566
DBA,-5.350381618156837e-05,9.03464010179433e-05,1.703069378573962e-05,2.3351707887618854e-06,1.2511493500238525e-06,-8.05737395359495e-05,1.4377163799198417e-05,1.01093858959611e-06,-6.8670565547662925e-06,-1.0718287667435816e-06,-6.189547759213868e-05,0.0003681238502037369,3.266980255867485e-06,2.4376846785673524e-05,-0.00015728126296189697,1.0507240955506844e-05,4.1575911919401504e-05,1.6347600376626e-05,2.850409483770999e-05,2.725660297945857e-06,1.0840869451999898e-05,2.4315523917771522e-05,9.451766970468147e-05,-1.3263565397796167e-06,4.771808347364645e-07,6.904569405820492e-06,-2.3237454167594958e-06,-8.101522262042248e-06,1.9400356957063734e-05,0.0001663610958834864,6.8126522101234695e-06,8.405837493590033e-06,9.41467567179262e-06,9.98927590071736e-06,-2.2095040460218567e-06,-1.8364412349482737e-06,-9.190363964827956e-06,0.00023746654778352783,-3.3647873432181695e-05,4.150182921993702e-06,-2.7621089752184853e-05,-7.4586738326987516e-06,4.0154350409646885e-05,4.017357007686345e-05,1.013197928818296e-05,-1.084558539225044e-06,-2.5640700354772425e-06,5.015476239767231e-06,-2.110109248022252e-05,1.3166995360803134e-05,1.535561729693597e-05,-1.219280730222648e-05,4.4702626822352575e-05,1.856740678466605e-05,6.704832960609617e-05,2.9079746368654524e-06,2.941372501320164e-05,-3.9970917569888944e-05,-1.1289519276098613e-05,5.031962346392893e-07,2.8223013188297104e-05,0.0,3.352899646505475e-06,4.2913917466015805e-05,9.854102222744696e-06,3.905753237567338e-05,3.3402374644601464e-05,-1.9505321042867034e-07,8.078855596208162e-06,-4.613394797731045e-05,1.0939321408670367e-05,1.0313201136597193e-05,-2.2282595448310927e-06,-1.3051960706404294e-05,-2.4929549431659357e-06,1.5015006110833156e-06,0.0001178277544243267,1.0129941552604583e-05,-2.8113366159426435e-05,3.844204193884711e-05,3.270085866746944e-05,0.00013543697508824591,3.2518191399309807e-06,2.255467725338043e-06,4.222496267098838e-05,7.336183552544352e-06,9.722953825395284e-06,4.3564193900465215e-05,5.393990894056987e-05,1.4133737994712365e-05,8.234442364464917e-05,-0.00018181756400349823,2.1583197034964237e-06,-1.275830660190679e-05,-1.18647915750596e-06,-1.3933535048677477e-06,2.3336797665603655e-05,1.4489484809403561e-05,-2.719067885788895e-05,-6.240123228742363e-05
