,AEG,ALV,AMC,AP,ATEC,AVID,AXL,BAM,BAX,CASS,CHPMU,CHSCP,CVET,DDLS,DGLY,DIAL,EEMO,EGAN,ELAN,ENLV,ENS,ERSX,ESGU,ETG,EYEN,FOLD,FVRR,FXG,GBT,GDL,GNL,GOOG,GSIT,GVP,HTBI,IGHG,JCO,JCOM,JJE,KRG,MFGP,MIDD,MOHO,NBHC,NOMD,NTUS,OOMA,PENN,PETZ,PFS,PLW,PRGS,SCHE,SDD,SGH,SPDV,SUNS,TEX,TILE,TRIP,UTSI,VKQ,VRCA,VRS,WTT,XES,AERI,AJG,APLT,BBQ,CXW,ESGD,FDT,FXB,GGO,IMBI,JPST,KALU,LKCO,ORLY,PLOW,UHS,UNH,VGK,VLU,CMBS,CTG,EIG,HDEF,IDT,JPUS,LDOS,ONTO,PBUS,RUSL,SGMA,SSY,FDMO,NMM,UGI
AEG,0.001962468350110429,0.0012344282975490998,0.0022904918469400406,0.0009906260566056406,0.001623779590980713,0.002160366893978621,0.001294257757330692,0.0015011706043081424,0.0015255184607928457,0.0016230421486338974,7.406348442668299e-06,0.00024757877315845244,0.0017203483097164207,0.001284593759073033,0.001973175717992614,-1.0597985986797959e-05,0.0014337319181875227,0.0014228157446957326,0.0009753583721024064,-0.00017606107823661495,0.002013917406651553,0.0012953317282995492,0.0013153602156375818,0.0012909827734816851,-0.0005635532853338898,0.0016059578558674978,0.0019899563134139235,0.000934256917869807,0.0014369859680445844,0.0005545721720626,0.0016211525260995633,0.001274300814513994,0.0004577946846265738,-6.106720740695521e-05,0.0015519581649080182,0.0005716906233703958,0.00026405686002500486,0.000567076707536365,0.0017503967335838466,0.0012550986150371786,0.001579794703028828,0.0011154192243057785,0.0007080210826860488,0.0019752836496757004,0.0007640478199187812,0.0006011706268336805,0.0012229030446435562,0.0020940767396442268,0.0011555596439659416,0.0012834490480662726,-0.00032980546806816465,0.0014571199325797233,0.0010881138466677573,-0.002648954458259566,0.00230415282512334,0.0013582293849061183,0.0010169784809349884,0.0019022504099376627,0.0013522130666106028,0.0011300367072665121,0.0002544996480045939,0.00018285447663645218,0.0011339186661447841,0.0010350659716856037,0.001111208034378458,0.003203423290407631,0.001214503569943814,0.0012391051523264688,0.0019128956852361384,0.0008136700316839532,0.001431877817044146,0.0011501219918109114,0.0011513410520804716,-9.64050008139968e-05,0.0005526952295325898,0.0011688225972881726,1.5664729132005106e-05,0.0016795909264955137,0.0010308356013659559,0.000539094817167127,0.0008434188765460699,0.0015622041645233279,0.0011325862200774043,0.0012827289108134786,0.0013240750862414305,-0.00011397367776903496,0.0011835321732847851,0.0006515617727770361,0.001239677637566837,0.0017664320901379605,0.0013135109642279342,0.001364947867871767,0.0015091532890269255,0.0011976034622231428,0.006363619910124241,0.0004032719528703623,2.845255773503314e-05,0.0012814859395156618,0.0027898950449070465,0.0011906450170232107
ALV,0.0012344282975490998,0.0011830434329629168,0.0015509774040384089,0.0006871189155707154,0.0005402281982966707,0.0020034111863266465,0.00128631862947873,0.0009159928112311703,0.001043489297762226,0.0011693054246560816,1.4011726443469678e-05,0.0002012281725821057,0.0015973694461729388,0.000953525227518949,0.0008661026970464705,-7.958528505559879e-05,0.0010301617581969361,0.0007252317762673447,0.0006395975537529619,0.00036141775844308996,0.0013485767132335302,0.0008816812269975094,0.0009292940207042686,0.0007551744487842878,-0.0010861022261752402,0.0010670968309837395,0.0011256215754695952,0.0005525519753229788,0.0008346009004328436,0.00031215810775177825,0.0010175940394171483,0.0009869371434662111,0.00015855140388850242,-0.00029403508447894603,0.0011142983516818797,0.000312353137592388,0.00018233077826305187,0.0003003969667593188,0.0012415736849513354,0.0007465824479608512,0.0011168052334620106,0.0007158062066806147,0.0007847669035934985,0.0013194547307670622,0.0004791230670470077,0.0005007722536313646,0.0009055756824698526,0.0017655284113802761,0.001186478502888526,0.000693523947124244,-0.00031882219870848946,0.0011870231385287906,0.0008164679095908795,-0.0016883540844360434,0.0018445386916358807,0.0008608920247101313,0.0006308459316856665,0.0014131118259131782,0.0008353971901283032,0.0006059514546386415,0.00014206743390788446,1.7262568697537926e-05,0.0006225147996881526,0.0004983586144439897,0.0005250972262764637,0.001820945673721851,0.0007997158751939644,0.0008192998278786183,0.0011456964694404712,0.0003419905995875138,0.000694270306300521,0.0008111947873473371,0.0007864375115791145,-0.0001338646523119451,1.216397840125842e-05,0.00026393469536525974,7.861453723549717e-06,0.0012328990156418441,0.0006634760913655375,0.0005496106017030543,0.0004982091593127031,0.0009707903809917843,0.00083904798826264,0.0008697549374638568,0.000893680331797703,-0.00015450568158963978,0.0005830645228159453,0.0003312824044320627,0.0008321353356513541,0.0010484836795677233,0.0008892913537449272,0.0011131195376421995,0.0009492799010525493,0.0008065467196851688,0.00453395680739745,-0.00025116844914440935,-0.0002243616979138989,0.0008877149774544487,0.002361401938442207,0.0007413576558394724
AMC,0.0022904918469400406,0.0015509774040384089,0.0051212047728257295,0.0016273376116946892,0.001824702166391807,0.0028201282938446585,0.0023930190682173616,0.0016043277686381954,0.0018459008345971576,0.0018736418085112062,-5.226626113257777e-05,0.00013026143170967783,0.002903136753979129,0.0015133241754164094,0.001821249748794098,-2.514597858544582e-05,0.0017084027946956968,0.0013012869913314872,0.001270373666808179,0.0009880324242457763,0.002495654853789172,0.0015249796880974823,0.0015156228185730653,0.0013243325861939765,-0.000987386844724818,0.002060655162782111,0.003167882914601526,0.00098356238939048,0.0017518108946521075,0.0007814569265230581,0.0018560838989850827,0.0016048418750353875,0.00010286909384684086,-7.442164208982234e-05,0.0018012023725941942,0.0006594725414341542,0.0003129923172643033,0.00039963194913133994,0.0021613682277609432,0.0015667378310933733,0.0019363439887644842,0.0011380771261451333,0.0010873893899798,0.002488796400593473,0.000879482335881163,0.0004244547245034934,0.0014275262597294794,0.004233705930016618,0.001199148270325643,0.001322579789632236,-0.00034412099560435217,0.0020310303899080217,0.00127655449216508,-0.00321835053732879,0.003069545658818886,0.0015377508562676755,0.0007321731800664168,0.002696861861169399,0.0013325486526069236,0.0020007581445266372,0.00013697966288842112,0.00020379179875638714,0.0005509472080944209,0.0018528733649812658,0.0017133298452464136,0.004085339374620789,0.0016615991623173283,0.0011738429932117557,0.002363793301810634,0.0015868273328186373,0.0013219497580854401,0.001373106447307707,0.0012823956685396965,-0.00021514029951825756,0.0003584403739290742,0.0015639007664998519,2.2109026229378412e-05,0.002308900904492685,0.000874701325479147,0.0009478278023777404,0.0014995698155480742,0.001647515471569931,0.0010117315335050896,0.0015115281295432618,0.0014988486955801637,-0.0002493385376148371,0.0012974173720222742,5.257074847494441e-05,0.0013868106370531468,0.00237774425462162,0.001532307434639851,0.0014407038254177806,0.0015046482264754494,0.0013284309549121765,0.0072022636466392434,-4.117360506646167e-05,0.00015811477793781055,0.0014624806913630575,0.003853402433560218,0.0015676361077993988
AP,0.0009906260566056406,0.0006871189155707154,0.0016273376116946892,0.0011771202401579355,0.0009841010347052684,0.0011853133141619895,0.00032009157797338215,0.0007870856071144801,0.0007652173748895957,0.0007342968855228079,-6.478856291599869e-05,0.000156138152164665,0.001667832671459635,0.0006962879695686769,0.0017073722862707677,2.420605997301072e-06,0.0008130107438826903,0.0006195477502885606,0.0004411665215800875,0.00026210776797436593,0.0011078075018923174,0.0007169352909965337,0.0006213999317128736,0.0007807482358554049,-0.0007834702474273518,0.0008235490773016844,0.0010516086491666168,0.00042200723570440983,0.0006247293899080633,0.000374227544695032,0.0008561235196634729,0.0006414109291597757,1.4062407711767829e-05,-0.00040544047967399613,0.0007325000027280004,0.0002872552842031967,0.00015889873457402206,0.0003918448766500807,0.0008557708229235076,0.0005196714061369758,0.0008460649039908718,0.0005826267976019715,0.0007954011787730498,0.0009788173153715853,0.00044024850034811463,0.00013996643117611873,0.001007194856428476,0.0015750796566072463,0.00014524624918914534,0.0006633364179001955,-6.370132351347152e-05,0.0006992659210095265,0.0006077360705098627,-0.0013495710833272734,0.0012428135733415098,0.000657010035550284,0.0004763850442178303,0.0009580083712924755,0.0008022462106327379,0.0007700765141795143,0.0001383287511309282,0.00015258629030220975,0.0002731368868030752,0.0007667547022210849,0.0007498709270894747,0.0016025959974331522,0.00028689687591015964,0.0004712281722137736,0.0010000913382061968,0.0005482821515913989,0.0008196221408520094,0.0006106451800060963,0.0006264367186581487,-6.336935252468252e-05,0.00034364331364486456,0.00037777225891839596,9.041827812700418e-06,0.0006790367732851562,0.0006932838401102366,0.00033688132346972147,0.00021324426382232967,0.0006778748858220988,0.0004484433365651883,0.0007019405753926563,0.0006452514210001923,-5.8513240336398e-05,0.0005640492711322158,0.00020571716468289274,0.0006438319502976461,0.0011092340961170644,0.0006311186277104266,0.0006614248860647623,0.0007854328850309361,0.0005505369153801608,0.003261534713251863,-0.00017567807414663276,9.50648929950173e-05,0.0006142563629775448,0.001590010663100308,0.00040879163937533256
ATEC,0.001623779590980713,0.0005402281982966707,0.001824702166391807,0.0009841010347052684,0.00301578695983184,0.000932193058704964,0.0005641232626914819,0.0013371813222871713,0.0013419710719103283,0.001100626380654525,2.2999661595429274e-05,0.0002732101092913864,0.0004140204766124755,0.0008404329973499447,0.0027348283234997755,-6.728735453268879e-07,0.0011106246624993806,0.0013991567074869442,0.0008123009879157726,-0.0017054982671675138,0.0016834455668169898,0.0009978188592643833,0.001143741492435833,0.0013389201733165843,-0.00016053293568524604,0.0011458058245792187,0.002120430953157437,0.0009498680963540748,0.0013478700685546814,0.0005072671142084793,0.0012314865611348735,0.0009392476998539249,0.00048120302317120577,-0.00010967244884673653,0.001050926582656013,0.0005036295860633453,0.00019459306314585645,0.0005540668623077638,0.00143560076775615,0.0011417164727183188,0.0007030072449201094,0.0009841068985194724,-0.0006697286964089577,0.0016689161157990482,0.0008668010988832279,0.0005211165349200037,0.0007538406572918089,0.0010336828144249344,-0.0005542696418452553,0.0012680093634592873,-0.0002492988863482541,0.0009710926287015022,0.000763320087620426,-0.002295992235546882,0.0013920931030437346,0.0012995993815896796,0.0010104814370251861,0.0013624860268400733,0.0009844416527120187,0.000985214307403868,0.00016332474002590298,0.00021480814785855096,0.001091501886341294,0.001372074132531735,0.0011055195084683572,0.0026710644100679044,0.000956905526324,0.0012200722072235287,0.0011819931875255273,0.0006906333785719617,0.0018908437003060303,0.0007882250765731357,0.0008505195958224972,-4.4347768586945804e-05,0.0011003226932418666,0.000882682390590225,1.1490237485851729e-05,0.0011529107708216461,0.0009330509170081692,0.0004486370766792093,0.000655572633146916,0.0016151316327167897,0.0011468952851345171,0.0009676351272009005,0.0012436889627026341,1.4534970503926462e-05,0.0010308105917368176,0.00091725658588401,0.0009840928345657808,0.0017786531682721814,0.0011594196143102865,0.0011533118216701993,0.0014104521959016978,0.0011634272460435836,0.004547377026334571,0.0008021840384233643,0.00027466841466730456,0.0011491949834480306,0.000963092156415022,0.0009103321151424497
AVID,0.002160366893978621,0.0020034111863266465,0.0028201282938446585,0.0011853133141619895,0.000932193058704964,0.0046045049408746375,0.0016899446327500415,0.0016471663660878157,0.0017599418251456652,0.0019369610574970656,0.0002168951943733565,0.00027771294865887503,0.0024776834190379923,0.0017197203780753023,0.002444379882604698,-0.00016005872186212878,0.0018408691010252836,0.0014464634815741734,0.001107493080178484,0.0005435654867087171,0.00245295875204557,0.0015550813190276039,0.0015199815473069087,0.0012244404219141935,-0.002630754059309321,0.0021737423815178887,0.0017812506651277145,0.0009482835202182162,0.0009049552138081228,0.0005858215966282175,0.002022677285604724,0.00148587768036155,0.00036076638813970456,-0.0003548271225127402,0.002273617286796173,0.000580874275497889,0.0004616338858330998,0.00034748282859805056,0.0022719479480378777,0.0015917657539050696,0.0018861949677115714,0.0008665645364407868,0.0012217379318597578,0.0025367271043204884,0.0006959405030824135,0.0008177819224675691,0.0016722675069063566,0.0032670940672931796,0.0017862662272617076,0.001054774408807703,-0.0005994593852758698,0.00214670066424519,0.0014163347656357282,-0.002866311285410761,0.003261681589988206,0.0014164334876267503,0.0010664298674997802,0.0024278705101732656,0.001471212954199737,0.0007226066653277963,0.0003740672356614738,3.0035214406894396e-05,0.0007848867176240254,0.0011490556041674957,0.0006833059475068955,0.002974248181678556,0.0010086057792052185,0.0012941159005239262,0.00173457847213161,0.0010045361916659102,0.0010155677460133925,0.0013927664277821722,0.0013216108720595383,-0.00020626505239278354,-0.0001518635923194122,0.000845653397688798,1.623267443799447e-05,0.0023630166281019727,0.0011380033809050346,0.0008815089624275962,0.0008249500525769551,0.0016000285486776607,0.0009280050377393616,0.0014498499353733662,0.0014546755989608851,-0.0003319826714819502,0.0009512448152226421,0.0003652676296815833,0.0014368626101998213,0.0015397916014361732,0.0015191009316088367,0.0017036116227537473,0.001657802036658267,0.0012890470462136193,0.008557253921609038,-0.00046093758281656933,6.645103061305725e-05,0.0014691631031070393,0.004705437353653269,0.001477980616377272
AXL,0.001294257757330692,0.00128631862947873,0.0023930190682173616,0.00032009157797338215,0.0005641232626914819,0.0016899446327500415,0.0037758647844426535,0.0009846127034674544,0.0014116450475943545,0.001264700663328626,1.453932944471574e-05,0.0002488062291138274,0.001169891456168399,0.0009905592375887646,-0.0025833415757421825,-9.93998707704736e-05,0.000984058179911905,0.0007236710112533743,0.0009882144854464888,0.0004980274805567901,0.0016528598242155099,0.000985745600351962,0.0012152723185965082,0.0008616663596237618,-0.00036243376818076726,0.0015140383270113799,0.0020849507055013664,0.0007771264532131508,0.0017191376367354033,0.0002049400283689064,0.000993461119008689,0.001243685287266936,0.0003531680981863305,-0.00014886327798443078,0.0010113775989641692,0.00028816154697315985,0.00010400419403398237,0.00024414204555656875,0.0013925760679869145,0.0012133300008884294,0.0010736661141631547,0.0009560468404972731,0.00017647129894109162,0.0013919076993715645,0.0008593954486413685,0.0007470851784189194,0.000586183943627513,0.0023073814830752905,0.00038282076535921255,0.0006917388424727551,-0.0004608075285067062,0.00159864464495616,0.0008397301122321356,-0.0021567162375809696,0.002089310226326883,0.001143243687826861,0.0006492300783854692,0.00218734692157823,0.0006286063504515788,0.0009670281136308675,-7.597399705457969e-05,-0.00015381725070820397,0.0011696225078037397,0.0009052283479816784,0.00099715324501381,0.0022134843187132363,0.0020227866521680027,0.0010995672141493873,0.0018256929796877299,-0.0001935850978133225,0.0010466169311593566,0.0009237687688587522,0.0008274539991714109,-0.00020418799218768953,4.167728580456082e-05,0.0005727685602432142,7.269900079200877e-06,0.0016021723243188463,3.99867964282541e-05,0.0008070244770562631,0.0007060408669059987,0.001365913231010874,0.001636301067124287,0.0009959402196724801,0.0011610065541249046,-0.00023230170947995978,0.0005614022345294402,8.259735004140374e-05,0.0009611395413950438,0.001003603040842801,0.001150188936905698,0.0011444023274888176,0.0011934209106222453,0.0010988303142808774,0.004383136571285627,-1.8116958337314264e-05,-0.0002852936140687427,0.0011189681197473534,0.002780371267554772,0.0010687841253779879
BAM,0.0015011706043081424,0.0009159928112311703,0.0016043277686381954,0.0007870856071144801,0.0013371813222871713,0.0016471663660878157,0.0009846127034674544,0.0012656150914609331,0.0012275810191000403,0.001252482916964522,-2.523574824619594e-06,0.0001916049231863621,0.001262171291072749,0.0010242373302424856,0.0014644458976764269,5.312249136951558e-06,0.001136487452076437,0.0012731047539869833,0.0007280468330413305,-0.0003220369771976902,0.0016385614071319644,0.001050878511144117,0.0010917719504680396,0.0011305151284105276,-0.0003930207764389524,0.0014220743362949677,0.0016100136581163407,0.0008122140850827382,0.001291540226912394,0.0004407609362841066,0.001404048437414307,0.001030548231312237,0.00044677017788390946,-0.0001731293495406605,0.0012260653747960015,0.00045535572608292014,0.00022096365107281463,0.0005518723009837081,0.0013799837754886982,0.0010780733715705455,0.001205479233367767,0.0007775188431058652,0.0003290642329493344,0.001539248087509532,0.0007077625429676261,0.0005035996708438272,0.0010936569508933453,0.00164261700149402,0.0008456652238423661,0.001052356102842368,-0.0002225642003211935,0.0011720312166357148,0.0008614593715695563,-0.002171415104936418,0.0017978559753826914,0.0011255527040838625,0.000914839332525451,0.0014453163747608657,0.0010688001084208437,0.0009224467483563692,0.0002103092818619044,0.00015007125483153873,0.0010873312413464558,0.0008482109068487251,0.0007836043893692912,0.0025394246845605794,0.0010093311753817634,0.001022363170497898,0.0014396085791949353,0.0006776180139436323,0.00128195312129796,0.0009260901051564199,0.0009275698754961393,-6.235064443167592e-05,0.00045736481184441367,0.0009319786261838057,1.2332953140362968e-05,0.0012915181367961052,0.0008407809830748061,0.0004333180606469386,0.0006768098048884369,0.0013173315687778871,0.0010144227126989173,0.0010318085800677436,0.0010966902259798455,-6.700197261806138e-05,0.0008371042996212468,0.0005375159016780195,0.0010017303677387808,0.0013873398526133137,0.0010924097597773785,0.001161709221316678,0.0013218689275560614,0.0009997848661794319,0.004938729616172875,0.00038268676823899805,6.971053070209335e-05,0.0010692602158282481,0.0021839155303847507,0.0010047524521135582
BAX,0.0015255184607928457,0.001043489297762226,0.0018459008345971576,0.0007652173748895957,0.0013419710719103283,0.0017599418251456652,0.0014116450475943545,0.0012275810191000403,0.0013759650856050394,0.0012750225436985035,-5.6251872279901495e-05,0.00024704907468916967,0.001397291295567363,0.001059293072797659,0.0011104556074465193,-2.808181030283434e-05,0.0011747110434093607,0.0011625647469794174,0.0008098051609856295,-0.0004056255038794428,0.001732251941138674,0.0010856312568477341,0.001188401011514941,0.0011465858738835698,-0.0006170391422023978,0.0014610680501168565,0.0016660010357491596,0.0008754966004927915,0.0014442431812433632,0.0004773519252212431,0.0014380270354272756,0.0011581000588641458,0.0003060087882520748,-0.00017522713298411856,0.0011885162135476263,0.0004372877706650697,0.00020372415694861748,0.0004662490690550445,0.0014056986576261165,0.0011111565298254629,0.001159246077464115,0.0008834343145064695,0.00010191233745120088,0.00154369978086631,0.0007648292955690471,0.0005324315520432352,0.0010030487190616827,0.0017781984233448593,0.001072343269699424,0.0009957709854980215,-0.0002790904377788412,0.0012669413850908617,0.0009179047838283469,-0.0022362679834157795,0.0020209453003207536,0.0011698300421886436,0.0008945132449724515,0.0015535039512507168,0.0010337620732927062,0.0009491251610749356,0.0001536357720912261,0.00014161544204126545,0.0009124229892064318,0.0008991425565402385,0.0009130023383433596,0.002311190892115849,0.0012048492878889475,0.0011154729950097599,0.0014928964935196703,0.0004910804839107739,0.0013152219788008172,0.0009728647070112391,0.0009621626897364621,-8.050388283956899e-05,0.0003271657558511959,0.000903708331937072,1.1497607594522233e-05,0.001408012804342863,0.0007635225110376558,0.0006396954346194634,0.0007165020610391763,0.0014151097307463013,0.0011940311735477774,0.0010827271210712371,0.0011789393036549072,-9.460678662844739e-05,0.0008387836954127467,0.0005822825140129751,0.0010470627607174926,0.00144971669776125,0.0011647577583412665,0.0012339373111459478,0.001376828312542826,0.0010983749949845295,0.004951964623385975,0.00036216746640740525,-7.501314754562724e-05,0.0011619659006361414,0.002138768079042603,0.0010459199889545018
CASS,0.0016230421486338974,0.0011693054246560816,0.0018736418085112062,0.0007342968855228079,0.001100626380654525,0.0019369610574970656,0.001264700663328626,0.001252482916964522,0.0012750225436985035,0.0015082892828659727,-7.85735423691585e-06,0.00017371723179163639,0.001520415181271282,0.0011239503378195697,0.0013206363607024497,-3.1951137571851805e-05,0.0012434534440499518,0.0011941535367749813,0.0008391126891174823,0.00012538277718188433,0.0016789025115441418,0.0010885599172272102,0.0011554219918685292,0.0010113732114930805,-0.0006450941067409817,0.0013628746945693467,0.0015507035146629419,0.0007633811227281791,0.0011844421742814382,0.0004330864919919622,0.0013800701226419608,0.0011704994977347746,0.0003713624783042845,-0.00015670463997112538,0.00138829589926963,0.0004664312944553954,0.00021775986394891527,0.0004782374138654506,0.0015539382373709685,0.0010354853802493048,0.001410257271139624,0.0008814380108292432,0.0007115933691195189,0.0017112708026239163,0.0006424630525309475,0.0005798498337112608,0.0009860508613196482,0.0019460571781200553,0.0014008058719369924,0.0010809083577880234,-0.0003106346646447686,0.0013386683526879347,0.0009518690256348258,-0.0022256790039313595,0.002037536049826266,0.001150979305934149,0.0008611002198430318,0.001714504918103556,0.0010709250051036722,0.0009513288623227305,0.00021040477104727437,8.96555077638351e-05,0.0010644071121542612,0.0006101379465353956,0.0007369239812169926,0.002747310526500337,0.001220164761652265,0.0010806658812742692,0.001493085103204107,0.0006793838937551559,0.0010606977241721404,0.0009910399094881794,0.0009729832655839288,-0.00011657110513032336,0.0002903172784290228,0.0006668531993441483,1.2381753569332201e-05,0.0014993864199384823,0.0008042287850134631,0.0004994930027695337,0.0008166046051287324,0.0013456029754871862,0.0009571297218685002,0.0010793682155555667,0.0011353050146394497,-0.00011817214678185167,0.0008621753802266987,0.0005417245813177902,0.0010389974027829511,0.0014657603724911718,0.001134996313087254,0.0013092751200811821,0.0012146302045922994,0.0010293882782947887,0.005435640066190646,0.00016092718443711578,-8.73966340728873e-05,0.0011151052559940106,0.002540402134957287,0.001035413738487044
CHPMU,7.406348442668299e-06,1.4011726443469678e-05,-5.226626113257777e-05,-6.478856291599869e-05,2.2999661595429274e-05,0.0002168951943733565,1.453932944471574e-05,-2.523574824619594e-06,-5.6251872279901495e-05,-7.85735423691585e-06,0.0003503973254959691,4.387534131970996e-05,-0.0001098980170686948,-1.314723779672941e-05,6.248512879379782e-05,-7.4857320483104185e-06,-2.3420133724234718e-05,-0.0001436055254386107,5.4298835047326385e-05,0.00022987277541433736,6.0368235238998937e-05,-3.546204343242407e-05,-4.914059462799728e-05,1.3916222806116585e-05,-0.00010720957512768991,-9.148130394813326e-05,-1.9493945314657642e-05,-6.287916305928102e-06,-0.00016885956822973043,-2.677373742532932e-05,-3.4991581227824135e-05,-0.00010799728835707596,3.71187360969721e-05,6.08293580172987e-05,8.534818668621526e-05,8.468165872522444e-06,1.8168098739140985e-05,-7.290398740013247e-05,7.761621069513449e-05,0.0002027793469253681,-0.00011198364795394767,-1.0335136259940153e-05,-2.4596431687180786e-05,6.33426090759928e-05,1.1055879964273787e-05,1.6156227628219804e-05,-0.0001177828333804912,-9.0034624711653e-05,-0.0005511726037653051,3.513520254508927e-05,-4.474949233408957e-05,-4.0267613266596894e-05,-4.9885761055368324e-05,1.4302924083014535e-05,-0.0002882287959781003,8.966900105707476e-06,5.2507310508834056e-05,1.9686107419710115e-05,-2.5816752690009815e-05,-0.00015874597221331575,-2.8423389155492016e-05,-9.74905437133463e-06,-6.620414681974328e-06,6.385845393151072e-05,-3.351611513090717e-05,2.0029269053613635e-05,-0.00022619316179689798,-3.603995267083091e-05,0.0002764811267220658,-7.135808964249067e-05,0.0001162619488222281,-3.995198227080559e-05,-2.9009409726793353e-05,8.096804264474378e-07,0.00021163892904957826,4.696593394675813e-05,8.0320399596043e-07,0.00013196384146232665,7.031675391781806e-05,-2.033986650169605e-05,-9.282146585894704e-05,-2.002222969312222e-05,-6.950840092278088e-05,-3.337280763348689e-05,-2.1799630445087837e-05,-1.1875060595141454e-05,0.00015530705189662852,-5.584462665352868e-05,-1.2581730866250809e-05,0.00011779279716493936,-1.772880523921191e-05,0.00027296222766060317,-5.38538083681938e-05,-4.346976919469665e-05,0.00020007418069557982,-0.00011594610166992571,0.00028287234084586486,-4.677308676725471e-05,0.0002765032158046048,-2.9329009506420377e-05
CHSCP,0.00024757877315845244,0.0002012281725821057,0.00013026143170967783,0.000156138152164665,0.0002732101092913864,0.00027771294865887503,0.0002488062291138274,0.0001916049231863621,0.00024704907468916967,0.00017371723179163639,4.387534131970996e-05,0.00015911205910633646,9.178597929858167e-05,0.00018386367363342732,0.0004778082739754865,-2.4698733714935264e-05,0.00019013340662962663,0.00018816646088053122,0.00014323402948907446,-0.00012991081049609492,0.0002957572825643451,0.00019698801875666955,0.0001999868762884107,0.0002826438321050263,-8.815636362486857e-05,0.00013957984013851765,0.0003468711374840153,0.0001501546131957487,0.0001727469139853552,6.306650867717621e-05,0.00019892479657473253,0.0001780521421259172,5.784667203249577e-05,-0.0001997423957323175,0.00018807553699373773,5.494744289760452e-05,2.3376038173190813e-05,5.4536277897099125e-05,0.0002861087922115131,0.00013792091443469792,6.559198688069883e-05,0.00020927918256171335,-0.0002326352213963969,0.0001951566526287124,0.00018308627149424766,7.827518986465649e-05,1.3576882368337457e-05,-2.325455454120269e-05,0.00019419533284884875,0.00016063243575423675,-9.340125855752281e-05,0.00013111482757426584,0.00016233265796892964,-0.00034112629756437925,0.00034364752272641634,0.00020491501130235221,0.00024070435598394624,0.00019131950254166254,0.00017930047682995326,1.0393382190679736e-05,8.092360988535193e-06,2.619143600085422e-05,0.00017566617177223697,4.3792089988941697e-05,0.0001660994027981573,0.0002590172840486589,0.00020796749119247684,0.00020355077498965065,0.00018748835313978955,4.4066511945403036e-05,0.0003394411783368904,0.00014849119195345698,0.0001725978177394533,-2.04430870689874e-05,0.00018325331253357408,4.514963333229753e-05,1.6312476148333794e-07,0.00023901490720734919,0.00018702738876546853,9.736921410579856e-05,-0.00011395560631190558,0.00022294220861682846,0.00024841892214455926,0.00017917410708560104,0.00021460758269268082,-2.122511878423344e-06,0.00014642235888894276,0.00014083104340471936,0.00017527595570268276,0.00037570086791963056,0.0001915272021911286,0.0003137036294616734,0.0002776751682186952,0.0002066179689124062,0.0007954876158059696,9.917411902310068e-05,5.449944645357315e-05,0.00019728399189537392,0.0002837519509828027,0.0001289159543326286
CVET,0.0017203483097164207,0.0015973694461729388,0.002903136753979129,0.001667832671459635,0.0004140204766124755,0.0024776834190379923,0.001169891456168399,0.001262171291072749,0.001397291295567363,0.001520415181271282,-0.0001098980170686948,9.178597929858167e-05,0.0044672617645819075,0.0012900066945135712,0.0011781161994239573,2.5775713984048397e-05,0.0014149888998846486,0.0005776319703679466,0.0007837934134325908,0.001312845259342144,0.001984192120823644,0.0011866391060757866,0.0011838507591913766,0.0011548266322765532,-0.0016868160309066506,0.0014777225839176897,0.0011782565716091874,0.000790710656821038,0.001441340177961994,0.0007314392989213858,0.0017771115394586126,0.0014080428200746666,-0.00024066226196245406,-6.35781686187171e-05,0.0012180265388072283,0.00046647032597718467,0.00021018094554912942,0.0007319553530688574,0.001118362631328486,0.000983039602082762,0.0019802276436037152,0.0012363864177082798,0.003120864522384997,0.0017348213616967686,0.0006942167506870748,0.0004054554533295425,0.002293138335610485,0.0038044873960144704,0.001435598914718656,0.0011855384916134352,-1.2769654182852695e-05,0.0015286815476502366,0.001066114281944719,-0.002496679648988835,0.0023088306183175165,0.0011335118294138365,0.0007394663719520228,0.0016983012519927885,0.0016614503292931438,0.0017317089736755063,0.00017487332556982843,0.0003204395273744309,0.0001907436499133465,0.0011674859508404966,0.00144668072686771,0.002242125652261558,0.00030296344463262017,0.0009230563935848678,0.002704861446581176,0.0004945711932523227,0.001066385903563682,0.001197561478242919,0.001162192228376733,-9.636647073184275e-05,5.704662774025222e-05,0.0010128411104993564,1.773022691477102e-05,0.0014542684393568474,0.001052846663361868,0.0010574939544649672,0.0007680402692363009,0.001262521751453583,0.0010437155983884874,0.00134111302645777,0.001158346801218177,-0.00018305263571315395,0.0010427845445110226,0.0004132052227022338,0.0012012152981197611,0.0013475798612423815,0.0011671116100408505,0.0014645525080982753,0.0012096114956462068,0.000976816248275769,0.00579685119418569,-0.0006598016284879863,-0.00042276232177310705,0.001149516445728743,0.003472272149103132,0.0007249891843551392
DDLS,0.001284593759073033,0.000953525227518949,0.0015133241754164094,0.0006962879695686769,0.0008404329973499447,0.0017197203780753023,0.0009905592375887646,0.0010242373302424856,0.001059293072797659,0.0011239503378195697,-1.314723779672941e-05,0.00018386367363342732,0.0012900066945135712,0.0009453382646286185,0.001150496551472084,-2.6842024880494703e-05,0.0010263476274469637,0.0009843942854681647,0.0006420100335673794,7.149255421890803e-05,0.001417263791847977,0.0009300637759880173,0.00093002178458709,0.0008866488442342084,-0.0007030952166365077,0.0012420065385201076,0.0013399767680600976,0.0006360282695175517,0.0010165836724435196,0.0003887726681170065,0.001195711295789231,0.0009287575199539925,0.0002552202311690954,-0.00025183664459931606,0.001132953982819338,0.0003757455902239679,0.0002112424665735087,0.0003729028498491228,0.0012359303928680726,0.0008680561456445468,0.0011100516621864792,0.000687058200610798,0.0003362679842000974,0.0013330762442712973,0.0005363539966493272,0.00038920402031548235,0.0009016483989274319,0.0015837785652049175,0.001137230414006187,0.0007988715789603223,-0.00023967500965472554,0.001074309443606637,0.0008037570257065176,-0.0017969330259490649,0.0017615871046124507,0.0009120448644089256,0.0007107575519908144,0.0013485446474879672,0.0009083649674928141,0.0006793587115791508,0.00018408797019053686,9.821018240686904e-05,0.0007294776888448322,0.0006127194847690441,0.0006112192009734978,0.0020871048689057987,0.0008989866156474409,0.000819694011017232,0.001221966053403847,0.000564750517635042,0.0009223749601246635,0.0008301759526350479,0.0008146523184939893,-8.20385251861981e-05,0.0001679380332596439,0.0006425172662751045,1.03351015987592e-05,0.001203941281692123,0.0007099142900328358,0.00043111534030569024,0.000542007640804428,0.0010586598315332882,0.000767854763080536,0.0008986820775519701,0.0009087036646412035,-9.501376631038558e-05,0.0006937890125272078,0.0003520134646099398,0.0008615131502822232,0.0012269527494198106,0.0009173653397636036,0.0010075653419662823,0.0010752902841101957,0.0008247064578154668,0.004463707109777113,0.00011205801299909368,-1.9887683502951965e-05,0.0009016992325752391,0.0021500788451753474,0.0008660019396853536
DGLY,0.001973175717992614,0.0008661026970464705,0.001821249748794098,0.0017073722862707677,0.0027348283234997755,0.002444379882604698,-0.0025833415757421825,0.0014644458976764269,0.0011104556074465193,0.0013206363607024497,6.248512879379782e-05,0.0004778082739754865,0.0011781161994239573,0.001150496551472084,0.011507568648872214,-6.665224439374836e-05,0.0012856123501990859,0.002158917172793338,0.000652406570929182,0.00015772225739867535,0.0014951818298109799,0.0010693032546215653,0.0010355525008011463,0.0014995926215780858,-0.001040417871465434,0.0005995613859115566,0.001943781908313776,0.0006708224707967766,0.0003019604759456864,0.0005877921116890042,0.0013922206014369714,0.001069503850948315,0.0003848864866842402,-0.0007305354449155475,0.0014268523678106413,0.0004900665956402846,0.00023449122490411706,0.0005007723427694533,0.0017122652281891166,0.0002826941715159997,0.0010145396003392812,0.0007352428783059656,0.0007491874958382603,0.001663734909910249,0.00026398276054284594,0.0002700643315576973,0.0006913463288990049,0.000801738861476821,0.002824019422808485,0.0011163614797831036,-0.0003245608697224398,0.0009192589479725734,0.0008816203945102936,-0.002004490737375606,0.002245840572961116,0.0010948634684643567,0.0010474715513232988,0.0002552539146222506,0.0016095932101277785,0.0006856532333420882,0.00046501511314176944,0.00027509675570521695,0.0007415866369281678,0.00042970545001087975,0.0008360206248307702,0.002186462082099336,0.0002894622390188515,0.0010376980253110676,-0.0005970491029572971,0.002882653445149275,0.0012198081766375635,0.0008492524769710961,0.0009927782487758555,-6.13168226316634e-05,0.0011265621251477147,0.0005391873548626696,3.942266920158666e-06,0.0012459431657992185,0.002526669602597342,0.00041066632223166677,0.00040474505538026567,0.0009563831078314788,0.0004525188005385768,0.0010330646356893852,0.0011142239547793564,-4.617118896388129e-06,0.0006379764678057738,0.0009780324625891846,0.0010017592415052284,0.0023068821673273517,0.0010090757813427693,0.0016023599053171624,0.001382916069684293,0.0010073057145459146,0.005498124982612282,0.0007079611953389448,0.001066192385649369,0.0011006858362316882,0.0013454938824507365,0.0008220104025768637
DIAL,-1.0597985986797959e-05,-7.958528505559879e-05,-2.514597858544582e-05,2.420605997301072e-06,-6.728735453268879e-07,-0.00016005872186212878,-9.93998707704736e-05,5.312249136951558e-06,-2.808181030283434e-05,-3.1951137571851805e-05,-7.4857320483104185e-06,-2.4698733714935264e-05,2.5775713984048397e-05,-2.6842024880494703e-05,-6.665224439374836e-05,3.031270810577729e-05,-2.838304704546953e-05,9.529575832507038e-06,-3.104142887230252e-05,4.35964713832052e-05,-2.2018243589401645e-05,-1.3677638889061753e-05,-3.1723387396366086e-05,1.0591608294778047e-05,0.00021689898662340346,3.175028709900854e-05,-5.8687800916670674e-05,-1.1331177080054147e-06,5.3204989483055646e-05,1.4267622119350372e-05,1.7323763319204218e-05,-3.746581126559054e-05,1.582375755681162e-05,5.6316450239813945e-05,-4.339598339262011e-05,1.5599983277055597e-05,-3.862158592901995e-06,3.626467043232768e-05,-5.94907034662305e-05,1.4660535582204327e-05,3.617219191490698e-05,4.700111444492925e-06,7.038063798862425e-06,-4.786338586750929e-05,7.81743987381672e-06,-4.641506274852225e-05,3.3495872604622366e-05,-3.500426447737822e-05,-4.9780555922611243e-05,2.1630293656786697e-05,4.953211305080362e-05,-6.798806085125848e-05,-2.333057485976924e-05,4.651507915065121e-06,-9.772405200789032e-05,-1.952222310530605e-05,-6.763625558235771e-06,-6.674038789408992e-05,1.0078175813290395e-05,5.5083551755999384e-05,1.0222543555940343e-05,2.8625230353857254e-05,2.1434720891044428e-05,4.017708917926271e-05,3.88274067019398e-05,8.360495927442788e-05,-3.9239894631118374e-05,-3.6384742514945805e-05,9.244148818202923e-05,2.237773883355172e-05,1.7312315080545584e-05,-2.71009961338698e-06,-8.044333438890859e-07,2.0351102358921373e-05,4.877454951612936e-05,0.0001734361747715369,1.1622894043172646e-06,-6.902067812769149e-05,-1.1056416733564126e-05,-5.8193926724779343e-05,-5.71185604902492e-06,-2.9068731080215077e-05,-2.7518250134855963e-05,1.4920712405025505e-06,-3.1545208416687334e-05,1.8279540771637135e-05,5.186714470129506e-05,-2.521864413995679e-06,-2.7137301693848228e-06,-1.0184906012009992e-06,-2.276355591758428e-05,-4.945664999317801e-05,-9.098284249422593e-07,-3.1675045039708234e-05,-0.00012863965486541903,8.858894295874081e-05,1.0344116822860004e-05,-2.5449046367891904e-05,-8.696922401394972e-05,-5.5460821610388425e-06
EEMO,0.0014337319181875227,0.0010301617581969361,0.0017084027946956968,0.0008130107438826903,0.0011106246624993806,0.0018408691010252836,0.000984058179911905,0.001136487452076437,0.0011747110434093607,0.0012434534440499518,-2.3420133724234718e-05,0.00019013340662962663,0.0014149888998846486,0.0010263476274469637,0.0012856123501990859,-2.838304704546953e-05,0.0011698509234930245,0.001045348283848228,0.0006988470431629433,-0.00018893554986736244,0.0015769636091361036,0.0010337359356627476,0.0010257389736305926,0.0009812779188403272,-0.0007929896920295199,0.0013279815159951533,0.0014280384304111693,0.00071222467721214,0.001047780580278624,0.00045020118825471006,0.0013081527494574034,0.000993303630730633,0.0002750120943197096,-0.00022718455794815134,0.0012777156343871839,0.0004338052955720639,0.000242349504549774,0.00042348561931137484,0.0014146965747717003,0.0009562732982142793,0.0011843675523125223,0.0007411300441200425,0.00027712663860347424,0.0015380807732047156,0.0006030137820318089,0.0004426095510287069,0.0010295009832864456,0.001738512697698403,0.0010955960773815034,0.0009435538753613881,-0.0002598247573828266,0.0011559034514772536,0.00089571165640146,-0.002010485924209217,0.0018874697216175634,0.0010266217718168916,0.0007972696944567097,0.0015041348432386407,0.0009761742940061054,0.0007626566697653138,0.000199906167566141,0.00014172953706979407,0.0007529044864483643,0.0007589331013816667,0.0006274527967106421,0.002384408711978579,0.0008951986356240988,0.0009141098643602626,0.0013250238482629252,0.0005745727839953112,0.0010647326616870089,0.0009044097228562507,0.0008994550814781017,-8.898228112917599e-05,0.0002551512154480535,0.0006943800186615082,1.218185808871322e-05,0.0012993511013379298,0.0007438905137581859,0.00045041265020111346,0.0006289946492107618,0.0012089673595918067,0.0008102755654392975,0.000988892196748878,0.0010194931501470927,-9.346955068650296e-05,0.0008188567689997595,0.00048087444693536323,0.0009507766765208589,0.0014204952231156832,0.0010222592436478955,0.0011264615220063557,0.0011651749094083248,0.0009222051064303752,0.005044110496983032,9.028544456558002e-05,-0.0001296972119972003,0.0009994532509079305,0.0022443167051633644,0.000939433551004099
