,AIC,AIH,BATT,BBN,BERY,BJK,BKTI,BSJQ,BTX,CHSCL,CRMD,CZWI,DFEN,DGRE,EDZ,EVFM,EZM,FLGT,FTXO,GDMA,GEF,GWGH,HEWU,HGV,HUIZ,IEUS,INDB,INDO,KEX,KEYS,KW,LPL,MRCY,MYC,NH,NKSH,OCFT,OGE,PAA,PACB,PAVMW,PFM,PHM,PTH,QTEC,RGR,SAP,SCX,SMPL,SNAP,SONY,STC,TCON,TGH,TLC,TWOU,UBER,USAP,USVM,UUU,VEDL,VICE,VWTR,WIA,WPG,WSR,ZEUS,CRF,CTK,DGII,DVN,ENIC,EUO,HOLI,IGSB,JDIV,KRE,MLPA,MNST,OMP,POLY,ROAM,RPG,RY,SDVY,SHY,TEDU,THC,WTI,CMCSA,FULT,LE,MSGS,PWFL,RXN,SJNK,SSNC,COE,SGEN,IAE
AIC,0.09779781344695704,0.001326415057490739,0.005910847969195193,0.00789777445562313,0.004465574978658926,0.011915578237915527,0.003771815379016566,0.0016707337016579637,0.00014582797067304637,0.007297508453860565,0.018090173406395627,0.004776417984564305,0.026734199145146357,0.0057995166190643495,-0.017198848228324706,0.01296534445990874,0.010038497008435057,0.017095226580017206,0.011323719688484097,0.0026533409031307843,-0.003632850701734802,0.0058438541250017476,0.004944623562784692,0.02138470767848976,0.01015707502541476,0.00808130771679547,0.007328616750691896,0.022428760898582697,0.012994757606689486,0.004245874241133066,0.008988518577878489,0.008766020985730283,0.0031817695911097147,0.0061931901852775705,0.014862906975530584,0.013371300634826125,-0.0043362393681750586,0.005804549541314859,0.04483025558405274,0.016876487109960203,0.0009445452730440213,0.004502496509684485,0.012693504527865539,0.007542170777552916,0.006145828428981131,0.001537578860802671,0.00239047717811886,0.005594986334083038,-0.00033013268170314247,0.014009066921202578,0.003302888833437029,0.015776162509940534,0.008648905183005099,-0.004691780904810376,0.0076962067406425765,0.030236928276866536,0.03501927655921569,0.006477741291598848,0.009451749063696382,0.018130694650417226,0.011383409002429935,0.009187881990252248,0.014180865981748262,0.0024110521982365018,0.024068676680153715,0.007553949971519967,0.004043500936007311,0.017125431614153686,0.009341338896724673,0.006667355581737076,0.02447319389557695,0.01620731149862232,0.002048729496170137,0.0037551568549032896,-0.0012025832261089585,0.007129993008727132,0.011092717008371633,0.02373098943380508,0.002841306120216155,0.024710893383027233,0.029769511530112806,0.0074189115187916314,0.007115168006053086,0.008025128213052544,0.009237896478063914,0.00012388627995749105,0.0020725482390459332,0.026323462796360123,0.03410358222328913,0.004179602665869652,0.004711872711314222,0.01652627954620628,0.007837858284387883,0.02440934564722747,-0.006461524568793211,0.0013522421169461759,0.014396892535358717,0.014182972339696842,0.006541978680413248,0.015250175352536935
AIH,0.001326415057490739,0.002694831853377122,0.0009265965335148299,0.00016745115296948402,0.0008019130806512159,0.0012370966540446774,0.0031534385957913305,0.0007323637282667181,0.0003237894772148592,0.0012317611496388795,0.0021591993130413035,0.00225369852473797,0.004123541478469918,0.0009140258755833294,-0.00256409447001045,0.0005483838657307136,0.0012329686348586048,0.0012196350710101213,0.001586210097628031,0.00036049505374978805,0.0004231128644357595,0.0005443923958945023,0.0007861452809336532,0.001912818929089922,-0.0014013484209721692,0.000978428948147946,0.0011863438353245767,-0.0003991142463052756,0.0007352154651292033,0.0010358366796030796,0.0011928490768247128,0.0014893949679454445,0.0012741932567072655,0.0008635456752108946,0.0021323425079538875,0.0006790203569099839,8.994273864053276e-05,0.0017625500766941492,0.002604599763667439,0.0013251145810197038,0.0006712608880924451,0.0010632095911335755,0.002332608506039701,0.000790107049843076,0.0009415258365313402,0.00029124297993108884,0.0007183861202804763,0.0002860320120330334,0.0006096470368260726,0.0006892439355177513,0.0006162854692524066,0.001383798099683776,0.0014927476082631614,0.0006890083976856229,-0.0005098603984886081,0.002218152295055112,0.0010218278564237452,0.0008433821335855116,0.001033572167322049,0.0013972735989765412,0.0012231718956780201,0.0009578794649764337,0.0016283240392727368,0.0007921386421613478,0.0009062713602804991,0.0021725265962590314,0.000508722873605296,0.0017224988411689917,-0.000323124054351899,0.0019080082852624717,0.002714257477822697,0.0001815966858019299,-0.00017197097073917044,0.0007789401654770067,3.8665453996180334e-05,0.001282899855036094,0.0014599238061106694,0.001886503836214698,0.0014840708572692305,0.0023508416667148576,-0.0007618512733748302,0.0009895903610889485,0.0011336235399489166,0.0013078715855910014,0.0009120553618151723,-6.023755070494983e-06,-3.30878533856205e-05,0.001434751877191597,0.0005218302601840265,0.0006690320593597787,0.0013896055536752319,0.0005284455805547485,0.0007616923105414766,0.0015930854217471031,0.0009352470139185204,0.0005648662642034155,0.0009415437481227826,0.0002281866389235984,0.001445841021885732,0.001383381603849662
BATT,0.005910847969195193,0.0009265965335148299,0.003384441178633525,0.0019235930102803854,0.002566616583171236,0.003317764322148414,0.0005940056321175034,0.0015665285680781964,0.0007798236437032082,0.0020127513114663043,0.0058898426691218544,0.002497622344406651,0.01243964086604455,0.0031257125783828556,-0.009333616502157681,0.00461860523967626,0.0038453027641308173,0.006434187425529117,0.004227301511059549,0.0009934677938267876,0.003389488534898134,0.0011388590387461208,0.0028542160663023205,0.006038943807511858,0.0033055752727931265,0.002860298931170062,0.00308739121426538,0.00795709412197118,0.004498809792891854,0.003135880427068634,0.004521592479274633,0.0034711655787359776,0.004581761279946519,0.0015327856830575305,0.00370547636079696,0.00509601156912011,0.001505213323317272,0.003028736262976038,0.005817751963703719,0.0047803188591734064,0.0012446433253266325,0.0028672596937944737,0.005076215283106696,0.002708038789175891,0.0034861933314121415,9.523354936064652e-05,0.00296486611874575,0.0008798544350286764,0.0025109149832050325,0.002531886547704638,0.0026337545269782834,0.004020850145772041,0.0033996682890768833,0.0035376430415535428,0.0015133054679736789,0.004045193394064105,0.004353326879266758,0.0020573851454115362,0.0034001053742729196,0.003885007508992394,0.003948292200378901,0.0028017352221073933,0.003755414786437178,0.001290121488014097,0.005855198844783307,0.00518440194805933,0.0003971754665671821,0.004843207003862817,0.001453930850298665,0.003295139764204087,0.005277537090885865,0.0021403778784945078,7.447535798656741e-05,0.003166303979095772,0.00048445843421035084,0.0033880844337912355,0.00416791620786284,0.0036587071963363423,0.0027484349104053203,0.0022341764007907934,0.0033400691480533645,0.0033710599289220244,0.003569109868135067,0.0037528224062788897,0.003440130640509062,-2.3535385059642064e-05,0.001997646948622175,0.004448069516034352,0.005451220686162835,0.0026337040831075115,0.003423561187174261,0.007197816560799788,0.0035311387552128064,0.0042185223530891896,0.004191430128278252,0.0011364456923080026,0.003756149982082524,0.00333083779905647,0.0024094385159151755,0.00398923728776195
BBN,0.00789777445562313,0.00016745115296948402,0.0019235930102803854,0.002116184601587234,0.0007042554152030593,0.0019739188331582866,-0.0012297540806115261,0.0007309619227181253,-0.00013269476070723281,0.0012359091380172633,0.0033468094738802944,0.00023591668546743463,0.006583802390442793,0.0016335195767767496,-0.004762615767746062,0.0023017981104957665,0.002221384569615947,0.003447522132824324,0.0020254941934317416,0.0007055083534658324,0.0007799546893588588,0.00044791093845942404,0.0013575004614482889,0.003924871239297555,0.0016869505375044034,0.0016867828062105319,0.0008884792146863683,0.00676902198753819,0.002927015834636619,0.0015841758467052675,0.0024736454604741723,0.002082888425152817,0.0022470479600101814,0.0010172865536610275,0.0023026477514815906,0.0032995368959038633,0.0007570168695972951,0.0014175223278112914,0.004367212818826518,0.00294257368007935,0.0012733022533604457,0.0012795693139651277,0.002816141010489416,0.0013603253188003335,0.0017396710817312992,0.00014537023816988307,0.0013239513872392418,0.0005519330910490652,0.0007615390057541361,0.001717308652403931,0.0011737998251361201,0.0028548080849201906,0.0016433551613915325,0.0009859357656071149,0.0012748509171945943,0.0035933300478603633,0.00402077906271636,0.001288163831237028,0.001960563349051539,0.002620392152884963,0.0023144473665627397,0.0016834040577063392,0.002637197703698805,0.000647543224975629,0.0046401894091008915,0.0027783242773087736,0.00023340283567252896,0.0030648863628964865,0.0015450939883696947,0.0017112768102964687,0.0038157229103480406,0.0022117263874079527,3.541322424501632e-05,0.0018167749381395905,0.00033390877039690583,0.0017769762288209466,0.002116647727494409,0.002536935467910379,0.0012210143613286943,0.0008236240434092807,0.003167273977017565,0.0019224813035134494,0.0018286236421262972,0.002158792052829546,0.0020238140919301615,1.7607565265121602e-05,0.0010005533354041402,0.003910784884328561,0.0033789491290496343,0.0013741391609270093,0.0012882143722578732,0.0032087664441012263,0.001961007063445736,0.0026967252933542307,0.0008489468825077183,0.0005265398842099153,0.0025750441376309,0.0018310288000250947,0.0011035560390180615,0.0019627832846876754
BERY,0.004465574978658926,0.0008019130806512159,0.002566616583171236,0.0007042554152030593,0.003943742464780555,0.0032982073781696736,0.0022167576374784136,0.0016043902992069427,0.0014120194301123598,0.002097145975304318,0.005405339724033761,0.00318401172623739,0.012116581921306277,0.002825008795298416,-0.008698003477846893,0.003806391070052109,0.0033657863358248987,0.006070383434549959,0.004208039457950264,0.0007982441460915241,0.0031620821759513248,0.0007417643525956552,0.0027662650820418264,0.0063909242420400495,0.0037125471258031982,0.0026761849924344717,0.0033906374981722926,0.003479582835432735,0.003621992964349336,0.0023626098728978906,0.004130172597192379,0.002784779540030184,0.0035453310340128916,0.0017615281629470934,0.003637033957426903,0.0019362279269811058,0.0008614278328201797,0.002842241549410932,0.006943238176432408,0.003826932948229725,0.0004991130006494273,0.0024817826207348594,0.004459314731768029,0.002634740452404061,0.0029759959743582954,0.0001381872287370321,0.002744182596858529,0.0009573251327244338,0.00226319518604744,0.0034280306671128882,0.0024114711329757945,0.0038355567690045228,0.003227153760964677,0.0033420394107521924,0.0008718341013412675,0.0025910908924052065,0.0032049782362236555,0.0019380387625374867,0.0029668511120691833,0.0024205478841149617,0.0035203687048969297,0.002329017705809865,0.0027571637910143183,0.0012974127582972114,0.004536890746754714,0.0038556516767053106,0.0006386432331265526,0.004091210005416094,0.0014082837001611836,0.003107394461581024,0.004967436657894922,0.0014511384765742606,0.00021036780782378135,0.0028106020008893677,0.0003252216766878782,0.003027186216928922,0.00391112138103291,0.004791452806553821,0.002424125972579027,0.0052236435601959496,0.003132771843865096,0.002861509447098873,0.0031645546108560268,0.0033000207956739255,0.002956038891221195,-3.899439426038296e-05,0.0017037222177682812,0.004453120576922071,0.00586585958407106,0.0021352937720941884,0.0028928496129711065,0.0062295342239892726,0.003831336959157123,0.0038477094359612445,0.004279041546373147,0.0010713446572062789,0.003342652437867629,0.0031972393812740424,0.002442505528450215,0.0038493326332309195
BJK,0.011915578237915527,0.0012370966540446774,0.003317764322148414,0.0019739188331582866,0.0032982073781696736,0.005016645861098924,0.0012294551963536165,0.0016773933873967077,0.0018831348162935881,0.003492432860005656,0.007645753116001762,0.003615684830216506,0.014251744355416564,0.0034686150314805235,-0.01032205267162846,0.004167513059503016,0.004201074657305581,0.006276738484057411,0.004604063113027461,0.001049601069821331,0.0015996733893868108,0.0010022828424855082,0.0030084183626937983,0.00832926382918482,0.0031532624674298036,0.0035402432320900423,0.0027124000764843404,0.007809333932804114,0.004707548133795543,0.0026171783976988634,0.003868168583464772,0.004295627761503544,0.003194368989306186,0.0025161073537342668,0.005206633667411725,0.002790120008021019,0.000598972392435991,0.003546196332315072,0.011040324814243213,0.0055018443136721105,0.0012219893881846265,0.0026675276501294132,0.006623754011217333,0.002964356538669691,0.0033717990947873112,-5.033234775302513e-05,0.0030371410037238135,0.0016507246207834306,0.0019254742326728755,0.003925905194426782,0.002295751962736296,0.004956806260564972,0.0031996135852939596,0.0025335204924288846,0.0019909171137185632,0.006437329384167306,0.006806859928358094,0.0028821543896533214,0.0037713395644960006,0.004077496617027684,0.0039914739561771,0.0031768814042464097,0.004031160436193012,0.0015838078843048466,0.005806899258592526,0.005187611425347082,0.0011950844807429375,0.0059974984752909615,0.0021175127705793575,0.004992904147602221,0.006878725013157473,0.0028772595258346463,0.0001305273120280286,0.003255513601402539,0.0005928408345442064,0.0034792878694272877,0.004362755363764501,0.006505189947741991,0.0025563868440603714,0.0076632082890038975,0.006764131872651717,0.0037190094689586116,0.003700436224645655,0.0038562804125160193,0.0035292379231315024,-2.0793102056071058e-05,0.0013068419582518214,0.006436042938088466,0.007711694980585952,0.0019849498815938484,0.0024218962950101537,0.0059343345119163326,0.003909105629929155,0.005626795191769869,0.002613273407315922,0.0011847830374770824,0.004468465024963113,0.004769863285989373,0.0025559170453802638,0.004257105112858965
BKTI,0.003771815379016566,0.0031534385957913305,0.0005940056321175034,-0.0012297540806115261,0.0022167576374784136,0.0012294551963536165,0.015927349518334404,0.0015042615175278537,0.0024095274057803606,0.00018518136471329684,0.0009012523518553668,0.004410804409970152,0.007537671209955206,0.001019989642091229,-0.0024396010170965195,0.002579502961449349,0.001838862194025102,0.005105722209680315,0.003738896158213409,-0.0002995430365852542,0.0030897441160261047,0.0011655004169404,0.0014524432013097326,0.0011741503039121883,-0.0006022255891670018,0.0010677522431557776,0.0038788299544535686,-0.0024947443006043046,0.0014936247447169685,0.0004963538846240562,0.00344104866278735,0.0009694284745943036,0.0024694912932655575,0.00032221745557232647,0.0015173192301663927,0.0024354486788492734,5.848094952992736e-05,0.00388894902347484,0.0031743043552262765,0.00213526140218538,0.002678269128825562,0.0020626040384299424,0.0026594568126381527,0.0012537642325258522,0.001178420447571964,0.002134777006680113,0.0009626957575606969,0.0011726017068405278,0.0027586455742534587,0.001953134029544913,0.0012179774800935572,0.0005888730581594461,0.0036397800519945094,0.002288281954070437,-0.002764188049446912,0.0019741325807724635,0.0005063939875875437,0.0014980345256439553,0.001707582875777332,0.0064701953538861615,0.002300403753372686,0.0017027967378750752,0.0025069567220012694,0.001813223930593806,-0.0011030333466311324,0.0016495103655652893,0.000848481559739385,0.0017408187250369089,-0.0030527395425160885,0.0005945043205132064,0.003932588856561282,0.0008139820612731871,2.9651233471139897e-05,0.0011321330066603283,-0.0004556456743483295,0.0019276501424463739,0.0038051256598571944,0.0023747371962766443,0.001774003698848694,0.005974249941683297,0.00019612940775306113,0.0005966856814827068,0.0016219916739336833,0.0017459007165451092,0.0014216544156726689,-9.525750481252738e-05,0.00021692420861201008,0.0011708937916875847,0.00458482591541469,0.0010280888460591224,0.004579768466818907,0.004972704355884707,0.0011267206249027922,0.004085828119512303,0.0014596325756157968,0.0010832439350444254,0.001975151790361643,-0.0009894193047697134,0.0023842855504133398,0.004732643604855309
BSJQ,0.0016707337016579637,0.0007323637282667181,0.0015665285680781964,0.0007309619227181253,0.0016043902992069427,0.0016773933873967077,0.0015042615175278537,0.0010867199197906502,0.0007082360217126868,0.0011223046387864352,0.0029865601676400855,0.001707444385253815,0.006865055691549283,0.0017056258921876865,-0.0049824015218244,0.0020763078446036317,0.0019751426506829845,0.0030311837260017897,0.002363601213476924,0.0005009393304534611,0.0017838710513668875,0.0008177420458361246,0.0014930141077310927,0.003201672997508454,0.0014644193135673995,0.001529804573422409,0.0017024260407861908,0.0014416779242682294,0.002270114738690587,0.0016048772472224732,0.0026690801891155174,0.0017433700037463615,0.0023672310400136083,0.000983236007935118,0.0021292606727301203,0.0017771513822373492,0.001090147708494929,0.0018310147222817745,0.003005860014702028,0.0022616155549897,0.0012167005051722179,0.0015315280034782195,0.002501065289755346,0.0013603028785769545,0.0017577945472966783,0.0002313808140377788,0.0016253191267250721,0.0003460114037447136,0.001532545722645013,0.001567157505289108,0.0013401278245126272,0.002107567363626639,0.0013877525896742703,0.0018981724174356065,0.00014778129089973278,0.001815864361650932,0.0013825367287372276,0.001118272320970294,0.0017699894995195375,0.002490722021548226,0.0022579572009599116,0.001377716244671735,0.0019100239797311316,0.0008298238033421926,0.0026032382150806095,0.00281893938632767,0.0001419307825022579,0.002468486456586838,0.0006146456852527904,0.0021098382608720078,0.002659928676427541,0.0010116455696453461,1.756089942675806e-05,0.0017556459829475672,0.00029233142355555267,0.0018320875640988408,0.002318778038149349,0.0023009496380477995,0.0016181880393085694,0.0019239461097963386,0.0012208584481645927,0.0016978922179636188,0.0018427280083094836,0.0019692068366098728,0.0016802135713486043,-2.1791148655628102e-05,0.0011984751521384707,0.0022292932421721255,0.0023120384524981785,0.0014823933515339708,0.001900130704023808,0.0037822460473748605,0.002003765567347561,0.001861451595218851,0.0023365717194492137,0.0007233788837868077,0.0019670113625083795,0.0015255023568294395,0.0013711647020738914,0.002026293068660703
BTX,0.00014582797067304637,0.0003237894772148592,0.0007798236437032082,-0.00013269476070723281,0.0014120194301123598,0.0018831348162935881,0.0024095274057803606,0.0007082360217126868,0.008753991641511251,0.0018198363816810889,0.001781317150421766,0.0028478437872535025,0.003969373931375177,0.0012579981083532263,-0.003953093099193064,-0.0002616319113973622,0.0014022402646336916,0.0025043259997986882,0.0024132185117873776,0.00019523900722164247,0.0009197071292355707,0.0018040057707829672,0.0010746611251001034,0.0033197484180184263,-5.015442072249605e-05,0.0008735289855352181,0.0017361463531620595,-0.004110466653764112,0.0008222093734988065,0.0010682841438537333,0.0004351152812708762,0.0022149841378714505,-0.0001535637731734504,0.001267312197391783,0.0014287895032284459,0.00043041239752982354,0.0009669396520042542,0.002088031621908333,0.003524267333805826,0.00028754048133317566,-0.0024967191596803624,0.0010893051663806196,0.002671567092533584,0.0006465983111270144,0.0009573773920570237,-0.0004789159145363196,0.0012843614923125199,0.0004876581520726039,0.001835327593790288,0.001340205448923947,0.0006532963962664641,0.00017657347783908665,-0.00036251053993076765,0.000424103713412832,0.0020993469704824437,0.001020663360230233,0.0006762505974381614,0.0002377463490829164,0.0009226679313779121,-0.0007138581416916562,0.0013334254475917695,0.000796351548167897,0.00042445419651790254,-0.00013291832854934508,0.001175199881005414,0.0022327620803505015,0.0005594840323956486,0.0016525065391017613,0.001131689076562977,0.0025522682160638802,0.00047296775484370255,-0.00026522212996500736,0.00021731325576954528,0.0010443400669123007,8.923314524214061e-05,0.0011642538241930878,0.002420437067831211,0.00204313805206104,0.0015278433385072124,0.0030293979027707363,0.0006410461173063098,0.0010708108156581714,0.0012366491310458216,0.0017525185491538257,0.0009753849927265761,-6.829855652048484e-05,0.0005440245549998973,-0.0021595183998895017,0.004704351202036205,0.00017270485244652245,0.0020870654695940103,0.001618738386446603,0.0021887992169682714,-0.0011665349665656458,0.0011335737672174555,0.0006612771358473932,0.0008835200032299756,0.004456555682142636,-0.0003096157108402709,0.002110976375408291
CHSCL,0.007297508453860565,0.0012317611496388795,0.0020127513114663043,0.0012359091380172633,0.002097145975304318,0.003492432860005656,0.00018518136471329684,0.0011223046387864352,0.0018198363816810889,0.004037232620081723,0.0050913075386450875,0.0038429857425977603,0.008519821964897457,0.0023450374768149416,-0.0066996869178769835,0.0017172717125193424,0.0024807397606371098,0.002069768219581427,0.002749297500335861,0.0007862880079924482,-0.0002538035731014076,-0.0005490832653967729,0.0013902807887554332,0.006599972748616912,0.000973734899194004,0.0021985597071375773,0.001605975445074612,0.0011116550918214053,0.002833867835490252,0.0015522851651633902,0.0020512050358771445,0.003223365646510457,0.0017513895262249984,0.00291509161363534,0.003868554236647818,0.000438495704040309,0.0003706172841621136,0.0024791545353607153,0.008507455998932817,0.002427234867158853,0.0009379352577358412,0.0013926487766025971,0.004758204968766005,0.0013280438379838183,0.0016846509345117282,-0.0005118618180627388,0.0016888566330491236,0.0008794969191190686,0.0013573941654671468,0.001894529034670925,0.001010777631741838,0.0033814839862967593,0.002381999305696209,0.0014360911909273215,0.0020210141357687584,0.003871995256509892,0.0037555376240560713,0.0019007458937788802,0.002098087632596987,0.002935227295842943,0.0020015275133333727,0.0019697830875220436,0.002218374893435619,0.0013633999202089847,0.002409815296796867,0.003758129601143837,0.0008806082346209194,0.004496136652846072,0.0010662799772299344,0.004542685640429374,0.0036773224988247435,0.0009477928564776802,-0.00025412348702638724,0.002210944311296963,0.0004961402097953844,0.002181806051741245,0.0024517943247803924,0.004664265047003921,0.0014680780458887468,0.007273466628733937,0.003792580742640705,0.0024436076879726016,0.00196901208730776,0.0029717044204367713,0.0019742552046465517,2.2847686045169746e-05,0.0011015918511729113,0.003039319058945887,0.0026002562500620665,0.0008032267965126627,0.0011938541708012,0.003836649966091972,0.0021521120958523437,0.0027325983434415327,0.0009582732330702011,0.0008145121365640389,0.002171980415978606,0.0027895606444140954,0.0014741761140137858,0.002171158635741434
CRMD,0.018090173406395627,0.0021591993130413035,0.0058898426691218544,0.0033468094738802944,0.005405339724033761,0.007645753116001762,0.0009012523518553668,0.0029865601676400855,0.001781317150421766,0.0050913075386450875,0.015759127347241168,0.006458446131984094,0.024874878847489443,0.006100887963883112,-0.01763294687339486,0.007915185643804291,0.007100975572826895,0.011496506014279815,0.007661122539466655,0.002374152901351692,0.0037924792849897584,0.002648037343119723,0.004974118071931688,0.014063726215003625,0.005594145865231056,0.00612643270441024,0.004493331300291465,0.012495895780213782,0.008842426722156684,0.0052778434060473875,0.007424734150485117,0.006664644034001543,0.006237810315029964,0.004490759633023971,0.010407389807355045,0.006820399234141653,0.0011898384608325754,0.005321223952221303,0.01505355285237739,0.011253911657428589,-0.0014621104324797668,0.005064810478413737,0.010135024923511421,0.0055849474281342015,0.0064988193160906964,-6.823829211135994e-05,0.006010934007623772,0.0019432470158419158,0.004059894453393986,0.0067300089495457875,0.004346157618308131,0.008659770844023976,0.007159332186265575,0.004750452894586587,0.003443318342293053,0.011884898598799917,0.01109307338070467,0.00437638865087471,0.006839064099791429,0.007901001626505666,0.007137227029841477,0.0053631187417858845,0.006711782771958797,0.002679229284886996,0.00921029370620738,0.010501908325710952,0.0010329337299405262,0.009793076203465036,0.002953067744936031,0.010808176903882092,0.0090919831692103,0.004422020187153757,-0.00010111591570736593,0.0054362846376212965,0.0012676766769012654,0.006080243232367805,0.007319440893712702,0.008859020140636746,0.005170001240736911,0.01034316430747941,0.008280013953121603,0.006378125914543084,0.006490479155489426,0.005862680699868884,0.005817062589389155,-6.2847883542818285e-06,0.0030784083771731785,0.0104702346776771,0.00995327384705018,0.004911635393207418,0.004806180683166339,0.011980126490414663,0.005963952457873465,0.008962930449451206,0.004877842126315175,0.002111335262471205,0.007541586334680454,0.007882668923022796,0.0051369421741756975,0.006404803093918648
CZWI,0.004776417984564305,0.00225369852473797,0.002497622344406651,0.00023591668546743463,0.00318401172623739,0.003615684830216506,0.004410804409970152,0.001707444385253815,0.0028478437872535025,0.0038429857425977603,0.006458446131984094,0.006473497971924541,0.011461066851613123,0.0029278863255671095,-0.008286905392378505,0.0031894340241279536,0.003133069731074906,0.003467265488013947,0.004143240291149129,0.0007897192608003163,0.001914447151970075,0.00023628758500467178,0.0019807278514520897,0.0067275994100247614,0.0011219627883249392,0.0026224920277589736,0.003518367913482927,-0.0011738273664376221,0.0030592126495855372,0.002207262399367565,0.003604077625615457,0.003487400901180841,0.0031139293231222417,0.0029790374195372065,0.0041606303786402565,0.0016771166540873338,0.0004430407622676027,0.0035845106336388124,0.007111632189045847,0.0035023066901359165,0.0001848634664034643,0.0025306542594604815,0.005677834000443378,0.00209974722256323,0.002557514815813976,-0.0005407200794242181,0.0025580813962417207,0.0009515108519431093,0.0025261861552710796,0.0019635498941225856,0.0018417686149767136,0.00354083178897556,0.003192999466129685,0.0028525608422772493,0.0006157519471148869,0.004198451919270837,0.0026425887684343847,0.0019037265479435427,0.002804349887388331,0.00363324221746153,0.002788136016876341,0.0024671612022384303,0.002642580216166523,0.0018207086588303799,0.0017718172542615777,0.00534094593630048,0.00042415445755335197,0.004753636283379451,-0.0002638698209632303,0.005126305946392553,0.0030207704228674744,0.0005051937251493936,-0.0004028553573080019,0.002764152753925612,0.000339598074390499,0.003062842234772213,0.003735657788548511,0.004023254526820684,0.0026154736502672937,0.006863480172341749,0.0010505722676360193,0.002867238776786811,0.002823382232723051,0.003401334673070947,0.002409402162825312,-7.321866021148479e-06,0.0012232889707304352,0.0017167411238880209,0.002783222728244469,0.0018137568893378442,0.003232752796595288,0.00616076036026705,0.0024115434712448443,0.0036828239455795205,0.003255697992889251,0.0012545080627277968,0.0023270580094717857,0.0029838443276088947,0.0023247427449822077,0.003565323169724492
DFEN,0.026734199145146357,0.004123541478469918,0.01243964086604455,0.006583802390442793,0.012116581921306277,0.014251744355416564,0.007537671209955206,0.006865055691549283,0.003969373931375177,0.008519821964897457,0.024874878847489443,0.011461066851613123,0.05305235104781563,0.012250302296649694,-0.03639112418120608,0.016456010091868725,0.015239434613217598,0.025440730043750033,0.017290200202772228,0.0038321829131771658,0.011936793715451937,0.004832354447379763,0.011272217112188053,0.026023239048902535,0.012496741146463028,0.01198472731821983,0.01197580893464248,0.026456500919178953,0.017148430101563,0.010733200874859041,0.018229180887398288,0.01317470968021584,0.0165794114971341,0.007047775638425089,0.016230541229888124,0.015632737188114327,0.004588372017329918,0.01292567311669278,0.02641576285312675,0.019216487993945073,0.0063316871940504605,0.011045309196551752,0.02063441170723541,0.010857784741998349,0.013248028473316395,0.0013566071791226075,0.011772616411730646,0.004063094879942247,0.009444577514431216,0.012471543717075718,0.009857340402457372,0.01661997507429739,0.013507308418720568,0.013120712420303169,0.0031430510303148986,0.01804078061802274,0.017833437536407495,0.00864975044226152,0.013670643670878689,0.01503337221001855,0.01564956242330838,0.011098326619752534,0.014800476378461465,0.005746938253610213,0.021166698920446213,0.019385743996362417,0.001558133297522745,0.019149319318895967,0.005062014324808683,0.014862706818076658,0.02197577083315067,0.009045800433023152,0.0001987712660336959,0.012503881908228168,0.0019562699681891765,0.01335391720381238,0.016786112797414335,0.017200210478942643,0.0108623290094248,0.014772514690617229,0.014436900056085727,0.01288631959746491,0.013977374716076175,0.014218922481008832,0.013216891998777527,-0.00010237547348100966,0.006889667932963282,0.02082693119550077,0.022647688517449336,0.010178867251861904,0.012387583971828027,0.025565425588972946,0.014601851332626474,0.017780220153191646,0.014808073574351101,0.004749049329887268,0.015970819752271555,0.012666949467678395,0.010085281863525303,0.015916355588387183
DGRE,0.0057995166190643495,0.0009140258755833294,0.0031257125783828556,0.0016335195767767496,0.002825008795298416,0.0034686150314805235,0.001019989642091229,0.0017056258921876865,0.0012579981083532263,0.0023450374768149416,0.006100887963883112,0.0029278863255671095,0.012250302296649694,0.0033307251609312706,-0.009838932745765416,0.004411534998728078,0.003725099481809008,0.006236824421281969,0.004309582850125312,0.0009623675126072967,0.0030999075629469246,0.00138690646367891,0.002896986909825889,0.006469341836485905,0.0034358931844692443,0.0028583925096825596,0.0030292663746072706,0.004717935514104643,0.004672056792405127,0.0032866871770624723,0.0045006683066490276,0.0034517943862579664,0.004213791374944886,0.0018795727289379633,0.004142321405899394,0.0041540852389097445,0.0018179515488160672,0.002911010494596039,0.006846968968241443,0.004824282061998918,0.0010954812569802866,0.0028069418939688576,0.004873659626863269,0.0027373083710226583,0.0034690382126505936,5.147980148445697e-05,0.0030482652787726847,0.000726937708323005,0.002757431566319753,0.0030429168460891763,0.002530689395130129,0.0041046505802364,0.002803706957664791,0.0034428078959229383,0.0017459926519477844,0.003913861222491232,0.003903246501143206,0.0020957565035386394,0.0034049253385409605,0.004648598048952669,0.004152350148700863,0.002693736296012837,0.003492846321273826,0.0013099589752330928,0.0054150039552087505,0.005379837546589157,0.000708940545769866,0.004942937306321828,0.0015781537409335145,0.0041895046010466,0.004997736250438614,0.0020982600326048583,0.000214496756674834,0.003002981964469445,0.000544672824985881,0.0033084243202369966,0.004235889626073186,0.004453934079986325,0.0027614489164275633,0.004184863156881332,0.0038993991611973346,0.0033727752819434228,0.003492293988568391,0.0036526763275495496,0.003261169074536064,-3.0794711287262905e-05,0.0024820679712631885,0.004180317148712975,0.005619731094940427,0.0026207913757810416,0.003451465851498143,0.008216255788079172,0.003556780724184706,0.0038238258248441417,0.004028312595665524,0.0011543247641334195,0.0037027698850480226,0.003716776904890625,0.0025193811579310487,0.0038384701621320665
EDZ,-0.017198848228324706,-0.00256409447001045,-0.009333616502157681,-0.004762615767746062,-0.008698003477846893,-0.01032205267162846,-0.0024396010170965195,-0.0049824015218244,-0.003953093099193064,-0.0066996869178769835,-0.01763294687339486,-0.008286905392378505,-0.03639112418120608,-0.009838932745765416,0.029632368003664814,-0.013161068175838021,-0.011272921947402528,-0.01849594234596189,-0.013193599818114613,-0.0027932819651807577,-0.009731317153065534,-0.00399449058502785,-0.008908216922066045,-0.01948654672937528,-0.010568841581818218,-0.008542822318188236,-0.009388078628859788,-0.015937827821742415,-0.014052432219169127,-0.010011826741603442,-0.013195018912197994,-0.010340216472166347,-0.012500270891941837,-0.005226316111751308,-0.011928252679500671,-0.012552795009098422,-0.005492009038659908,-0.008604927556758077,-0.02081284103314671,-0.014069583942400425,-0.0026093065950961846,-0.008397431952858048,-0.014373231045822405,-0.00839305301941292,-0.010600359499205125,-0.0003955232985581951,-0.009248622724318747,-0.002149426627967459,-0.008290376382628525,-0.009543652387680302,-0.007763178899962162,-0.012529478577244298,-0.007867768588795707,-0.010209545176692912,-0.004634575083939569,-0.011462403888218897,-0.012026925781946593,-0.006337076097810776,-0.010157309003270193,-0.012718105690317573,-0.012535952865435917,-0.007952161105713808,-0.010392454285917707,-0.003605318060854522,-0.017069107263262016,-0.01593755190622523,-0.0024708139687953535,-0.01460796469209327,-0.004937756070595576,-0.012005684467075872,-0.01649633307733973,-0.006221632198619793,-0.0008528529496301422,-0.009188519563851368,-0.0015024703757204937,-0.009927295976683452,-0.012915323170394462,-0.0138366949488892,-0.008349872107029003,-0.011820439018266063,-0.011420126318442879,-0.010207105352582345,-0.010656668971437232,-0.01106908258720566,-0.009890763964654836,0.00010737157363368886,-0.0070385123158551504,-0.01270374562789567,-0.017937577899051288,-0.008026207433175682,-0.010424804303247664,-0.02331672069181715,-0.010999181931950909,-0.01109538634342381,-0.012618542060914143,-0.0033960123931062558,-0.011127102546612993,-0.010943124223527568,-0.007505491599586685,-0.011965485918580192
EVFM,0.01296534445990874,0.0005483838657307136,0.00461860523967626,0.0023017981104957665,0.003806391070052109,0.004167513059503016,0.002579502961449349,0.0020763078446036317,-0.0002616319113973622,0.0017172717125193424,0.007915185643804291,0.0031894340241279536,0.016456010091868725,0.004411534998728078,-0.013161068175838021,0.00926447225878186,0.005456381789831507,0.010655588232733769,0.0063990890469268966,0.001325192302249482,0.006107868384502831,0.0022173650490382043,0.00425537367429619,0.0072265117894714835,0.007052578301143739,0.003924548785141814,0.0056242986605419005,0.011306308032651698,0.007328129331716766,0.004767785298559958,0.007083375492568726,0.004416426854103497,0.00673686976429005,0.001480389566126376,0.0050293541133674975,0.008545460734100558,0.002284703470926842,0.0038084855524801522,0.009323357921034664,0.0077924152831836384,0.0008618470449733966,0.004312566825319547,0.005872861021387128,0.004374932409510799,0.005236538227261363,0.0004425866347662405,0.004218238054979394,0.001479761557321052,0.0039870414542557825,0.004182292193018621,0.004254327777610829,0.0056111618814037095,0.005486605525470718,0.005048477123239436,0.0028269096936540763,0.005245985315829799,0.0069875492485009525,0.0032288859350088506,0.005073431256603077,0.00882706853117059,0.00640279632644899,0.004146872663894246,0.00546433915484231,0.001846084148836375,0.00910276083389082,0.006935502193333371,0.0009763881655356774,0.006806744914723568,0.0023319658116041867,0.003362025378814988,0.007766496914436877,0.00373287210988006,0.0005193334037278372,0.004256561317920664,0.00035187432249072126,0.004831691465969365,0.006389325676395259,0.00594154261069959,0.0035643981099565715,0.004568585262290514,0.006558805416305734,0.00469048514452268,0.00510859762327167,0.00502791811630387,0.005050317995760474,-6.281287716751867e-05,0.0034584141969653966,0.006350188047008731,0.010121144505722563,0.004119300840019448,0.0058604469522218995,0.013817362657315676,0.004922808209840365,0.007855950384112426,0.006501472469192582,0.0015146872529348228,0.005422178226231509,0.00543972726111153,0.00385332049472156,0.006864000139608442
EZM,0.010038497008435057,0.0012329686348586048,0.0038453027641308173,0.002221384569615947,0.0033657863358248987,0.004201074657305581,0.001838862194025102,0.0019751426506829845,0.0014022402646336916,0.0024807397606371098,0.007100975572826895,0.003133069731074906,0.015239434613217598,0.003725099481809008,-0.011272921947402528,0.005456381789831507,0.004875353548384233,0.007315806738278425,0.005639527909656161,0.00114028320259076,0.0038731837593314593,0.0017026033808134181,0.003560487625463923,0.007928261575424105,0.004032890951425058,0.0036035582024205697,0.003976733270722198,0.009632037399912634,0.005762774131944577,0.0037268998010990253,0.005451417704105068,0.004359082468398235,0.005073699445525669,0.0018869008965208963,0.004931428451802079,0.005809472908891694,0.0016944129305315487,0.0039884329099478056,0.008862127683135108,0.0058058300563477196,0.0009539607785660945,0.003502641598691856,0.006138743872975513,0.003469873250197506,0.004273769023710014,0.0005669251933837695,0.003552539699125143,0.0012571710804812244,0.003076167456357467,0.003965673575511272,0.003186135935096455,0.005413714002935724,0.003538984924182184,0.0035717155101972833,0.0013070467297000168,0.005650820610613742,0.0060759789415689375,0.002834017921507161,0.004255432606515122,0.0049712730815620896,0.005031301946282851,0.00346416732769265,0.004798534984598822,0.0015201238272443513,0.007646228650506638,0.0061222303977733206,0.0006316889621586039,0.006119019414417337,0.0021969091233757154,0.003945288792101313,0.007841223355208446,0.0031482570460141667,0.0003047521237475079,0.003935090583176304,0.00045164746793144257,0.004221023831107383,0.005555180693774405,0.005766072901375509,0.00339700876432797,0.004045113600668535,0.004898751573226834,0.004115420792078684,0.0044574282711722585,0.004679068015013611,0.004327540944689033,-4.7640516195348284e-05,0.002120749194984407,0.006231219514519414,0.007885700593529662,0.0032594107202789336,0.004334437048110139,0.00815342668017922,0.0046332464541828525,0.005319708936865084,0.004652969139209312,0.001442309242727269,0.004910290534882441,0.0039227349724026165,0.0029990199344800315,0.005607650221583318
FLGT,0.017095226580017206,0.0012196350710101213,0.006434187425529117,0.003447522132824324,0.006070383434549959,0.006276738484057411,0.005105722209680315,0.0030311837260017897,0.0025043259997986882,0.002069768219581427,0.011496506014279815,0.003467265488013947,0.025440730043750033,0.006236824421281969,-0.01849594234596189,0.010655588232733769,0.007315806738278425,0.021267789585139127,0.008502003774189651,0.0020093921336854226,0.008065046341099679,0.004111487340605674,0.0062164705206283885,0.011229099804444797,0.00878959618855938,0.005461466498806427,0.006889854338721172,0.013206968285124883,0.009217989921761193,0.006134518171705467,0.010044256857225847,0.005234458492137525,0.009152369356416374,0.0025448484092457065,0.007881803063583343,0.011096190519730119,0.003033461518572177,0.0050637910227836185,0.011703350609841833,0.011298944739457813,0.0037557720809677916,0.005806710784863702,0.00892651635730357,0.006212773285120648,0.007010352012637359,0.0005821842706866112,0.005668333589182015,0.0017537862355885986,0.005271587935604844,0.007447073471480393,0.005514675009797417,0.006869904826436527,0.010346839699738323,0.007631415313886323,0.005870712645690251,0.008117101046414516,0.009782458384671395,0.0031022021361097364,0.0070794401972603975,0.009674333872060995,0.008845811380915796,0.005738655009822446,0.007381747583168122,0.0022994295894783003,0.012292223232363838,0.008716390343319225,0.0018676891442968066,0.008632021568118573,0.00376846132071511,0.0061830068990637935,0.009224302220038455,0.005059394333848888,0.0007070190585699598,0.00470408278637121,0.0007765007177297914,0.0063310295788609585,0.00861297455590469,0.007120949978205594,0.005256399728030341,0.006057855407044741,0.009430557761787745,0.005965542051654727,0.006930873730185987,0.006392477520039322,0.0068005066107142895,-4.388189417331446e-05,0.005980796667243791,0.010019169920071,0.01662695381302274,0.005123848879674301,0.007633771048816116,0.019795497189094433,0.007525529853893921,0.010298025778073953,0.007632662071545775,0.002052229933297769,0.008615506987788166,0.009559356249505168,0.005784358555650185,0.008136746173032441
