,AIC,AIH,BATT,BBN,BERY,BJK,BKTI,BSJQ,BTX,CHSCL,CRMD,CZWI,DFEN,DGRE,EDZ,EVFM,EZM,FLGT,FTXO,GDMA,GEF,GWGH,HEWU,HGV,HUIZ,IEUS,INDB,INDO,KEX,KEYS,KW,LPL,MRCY,MYC,NH,NKSH,OCFT,OGE,PAA,PACB,PAVMW,PFM,PHM,PTH,QTEC,RGR,SAP,SCX,SMPL,SNAP,SONY,STC,TCON,TGH,TLC,TWOU,UBER,USAP,USVM,UUU,VEDL,VICE,VWTR,WIA,WPG,WSR,ZEUS,CRF,CTK,DGII,DVN,ENIC,EUO,HOLI,IGSB,JDIV,KRE,MLPA,MNST,OMP,POLY,ROAM,RPG,RY,SDVY,SHY,TEDU,THC,WTI,CMCSA,FULT,LE,MSGS,PWFL,RXN,SJNK,SSNC,COE,SGEN,IAE
AIC,0.0027849284749047938,-3.227403708202043e-05,0.0008873508657544584,0.00044423688556375783,0.000839311532120512,0.0006120269995075409,-0.0018629243811993884,0.0005487060691683359,-0.00046743330925073484,0.0009946659923783178,0.001227494678449508,0.0004306946905605569,0.0022854572728192987,0.0005440413420605153,-0.0016819820243451544,-0.0004209180613554624,0.0011203559423326095,0.0010806016167227153,0.0014618308088844094,0.00028304052912337616,0.0010686886470467345,0.0005385749593339246,0.0007100323987399956,0.0003366556397935305,-1.2208400205099192e-05,0.0007637085972853713,0.0011981865329426392,0.00011696732100027841,0.0011783568632586726,0.0006808859873889507,0.0009752542175691677,0.000798882913041027,0.0007349331123404703,0.00018344194842020295,0.00023999069624153202,0.0007480623195151318,-0.0006108417737762366,0.0014088128518075533,-2.0637045552336143e-05,0.0006085456530528949,0.0005663389169884949,0.0007861479181948982,0.0017352822548483335,0.000643042236677066,0.0007076637458124222,0.0002232083937393959,0.0007699160336234158,-0.0002433272759018994,-0.0003489706052514323,0.001200538903516427,0.0006340782746083134,0.0008417271663427392,0.0009401520892120812,-0.00011982489523734022,5.789899199940803e-05,0.0020586126444992153,6.198986242123557e-05,-0.000519858944616165,0.0010578479029648,0.00015683014498141216,0.0007799566294544313,0.0006292677295488101,0.0008253582369982022,0.00040987136038635186,0.0037603438163929296,0.001195811038554286,0.0016351616861967982,0.0007942620603697342,-0.00033005416502335835,0.0008705238795149063,0.00012304316826251122,0.00014685572274587583,-0.0002874206092927008,0.0002953319752740991,0.00013319001038078194,0.001054801719480724,0.001463030156178843,0.00020430672496496403,0.0012258391743201387,-0.00013827865085276915,0.00034956922677132344,0.0004944862120431719,0.0008744788846093916,0.00048553191557642835,0.0010753356925835517,8.04909382857083e-08,-0.0009784894366934502,0.0024415540409371576,0.0017634372921795168,0.0011829317323019352,0.0013350301594461222,9.495173686520281e-05,0.0005270772937599138,0.00023517549481425417,0.001213096884064614,0.0006236007034967475,0.0007583673887458644,-0.0001977128354590047,0.0005079215641989568,0.0013771963453365454
AIH,-3.227403708202043e-05,0.0013117242637252886,5.124055742934574e-05,-0.00016362028221690036,0.000130421709000832,0.00011295424045774397,0.001401283506611688,0.00029374377030547615,0.0010699355293783378,-0.00018888149297732374,0.0006922385906554413,0.0004054325847747026,-9.931874332471604e-05,-6.807002459217966e-05,0.00025692099609614567,0.0007236917795679463,6.875113404965996e-05,-0.00026432295643137273,0.00014353575526196985,-8.60786686553125e-05,-0.00028905044427845745,0.00023350653993943767,3.058529961188255e-05,-0.00020747205739283587,-0.000830467710038445,0.00017554784940559433,0.00026035662013156676,-1.043471306373449e-05,4.1944123992609864e-05,-0.0002533703100153613,0.00018164722556461308,-0.00026627084557201804,-0.0002705216386841878,-4.355371460882199e-05,0.0004500608576291612,-0.0006307434054627376,-0.0007761491271173663,-6.676388393027409e-06,0.0005849493306886181,-0.0002602454273666251,-0.0013795466203889418,-0.00012316889706728512,-0.00011163973037014397,1.1705348235667618e-05,-0.00017803798187881768,7.529581776263862e-06,0.00024278865316226626,-0.00017734515980281218,0.0002927003302220693,0.0001635752632947919,-0.0003058374746697854,0.0001932947914531449,0.0005222902756983772,0.00034376922301875473,-0.00016558134940260086,-0.00030063022040656314,0.00019107372220409733,0.0007025854711426295,0.00012394758717821546,-0.00014860733965467289,0.0005882873945956079,8.552791803386882e-05,-0.00018921255442889826,0.00011068904358021453,0.0004379179894024109,0.0007926743519481386,0.0008165343900830842,0.0003232492211203849,0.00022544438392163335,-1.729507250266943e-05,0.00016389647758839775,0.00025130604847701615,-0.0001376391384460063,-0.00011434620911542618,7.594710821549182e-05,2.3785895726260118e-05,0.00023929720534637296,0.00044723190289815693,-0.00015009890571840938,0.0005989813855618185,-0.00017952172822238526,-4.259138276730585e-05,-0.00012696379296237186,0.00021798309479272772,5.793569437198837e-05,1.4748493664150986e-06,0.0002722642860301819,-0.0003698848077253893,0.0006929285747189716,-0.0003019700322828275,0.00044627509377962967,0.00047189020008452825,-5.01994868034052e-05,-0.0001605866059775217,0.00017458225719955623,0.00020867350279186268,0.00015254018923169216,0.0006278545611569375,-0.0003015878711286283,0.00026976214181431224
BATT,0.0008873508657544584,5.124055742934574e-05,0.0007980263470928035,0.00020424870933903537,0.0007428205721655197,0.0007503275065309234,-0.0005730465086336259,0.00028016166284259235,0.00035044847550421245,0.00035887603142876107,0.0007818270130050069,0.0002115762264232469,0.0023803105263949837,0.0005597840533828052,-0.001768807565597601,9.814710832982762e-05,0.0009428471306828994,0.00022950787626712304,0.0011531046717747977,0.00023627668905644255,0.0010624583502286923,0.0006889343445428206,0.0005741566247506288,0.0010461861572186352,-0.0009243207719744751,0.0006329779282591606,0.0010110017091894269,0.0003531675133122717,0.0010990226478261723,0.0006732820060603543,0.0006174678341104017,0.0008743916356979589,0.0008338452831582662,4.282445619594694e-05,0.0004949224927666705,0.0008882667973513388,-0.0001722942381680167,0.0010641544590230835,0.0005954268998266699,0.0007313969184374428,0.0010416245252789702,0.0006592681102836471,0.0011601834542351514,0.0005781996838622708,0.0007490979521450416,0.00011894987342692046,0.0006641264931760764,4.369180851068802e-05,-0.00014062752447204313,0.0011294921596264283,0.0005751052801380649,0.0008900017295761036,0.001098572863518489,0.0005494409875284784,-8.689863626349779e-05,0.0014584985632361074,0.0007150639892778085,0.0003700102885798687,0.0008827928329196901,0.00027071804726198326,0.0010383024564304438,0.0004969577618046714,0.0007718598565492902,0.00023471407277167688,0.0019270617628963113,0.0007060015600260362,0.0014069241983913677,0.0006989373738071993,0.00022629902343798277,0.0012375717003752036,0.0009558808742518409,0.0004493011191935255,-8.141668231326998e-05,0.0004118456619536374,7.956233673712081e-05,0.0008248936043578447,0.0011063037078327142,0.0005083906735202653,0.0008708429120443097,0.0008138625040362436,0.0010389562640541355,0.0005865159060901224,0.0008085107385990493,0.0006752191794949372,0.0007781601481250134,-4.063858769694546e-06,-0.00035115869307206845,0.0018796146857832986,0.0012467956476824593,0.0008143228816308297,0.001018475603973582,0.0014310314192372258,0.00035953859906188664,0.0003695670583296028,0.0013358031974255973,0.00033573380886099213,0.000874606526184582,-0.00010009736474237351,0.00047320187641195486,0.0011191319138767785
BBN,0.00044423688556375783,-0.00016362028221690036,0.00020424870933903537,0.00020012503509316804,0.00022354330428772103,0.00026154838264152487,-0.00012337251828748372,0.000134208949053707,-5.6597755292039795e-05,0.00023106232346798496,0.0001549728837163991,0.0001520039304388405,0.000816023321604954,0.0001869600620853856,-0.0005450938792357076,-4.4566550849166e-06,0.0003190719198488124,0.00024065064991050217,0.00044634509552439423,0.00010823684272514364,0.00041248239793286107,1.6220792771564948e-05,0.00018735976121936758,0.00036375615999639105,-3.5047161315483844e-05,0.0001791218475648907,0.0002536219554944387,-1.810937592884188e-06,0.0003430994487361469,0.00024396146125509494,0.00021879155768467277,0.00036366727064033694,0.00019253650368896167,0.00011740275948314353,0.00014288009094860166,0.0004132662575192462,0.0001232238914379579,0.0003788260177051616,1.1169035096736157e-05,0.00023916584392625243,0.00015569229391854418,0.0002229265329452477,0.00043551764495378445,0.00014953959468246497,0.00023410582946294928,4.176065920273662e-05,0.0002441835134975052,-1.1200990652176636e-05,-0.00023320568187970968,0.00026666974240227743,0.00021384267132473647,0.00029452311680143743,0.00039127182444918855,0.00020779647365286983,7.600040223601516e-05,0.000590161750425589,0.00022705215342712774,-0.0001768552685089139,0.00030002188504391265,5.677469832621746e-05,0.00019488035644811736,0.00015706936699760944,0.00034511779795084243,8.121008686546352e-05,0.0009165392459719155,0.00023269797314362772,0.0002214419072591762,0.0002366409791183129,-0.00016411546066106666,0.00045046092039995934,5.6805366436732285e-05,7.32012561341094e-05,-4.999005967401914e-05,0.00020316097405029485,3.5619881433785246e-05,0.000294462995542675,0.0003884516204346842,-2.5934254637294434e-05,0.0002994273391442336,9.640331556043728e-06,0.0004518766607114318,0.0001745159151689453,0.000264174175727592,0.00014381646042137098,0.0002535121228251017,-1.0662382997333446e-06,-0.000517211137557985,0.0007482807323250028,0.00022081560164595603,0.0002911083239263725,0.00032112067987466805,0.0006482256451770626,0.00025505891276508347,0.0002504971571237921,0.0004636702445843178,0.0001553052876535403,0.00026051683313034116,-0.00010825632016668971,0.00017227350159764148,0.00041116583693398523
BERY,0.000839311532120512,0.000130421709000832,0.0007428205721655197,0.00022354330428772103,0.0010495450844517442,0.0009086261422269213,-0.0004792451959851624,0.0004197950941222608,0.00037339690212033255,0.0002797782138902354,0.0007825252220196751,0.00018331316649742807,0.0027323000209956987,0.0005241955637233809,-0.001729289053301215,0.00019804873882927975,0.0011221087920086745,0.0002721551008402134,0.0014073610826424781,0.0002743223197453607,0.001124025072571892,0.000671636503972059,0.0006957317274234733,0.0014259170388383562,-0.0003260511530244085,0.0007409672843909506,0.001220180155392093,0.0002802498507255355,0.00124054070688173,0.0007944526579325372,0.0005905459545941354,0.0010198051420176467,0.0009392016040876359,4.824551132785195e-05,0.00032541856850816216,0.0011816296693569416,-0.0001228636196318948,0.0012820394226392938,0.0004724570432824334,0.0012507678068503026,0.0009443180664230081,0.0007106361689340024,0.001604665622354807,0.0005823659428577881,0.0007714683528936299,0.00026036371540762317,0.0007818195250751183,0.00011062423777530032,-0.0004584189497598982,0.0010615603531109183,0.0006053436470005285,0.0011522795944263861,0.00027458175708397573,0.0006066892869268747,-0.00018161722181806982,0.0014710804719623486,0.0010191070083705768,0.0005765184407758055,0.0010711594905412798,0.00024139140332740645,0.0012828040392358555,0.0005229768983428721,0.000995709455529157,0.00019907750188533551,0.002100829677442444,0.0007393048165565419,0.0017346142784879282,0.0007766235083193115,6.241729169957152e-05,0.001559670903979429,0.0007356562895308157,0.0004242186357882414,-7.536073697138619e-05,0.0005054514443784291,8.826835611277345e-05,0.000950149221873757,0.0013815019718239675,0.00034502480733819373,0.000756487634851239,0.00030759078804685846,0.0005758975516058755,0.0005708982845788924,0.0008785305962691731,0.0006873395665769376,0.0008691640354769461,-3.2943210158688488e-06,-0.0004366939248040956,0.002085332924908439,0.0008842967916800827,0.000773958374555978,0.0014339929084249156,0.0021521810049527565,0.00036476230608136466,0.0003323387709004427,0.0016486283224923857,0.0004303405015888577,0.0010179152189279633,-0.0005799925984107675,0.0005557851829793924,0.0013867206570608614
BJK,0.0006120269995075409,0.00011295424045774397,0.0007503275065309234,0.00026154838264152487,0.0009086261422269213,0.0011801006452734181,0.00010383925696646175,0.0004838268021629824,0.0011027677109052222,0.0003568851168411049,0.000931607733249976,0.0005789123158234522,0.0032404284863126616,0.0005413702609803212,-0.0017209296696759813,0.00025216881313983887,0.0012558713313605815,0.00027303944601409977,0.001517343240470963,0.0002726891829187414,0.0009994666184363187,0.0006493487925265096,0.0006367881358627265,0.0018748222469958512,-0.0005581974410539199,0.0007539881847727773,0.0009712153606883399,0.0003084578072858226,0.0012720709122138294,0.0007133670231981944,0.0007954110476021235,0.0009622378643917425,0.0009789512801735465,0.00018141978615509026,0.0004887385162370482,0.0010786335158635434,0.0001039170213854712,0.0013815846571829536,0.0007251146578938589,0.0010931979983401794,0.001696156180068969,0.0007054232190479591,0.0018394764950966896,0.0005698807135978406,0.0008379534117875244,8.147525460138457e-05,0.000876858166711546,0.00030884446784856925,-0.0004621321190028428,0.0011341042202464402,0.000611034348472633,0.0013662545193428564,0.0012999383289059102,0.0008697726193271304,-0.00022189979316684677,0.0017149176479344206,0.0013723074334294496,0.0007657943978994295,0.0011750527282362675,0.00026407407431070624,0.001269620265917298,0.0005520419812319053,0.0010141662970847352,0.0002918003014910704,0.0027297449424355225,0.0009228444638919454,0.0015018932314167068,0.0009008620968483765,0.00021559645371339712,0.0016011944470066953,0.0006658273269264368,0.0003717133569609505,-0.00016080531929153183,0.0005660611399817488,0.00011709000470642968,0.0010142732518205434,0.0014501644409605815,0.0003415781862173565,0.0008181776246187311,0.0010245056062068599,0.00206306192703541,0.0005732111374883743,0.0009587311575412007,0.0008066903329418874,0.0009595478959667986,-5.6926363856660666e-06,-0.000427983725978063,0.002710308082818426,0.0009913502962004207,0.0007459328201792421,0.001476766741652161,0.002786176552401521,0.0006047442475385878,0.0005917972709002271,0.0018398823158364826,0.0004518524124277827,0.0012217301994652805,-0.00018304420457372408,0.0003428686243626618,0.0013418840264514133
BKTI,-0.0018629243811993884,0.001401283506611688,-0.0005730465086336259,-0.00012337251828748372,-0.0004792451959851624,0.00010383925696646175,0.01444504539386838,0.0003488356678341609,0.0026344816215636024,-0.0010183987274012343,-9.611969592622876e-05,0.0008576059205443459,-0.0006869351770813009,-8.767689157984586e-05,0.0010123123847393905,-4.454190617964069e-05,-0.00025761557625605583,0.004388562676108413,0.000472404680825593,-4.748763660851803e-05,0.001172429797518167,0.0010155421072405915,2.94942504816219e-05,0.0007147778794736475,-0.0011480226922940462,1.9808072516260267e-05,-0.0008934893435888682,-0.0003912288302571181,-0.001202813546778379,-0.0006144118600172896,0.0008290361157730656,-0.0006549644591954429,-0.0001211770089373818,0.00018999428597700528,0.0016763083974857369,-0.0002674362571806519,0.00016798321032324,-6.807668948304481e-05,0.002659272629582463,-0.002217709103421093,-0.0003439532844167611,-0.0005343865360348283,-0.0009127278310801316,-0.0002612229246318639,-0.0005134999053945714,-0.00017916119453094723,0.0008122949935450969,0.00029332536039988115,0.0014876497847117198,0.0005631834506009982,-0.000938217816732999,0.0008696665115017251,-0.0019177987159126114,0.0029414445466733052,0.002164924053733215,-0.0001289999888931852,0.0012192070745104487,0.0004539716257738689,-6.981336249163899e-05,0.0013303869659800386,0.0007306843234364685,-4.670177718657159e-05,-0.0005955759950862002,-0.00013730682815219742,-0.0016063608333134476,0.002239386119659101,0.0010239783934910599,0.0009428619891793847,0.0007317160931600663,0.0008520488987948735,0.0014437016390449237,-0.00012517477376063557,-6.562460070216155e-05,-0.0006845317103870107,0.00015125657811763092,-0.00022352005201043475,9.906637132210802e-05,0.0007788306240729801,-0.0014551412069668157,0.0035647110341921772,0.0027917366529272266,-0.0002845621633805143,-0.0005684589131471476,9.975182113401311e-05,-0.00016694029735337155,4.1381850553747e-06,0.0017288568577231871,-0.0008735071022456125,-0.00025863093357668767,-0.0009798553087470242,-0.0004971216696718993,0.002325862402082746,-0.0003449390092996068,0.0020229941418260095,0.00077832211400848,0.0003707550566022905,-0.0004566804755275385,0.0023354804512036986,-0.0011663344636845033,0.0003322445342727222
BSJQ,0.0005487060691683359,0.00029374377030547615,0.00028016166284259235,0.000134208949053707,0.0004197950941222608,0.0004838268021629824,0.0003488356678341609,0.00048031105873936795,0.0005540247172267446,0.00023423465354535395,0.0004450941935673153,0.00028684122655842027,0.0013517926749029513,0.0001313401212790316,-0.0003708661452077297,3.697608130926195e-05,0.0005218786382111726,-2.749372023792777e-05,0.0007340894241308303,8.647217070563018e-05,0.00016867028390842335,0.0004179231510186571,0.0002631658325080128,0.0004918044766418593,-0.00025117680953843676,0.00030609713597288385,0.000496521251284714,-2.5708330094459598e-05,0.0003670310788926553,0.0002097378655613638,0.0003774185940921912,0.00034244835603627243,0.00022333484555464946,4.470459306910519e-05,7.526862880047082e-05,0.00021100418523271105,-8.562320529953515e-05,0.0005511600730537618,0.00012549915252753002,0.0001586994698874508,0.00063915188291267,0.0002404520247068832,0.0006721432624879446,0.0001836290773790548,0.00019660957877029326,0.00010138559714423553,0.00044260621371468073,2.341979444029862e-05,-0.0003037396967835417,0.0006263422024002666,0.00015679640396292223,0.0006376556703294002,0.0005488778086215187,0.00028262647815626145,-0.0001708909198452083,0.0005732761045316594,0.00037922214436003334,0.0002422538017596348,0.0005055735428936254,0.00010820983122800532,0.0005649085690161158,0.00023062163070334635,0.0003616244257908919,0.00018296393567590103,0.0014694511991298577,0.0006535073974230771,0.0008083183685423967,0.00046039446674976355,0.00012601202951983512,0.0006101044179362906,0.0002453040809051515,0.00021278546708590706,-9.618178410392539e-05,0.00019840818160514516,0.00010398917767088055,0.00041907562821196285,0.0007189787127345981,2.943963664099929e-05,0.00020880925491139154,0.00017693431678905458,0.0008013702212365658,0.00012384550040607671,0.00030783109250878156,0.0002711303670722725,0.00044328764081621433,7.390944973284149e-08,-0.0005275407619794369,0.0007597003678403086,0.0006682965514290255,0.00020672543621735854,0.0008192887468608885,0.0010454992053404292,0.0002867784744025151,7.666428573273104e-05,0.0006824355215264917,0.00037363932523187544,0.0005123317813418662,4.493688136644176e-05,1.561786825359548e-05,0.0007021108983799344
BTX,-0.00046743330925073484,0.0010699355293783378,0.00035044847550421245,-5.6597755292039795e-05,0.00037339690212033255,0.0011027677109052222,0.0026344816215636024,0.0005540247172267446,0.006018012265510535,-0.00021449626567692298,0.0008028613070222974,0.0008286640883203232,0.0020407786661686363,0.00010365386813790209,-0.0003155238783317174,0.0007850614347405245,0.0006328261951035144,-0.00016843927531421914,0.0007333364175860065,0.00015986478008176585,-0.00042042526522782076,0.0007925240566985665,-4.3933593819515317e-05,0.0019638643105403617,-0.0017353345662668583,0.0003199829578737273,0.000461895853772813,0.0011201895076130355,0.0002922152283301819,0.00010431864972628653,0.0006719716920795392,0.00012273891780900182,0.0007575231923377466,0.00032630121266267515,0.001195135524044002,-0.000567435857510547,-0.0004811415620459846,0.0014712514805718848,0.0010494255570283942,0.00023674961814158243,-4.8759144092052036e-05,0.0002377496452459373,0.0015313135714292779,0.00012199585429640185,0.0006004947728377658,-0.00017838890570817063,0.0006840665507771381,0.0009508063214264888,-0.0009129028540334907,0.003611803570222571,1.7904106047309202e-05,0.0010008601992793846,0.002068841567636626,0.0009379364375263876,-0.001025382941515444,0.0012563006248830183,0.0018545652166564119,0.0019257445707898575,0.0007532757987587035,0.0002659844897073766,0.000785939219679693,0.0003458684734085608,3.1692667151874734e-05,0.00023753577048433937,0.0006691120275002766,0.0015303118641604137,-8.80365255336768e-06,0.000741632740648801,0.0019362993047538023,0.0009643344249311541,-0.0003663344824849254,0.00024177750930111133,-0.0002512010053163117,0.0003122194153748927,0.0001221325915981717,0.0005436831906888307,0.0006282840760024277,-1.521395311843417e-05,0.0003998486043987157,0.0020151582207283856,0.0037473801613493118,0.00011242465341549147,0.0006177275485568741,0.00045923376419168663,0.0003213623493737553,-8.742030395427558e-07,-0.0007467067424451018,0.002287402639854269,-0.00047500709158612036,-0.0004395552465544508,0.0007576787780624376,0.0019108280879929107,0.00039440303223622523,0.0011649382414667413,0.0008096007729509518,0.0003169045698210354,0.0011050558291180602,0.0006833619563944096,-0.0011098049139557935,0.00031831563265876105
CHSCL,0.0009946659923783178,-0.00018888149297732374,0.00035887603142876107,0.00023106232346798496,0.0002797782138902354,0.0003568851168411049,-0.0010183987274012343,0.00023423465354535395,-0.00021449626567692298,0.0005642934267808878,0.000317870308187025,0.00033273284945909234,0.0009865301520541885,0.00022914664892580557,-0.0006644695466432587,-0.00011938495417917471,0.0005079373725516541,2.9170874849198805e-05,0.0006663869793778251,0.00012213790164760022,0.0004728017014573984,0.00019152358808838493,0.0002653596295796092,0.0002446436900194429,2.5223136469039823e-05,0.00029361189104631284,0.00042956126755684947,6.097669803496675e-05,0.0005641965637828636,0.00024194885856989833,0.00037742906824295706,0.000363354533068211,0.00018069068721430714,0.00010114610216797174,1.2010004881568401e-05,0.0003728181730428479,-2.0172753149988924e-05,0.0005876118526098068,-3.186647984917859e-05,0.00017633102173057104,0.0007552383778393716,0.00029249533171149674,0.000652092422930838,0.0001881951908018094,0.0002486015050587761,2.382770135124359e-06,0.00023172615635361706,1.040849794355822e-05,-0.00037632437930138613,0.00036743122888993347,0.00025965288980664625,0.00041656359714777134,0.0006035744664668364,0.00010663001260350696,-9.940244719560155e-05,0.0008269984979571505,8.300253322046873e-05,-0.00024642412796885055,0.0004426063997737831,3.223911735108016e-05,0.00012128012380523198,0.0002121330465171168,0.00042522599915986416,0.00020904839115965326,0.0018331120252079876,0.0005278978031030187,0.0005602904561626,0.00032424986178501307,-0.000242881187963862,0.0004464613885356268,0.00011274695295447229,-3.0977350848385255e-05,-0.00013456446837750602,0.00021799675190613656,6.45930104673257e-05,0.00042267671821181254,0.0006646642918745027,0.00011115299916748314,0.00048433873784456855,0.00015438986892482917,0.00048411197256122964,0.00019671696265061164,0.0003416402807802617,0.0002160121256805721,0.0004368214312118861,-1.5439791484384144e-06,-0.0005137605287605154,0.0010105815363225224,0.0009532178663882255,0.0004846500950725494,0.0006180384755688805,0.00027257299932438714,0.00037792265667992294,0.0001071213481963606,0.0005810474880495527,0.0002564936928108948,0.0002868362785960842,5.644243073214885e-05,0.00018694607658384618,0.0005948787732452585
CRMD,0.001227494678449508,0.0006922385906554413,0.0007818270130050069,0.0001549728837163991,0.0007825252220196751,0.000931607733249976,-9.611969592622876e-05,0.0004450941935673153,0.0008028613070222974,0.000317870308187025,0.0028559313708967607,0.00044760468437344896,0.0035224582128787875,0.0005193255469297495,-0.0019061755335464245,0.0007340619176922331,0.0011881624176404613,0.0007134062301318511,0.0014182127944251746,0.0002819244576858487,0.0004893758984782726,0.0014821637147920572,0.0006909592793169886,0.0012403788487611014,-0.00030315025014472787,0.0007726455205325426,0.0009329328324759822,0.00018367260432891968,0.001284280591030335,0.000876356988354638,0.0005190029903874236,0.0008070427283958018,0.0011898939997594313,-2.9578272990107418e-05,0.0014940626101619852,0.0009623459449326552,-0.0010007050886071834,0.0011122802791462814,0.0009504047277419827,0.0011480707693325735,-0.0008873402581647732,0.0008119777686632566,0.0016980038110497439,0.0011436751156523636,0.0010728446908900287,0.0003021611695933771,0.0011950065153932571,-0.0003071697884410213,0.0002796907681424834,0.0015651264256678439,0.0006576996569796005,0.001190294182371969,0.0029067641185462163,0.0002593667809195651,0.0003880422126103098,0.001980959296564136,0.001621015165990777,0.0003427993227736669,0.0012077571572098695,0.00019468202166081534,0.0015241291461318524,0.0007050638098852506,0.0008330492194950172,0.00041422333025644407,0.003443911722189036,0.00040806929697238917,0.0014306430703859645,0.0010202140010042732,0.00013727731469795595,0.0013876809141451882,0.0002808390481724788,0.00037370455004266326,-0.00028598862354594945,0.00011723358932888053,0.00011158920059938547,0.0010374095241794952,0.0013426210997074647,0.0003344463948625809,0.001203898628431328,0.0006192363518038033,0.002983750749786984,0.0005908619670824343,0.0010874872492604493,0.0008691473576481571,0.0011148268755635825,-7.488163782976288e-06,0.0008261053212915802,0.0015967248975292559,0.001255328286497908,0.0008978310928289344,0.0012644204658125622,0.0024284732083565135,0.00048681384467421187,-0.00018264288465894856,0.0016320776249687237,0.0004588854772109734,0.0015885086674850986,-0.0006798353963760267,0.0007997947335455915,0.001207313552520983
CZWI,0.0004306946905605569,0.0004054325847747026,0.0002115762264232469,0.0001520039304388405,0.00018331316649742807,0.0005789123158234522,0.0008576059205443459,0.00028684122655842027,0.0008286640883203232,0.00033273284945909234,0.00044760468437344896,0.0015972938660966823,0.0008350140704778987,0.0002798201228841975,-0.0007226420446367974,0.0003804390788764225,0.0005782636109467961,0.00047300855991691456,0.0007112931208221516,2.1407017821807913e-05,0.0005275466266980712,0.00017749684091384696,0.00029728123068212606,0.0007063417215073824,0.00029733357302053716,0.0004270424524063713,-9.960067493753892e-05,0.0004719312010623215,0.0006576276805178631,-5.540144893350538e-05,0.0006681852279688265,0.00018243316958333372,3.75872143840488e-05,0.0003396779075137689,-0.00026299765397147436,0.00011399205680308249,-7.203145476290072e-05,0.0006238907813471543,0.00020237922469887635,-4.554082596473652e-06,0.0007556214470344981,0.0001094664233055353,0.0008275632298394316,-5.92299540925767e-05,0.00023187555320295576,-0.00024870627169189924,0.0003071024361016818,9.640403651811578e-05,0.00046732268776172626,0.0013542678467439134,7.258015848957909e-05,0.0006510264043473805,0.0012563674188539476,0.0007207604330761848,2.6910881993565254e-05,0.0006169300985331141,0.0007404848275497505,0.0002111473834301785,0.0005163773107421941,-0.00031526511229143045,0.0004464547336812867,0.0002829327176045804,0.00014345555660215118,0.00011695154377229618,0.0019416458703876399,0.00099290887584361,0.0006280136223110473,0.0005214183120494963,0.00027942119133721085,0.0005727243296413552,0.00017943281767476523,-0.000140781671108914,-0.0002704434391764174,0.0006088268720359895,9.225979531347443e-05,0.00040112577921140266,0.0007083019979938873,0.00032097594781328953,0.00015752941406053724,0.001693788921641944,0.0009754912520392423,0.00022902345019070738,0.00028431456512748244,0.00048036489124455363,0.0004197260054171753,-6.853212263581019e-06,5.485260600930712e-05,0.0011544808933153731,0.0011955475026118713,0.0001282604929836364,0.0006593114265122134,0.0007954384623906567,0.0004281924040743107,0.000425232846990099,0.0008403026236805309,0.0002459787951397626,0.00037579038591751933,0.0007980721402235577,-0.00021042470841488485,0.0007481256618008517
DFEN,0.0022854572728192987,-9.931874332471604e-05,0.0023803105263949837,0.000816023321604954,0.0027323000209956987,0.0032404284863126616,-0.0006869351770813009,0.0013517926749029513,0.0020407786661686363,0.0009865301520541885,0.0035224582128787875,0.0008350140704778987,0.011174245127647305,0.001722051764246761,-0.00550129531698516,0.0003097913577810485,0.003774088781654774,0.0007258971318770556,0.004764780012672756,0.0008044703617782973,0.002847024294828263,0.0022709843141660233,0.0020203466539497677,0.005248579572947021,-0.001953054211328712,0.0021814296701585093,0.0032556133805675506,0.0007997975788708179,0.003857435508614542,0.002295619354940394,0.0022355897638946026,0.0033017655238666865,0.003549740387325251,0.00020492158357654941,0.001800660667607931,0.003693142371579375,0.00033768946452252376,0.0037782674721835905,0.002475709337196636,0.00360790117898104,0.005623714738449306,0.002384823789088126,0.005218882253840144,0.0021888180421719126,0.002648169369728436,0.0006032051068774693,0.0028101510530308847,0.0007692560432136677,-0.0012606046339286327,0.0036983627289883278,0.0021666978909817155,0.004126062081652911,0.004298687883862817,0.0026082052281269246,-0.0004765788724766629,0.005379557733108899,0.003728230866727524,0.0021292984997986083,0.003521538895705338,3.245777462084299e-05,0.003943359646670343,0.0017113736183115714,0.0030112446250505596,0.0008073062415238555,0.00816659548403633,0.0020357950425941005,0.00455702848333696,0.0025449979681149695,0.0005554555614612443,0.004753772483425785,0.0031740450845866154,0.001455150076689434,-0.0003234740378800364,0.0013798139139481228,0.00030931733900786186,0.0031839998694797836,0.004441133308971327,0.0009814488853507896,0.0027364401708934415,0.0019918543876126433,0.007736266884530474,0.0018555181565342097,0.0030503870740276,0.0024705223836281676,0.0031794501630296786,-1.7285492565624506e-05,-0.002350204955729634,0.007836316276966009,0.0036880884486713682,0.002440066060551637,0.004252239182753388,0.007862336518952616,0.001775718203265255,0.0012768874587021284,0.005137495540889262,0.0012926761124639754,0.004237185704004139,-0.0013628081925704052,0.0013867525201412521,0.004058984823372635
DGRE,0.0005440413420605153,-6.807002459217966e-05,0.0005597840533828052,0.0001869600620853856,0.0005241955637233809,0.0005413702609803212,-8.767689157984586e-05,0.0001313401212790316,0.00010365386813790209,0.00022914664892580557,0.0005193255469297495,0.0002798201228841975,0.001722051764246761,0.0004840382441189996,-0.0015133360402316983,0.00012194612335540703,0.0006763074286891789,0.000506797829003774,0.0008064043939705426,0.00019601682157732394,0.0009764349776701135,0.0005000519524813845,0.0004670653673479931,0.0008462639994944543,-0.0004483615197694832,0.0004700057944865225,0.0006453101923137211,0.00038222782938783506,0.0008587616303933217,0.0005445981087042792,0.0004614640892240218,0.000766220839949222,0.0006554483454118247,6.964942471281221e-05,0.0004311952968941459,0.0008310494003542734,3.063958197179887e-06,0.0007822379262963388,0.0004984244626321579,0.0005914552665581254,0.0007677014100852873,0.0004955465811006382,0.0007826734860314882,0.00042350596953769575,0.000616655298791627,9.147890884339032e-05,0.00047994116494520155,2.1637497471231147e-05,0.00013865523921302694,0.001043207017467547,0.00045444615189238333,0.0006689734112509792,0.0008792946851483076,0.00052341374646347,0.0001235730095867578,0.0011250440518365435,0.0006326678578450546,6.019114640376032e-05,0.0006429003693312049,0.00017121690019810776,0.0008390818903283835,0.00038167066113830184,0.0005969109382495359,0.00012816782305450082,0.0012819182455423423,0.0004780565985460473,0.0009525121832540992,0.0005313689965484474,0.00015817651861787453,0.0010141381111507255,0.0007546688624567172,0.00032653631967384116,-4.278246134934253e-05,0.0003902760816477396,4.651313720041745e-05,0.0006087052942499894,0.0007393071345537208,0.0004288338386986899,0.000638507525451473,0.0009132084408871919,0.0007095835753597017,0.0005012219126507842,0.0006190125940497013,0.0005091669327716993,0.0005365400103057291,-4.305486245308984e-06,-0.000335635237491864,0.001311441623087992,0.0009161823854282121,0.0006092774657207567,0.0006126858890819032,0.00112978628822309,0.00020935982755237512,0.0003324577216851987,0.001058587610035805,0.00021511480992689625,0.0006193931904055492,-0.00012207810257215616,0.0004121812612176652,0.0008046886139447216
EDZ,-0.0016819820243451544,0.00025692099609614567,-0.001768807565597601,-0.0005450938792357076,-0.001729289053301215,-0.0017209296696759813,0.0010123123847393905,-0.0003708661452077297,-0.0003155238783317174,-0.0006644695466432587,-0.0019061755335464245,-0.0007226420446367974,-0.00550129531698516,-0.0015133360402316983,0.004905029363658115,-0.0005041739909201309,-0.0021356107650249835,-0.00154536833144579,-0.0024119005879808184,-0.0006619744979684815,-0.002916250112697278,-0.001754168303795037,-0.001488194680693291,-0.00275991353590995,0.0010886083700519453,-0.0014808173600524594,-0.0020434254523594535,-0.0012593069769575342,-0.002761724132490109,-0.0019201303645272727,-0.0012738512452019554,-0.002468706950801602,-0.0022085736361464885,-0.00016890472046898666,-0.0014361346125359104,-0.0027270406459711087,0.00015341467734431444,-0.0025041359073535627,-0.0013542577917330088,-0.0021667438565480886,-0.0019392280628923407,-0.0016291894033841194,-0.002639395092015347,-0.0014581917180201832,-0.002115792599955112,-0.0003667815219112936,-0.0015404162861354432,2.070748192238879e-05,-0.00048117004454641794,-0.0034220869178529655,-0.0015126611760506608,-0.002047140228588057,-0.0029635198788853048,-0.0012445324833055503,-0.00039699376410451105,-0.003596267521635006,-0.002198320143195512,-0.00011816507628368886,-0.002060626307086965,-0.0006573287505333821,-0.0027678244642859056,-0.0012347763803869148,-0.0019525565619872478,-0.00040751961431010426,-0.003972137515710055,-0.0010974822669944648,-0.0028220819012220026,-0.0016501877939235703,-0.0005600496019494074,-0.0032243140135068456,-0.0019852923766214923,-0.001035323463002662,0.0001161824372576474,-0.0012300708449117037,-0.00012484041332691003,-0.0019299060302230238,-0.0022175590197340343,-0.0011941424277929836,-0.002136495173273267,-0.002608513328528645,-0.0020129471890375475,-0.0016031925077097764,-0.0020625104731921773,-0.001578399931010806,-0.0016770921778344948,1.4281647517403858e-05,0.0006386585484411922,-0.003935952255142489,-0.002472386216584079,-0.002002194450894859,-0.001890841051047638,-0.0036269327480682786,-0.0005656949145249214,-0.0008067431361387774,-0.003366344973646878,-0.0006338152309372598,-0.0020424577596548604,0.0008511110820320926,-0.0015168289977325474,-0.002414815589643387
EVFM,-0.0004209180613554624,0.0007236917795679463,9.814710832982762e-05,-4.4566550849166e-06,0.00019804873882927975,0.00025216881313983887,-4.454190617964069e-05,3.697608130926195e-05,0.0007850614347405245,-0.00011938495417917471,0.0007340619176922331,0.0003804390788764225,0.0003097913577810485,0.00012194612335540703,-0.0005041739909201309,0.001344007895990531,0.0001554916992061503,-0.0006860355102030081,0.00012205330825347342,8.599673991337353e-05,-4.815577563873821e-05,0.00011001839237858111,0.00010045006974877894,0.0002973933740742008,-0.00041468703857909343,0.000141377303413558,0.00019610106199489843,0.0003862966439781073,0.0005466191901192219,0.00027019515578531286,-0.00014854752171420378,0.00019217796669367053,-5.936897446867547e-05,-1.1197304767019413e-05,0.0007049156436339307,0.00012037849670401896,-0.0006111535075965634,0.00010665729161389113,0.00011605220743591722,0.00038564725851819245,-0.0025499736667301334,7.105422018573446e-05,1.468637255170361e-05,0.00021032178610804302,0.00026905686203792926,3.878106217480205e-05,0.00024321513390556,-0.0002917792939592844,-4.826433533530253e-05,0.0008847640453109037,-3.27651455365031e-05,0.00017743638233450143,0.0012484813313403803,0.00022245168649582587,-7.874236140249887e-05,-0.00010764560373458945,0.0008310329037475183,0.000326212122900967,0.00023790190699701989,-0.0005195131005838641,0.0005833074858432446,0.00015215682993476287,0.00016625700897551727,2.7001486422944307e-05,0.00043561898929574274,-0.00017075672431217842,-0.00014984075689278143,0.00031074418069866036,0.00015964100234380654,0.0005719572550655258,-4.6626652965076733e-05,0.00024348828037181863,-3.9442121370590606e-05,0.00020256512880188117,1.716410073160598e-05,0.00011448298336144675,0.00012033520941147971,0.00019361819776159852,0.00020917830618273576,0.00040431190176381496,0.0002567325263625353,0.00020425355187388624,0.00017289422483783933,0.00020515759921307385,2.5290139855246907e-05,-4.055755844062859e-06,-8.776488714801424e-05,-0.00043527204665918477,0.00046671659599009673,-6.207732310867161e-05,0.00020685445033370302,0.0010145128924328114,0.0003114329255603188,-9.598002927912033e-05,0.0004559782671896017,5.060081080093582e-05,0.0003183135635516279,-8.046912220863903e-05,0.00021181961789977594,0.00020767967272696948
EZM,0.0011203559423326095,6.875113404965996e-05,0.0009428471306828994,0.0003190719198488124,0.0011221087920086745,0.0012558713313605815,-0.00025761557625605583,0.0005218786382111726,0.0006328261951035144,0.0005079373725516541,0.0011881624176404613,0.0005782636109467961,0.003774088781654774,0.0006763074286891789,-0.0021356107650249835,0.0001554916992061503,0.001522587175305906,0.00043095700694455554,0.0019081088958020946,0.0003144307896507226,0.0013902719884970275,0.0007544980905533488,0.0008313648569888759,0.0019601934416147264,-0.0005399145008871694,0.000940970263172472,0.0012663606199426506,0.00032144121665614013,0.0016227943910305438,0.0008571621149927853,0.000993424860022313,0.0011383607202688677,0.0011979247795366429,0.00015145973263463758,0.00045616758105416333,0.00145218957474223,-4.480500038327341e-05,0.0016216655485539729,0.00078530756487964,0.0013462624004767516,0.0018328897547633574,0.0008859293510249769,0.002198654099711268,0.0007362224737273391,0.0009668130209901873,0.0001667647001845546,0.0010118076755207034,0.000234918281249964,-0.0005354754794575251,0.0012644382388795074,0.0007724326766519156,0.0016023869395132995,0.00108457587197557,0.0010467597531663387,-0.00012096031596551587,0.0020918591293236353,0.0013928241543017053,0.0007470331345504209,0.0014099261602596076,0.00023571004047311274,0.001468598963124881,0.0006817384142504328,0.0012125780736735236,0.0003211205477784472,0.003407150400218209,0.0011203182085563225,0.002027967639203207,0.0010450728290023717,5.293145587501878e-05,0.0018585882509693536,0.0010634462985396123,0.00042945829360115524,-0.00017799046811477749,0.0005668612868194718,0.0001291845228465559,0.0012502831459747304,0.0018463827071984907,0.0004888129905635312,0.0010297473080722573,0.0009562032389951305,0.002213999167860529,0.0007051163507750541,0.0011369051152454888,0.000954518097612467,0.0012306908432273744,-6.1244477253633225e-06,-0.00041398271651957454,0.0032466016370431947,0.001609015499400493,0.0010288088978535263,0.0017973855449297783,0.002764699010279167,0.0006928716826917429,0.0006302900310153267,0.0021373731455004348,0.0005368850087167311,0.0013928074221287421,-0.00034627267745623896,0.0005174083094558355,0.0017219913499793686
