,AFIN,AGYS,AJXA,ALL,ANGL,ARCO,ATHM,AUBN,BAB,BBCP,BGIO,BPMP,BRW,CBNK,CHAQ,CLIR,CQQQ,CTRM,DDWM,DEA,DISCB,DNOV,DTN,ESGS,FALN,FFBW,FHB,FPH,FSP,FUT,GIM,GL,HHC,HRB,JRSH,KL,L,LASR,LQDI,LTRX,LUNA,MFL,MOR,MYOV,NWBI,NWL,OPTN,PCY,PFFL,PKI,PPG,PSCT,QRTEA,RFFC,RSG,RSLS,RVLV,SE,SPDN,STIM,STLA,STNE,SUNW,SXI,TEL,TENB,VNRX,VTI,XIN,XMLV,XSD,ZM,ALXO,AUTL,BATL,BEAM,CFBK,CSSE,DJCO,DORM,EMBD,GHG,HCXZ,NEOG,NLS,NMZ,PRNT,SCVL,SGOL,TRTX,USAI,UTMD,WTM,AWX,CATC,GBX,GRA,VUSE,FXY,GVAL
AFIN,0.000592268952071161,0.0002854729897530039,8.205328114307658e-06,0.0001313276779527763,2.1277672171257548e-05,0.0002546923268232764,0.00018539042620738269,0.000260587719571558,2.6090443085000405e-06,0.000349491599064509,6.72908074844915e-05,0.0002509677155079018,2.47668188175227e-05,0.0005547440622964148,-2.2636412336385727e-05,0.00022294272300189222,0.00010486093484647623,-0.00046816227010025346,8.618903388999621e-05,0.00021563220513727004,0.000178905860956781,2.7515226702008552e-05,0.000203714441999743,0.00021485051844707796,2.098322680372014e-05,0.00021665431142410996,0.0002805469372709508,0.0004122921507279666,0.0003635079496075262,1.8894674085639757e-05,1.0018772752589474e-06,0.0002366266448720816,0.0004388663591372408,0.0001768871548305022,0.00037843895667959246,0.00023181150206883462,0.00038283753178356263,0.0002093555159040268,-7.231363526776908e-06,0.00018772354597169135,-7.788422812836128e-06,7.360896082758545e-05,0.00023771446643266908,6.630218516089583e-05,0.0003507732331520966,0.0003248936924413857,0.0005135198627366011,5.7012110922472734e-05,7.695467543359033e-05,-5.495930811318117e-05,0.00026950674984686313,0.00012099675913804601,0.0004989469633659939,9.723156053305666e-05,0.0001171728694060071,-0.00013168015494913383,0.0001589182924209951,-0.00018090707851698814,-8.835216703725571e-05,0.00022180522534485516,0.00017057018636656719,0.0002001011995062103,-0.0002095820320407226,0.0001470840264536742,0.00019828760368374775,1.1743871367789602e-05,3.968580264388219e-05,9.606221626792366e-05,0.00026218068328972616,0.0001481572878714212,0.0001241454328297359,-0.0007325209125995213,0.00027945502807701046,0.00037614902655383253,0.0012652495749317478,0.00013544338871725387,3.7395098636543496e-05,0.00041756362049393697,0.00017116491892106372,0.00020015801313920126,3.6930210833703266e-05,0.00030362077128661286,5.6811730667717406e-05,0.00017615023018217432,-0.00018120984326046695,4.62262181241149e-05,0.0001245041543431299,0.00018078669907444598,2.9834572976541304e-05,0.0003131923478598134,0.00025202276543074875,0.0002284726973437013,0.000156457453436227,3.8301602115632443e-05,0.00022124975535995926,0.00018011317691927795,0.0003704632946881013,0.00020504027869709923,9.703431660824013e-06,0.00011052945207797339
AGYS,0.0002854729897530039,0.0005923006634011493,6.184521138684842e-05,5.793419954352936e-05,5.5083145657265655e-05,0.0002077448664520344,0.00021925661357190195,0.00017831127112579286,1.0681189171974875e-05,0.000348055306779726,7.393050804726145e-05,0.00027338129299780246,2.8483286080103114e-05,0.00039292090571511066,-0.00013808700279913994,0.0003046917575189215,0.00014824281008495293,0.0004395033780587348,0.0001090525840468228,0.00015924145784619717,0.00038913572784774744,5.579111196668556e-05,0.00016909362306129753,0.00016501019019120368,3.909036688879934e-05,-1.0623131761334045e-05,2.3649811457700198e-05,0.00031117882224154276,0.0003519557033642135,4.0129357276048056e-05,5.972654511790642e-05,0.00016049885529788993,0.00039706072654921524,-9.108635472168444e-05,0.00023054724114860727,0.00022627452345930056,0.00024351359635729392,0.00048077324290206536,3.71089723049142e-05,0.00022878388151846687,0.00022767843346639698,7.009743471360962e-05,0.00018311695336959333,0.0001622968264579689,0.00020230969720820406,0.000237471567826061,0.0003327343887931474,6.561938113471385e-05,0.0001144066966352414,0.00018580190012005705,0.00033964968272872303,0.0002704649984713641,0.00014069633236127963,0.00020447926758062807,0.00014385224326887402,-4.410641646813411e-05,0.00023410240278755028,0.0003160708237948781,-0.00018618102161299245,0.00019884643704554968,0.0002386533329978115,0.000317257951302878,0.00010689447622136144,0.00023335061253373262,0.00023822222984653003,0.00036456560719535684,9.930111242578228e-05,0.0002000441209309031,8.885163563345803e-05,0.00016714245813376937,0.00030346873627132406,0.0005933608680396991,0.0001546302948175399,0.0005619524483853166,0.0013110347387419725,0.0005049652969873601,0.0001799679521885784,0.00030234417565010337,0.00013770133741502442,0.0002826347121161668,3.9608407008982755e-05,0.00013437395966045797,0.00012124436097612274,0.00026236343645098494,0.0005250862238310809,6.896621035067532e-05,0.0002468134057494123,0.00029133392492593034,0.00010779364181085003,0.00018641812741434558,0.00017134226017013717,0.00011598221731149627,7.013632947026927e-05,1.2247108525655154e-05,0.0001505037891501875,0.0002786555852476396,0.0002948865345227914,0.00021245000015674212,2.4574787883812505e-05,0.00012497046697894704
AJXA,8.205328114307658e-06,6.184521138684842e-05,0.0001121661120150391,6.386840586582986e-05,1.2751416770557122e-05,4.4276190113180326e-05,0.00015623338839518023,0.00015524658371714105,-1.2722979649544225e-05,0.0001189800281189337,1.1597938379517659e-05,7.105889398654309e-05,3.108101868452442e-05,1.0129564456221277e-05,8.59288435749035e-05,-0.00010765670982122805,9.387939474815333e-05,3.303716374841487e-05,4.2290275945217695e-05,-1.756074847723191e-05,0.00014528242348567998,2.8710206650345535e-05,4.004113754705654e-05,4.9569500381033116e-05,1.2009847027832859e-05,3.420433160457477e-05,2.363653408845992e-05,2.0519282938630652e-05,7.905132200614945e-05,4.4349623729036285e-06,2.4081331076136838e-05,8.566022308861388e-05,7.643720259675899e-05,2.6134011240724586e-05,-7.646507881711198e-05,-1.7140569652091833e-05,8.766191388806884e-05,3.8952886886508585e-05,-3.111486053585588e-05,-3.4614783951609125e-05,-1.038929345004088e-05,-2.4398166288592877e-05,5.640288239897952e-06,9.923131262834277e-05,-6.858390813657167e-06,8.182224830074077e-05,3.1756849569282395e-05,2.0363287621197503e-07,2.892826485691911e-05,6.024893695711531e-05,7.068799544704587e-05,7.911055056487579e-05,0.00012915776548426403,5.399360227091778e-05,2.6152856420845607e-05,5.564795590058208e-05,3.8196109665008314e-05,9.43333810292553e-05,-4.903068484905524e-05,-8.033972619126752e-05,6.220192437888997e-05,0.00011085267842707935,9.138961007188636e-05,7.678956322189875e-05,8.765891682699916e-05,1.9979147460487668e-05,-1.2241634414206951e-06,5.180668868037396e-05,-5.1996095023443996e-05,3.775757924001991e-05,0.00011045606271400181,0.00029653337711456877,0.00021728710283810905,9.67610171239571e-05,-3.3939705354389624e-05,9.753095551956015e-05,6.026094511265716e-05,4.730071716728927e-05,0.0001756142934888109,4.727601599391433e-05,-2.68378670061833e-06,5.4621324581816304e-05,5.049377555772588e-05,6.441582335546116e-05,0.00018016297206270993,-1.2703585701224237e-05,3.8364493879191925e-05,-2.1634071744957547e-06,1.3836672132032122e-05,6.231962756223156e-05,6.60250690059975e-05,2.5983641168347773e-05,5.885729261541397e-05,-0.00014197372401158508,3.493570698655535e-05,0.00012953362865383733,0.00013593714931473574,6.26741727741512e-05,1.918557915092053e-06,3.1066678848769065e-05
ALL,0.0001313276779527763,5.793419954352936e-05,6.386840586582986e-05,0.000215073127999577,1.1802997454728325e-05,0.00011943161005562859,9.017997534511991e-05,0.00010862239744483532,-5.771274458875132e-06,0.0001436032970062365,5.5372695427364265e-05,9.427517790786544e-05,4.053254695322201e-05,0.0001644257011973203,7.789014719552163e-05,1.83465070705559e-05,0.00014837884867079863,-6.759380585778807e-05,5.0261234829373075e-05,4.56434704066756e-05,-4.764386234974947e-06,3.9348314957014364e-05,0.00010334897231576817,0.00010973051733150104,1.5595734715573464e-05,9.163714669072694e-05,9.991164969142014e-05,0.00013366478246996206,7.023466717099733e-05,-2.6163755830937887e-06,1.1057527412503327e-05,0.00013448416077661723,0.00012115611508187021,0.00011038097494411349,-4.758669736435397e-06,7.419796450482108e-05,0.00015643359006667395,6.297733789739191e-05,-2.438670675703906e-05,-3.813255117427432e-05,5.373237452422253e-05,1.5763643741072118e-05,-1.070337718776506e-06,6.81061890942893e-05,3.194472310523432e-05,0.00012397947364956816,0.00012589699496035232,1.9605760878089578e-05,8.04624452041701e-05,0.00010423724925151255,0.0001222214502391212,0.00013867210316399878,0.00021248416364257625,0.0001230568239479301,5.963097762730716e-05,-0.00038761045062333567,7.081432329134545e-05,7.583413270291854e-05,-0.0001219703549699557,7.123975039118075e-05,7.346219176845075e-05,0.00017521959445019822,-0.00019051314294170232,7.259257503289314e-05,0.0001723856881781735,0.0001445125399806419,-1.675768615118262e-05,0.00012144436595102687,5.973489919264854e-05,9.043663658916127e-05,0.00018526404383771051,7.622870746232267e-05,0.00021217743432921783,3.715343795556471e-05,8.444066056359522e-05,0.00012027211880181196,9.628977851120619e-07,0.00016871025979757714,0.0001362348410774668,0.00013175839326765872,1.702872334793796e-06,0.00015790941227568077,6.792576564609051e-05,0.00015945612777234578,0.0002222441619121586,-8.972610110533861e-06,0.00012396569840277297,0.00011778692133222724,-4.541295731521821e-06,7.683365403740594e-05,0.00010644548412109644,5.1090657094578484e-05,8.873979516606607e-05,2.6148608969964127e-05,9.834444185424774e-05,0.00012489380063649013,4.6730175376969025e-05,0.00011942808097721789,-1.1575942505660557e-05,2.351054785187779e-05
ANGL,2.1277672171257548e-05,5.5083145657265655e-05,1.2751416770557122e-05,1.1802997454728325e-05,1.6952715878402164e-05,4.489842301606173e-05,4.115191102583037e-05,5.8620602702572337e-05,1.3542021611418933e-06,0.00013671091341176645,9.155891743356775e-06,1.7333798655135842e-05,6.795273464576375e-06,3.882434730061944e-05,2.1741804114291955e-05,6.0758487015039824e-05,4.1822534149137316e-05,5.683461019938273e-05,2.5281957341348354e-05,6.123372926538777e-06,7.266544700417187e-05,1.2657918345323788e-05,3.016777446662555e-05,3.3799462469579294e-05,1.4671227026416052e-05,-2.1334744567763838e-05,1.0589939837535126e-05,3.1186528335599936e-05,3.43136941124464e-05,8.765611975717772e-06,1.1259032163991717e-05,3.0140412205528336e-05,3.2321518547124034e-05,-1.6742705155812637e-05,2.8729594947743447e-05,2.463245858913969e-05,4.2652049644795264e-05,7.320228398271753e-05,7.219862439568853e-07,3.4969814981141644e-05,1.5284369971646402e-05,8.240621322347271e-06,7.179691556581892e-06,2.7502497787462196e-05,1.8991646269752135e-05,9.711465782555642e-06,3.8518660554842974e-05,1.6477101561811117e-05,1.7311548766372588e-05,4.118618228694584e-05,5.5002579125736325e-05,4.995715248860697e-05,-5.726424849486062e-05,4.2128126438684433e-05,2.3158178195254038e-05,2.353788853017044e-05,6.199833975746993e-05,5.9708959712264945e-05,-4.095252530023005e-05,-7.348560331731747e-05,3.784538261109608e-05,3.9851929862946104e-05,-0.00010984471838180733,5.7235599854924945e-05,5.5240482725612826e-05,8.45229485578643e-05,-2.2943175323616414e-06,4.13139785300856e-05,-1.6811073766150105e-05,3.284373258979102e-05,6.728425515261987e-05,0.00022305336388334307,2.611166890100257e-05,2.263323780714826e-05,0.00012371507467522744,4.750761499740059e-05,4.3940651689199e-05,-1.2809702113914972e-05,3.252919869983287e-05,5.4397297351790246e-05,8.902013211315004e-06,3.773956730997659e-05,1.6770459763879837e-05,3.101984930195218e-05,0.00014606183289099124,3.660061901732379e-06,4.541794136530664e-05,6.047249404426106e-05,1.3517672882984117e-05,2.624198897032435e-05,2.6386037453472582e-05,2.9713361497093302e-05,1.1856604967037258e-05,8.020759139114054e-06,2.0228354249359756e-05,6.402711004452655e-05,4.541099826393478e-05,3.684649772570218e-05,1.1308920659248674e-06,2.7340460248189033e-05
ARCO,0.0002546923268232764,0.0002077448664520344,4.4276190113180326e-05,0.00011943161005562859,4.489842301606173e-05,0.000326520912958382,0.0001970286200941758,0.00021618386859641178,-2.815611438844627e-06,0.0003849815533614369,4.880185253884665e-05,0.000149230611169303,3.840786226071184e-05,0.0003409017744206333,0.00010235800180788639,0.00023799170495547584,0.00018712162690607244,-0.0001457322344946844,8.843242664854056e-05,0.00011095600444042959,0.00020970205215695647,3.9758674975086336e-05,0.00014211314104050358,0.00013006316608662932,3.421727177837245e-05,0.0001531463844549885,0.00010816295514453924,0.0002392937218517448,0.00032043565401141793,1.9169135646034467e-05,-2.5746493632231406e-06,0.00013778495052812323,0.00020894555671912575,8.584715368691517e-05,7.140801873453739e-05,0.0002258318249957676,0.00018666173203818625,0.00031138643699612275,-2.1420784369526397e-05,0.00021664404917065807,-2.5569283866037286e-05,3.427913773247583e-05,-3.80985570424862e-06,0.00018685993211726805,0.00012385957404022774,8.836249535687259e-05,0.000381799086666543,6.128430878666806e-05,6.593475138038732e-05,5.862465875738257e-05,0.00023052760892813693,0.0001795026366339397,-0.000294720647360607,0.00015482349509790989,8.635684599186583e-05,-5.6175835007559824e-05,0.0003692826124519773,0.0002025846794513471,-0.0001531605544727193,-0.00012469833683878383,0.0002293594271916993,0.00028596313687757576,-0.00042182523899239165,0.00018000587304363368,0.00025123797025233867,0.00030217938429321717,-3.626959774239911e-05,0.00015781965159791144,9.932395488858382e-05,0.00012378038727543618,0.00026890851767435666,0.0003915930814851539,0.00017224506221682066,0.00023405287380327575,0.00040493543368078566,0.00027855665237259324,0.00011897913318849253,0.00022961950334393478,2.9592083280804637e-05,0.00016909085797305477,3.8253065693360156e-05,0.0002825018138577925,0.0001025655121004649,9.809037224729759e-05,0.0004170621202064635,3.960322692211905e-05,0.00017450949576658934,0.0002791650107892872,4.8317274180403606e-05,0.00021954659037747308,0.00016287537713001392,0.00010921382297590265,0.00012273334733295876,-5.542960035809626e-05,0.00013449065220299793,0.00024586774900822657,0.00016019520769714135,0.00015914005749406685,1.8376188757513585e-05,0.0001283926182670977
ATHM,0.00018539042620738269,0.00021925661357190195,0.00015623338839518023,9.017997534511991e-05,4.115191102583037e-05,0.0001970286200941758,0.0007197518430560674,0.00030306492631742204,3.673540944495279e-06,0.000624638580122531,4.153687737999854e-05,9.054498319437644e-05,7.628642064326688e-05,0.00012508523760355715,0.00012741770793338387,-8.898939049440585e-05,0.00021233756782362536,-0.00047272351979976544,4.460715673966246e-05,-8.455378567097033e-05,0.00043175969052282705,1.1476428850958498e-05,7.165627132995321e-05,6.882352483342023e-05,2.385911081737374e-05,3.844996073475128e-05,0.00014035338349206296,9.221034553050463e-05,0.00019987876808250926,2.0690103149899534e-05,9.481038598329343e-07,0.00018133494417281657,0.0003351263911037702,7.014226895548319e-05,4.8334270734377505e-05,-4.195896768015046e-05,0.00035591370138074826,0.00010403120236046395,-5.612857307475411e-06,-0.00017438021698581156,-8.80255317209592e-05,-8.179016717219711e-06,6.85939397076783e-05,-0.00014468412906156985,0.0001487420816729817,0.00018436139482174425,2.695261992871131e-05,4.15772118490806e-05,3.152989359865726e-05,-3.589594872019671e-05,0.00023596858115954673,6.574927633136977e-05,3.34697150527396e-05,1.6187843322123935e-06,3.130304779418437e-05,0.0005342370235615339,0.00026758128268071984,0.00015101355765851921,3.5936215880362693e-06,-0.0008264956483981034,0.0001372906006452555,0.0002695350519071746,-0.00029309030197853487,0.00016470862694387942,0.0001676891642942468,5.198344190717514e-05,-6.222176390718581e-05,2.0760211155395772e-05,-5.366863773729498e-05,4.8625436279616664e-05,0.00010430613068323537,0.0010329774163193015,0.00024005305051454532,0.0002541226439600927,0.0006803774639129381,0.0002887229904953575,0.000427168005690981,-0.0005416172321153518,0.00021123332760876804,0.00016229849875801187,3.376865066002868e-05,-6.589080375026945e-05,4.9385816401007496e-05,-5.300046923825878e-05,0.00016729542663854305,7.0842296564712915e-06,-7.501069032879536e-05,0.00023431105665185455,4.8963859304130393e-05,0.0002781432862766333,0.00016401480833533802,0.00018380493773814064,0.00012763706410124506,-0.00014855717985826067,5.536104505350745e-05,0.0003184488492928885,0.00039155605253003316,0.00010131417938322239,2.6757779138285853e-05,0.00014140627590476343
AUBN,0.000260587719571558,0.00017831127112579286,0.00015524658371714105,0.00010862239744483532,5.8620602702572337e-05,0.00021618386859641178,0.00030306492631742204,0.0006852306693807237,-1.488247847667713e-05,0.0007289733684296328,7.549474154672461e-05,0.000174273454038956,6.891832401057947e-05,0.000271094836835574,0.00025790635603174816,-7.773600613710569e-05,0.00023478446788867546,0.0004397496904113673,0.00012622838094955295,-3.347339717619354e-05,0.00044664725148004566,6.10624403019903e-05,0.00016707451514016698,0.00020743529794061812,4.6865284449495526e-05,-8.038263383071146e-05,0.000241383952670506,0.0002639657400328938,0.00019364999289263378,4.293338798205163e-05,2.1700517722149266e-05,0.00026026596731218286,0.0003732016924609112,-6.45216559454527e-05,0.0001450481522956292,0.00011558929347913797,0.00035262041136542376,0.0003659283794340874,-7.632019198765021e-05,0.0003581047142596662,-4.7479644755376134e-05,1.4901202314959626e-05,4.612273476611692e-05,0.00020929867031100103,0.00014445588277824076,0.0002770141181413169,0.00039594996735548184,5.608852851594591e-05,4.118660626406049e-05,8.0650550239887e-05,0.00024832690100769325,0.00022546783940776452,0.0009040154746365624,0.0001477717660655501,0.00010459393388387562,-5.9474957771909275e-05,0.0002634023409611824,1.0198961753385517e-05,-0.00015253535702625933,-0.0002799350188543229,0.00011835764815288482,0.0001516236768389986,-0.00039382459964539706,0.0003195614264365076,0.00027636008091110086,0.00019871488750243069,-0.0001523152223440558,0.00015638474408149203,5.5449903599414955e-05,0.00015315853969255104,0.000278582288697427,0.0001242716855836608,0.0004643250898897469,0.00021219114546113045,0.0008868957654493069,1.3736217297360342e-05,0.0002940920886740388,0.0006631728072621277,0.000429200262352547,0.0002852999462705673,3.715083458388385e-05,0.00037658112260975743,9.427072600276488e-05,0.00016554251525556014,0.00043174099903735394,-7.508532231652363e-06,0.00010373418136007055,0.00018370313709031532,7.49943809219472e-05,0.0002816429761690157,0.00021200665305929188,0.00029558402329121585,0.00022210648871971155,-0.00015359711036588828,0.00016025258023718558,0.00035748955545512445,0.0003784177842569085,0.00021799912018563884,2.6993031698075836e-05,0.00015721348754998545
BAB,2.6090443085000405e-06,1.0681189171974875e-05,-1.2722979649544225e-05,-5.771274458875132e-06,1.3542021611418933e-06,-2.815611438844627e-06,3.673540944495279e-06,-1.488247847667713e-05,1.1165378134322293e-05,-2.17080391407128e-06,4.48272344801646e-06,-3.1870340950586713e-06,-2.3061004325234567e-06,1.54816541841039e-05,-4.069592295168494e-05,7.621865695606442e-06,6.535017837999363e-07,6.113571864800066e-05,2.687034863033101e-07,7.479589071655687e-06,3.837151540085658e-05,-2.947846535732637e-06,8.826673698470989e-09,-1.006474079924613e-05,1.411425738179687e-06,-4.083651699438118e-06,-1.9423256109796484e-05,-7.310918252221516e-06,1.5144140879627324e-06,-1.5317552666290455e-06,9.994369851169193e-07,-1.6363710394929394e-05,9.454000981111506e-07,1.2082994508721501e-05,3.441131145588406e-05,7.546589289318155e-06,-3.7451924734007582e-06,2.223291214891254e-05,1.769473944750709e-05,-8.517486378487412e-06,3.0971417549063425e-05,7.397873958746956e-06,2.163940472052279e-06,-3.507675468381266e-05,-7.009225653762223e-06,-8.47743577603732e-06,-1.1372785487697144e-05,7.614706955141209e-06,-1.127132269546266e-05,3.038572391903036e-05,8.505601294547967e-06,1.0035506907085663e-05,4.6011911308839206e-05,-8.677313065020548e-08,4.985110681774279e-07,-1.45630136666216e-05,1.6621608807666507e-05,1.6244843430713108e-05,-4.1325831653064376e-07,-7.044166089236647e-05,-2.3894758799388136e-05,-3.875384418374902e-06,-2.6438863301051316e-05,-8.872015630269019e-06,5.163810680577216e-06,4.2270332061966086e-05,-9.720755043055654e-06,7.645263387166857e-07,3.815899330909336e-06,-2.119136115542886e-07,8.178696715378256e-06,9.366859042180578e-05,7.126852030356682e-06,-1.0768295061014154e-05,2.009882426733095e-05,2.2668312956784562e-05,6.503410331302047e-06,-2.25291777086147e-05,-3.076875133075708e-06,1.3127558279787234e-06,6.698577314827756e-06,-3.586100552744411e-05,-1.2113680472517307e-05,-1.9283520954414977e-06,6.741473629089508e-05,1.6721001421659416e-05,6.66658242515318e-06,2.2189221267781113e-05,-3.0903340273416646e-07,-1.7064903608674587e-05,-4.4167519547471786e-06,1.1771984613930185e-05,-1.2100588573402407e-05,3.275902691518794e-05,-7.820605481849325e-06,-2.0681801738728867e-05,4.43653262057508e-06,-8.729888455142078e-07,4.031394970207864e-06,-1.0247329904128108e-06
BBCP,0.000349491599064509,0.000348055306779726,0.0001189800281189337,0.0001436032970062365,0.00013671091341176645,0.0003849815533614369,0.000624638580122531,0.0007289733684296328,-2.17080391407128e-06,0.002346237653218302,0.00015416430976255915,-5.92688392042039e-05,7.198278468773244e-05,0.00042597024335881846,0.0005668686449129061,0.00021438210469665035,0.0004563055440488037,0.00040406058229327494,0.00013317267892147902,-7.425748241353007e-05,0.0006813957965111706,8.562106286939033e-05,0.0002575976549080058,0.0003030621208290972,9.18774468877581e-05,-0.0006270225014617888,0.0004132696679743625,0.00035048844021128624,0.0002970267922083537,7.571835817789034e-05,2.229638504109758e-05,0.0004681867253147001,0.0006377136752194222,-0.00018668276896235963,0.0005174165783666979,2.0957672365605293e-05,0.0006268495048339345,0.0006116102166571301,-7.972322012388189e-05,7.15900892847808e-05,7.596010757330347e-05,1.4312524265197176e-06,5.675943206512227e-06,6.966815348679096e-05,0.0004370625792036445,0.0001293075896937575,9.442925371130549e-05,0.00013423039785498734,0.00013279167517677364,2.7536485250563593e-05,0.00039141141419990044,0.0003234084962738628,-0.0005258641303883543,0.00024850687493764985,0.00012092821860940811,-0.00014686879647782632,0.0007933426806301067,0.0003521257190747447,-0.0002471782957052855,-0.0012381753356092604,0.0003032036886166446,0.00029884361588933267,-0.0010354197582493636,0.0004318700415614142,0.00045693875930209813,0.0005300229669072626,-6.960444350928445e-05,0.00026736499155926495,-0.00016390562727878783,0.00026227124783112244,0.00042798643589828897,0.0019115731201824035,0.000563530569943763,-4.336287684157596e-05,0.0012467914112313883,-0.0004116145652132253,0.0007137645456887518,-0.00043375681826980953,0.0005025697001507955,0.0005448200560830645,6.442506695070027e-05,3.2817524812476566e-05,6.807211479475707e-05,0.00017782292740450256,0.0009173834731976147,-0.00012014840060418591,0.00019539221436412935,0.0009139192553376,0.00010374121554477483,0.0004593238545229576,0.00022075901406754848,0.0005184761500166248,0.0002842512890298241,-8.675924195760298e-06,0.00026019530829880886,0.0008080300425235698,0.0004600706414616137,0.0002958691174262342,8.68830986132572e-06,0.00022610591353809577
BGIO,6.72908074844915e-05,7.393050804726145e-05,1.1597938379517659e-05,5.5372695427364265e-05,9.155891743356775e-06,4.880185253884665e-05,4.153687737999854e-05,7.549474154672461e-05,4.48272344801646e-06,0.00015416430976255915,6.838298286582132e-05,3.568966477875985e-05,1.2044041499413027e-05,3.646648279563125e-05,6.8059077190262894e-06,3.945178231816844e-05,7.22175053911602e-05,0.00020794020417681087,1.787767755376242e-05,-5.591082025281645e-07,0.00011177901379554628,1.5668375230257523e-05,4.368119717914577e-05,3.7244633518621004e-05,4.800201603047032e-06,-7.409010112574006e-05,3.887298724650888e-05,0.00011711812897648849,8.287601428768821e-06,1.2480291253318266e-05,8.506316975362461e-06,4.432888572320959e-05,8.516630294298412e-05,-6.571095258069447e-05,7.428588486424077e-05,5.453582776354437e-05,8.133018301720665e-05,0.000212472235357005,-6.462796294596366e-06,7.057550697153041e-05,0.00010752347793130741,1.5507780858540763e-05,5.5322578358358774e-05,6.159050453484073e-05,2.233065065037821e-05,4.4638483252012776e-05,0.0001127054209678988,1.7987546897302346e-05,2.4107138957694917e-05,7.40866320949551e-05,2.5534567939036935e-05,9.646231003511599e-05,0.00024158867216370527,5.4848265303406584e-05,1.0904414243189282e-05,-0.0001275855838928467,7.671118069196923e-05,5.42633036725358e-05,-5.064350493119538e-05,0.0001233986997496228,2.563373556950161e-07,6.928018279966867e-05,4.1849829514113925e-05,1.1310433125808326e-05,6.976397025080792e-05,0.00012511225640915997,-3.416978042310055e-05,5.421529033112557e-05,2.397033056978159e-05,3.6310743013156436e-05,9.835146588082675e-05,6.492860313402028e-05,5.7658926079669096e-05,0.0001197203609801137,0.00025016386122635843,0.00011125708742621776,9.070800437904305e-05,0.00020559619674040148,9.578667694172947e-05,7.265051008530237e-05,7.397283329100575e-06,4.844986997096086e-05,4.781051641541193e-05,7.746331432634174e-05,9.313734314125418e-05,1.861908627013315e-05,5.858812222764754e-05,0.00012717214866743467,3.140250968104868e-05,4.602847784748175e-05,5.752236966449735e-05,9.704385684264892e-05,2.7653727353732858e-05,0.00010162025258014784,2.4704654902321053e-05,6.994157015557575e-05,-4.668969966625843e-05,5.6993347467127744e-05,1.1442204335235843e-05,1.335103566503164e-05
BPMP,0.0002509677155079018,0.00027338129299780246,7.105889398654309e-05,9.427517790786544e-05,1.7333798655135842e-05,0.000149230611169303,9.054498319437644e-05,0.000174273454038956,-3.1870340950586713e-06,-5.92688392042039e-05,3.568966477875985e-05,0.0005482680601427357,1.7769001298289305e-05,0.0003219360520125307,-7.874908171783957e-05,-0.00016578324188207112,5.866762266940406e-05,-0.0001764154794713143,3.381237715106492e-05,0.00012137240382321005,0.00018327112759554385,3.616386984016456e-05,9.497019434076376e-05,9.4795094801913e-05,1.4610436183415673e-05,0.00015973913232304173,8.681845687421936e-05,0.0003184421818896536,0.00023907722042733375,2.6350839608033438e-05,-1.851621771769245e-05,6.007803640065526e-05,0.0002654940668465908,0.00022230775362864905,5.098943015933435e-05,7.823138682214107e-05,0.00018731242947614415,9.361877930796802e-05,1.650464722879403e-05,0.0002614936108215898,4.2861859770952595e-05,2.539539234995166e-05,7.971438793647609e-05,4.9655217615767906e-05,9.927992361626116e-05,0.00021094216223967134,0.000323102407778124,3.265672427875327e-05,3.4766982320159506e-05,5.138917949561414e-05,0.00017825307005740922,9.88008192179719e-05,0.0009474389969017836,8.82784722958419e-05,6.306677768883414e-05,0.00019316870183542066,0.00014117938874277472,-2.7433775858369778e-05,-9.005382921809524e-05,0.000383981346432399,4.438814409104882e-05,0.00029942303764595026,-0.0003101537820989354,0.00012668121043835415,0.00014921490768739917,5.592661153714629e-05,5.375837261457412e-06,9.382907741494414e-05,0.00014117104124686998,9.223699975525047e-05,0.00014125589709044814,0.00011391696401659497,0.00013085236603713895,0.000105083433620361,0.00035306153462012595,0.0001521357811469814,-1.2474173423334796e-05,0.00042376574783302445,0.00017848232395389265,6.743503670433229e-05,1.4841422423687722e-05,0.0003248215958368984,0.00011551025539451287,0.00013352167275606293,-0.00016667103110654246,5.909636863032388e-05,0.00012696260941675295,0.0003746602299379802,5.6344467113538274e-05,0.00010370837976784318,0.00018869089068108098,3.582243702473126e-06,0.00017570343136605354,-0.00025730683413243625,0.00013800348095147124,7.870679227603243e-05,0.0002237791739414026,0.00013819634465570306,1.3788588381477421e-05,6.501209475127633e-05
BRW,2.47668188175227e-05,2.8483286080103114e-05,3.108101868452442e-05,4.053254695322201e-05,6.795273464576375e-06,3.840786226071184e-05,7.628642064326688e-05,6.891832401057947e-05,-2.3061004325234567e-06,7.198278468773244e-05,1.2044041499413027e-05,1.7769001298289305e-05,2.0086003799116756e-05,3.00447881624532e-05,3.222261789738597e-05,-1.8511947515866707e-05,4.3750030167770435e-05,-2.207528048590231e-05,1.867510959301142e-05,-7.651233124113262e-06,5.823489950024278e-05,9.89635708250769e-06,2.3315304661861328e-05,2.6988206010743434e-05,4.77591672550076e-06,1.7089617450387025e-05,2.4124589400333056e-05,2.3112614615682934e-05,3.569604383854335e-05,3.0474508651198467e-06,6.374377565640881e-06,3.1703440340678855e-05,4.369279212837222e-05,-7.3685784660497535e-06,-2.1734699354310315e-05,3.482540698381133e-05,4.978974610741779e-05,3.5328870088361946e-05,-3.929954670719378e-06,1.0323073994187575e-05,1.162509287753943e-05,2.790484179027313e-06,2.193953251692283e-06,4.449479920897236e-05,1.1986106435354777e-05,3.629061961336647e-05,4.771341489905563e-05,9.653847445807761e-06,1.660333741647674e-05,2.3939847969460883e-05,4.962288239508477e-05,3.677172861145934e-05,9.220686401536313e-05,2.8526816804637085e-05,1.6601675070251184e-05,-6.0800128249558726e-05,6.651413489056334e-05,4.8327539589951056e-05,-2.823257851667315e-05,-8.379412565637333e-05,9.937031861896906e-06,4.264598445257619e-05,-3.5149109390715695e-05,3.0422409538974057e-05,5.11544629205438e-05,5.4352109819407336e-05,-5.528904434761662e-06,2.9619072558160766e-05,-3.561757042183375e-06,2.050953060535728e-05,5.558979762340336e-05,0.00017292249911764345,6.042485241844668e-05,5.16831585800377e-05,7.423664517133538e-05,0.00011510426149512459,4.180734274208842e-05,9.572661216129454e-06,4.0455125884132326e-05,4.658270388691375e-05,4.3551261735447015e-06,3.250534716575585e-05,2.553940965691664e-05,1.5655259522159403e-05,0.00013777812330761162,1.3222071206911463e-06,3.323451789745889e-05,4.258529643727047e-05,1.2794131082014427e-05,4.339023053360951e-05,3.447062795539162e-05,2.640364776037108e-05,2.9303449314913428e-05,-1.427722953884755e-05,2.50301840597639e-05,5.293735470808346e-05,4.789060488096799e-05,3.286910552644479e-05,1.6245517284877058e-06,2.2554784610291063e-05
CBNK,0.0005547440622964148,0.00039292090571511066,1.0129564456221277e-05,0.0001644257011973203,3.882434730061944e-05,0.0003409017744206333,0.00012508523760355715,0.000271094836835574,1.54816541841039e-05,0.00042597024335881846,3.646648279563125e-05,0.0003219360520125307,3.00447881624532e-05,0.0008910502593168526,9.367412314473053e-06,0.00024681398595220196,0.0001443760638618661,0.0002924431397843655,0.00013558133827107534,0.0003354467814562628,0.0002151664186463452,6.3770257628084e-05,0.0002490435443607835,0.00023752973858701755,3.3105658173833545e-05,0.00036464673504052556,0.00023450588928091858,0.00046590950434525564,0.0004660164067541484,1.5142595641261574e-05,1.8672743927066802e-06,0.0002800773936163526,0.0004972908298857528,0.00027462271235825417,0.0003721078558832993,0.0004107846758847209,0.00038280690569075836,0.00022308714359147675,-1.0840714311188222e-05,0.0002459646167459275,1.6701290216144317e-05,3.6514841707177586e-05,9.582923940571507e-05,0.0001289262439777092,0.0003418150713723867,0.00029027918937895154,0.0004756626238909558,8.318431765122293e-05,8.084872377768195e-05,9.192824501304619e-05,0.00041990499157660085,0.00019270164292943044,0.000777639831073771,0.00019803280149297236,0.000182269438472755,-0.0005147132172742683,0.00033367037616456005,0.00011765309362815397,-0.00020617943004919148,0.00020773707877869992,0.00022564141047554782,0.00019187539226462344,-0.0004445520629155463,0.00028632186429898804,0.0003473378229310544,0.00021953443474309747,6.184953056776177e-05,0.0002066746308079201,0.00032409565722261617,0.00020460840930455735,0.0002712516894681185,-0.00024711800886706426,0.0003295840636785087,0.0003107865709645361,0.0010605174168318602,-1.8663597799639554e-05,-5.637424382521202e-06,0.0005076581878663624,0.0002747812176379076,0.0002739022202907006,5.868111922797274e-05,0.00035431322246272075,3.769742779370132e-05,0.0002348450985648969,0.00011827447280589235,3.5362841292189584e-05,0.00027697156025631106,0.00031853200849469486,8.343289194296919e-05,0.00025731203139985265,0.00025060367156313503,0.00014714158924684182,0.00019789197560368224,-8.698188931040928e-05,0.0003497563043820069,0.00037338258011023747,0.00044119560889053784,0.00025644956128203475,2.0726020786136665e-05,0.00016724239082063335
CHAQ,-2.2636412336385727e-05,-0.00013808700279913994,8.59288435749035e-05,7.789014719552163e-05,2.1741804114291955e-05,0.00010235800180788639,0.00012741770793338387,0.00025790635603174816,-4.069592295168494e-05,0.0005668686449129061,6.8059077190262894e-06,-7.874908171783957e-05,3.222261789738597e-05,9.367412314473053e-06,0.0004885880907074012,-5.242691172146396e-05,0.00015189860119970723,0.0001557991155573951,4.8507360344301525e-05,-0.0001484072734564832,6.354343196682589e-05,3.441839099362299e-05,3.9894316453911545e-05,7.991280131610157e-05,1.0875557766196053e-05,-7.696461128662699e-05,0.00018115544031298408,5.40434985748564e-05,-0.00011739402641371623,2.419905425277703e-05,-3.51502965053117e-05,0.00017951532145101,6.602416283663756e-05,-6.823492135837292e-05,-8.902954084545463e-05,-3.977334898977956e-05,8.713568492266241e-05,-1.112919669624321e-06,-0.00011719593961835086,-2.9522039488725267e-06,-0.0001607404180263351,-3.303476267737128e-05,-6.469908875010722e-05,0.0001166258344813484,6.875352072762957e-05,6.182458602335725e-05,5.8235527114248735e-05,1.3207271970308468e-05,2.6501444596998617e-05,-2.565721933045222e-05,3.688817986550435e-05,4.3471712820411236e-05,-0.00034876702100674863,4.886286465744976e-05,2.0607716355565484e-06,-8.876937372486336e-05,6.390075647645527e-05,8.526933231450519e-05,-5.483877948265564e-05,-0.00020318797561085346,0.00022865647939576957,-1.6927680823247628e-05,-0.0002164950292034816,0.00011845421868983068,0.0001425221293523656,-4.496499114198151e-05,-5.188500665636828e-06,5.17777281531721e-05,-7.254930234693091e-05,3.610443928270139e-05,0.00011626191198612124,4.002327431959587e-05,3.110056391538125e-05,-0.00013503679017160686,-8.995148353694022e-05,-0.0003676036987733325,8.045756311966457e-05,-0.0001538841173538925,6.711914414222751e-05,0.00012489560839100546,-2.1673379372452625e-06,0.000105784229365417,1.658288542016777e-05,-2.843493241233491e-05,-1.0221052722096892e-05,-0.00010912886375621665,1.2715489997483689e-05,9.725095257690655e-05,2.7680392740100257e-05,0.00011938371614188817,5.073346965922934e-06,6.594525772426815e-05,0.00011927491256664664,-0.00022171031023632786,8.072173426958387e-05,0.00030154609071668235,8.208362288751494e-05,4.4439316446094696e-05,-2.589879293134847e-06,8.744408570551983e-05
CLIR,0.00022294272300189222,0.0003046917575189215,-0.00010765670982122805,1.83465070705559e-05,6.0758487015039824e-05,0.00023799170495547584,-8.898939049440585e-05,-7.773600613710569e-05,7.621865695606442e-06,0.00021438210469665035,3.945178231816844e-05,-0.00016578324188207112,-1.8511947515866707e-05,0.00024681398595220196,-5.242691172146396e-05,0.0013141422020794356,0.00019675428505476405,0.0009202884295446534,0.0002055753053223906,0.00018566122511484503,0.00013533505351289604,4.5009026784853214e-05,0.00021446409345792877,0.0002148670670907633,7.711647777531364e-05,4.044986072800372e-05,-2.4290254325709158e-06,0.0002104864140957245,0.00015186242945730794,5.9927493936392104e-05,3.557795498867936e-05,0.00022940759961405008,0.00011820850467511704,-0.00010096704674023128,0.00036658538334732063,0.0004437186108495446,0.00010607890108954682,0.0005074974257519519,7.031108907396625e-06,7.727961153618166e-05,0.0002147676379767574,9.854481040157104e-05,0.000258209606397656,0.00013063441741604622,0.00021010290725313873,-7.286728299924896e-07,0.00036524831487688806,9.21233873010198e-05,0.00013487511918673534,0.0002744777632926161,0.000293175427089257,0.00020747384054344998,-0.0017247429576887968,0.00021040574083728156,0.00016950965886152757,-0.00011226328604899885,-0.0003257088864156142,0.00019932776473718375,-0.00022565609303361472,0.00014062873805665394,0.0005104049096082675,6.194260046097146e-05,0.0006740279968868462,0.0002639167660339892,0.00029385097863016265,0.00028006985333822764,0.00011035279097107381,0.00021456793592661375,0.00019441806340441298,0.00016794597047179176,0.00028978158762417173,-0.00046563794696822874,-0.00018111284266604725,0.00048228768551331866,0.001353005259478547,0.0003965467395137331,0.00018170798523307029,0.00026136068638155574,-0.00027425673973667357,0.0002752775408870649,6.355001009340938e-05,0.0003130033824772968,1.9617531140378033e-05,0.00013607015444716913,0.0003584810112450792,8.316021103411909e-05,0.0003732108041810226,-1.727681664872843e-05,0.00011157488871468593,0.00010066414534102479,3.833132730805258e-05,8.549465331902623e-05,-0.0001864982707957277,0.0004448998631701182,0.0001364541795986834,0.00019748544790744294,9.973068953856405e-05,0.0001734367483832504,2.145546251967947e-05,0.00020322994693864875
CQQQ,0.00010486093484647623,0.00014824281008495293,9.387939474815333e-05,0.00014837884867079863,4.1822534149137316e-05,0.00018712162690607244,0.00021233756782362536,0.00023478446788867546,6.535017837999363e-07,0.0004563055440488037,7.22175053911602e-05,5.866762266940406e-05,4.3750030167770435e-05,0.0001443760638618661,0.00015189860119970723,0.00019675428505476405,0.00033148913772754543,0.00022282225124370728,0.00010841120600832709,1.593721381894393e-06,0.00023054804011827658,5.502410661260703e-05,0.00015016393829215548,0.00015405913191427858,4.1334628953485025e-05,-1.74692990737395e-05,0.00015125525111646753,0.00011751420104627018,4.338864876550554e-06,3.220648133834979e-05,1.7681294553243252e-05,0.00020903794554959893,0.0002033465845441829,2.379431489912769e-05,0.00010628702853482456,0.00012093915264253319,0.00020587861887560305,0.0004248471336592001,-1.8551233248700654e-05,0.00012438507544184005,8.626218570150629e-05,2.280379071572622e-05,7.982107207447454e-05,0.0002105143089361537,8.330545345501066e-05,6.074683165725473e-05,0.00015354040274275594,5.173934044537376e-05,7.916478734923028e-05,0.00019980517332668897,0.0002181163731352313,0.00023428664323280345,-0.0001197867020443431,0.00019028442104944304,8.598134433531412e-05,-7.628874312478089e-06,0.00012493851966103242,0.0003539149497132823,-0.00019476525902197673,-0.0001764682836658252,0.00013491513496196607,0.00024160430813586697,0.00021166201782758917,0.00016986996926447994,0.0002767670467626385,0.0003284008551374966,-1.9258894911323707e-05,0.0001985187973316815,-6.757361982913309e-05,0.0001368913062003987,0.0003440138249715433,0.0008011828730152921,0.0002456627781714017,0.0002425387083638377,0.00013328978078615768,0.00026488733549100103,0.0002449222472429644,0.00017820534464594968,0.0002056789846321254,0.00023359305171048202,2.7997245735441452e-05,0.0001821929027509684,7.71767205307351e-05,0.00017494828452909028,0.00044948723498837705,2.5122844680041198e-05,0.00017173546950067505,0.00020007816837930143,4.5981915010014466e-05,0.0001605303792005828,0.00012863834777967985,0.00016237604403585682,0.00010649565054971359,-4.0641864432824894e-05,0.00011545287492352688,0.00026153280284219954,0.0002147965303991816,0.0001783761547745535,1.6659560386353055e-05,0.00010957026213421616
