,AFIN,AGYS,AJXA,ALL,ANGL,ARCO,ATHM,AUBN,BAB,BBCP,BGIO,BPMP,BRW,CBNK,CHAQ,CLIR,CQQQ,CTRM,DDWM,DEA,DISCB,DNOV,DTN,ESGS,FALN,FFBW,FHB,FPH,FSP,FUT,GIM,GL,HHC,HRB,JRSH,KL,L,LASR,LQDI,LTRX,LUNA,MFL,MOR,MYOV,NWBI,NWL,OPTN,PCY,PFFL,PKI,PPG,PSCT,QRTEA,RFFC,RSG,RSLS,RVLV,SE,SPDN,STIM,STLA,STNE,SUNW,SXI,TEL,TENB,VNRX,VTI,XIN,XMLV,XSD,ZM,ALXO,AUTL,BATL,BEAM,CFBK,CSSE,DJCO,DORM,EMBD,GHG,HCXZ,NEOG,NLS,NMZ,PRNT,SCVL,SGOL,TRTX,USAI,UTMD,WTM,AWX,CATC,GBX,GRA,VUSE,FXY,GVAL
AFIN,0.0007240735240831078,-7.901397601868635e-05,5.269411114976951e-05,0.00018122123039706988,4.1299310726682386e-05,0.00010628858185200783,3.807474631415202e-05,2.6192611214615015e-05,-2.511672067112482e-05,0.00047190865760490206,1.1166683836255828e-05,0.00014630482068703386,3.439517212808349e-05,0.00024195690855365452,3.631881173062091e-05,-0.00014539944732598037,1.4676747366328546e-05,0.00013081102161209302,6.834487704899095e-05,0.00026274496773182385,-2.1719630885841266e-05,3.130077046499328e-05,0.00016395029291902763,0.00020651007164147427,4.7848015151881106e-05,0.00016587190421193238,0.00041935610965983114,0.00034178110918328615,0.0006014206762033294,-2.8859711574285477e-06,8.677533930503824e-05,0.0002018698040624419,0.00022232707313231986,0.00018361574615830548,-1.5711412373375077e-05,3.941418493786836e-05,0.0003820202071738996,-0.00022417581745741628,2.7718840894554745e-06,7.988167282111964e-05,0.0003189970405655503,2.586643840709891e-05,-7.361630741430893e-05,0.0002913852860255651,0.0003621612535612421,0.00020108593768826,1.838947552446285e-05,3.658942608023084e-05,0.00013678645094016185,0.00018167182277794558,0.0002531646168996188,0.00013058845722384231,0.0004600111917536424,0.00012302209116517242,0.00012085575595999411,-0.000117859646302504,0.00013988129600619952,0.00017396432453054494,-0.00014256372446740337,0.00022563260551764023,0.00011342694519251443,3.5965729872064654e-05,0.001107048223847681,0.00021373652365036782,0.00016412683270544543,0.0001447802087184541,0.0002793161220942833,0.0001474156596885577,0.00043446737419135044,0.00016300972625248755,9.929628566413447e-05,-0.00018194105436090111,-3.8952845944092996e-05,0.00018285407974198695,0.0002888179722919743,0.00012660066259668448,-5.8551155562996054e-05,0.0002170701858708609,1.5734466912394887e-06,0.0003115544174106218,3.542078112114558e-05,0.00024550533396745214,5.270489690248596e-05,-1.3381703826819904e-05,0.00010125760285524227,-3.514205777237481e-06,0.00012000439469320451,0.0003558513877381549,5.291516064700144e-05,0.0005047996449284668,0.0002294785271999415,9.989177149951996e-05,0.00013913676831202445,-0.00036642857899283444,0.0002608949707233521,0.00038303621644922607,0.00021848658133631486,0.00020894075287373725,-6.860117747304119e-06,3.730424521442023e-05
AGYS,-7.901397601868635e-05,0.0006961795139231789,-2.6119707215803977e-05,-0.00011609035661784491,7.920688802428364e-06,-0.00011974368394728801,-0.00010927286113508745,0.00014414257835544068,-2.1878780392862555e-06,0.00043853689865289434,-2.693969561384373e-05,0.00021245088274710462,-1.3026634300964355e-05,4.726315634428995e-05,8.188001624600351e-07,0.000919906137897425,3.7019930022915294e-06,-1.8838009054688062e-05,1.6743349806218916e-05,3.220345254493271e-05,-9.887426700072501e-05,9.832833235063153e-06,-8.454410992121506e-06,-2.6360927050854118e-05,-4.752339444903078e-06,1.9068252452494654e-05,-9.215490888437568e-05,-3.3766572570861405e-05,-8.480228019442051e-05,6.1180872062991994e-06,1.3263473869921082e-05,-7.569704177789923e-05,4.557553865529485e-05,-8.685598132466699e-05,-9.79724371541892e-05,0.0002717379036776323,-4.163055197627909e-05,0.00020546191940664336,-8.042796507804662e-06,0.00026880344105721416,0.00011443926396956339,-2.381522165521217e-05,6.480486669378808e-05,0.0004990140552012178,-0.00014343989394641064,-3.1962969207931756e-05,-8.10414155724582e-05,6.46321089763503e-06,6.379551339817632e-05,0.0001254506135726991,1.8050118695672918e-05,0.00010920340919287418,0.00014566461484529669,5.4224411152321005e-05,-4.171247881926251e-05,0.00018724655703134286,-3.8977451496550714e-05,0.00039116900030103553,-4.18252237769888e-05,-0.00021397223482108076,-9.060062739931262e-05,0.00018544313303264244,-0.0020451916152597473,9.254909810379465e-06,0.00010695829180341525,0.0002490164149297873,-0.00018660735667733576,4.5859519584614865e-05,-0.0003359961755534491,8.744467841607795e-06,0.00018833609781117194,0.00031970637410297896,-0.00031299786281224144,0.0001314470062750747,-6.805682161587917e-05,0.0004493157266094775,-0.00015344270065636038,1.847372459620385e-06,-6.261880936194381e-05,-6.268869057578427e-07,-2.0217876154829657e-05,0.00019725537302008823,1.096537501184114e-05,0.00022692251500111785,0.0006435385094696533,2.568027993243738e-06,6.436063758437775e-05,0.00011754553261750833,9.062522594276797e-05,-7.302681433827153e-05,6.423774374383613e-05,0.0001005155876212718,-0.00014991533527442596,6.476493060358484e-05,0.0001601768532908442,0.00011957382303105485,-7.292627501972683e-05,1.3139733448348756e-05,-3.5865533755148e-06,-1.7542791748189884e-05
AJXA,5.269411114976951e-05,-2.6119707215803977e-05,0.00023842538122648065,-1.651283074269276e-05,3.5279184251242546e-06,2.7254232226170223e-05,0.00010084342383745427,5.9626098767205075e-06,-4.044331846112407e-06,-0.0001901341236397987,-3.401577090537571e-05,-5.764540405442195e-05,1.4092174907417827e-06,-2.6344937236620673e-05,-7.955912731697073e-06,4.021671583389005e-05,2.687837815013908e-05,-0.0002053706742562,-4.698937592043494e-05,-3.1249536066498845e-06,-3.6108274292254426e-06,1.4741444279059719e-05,3.111294935195739e-06,-5.043181106929873e-06,3.093763574545754e-06,-6.216476818350282e-06,-6.716001311711396e-05,-0.00015105348162068515,-0.00012709845515049118,6.143401624555076e-06,-2.988683796298101e-05,1.0992633690815143e-05,6.75854151300301e-05,2.3711618040152724e-05,-3.106636805292071e-05,1.3824539341907834e-05,-2.6687865071292615e-06,0.00012053438894657676,-1.4762511401920774e-06,-0.00013868951118900356,3.075183189863016e-05,2.783115260435344e-05,-0.00010733456987067804,-0.00031290697979284164,-4.0482603729912495e-05,-8.419125732577041e-05,4.1865272790492106e-05,9.607502198157608e-06,-6.520162943832221e-08,3.312219271119268e-05,1.4255677777972129e-05,-3.987119753189143e-05,-2.2732639320220545e-05,1.3663058356551683e-05,1.5288196226458507e-06,2.3060751797061768e-05,2.0470233342175516e-05,6.186953350012332e-05,-9.348975554436744e-06,-0.00017729520224436896,-7.997262111222772e-05,3.942389528877458e-05,0.00111326745841945,-2.0248581745686688e-05,-8.948242425363373e-06,-1.0587396657432603e-05,-0.0001229644445320768,1.1999180152735038e-05,-5.8560900225253556e-05,-6.495766452484293e-06,-1.7047006384628697e-05,4.784492452572851e-05,-0.00025524063557085897,-7.565911389406092e-05,-0.00012022776314284887,0.0001441921820724714,-1.7337335792963317e-05,5.2234963375053845e-05,-2.4052358249912228e-05,4.783319989559871e-05,6.414720596706756e-06,-4.8351991362041746e-05,-4.13354752888733e-05,5.18854093314246e-05,-0.00013507185102187825,-9.252896670945536e-06,-5.5701147436349005e-05,5.436914548229008e-05,-2.924652633530379e-05,-4.8489130391388946e-05,-7.86951842511323e-05,5.970911158309969e-06,-7.469676048336983e-05,-0.000444145390067285,-4.590803299841292e-05,5.363369126792499e-06,-2.235631569752106e-05,-5.628152893443593e-06,-8.043057841620937e-06,-1.0541153473373856e-05
ALL,0.00018122123039706988,-0.00011609035661784491,-1.651283074269276e-05,0.0001502447499488482,9.991165127625059e-06,2.1146919295790876e-05,6.062718466132731e-05,-4.12289277247597e-05,-1.3600996090703198e-05,0.00015358649202420422,-1.412817591352862e-05,2.354872268055972e-05,2.6982128415796333e-06,0.00013892200072830466,-1.0072591909750138e-05,-0.00020225833124011466,-2.627126876464826e-06,9.2373003320916e-05,4.068315083621908e-05,4.657183625021391e-05,-5.6945118612644335e-05,2.5008342841483608e-05,7.652539328942432e-05,9.759227888285623e-05,1.4630001211187868e-05,3.787946072347222e-05,0.00015941652058220498,1.4657764590685538e-05,0.00015980464114373754,6.851730022671248e-06,3.0220481247262213e-05,8.52734908245842e-05,1.9056323005771363e-05,6.300255849960151e-05,1.319178859101511e-05,3.052787196555193e-05,0.00016438743195816593,-0.00010469719666619619,-1.0663998185691961e-05,5.140675877971059e-05,3.797284077604715e-05,2.71324082514903e-06,0.00017345371533703704,-4.316536100718512e-06,0.00014850422908564836,9.695597013827226e-05,7.263360321108516e-05,1.5029520410414416e-05,3.349672178860817e-05,0.0001264634568143719,0.0001095780350996456,3.07728801328023e-05,0.0001346981191748324,6.21509527603423e-05,7.453512974880633e-05,9.75720059411532e-06,-2.4703103786554848e-05,-8.201334218643918e-05,-7.348660658692829e-05,6.807166818099448e-05,9.202836188769092e-05,-3.833746802552363e-05,0.0007079036583806083,4.704607581314927e-05,6.938946588987301e-05,2.3539477191769107e-05,0.00012658788567634663,7.060812278941397e-05,0.0002596210726346584,6.192534675368265e-05,3.351667896652613e-05,-5.996569934668873e-05,0.0001965655007775806,0.00010302629207613128,6.494027223426128e-05,-6.632761999941005e-05,4.525527442269401e-05,8.011706189115502e-05,3.242750183369567e-05,5.907739324714345e-05,1.0098879153599549e-05,0.00022009469174629734,3.349370092380524e-05,5.2130394824586664e-05,-9.039196621059774e-06,-1.1683422465383342e-06,7.1860221214893e-05,9.873758465430647e-05,1.696890747156285e-05,0.0001553921778327805,5.1076368208896983e-05,5.9744773347642004e-05,9.151214711055418e-05,-1.9778687625354744e-05,9.068767852049028e-05,0.00010848345950735535,5.687878925343599e-05,7.735479240392994e-05,-2.635288680105083e-06,4.306636291487975e-05
ANGL,4.1299310726682386e-05,7.920688802428364e-06,3.5279184251242546e-06,9.991165127625059e-06,1.3159922730366227e-05,2.5473163088476234e-06,3.599487622255945e-05,2.852909658240061e-05,-4.050408841892182e-06,7.42009900801002e-05,3.6024451367401012e-06,2.7071319318664486e-05,4.503047487273099e-06,1.2866482418674896e-05,3.644999506602032e-06,3.1079716017873436e-05,3.185455062324344e-05,3.9853294547823e-05,1.3522501257868858e-05,1.6369567929935694e-05,-2.1184495004793996e-05,7.52260131722787e-06,1.3038873401365425e-05,1.7602608203558082e-05,1.0083939134965222e-05,1.9482678108591573e-06,2.9301399785548954e-05,-3.0512060512187053e-06,2.9266891715533486e-05,1.8946458581068618e-06,9.089728952213144e-06,1.2857414382970453e-05,3.721554384396724e-09,1.309651966556613e-05,-2.5629135519813865e-05,1.261478164823042e-05,3.35142084567963e-05,-1.2603448529962989e-05,5.063799576021261e-06,-1.7001749734669701e-06,2.348650503452061e-05,9.40610867825746e-06,4.194275876406493e-05,3.1396187342736914e-05,1.8730346091065588e-05,1.7788653513871067e-05,-4.29309810353922e-06,6.6168882063543875e-06,1.2029333693227164e-05,2.7038796050798858e-05,1.98763283163383e-05,1.9847524700466972e-05,4.745795601296209e-05,2.228490340810605e-05,7.131738742422154e-06,3.145555691436159e-05,2.919473600858781e-05,1.84017678051716e-05,-2.4734163754356192e-05,9.140863592473097e-06,1.1580140717052213e-05,2.2696717232276355e-05,-0.000894784736716163,4.904616629772482e-06,2.1318165720656546e-05,4.837759888308041e-05,2.4432365743468693e-05,2.417062623138298e-05,5.9668776140377986e-05,1.5978196418207266e-05,3.4649721143587947e-05,-3.352121891819406e-06,-3.461807274156864e-05,5.7199333331525324e-05,8.156091414488415e-06,-2.2698869641109404e-06,-7.65649169171482e-06,-1.541773026575538e-05,-7.667000952653975e-07,1.8791841771095675e-05,5.180924894583901e-06,3.237288385594214e-05,-1.4557491949713145e-06,4.493965286542403e-05,4.313624670988413e-05,6.392650184939258e-07,3.421479093877997e-05,4.846368543153038e-05,7.36240871103494e-06,2.8265816806190625e-05,1.1714368655662365e-05,4.8026411242524515e-06,3.558119687368852e-05,-7.502545160352536e-05,3.549109633722423e-05,1.8215232868259216e-05,-3.636778287419112e-05,2.296449915598079e-05,7.22059732745945e-07,1.723974195054305e-05
ARCO,0.00010628858185200783,-0.00011974368394728801,2.7254232226170223e-05,2.1146919295790876e-05,2.5473163088476234e-06,0.00029937000783682,-2.744988170049909e-05,-4.733983616789354e-05,7.4157507210044195e-06,-4.313938242296667e-05,-2.1819224832934973e-05,-0.00013380577566245305,2.224097304120442e-05,1.9724654119841327e-05,-1.0289637581278124e-05,-0.00018240980251565538,8.259218327044269e-06,0.00019373320305323533,1.6459605475616716e-05,6.86804880343771e-05,8.188682296798375e-05,-1.8344565294337126e-06,1.928998203288984e-05,2.6874759878575184e-05,4.150419335938343e-06,-2.0043253155373222e-05,0.00013361804913042443,8.665963539502041e-05,4.7390751739285565e-05,9.132685396536936e-07,-2.1568108911290167e-05,9.481609544132248e-06,0.00011656128505989086,7.915466953107963e-05,8.364397063208303e-05,7.190689319917506e-05,6.453129456412042e-05,-7.171781446564164e-05,1.6633542640695353e-05,-0.00011568311886686673,7.763283464745956e-05,-1.630525905184471e-07,7.592850399285255e-05,-0.0002118917755979897,0.00011593843490805041,3.2656597926613516e-05,-0.000147115076386565,3.248890754202739e-05,-8.840873394715029e-06,-3.6070318408340064e-05,6.48157861815534e-05,2.1531059457756367e-05,-0.00010137198152359272,-1.949137577328905e-06,1.9560533062310427e-05,-0.0002461729459499901,-6.599342064001361e-05,-1.2231690971270722e-05,1.0819189517891963e-06,0.0004899363386404584,5.5280195986738665e-05,-1.9317153791122484e-06,0.004607083094886851,7.587959698130709e-05,5.770686580619789e-06,-2.0423225440825124e-05,2.0090073719952434e-05,-7.442436716928637e-07,-4.748659337977163e-05,1.8813680720756928e-05,1.026665885570336e-05,-0.00039069590930231876,-3.353285925698248e-05,6.241595396462724e-06,3.468585176445097e-05,-3.2108594539988333e-06,4.661752141072166e-05,-0.00010803831700989395,-0.00010036531627411344,1.6495350184244404e-06,8.59790136841723e-06,-5.752264519580685e-05,2.800284068183172e-05,-8.824531465892723e-05,-0.0002699052634442806,-3.0258158615377966e-06,4.631257246472276e-05,7.559253444460115e-05,2.185982966070236e-05,4.9647949775925785e-06,-9.023704732379354e-06,2.4597317146436864e-05,0.00015147449168716133,-0.00016645900634855584,3.7142677880285966e-05,1.8042855689412418e-05,0.00012262726743502293,7.98925530622424e-06,1.5151953478114149e-05,6.273652287843211e-05
ATHM,3.807474631415202e-05,-0.00010927286113508745,0.00010084342383745427,6.062718466132731e-05,3.599487622255945e-05,-2.744988170049909e-05,0.00031577182090250126,9.050442055206056e-05,-1.8039522367993558e-05,1.9965330723732454e-05,-2.149261864589018e-05,-3.4906195123919925e-05,-1.0812202151008807e-05,-2.9185060706326965e-05,1.0040516646045773e-05,0.00015727576985850357,0.00012422612018238093,-3.710467038354216e-05,4.013970737080042e-05,-1.2903314089481388e-06,-3.622996878660762e-05,3.236790166248774e-05,4.7608594913761546e-05,5.9740829448030707e-05,3.622240819191893e-05,5.589879408236261e-05,3.646752207315877e-05,-0.00016214492210381623,-1.73030068877063e-05,1.4789385043773323e-05,2.5342006437765105e-05,7.306374455685697e-05,1.0319540402191592e-05,3.683408283072473e-05,-6.962398143922795e-05,3.592950068206626e-05,0.00013461408051615664,-6.176423550323003e-06,2.5535696796338066e-06,-0.00011083495031036129,-4.031491679073476e-05,4.00122709159955e-05,0.00011391907065134902,-0.00012523880508109539,3.854752201081959e-05,3.025015346320521e-05,8.553101496040129e-05,3.443131076330538e-05,-1.9532435353348565e-06,0.00013127763272575437,8.639482338527066e-05,1.385766613289876e-05,0.0001216560379044236,8.452320265756416e-05,2.58131459875429e-05,-1.4510085618247994e-05,5.4623663460854156e-05,-3.7668538030859597e-05,-9.27645958081299e-05,-0.00019802712914865456,9.558222814042938e-05,4.179107966716236e-05,-0.000681376298185045,2.3777438649816648e-05,5.8662123221047395e-05,4.749596327582818e-05,0.00012104908943350598,9.015134982402318e-05,0.0003044910328074626,4.273826745430296e-05,8.798299973023616e-05,5.871010920280288e-05,-8.026701495860476e-05,0.00015223225813260834,-9.007319464049521e-05,-0.00017659780969056833,3.2080304225916124e-05,-1.706891957593956e-05,-4.566138009761048e-06,6.359776414236736e-05,2.544863720855043e-05,3.7257508502421254e-05,-1.320476857273516e-05,0.00017635447528039706,-0.00017953981708743007,-4.406724771690992e-06,6.016194709905748e-05,5.873502712191884e-05,-1.1982540919336314e-05,1.624922583352902e-05,-4.914863234080657e-05,-8.400824091994461e-05,6.166226591846958e-05,-0.0007306193555334397,8.35912054398932e-05,3.170136699775994e-05,-0.0002453143242469268,7.29705817091027e-05,-3.636506893839397e-06,8.963870250879349e-05
AUBN,2.6192611214615015e-05,0.00014414257835544068,5.9626098767205075e-06,-4.12289277247597e-05,2.852909658240061e-05,-4.733983616789354e-05,9.050442055206056e-05,0.0004653098393933157,-1.9905559961350722e-05,0.00041157740481542466,1.7647949506162706e-05,0.00010123229275627961,-1.6987212060607916e-05,-9.291802484830334e-06,2.6908308586064264e-05,0.00036956239476843434,9.365986007065075e-05,8.46005491067814e-05,3.390835699392393e-05,9.189292026796178e-05,-6.311580824938866e-05,3.4319576364165326e-05,1.2246471621440104e-05,1.0098258966430872e-05,2.067783434077841e-05,-6.646330907230864e-05,1.2287733648240506e-05,-8.578138609036921e-05,2.8184307054828395e-05,-8.30427334653587e-06,4.1578285559883466e-05,8.064552340231801e-05,5.2153258525820726e-05,6.196752869097034e-05,-0.00012027235465028328,0.00011366467888262397,5.308446301649244e-05,8.13932706625618e-05,-1.1315306466498418e-05,0.00015087259111958164,0.00012888501897202208,-3.036753675550759e-06,0.00012164598701089148,0.00037254046406231666,6.976478314309091e-05,-2.9405463073239297e-05,-0.00019279117618056817,1.5795786776946728e-05,7.130779305909874e-05,9.683772861858484e-05,3.889299509456457e-05,8.45253172796407e-05,0.00020883545809182108,0.00010697012159501474,2.7541599058858115e-05,0.000271733185219291,0.00032813986463364314,0.00020240410421764083,-0.00010440173742150937,-0.0002038069157159126,4.763856410698478e-05,0.00026703540027273916,-0.0030970801075592756,-6.64170525440531e-07,0.00011069371865984044,0.00022991464757270928,-0.00015360779028104297,0.00010761871176573286,-0.00013531836845055107,6.113291236612217e-05,0.00018374718985664102,0.00025145462558649116,-0.00021729106487442472,0.0003251225195057201,0.0001910428729047062,0.00033146790405331897,-5.752138782448451e-05,6.65313832134176e-05,0.00012928615577547409,6.669475408577331e-05,5.753574957651928e-06,0.00023296935539171212,3.352911751969741e-05,0.00039622908383768983,0.0005204099828310751,-1.5657798174180724e-05,0.000133648613032989,8.556472488347433e-05,4.8646635196891614e-05,4.131642116395903e-05,-2.4747068598545042e-05,4.299882581146709e-05,4.1049517227170584e-05,-0.0004036691715906004,6.317266850049499e-05,0.00015184237901694794,-2.027126034497084e-05,7.034866521416301e-05,-1.735119821102086e-05,1.8019212247001358e-05
BAB,-2.511672067112482e-05,-2.1878780392862555e-06,-4.044331846112407e-06,-1.3600996090703198e-05,-4.050408841892182e-06,7.4157507210044195e-06,-1.8039522367993558e-05,-1.9905559961350722e-05,6.9543179172099966e-06,-3.596161064545107e-05,-3.1299519438561635e-07,-1.1886596933463596e-05,-3.6943618373643673e-07,-3.573768842006952e-05,-2.4388905113205288e-06,-1.85586487125366e-05,-7.654789349459265e-06,-1.564796407123804e-05,-8.672667352654628e-06,-4.340296407014015e-06,-2.87578065575051e-06,-4.331561587340828e-06,-1.1278554596559934e-05,-1.6810971396485636e-05,-4.053332043525391e-06,-1.4830963746454208e-05,-3.171856409885404e-05,-1.0495889371941148e-06,-1.2006567091026718e-05,-2.201876655355177e-06,-8.956560317826784e-06,-1.757831604866454e-05,3.5483984398468565e-06,-7.95268960618377e-06,8.138597330461848e-07,-9.17837595886006e-06,-2.661213456491037e-05,-2.9668238366264403e-06,6.708489612159907e-06,-6.668799419327458e-06,-2.171293875746857e-05,-3.986002747579446e-06,-1.3704088491654588e-05,-3.979511667936938e-06,-2.5714162740467103e-05,-1.1468918874114427e-05,-1.0811794899203821e-05,-5.355217986183048e-07,-7.771761926734108e-06,-3.482016917377169e-05,-1.5392255624429326e-05,-6.737716077156509e-06,-3.943990670967935e-05,-1.5560776737514185e-05,-5.498602245712123e-06,-2.970001971214636e-05,-3.17492091546738e-05,-4.187044126719672e-06,1.4755815060508654e-05,2.8232681477184887e-05,-1.7671931494012567e-05,-2.1721589974409222e-05,-2.1331071030244308e-05,-9.014253154548313e-06,-1.8764288695094735e-05,-2.1100853158343243e-05,-1.573034056123493e-05,-1.5271711068005583e-05,-2.7491319888032128e-05,-1.1303348120106367e-05,-1.779846391193572e-05,1.5393360176109637e-06,1.1533044762329444e-05,-3.0907898196799334e-05,-2.7138707141819232e-05,-1.2479818517300202e-05,2.8156242828170755e-06,-3.348612189394506e-05,-2.8640024610983773e-05,-1.1361660293970583e-05,-5.114152117530285e-07,-2.4532220451728695e-05,2.3669845598019246e-07,-1.6262486776782807e-05,-8.019334323952161e-05,6.663245395150929e-07,-1.469181802183544e-05,-3.8921305025592094e-05,-6.5821681243097196e-06,-1.1698870164599288e-05,-5.716873626753302e-06,-1.1936318011353467e-05,-1.2037983756301969e-05,3.6610222073933966e-05,-2.0937396840032897e-05,-3.53182633952493e-05,2.1789719834630456e-07,-1.6379823932044208e-05,3.3888375551474503e-06,-6.796971180149517e-06
BBCP,0.00047190865760490206,0.00043853689865289434,-0.0001901341236397987,0.00015358649202420422,7.42009900801002e-05,-4.313938242296667e-05,1.9965330723732454e-05,0.00041157740481542466,-3.596161064545107e-05,0.0014648262674331212,2.7429731448588514e-06,0.00038125815557868675,1.7417810651471192e-05,0.00019379011913426308,9.199262527145065e-05,0.0005150548916944275,7.556362830312206e-05,0.0006935159691817948,0.0001433344320354636,0.0002963282214507476,-0.0003072592603396608,5.816321209020607e-05,0.00015421973243399668,0.00019398995799367732,4.5244061193101824e-05,0.00014633325954838244,0.00033088178063409897,0.0002708967310404144,0.0007127494289423357,3.7027771111475815e-06,0.00012053687130894206,0.00019428495937356697,0.00016077346749130623,0.00015178492965315564,-0.00026874873645612457,0.0002903670722788519,0.00036665790689922325,-1.27623200360748e-05,-1.2194909923369774e-05,0.0004054251554544,0.00029062749245696893,-1.024351757522106e-05,0.0005055576957532439,0.0011735851526131263,0.0002949450323329402,0.00028591458986169135,-0.0003170026588875787,3.9628597729036244e-05,0.00021479014197442264,0.0003103512273330209,0.00024231550582521106,0.00027021320606391435,0.0006135253399219825,0.00023731640915517684,0.00012089978875065569,0.00023772137739617826,0.0002416288653829422,0.0003970662509640148,-0.00025971954836399337,-0.00010679282556882714,0.00020419326343397806,0.00017491955471095016,-0.005833213385063691,9.725961871230147e-05,0.00027205402039852644,0.000551742079803909,0.0001909837861974416,0.0002682915214712376,0.0003787716959067976,0.00019859829858361755,0.0004210413413247979,0.0002934083659282451,-0.00017174149269530154,0.0005889619901838073,0.0004771319655429698,0.00042302780552385706,-2.1846678887199217e-06,0.0002593142565679251,-6.876191669269078e-05,0.00027660132508122785,7.3566161839223375e-06,0.0006687433642666421,7.192749848388175e-05,0.0006049220830901982,0.000866775840436344,1.2495201696963672e-05,0.00034462900970353246,0.00044498056531723593,0.00017411244542691077,0.0004816496691562542,0.00020784022212512335,0.00019032508313145545,0.00019688788526213256,-0.0003623690752401795,0.0002465432512803471,0.0004053539727053605,0.0002025515942050286,0.00025823720953679343,4.454401499313237e-06,0.00012426019926019375
BGIO,1.1166683836255828e-05,-2.693969561384373e-05,-3.401577090537571e-05,-1.412817591352862e-05,3.6024451367401012e-06,-2.1819224832934973e-05,-2.149261864589018e-05,1.7647949506162706e-05,-3.1299519438561635e-07,2.7429731448588514e-06,4.8111151243816456e-05,5.400980845735548e-05,2.6061924433691704e-06,-1.942358110082445e-05,2.4062157441283103e-07,-4.120904040278963e-05,2.303323713770597e-06,2.953812518745602e-05,2.2065477458597827e-06,7.533150794399458e-07,2.3301591806175564e-05,-4.675785580864564e-06,-1.7953815992879575e-05,-1.937828343705166e-05,1.6172583501927496e-06,-3.6527474571892734e-05,-1.8667120058547017e-05,5.9080287919622467e-05,-2.7746827545469815e-06,-5.506724336170962e-06,8.65833394215328e-06,-1.0529637096392066e-05,-2.975906145176245e-05,-3.9436905884015904e-07,4.029970592145306e-06,-2.5833214047564763e-05,-2.4710269283376158e-05,-7.717207927309635e-05,1.0947636437781816e-05,3.147004613199474e-05,3.650749956345581e-05,9.435171160888199e-06,-4.876706657307009e-05,-0.00019287935137744143,-1.3538280814297249e-05,-5.9983110611320685e-06,6.755579853793592e-06,-1.1504940059108153e-05,2.519987705668517e-06,-9.966615706775262e-06,-5.7239802602103124e-05,3.98138352767731e-06,-1.210231625100696e-05,-9.621405961434021e-06,-1.1415349010820683e-05,6.699403203282967e-05,3.091512225612717e-05,-4.365871652663255e-05,1.4793625698107438e-05,7.441823401637303e-05,-1.6693125217427696e-05,-1.5411146630078548e-05,-0.0009711673297926505,2.0259842724833337e-07,-1.8436513574944553e-05,9.664964640539847e-06,7.522588393845725e-06,-1.5592408030303348e-05,-6.789796965062019e-05,-3.523078743396458e-06,-9.340909281515934e-06,-7.175429372482649e-05,-5.972867653388245e-05,-5.285895363341119e-05,8.74948650912319e-05,-0.00017914411361753327,-3.457707248146311e-05,-5.6671479828410735e-05,3.3021659828102857e-06,2.2229057798923257e-05,-4.309260515856494e-06,-1.427456222117645e-05,2.703569878967274e-06,-5.795960567965607e-05,4.035016654053128e-05,7.4753976143982135e-06,7.74161624461102e-06,-3.9014317690101944e-05,1.086410556756702e-05,1.1689099383884853e-05,3.3550311032657125e-06,-1.417920834951506e-05,-3.442804772859085e-07,0.0002674042601963834,1.430800008702902e-05,1.1746007575875294e-06,-4.376042199800369e-05,-1.173956037130119e-05,1.156985680520549e-06,-1.2126391992507046e-05
BPMP,0.00014630482068703386,0.00021245088274710462,-5.764540405442195e-05,2.354872268055972e-05,2.7071319318664486e-05,-0.00013380577566245305,-3.4906195123919925e-05,0.00010123229275627961,-1.1886596933463596e-05,0.00038125815557868675,5.400980845735548e-05,0.00048664174012396397,2.7618565123885966e-05,7.025513644686632e-05,3.0882324172341255e-06,0.000142518364764255,-1.6644451981170646e-05,-1.3358528467019075e-05,2.8370267451256923e-05,-2.4297387600761087e-06,-4.299146803412605e-05,2.74239785217735e-05,5.0969903487547946e-05,5.2932558628291676e-05,9.427636567138348e-06,-2.2634928641556706e-05,-3.949045302073989e-06,6.995066864118237e-05,2.1629357023387825e-05,3.0256028811073983e-06,7.224543266589393e-05,3.9674150370231315e-05,-6.716971735139566e-05,3.221467903180833e-06,-4.889964316236842e-05,0.00019549504934595572,8.145822077448695e-05,-3.668540089387733e-05,7.506578065985306e-06,0.0002358548469622534,0.00019642774485598017,3.053549878295112e-05,0.0001402106316070611,-0.00016664251379590526,-7.142280750985587e-06,0.00015006734838119058,8.871345457847832e-05,1.2901777873985812e-06,3.719141486963393e-05,0.0001430740239022963,0.00011974645384807804,8.034831903502826e-05,0.0002828379624308892,6.895609301473081e-05,1.574767702922872e-05,0.00016722772673941752,-6.891135527346808e-06,-2.8196241608056853e-05,-6.427522748935399e-05,-0.00011315993744820579,-4.649450998033347e-05,3.1626244828122475e-05,-0.004853331665525049,-6.076195033777136e-06,9.392442106373259e-05,3.246833232500064e-05,1.0669009797149366e-05,6.732252734461556e-05,-6.59426959459692e-05,4.541113105508592e-05,0.00012968210759090588,6.992991710278693e-05,-0.00023522003446065974,-1.4422040583017202e-05,0.00022117182130055292,-0.00011023886687985137,-9.35964886646404e-05,-5.5411103754067256e-05,-1.670106655833604e-05,-9.707214187462776e-06,-1.0339688715672313e-06,8.816863294491528e-05,1.0458202293944617e-05,0.00014858586947213536,0.0004568878670982274,2.14810498698153e-05,0.00012459181966132358,0.00022469657757248542,9.660942051402063e-05,0.0001687665497653416,0.00022240183977185565,-2.3323291215164447e-05,-9.754244103278429e-05,0.0008936293640734996,3.253770742967471e-05,0.00014299898454266777,0.00018966718001211958,6.131477007989173e-05,-7.906137128297363e-06,-4.958957280867749e-05
BRW,3.439517212808349e-05,-1.3026634300964355e-05,1.4092174907417827e-06,2.6982128415796333e-06,4.503047487273099e-06,2.224097304120442e-05,-1.0812202151008807e-05,-1.6987212060607916e-05,-3.6943618373643673e-07,1.7417810651471192e-05,2.6061924433691704e-06,2.7618565123885966e-05,1.3868222767098447e-05,2.449820788473097e-05,2.335144158297637e-06,-4.1830490742780435e-05,3.857739518276614e-07,1.2398275259775606e-05,-5.458237640894145e-07,2.418605798988059e-06,-7.830881087375427e-06,-2.081519405929918e-07,5.736342649007951e-06,1.0370882300721377e-05,2.6979405930431883e-06,7.634245223921083e-06,3.100328160585781e-05,5.671683364400209e-05,1.797636687734082e-05,9.396654575047199e-07,-1.980366772844564e-06,3.878334978397463e-06,4.890006598768623e-06,-3.9480431811477424e-07,1.111992014194194e-05,-2.138979060419871e-06,1.655973687337823e-05,-2.6323439291376325e-05,2.314820361863337e-06,-2.724450769181786e-06,1.1407691217400357e-05,8.830680689705463e-06,7.027718071981703e-06,-2.838587470454249e-05,1.3119989839654265e-05,3.208378859744569e-05,1.7102629424304022e-06,-1.0275974271962309e-06,2.9891792466471553e-07,-7.751302812142314e-06,2.013512945068208e-05,-5.709910603866893e-06,2.309812624166864e-05,-5.073068674112925e-06,2.141071593648306e-06,3.0140886667411054e-06,8.37300962520425e-06,-2.3575018837040547e-05,4.020898079752587e-06,4.6763363048623986e-05,-4.969652802269071e-06,-1.0288586537630446e-05,-0.0007769588760956339,3.580969972226668e-06,-3.0270895887047176e-06,-1.0465680551753597e-05,-3.96387384375869e-05,-3.227779907052912e-06,7.845783581942083e-06,1.1890643933112949e-06,-1.1748780178757869e-05,-4.366237861987382e-05,-1.9402866468631163e-05,-3.9107560962992614e-05,6.239001052150336e-06,-5.8779219350511375e-05,-7.977246609559982e-06,2.9888659909095346e-06,-1.0297724345750015e-05,-9.267279791148147e-06,7.449418136484215e-07,-1.3096662853076164e-05,-6.97765400377302e-06,-3.281218231078935e-05,5.72779789310434e-06,7.020092044512899e-07,9.713455804378888e-06,6.174470701880006e-05,5.637394528577803e-06,2.2935835949518862e-05,2.1317421480044936e-05,6.681083371668182e-07,1.6742795657677754e-05,3.35020035503093e-05,7.223288586746265e-06,9.289459483686868e-07,4.431599475601574e-05,4.308419044935777e-06,2.7508519117264374e-06,3.970151546280145e-07
CBNK,0.00024195690855365452,4.726315634428995e-05,-2.6344937236620673e-05,0.00013892200072830466,1.2866482418674896e-05,1.9724654119841327e-05,-2.9185060706326965e-05,-9.291802484830334e-06,-3.573768842006952e-05,0.00019379011913426308,-1.942358110082445e-05,7.025513644686632e-05,2.449820788473097e-05,0.0004911448101867285,-3.72237650973518e-05,5.1431996296194554e-05,-2.612611094659096e-06,-7.77062752489837e-07,4.6328269968869696e-05,4.2585273932927385e-06,-8.162000465826917e-05,2.7098502255408135e-05,9.419078707516136e-05,0.00013392881771393797,2.4209467514785743e-05,3.250817459731916e-05,0.0003316586571257302,4.476840015760462e-05,6.881247503254435e-05,1.2191440662953785e-05,2.8463192229677568e-05,8.904656869806882e-05,-2.416406738097424e-05,7.282433864685938e-05,9.207862698400324e-05,-1.9948386300649054e-05,0.0002053865229798982,-4.528451241829032e-05,-4.32824664623501e-05,0.00023327410459479038,7.687998924433134e-05,1.3463507241537625e-05,0.00015366378743899547,-2.8287521082631934e-05,0.00020409906404009922,0.00012019207109348242,0.00018109178294518262,-7.430535342907765e-07,6.89281373229545e-05,0.00021701908524018957,0.00016767527645047194,3.815392206427466e-05,0.00023016089003139275,5.5261038911311576e-05,5.661689445603193e-05,0.00027019233021289657,7.085421769117865e-05,1.968804412864144e-05,-5.250079781262632e-05,0.0003295048473508152,8.456858446218948e-05,0.00016778440314700458,-0.0012949801615848805,0.00010268281825395308,0.00015657917961481259,9.852962956714026e-05,-0.00018919035860797342,5.2895987898192424e-05,0.00021484213964125952,6.861573172184439e-05,3.4039481709468196e-05,-0.0001246119744249034,0.00021507684080117423,7.22236725220409e-05,8.45961957915777e-05,0.0001904340035763666,-4.290404515380195e-05,0.0003711643305565017,0.000230627727220007,1.2833421114660372e-05,3.6940254171319617e-06,0.0003273604374427332,2.2107089502418715e-05,-2.6407543089326382e-05,0.0006153498292652904,-1.1794008088293365e-05,0.00013106731747091133,0.00030668102170633665,3.733289057572518e-05,0.00015513954116687655,0.00010168986235540092,0.00019420732095103217,0.00014239287763553207,0.0003886972709988189,0.00040883975312904896,0.00023621973068166816,5.344331160960265e-05,9.696759968136135e-05,-2.4077546764725435e-05,1.4918231522006834e-05
CHAQ,3.631881173062091e-05,8.188001624600351e-07,-7.955912731697073e-06,-1.0072591909750138e-05,3.644999506602032e-06,-1.0289637581278124e-05,1.0040516646045773e-05,2.6908308586064264e-05,-2.4388905113205288e-06,9.199262527145065e-05,2.4062157441283103e-07,3.0882324172341255e-06,2.335144158297637e-06,-3.72237650973518e-05,3.379900489532862e-05,3.3184257985600574e-05,3.6483506471451885e-06,7.48176603325574e-05,5.460548028198825e-06,2.963200235033251e-05,1.5331263192140305e-05,-6.887838089729652e-06,3.870217085979125e-07,4.218020218558146e-06,1.5590878314106558e-06,6.587894600476573e-05,1.3564564744092824e-05,6.888541861536115e-05,0.00012618523699149082,-1.2233274575830032e-06,1.2622503016552038e-05,2.0594641528526536e-05,2.4457555243102428e-05,2.037670136898289e-05,-3.119940102026456e-05,-5.670845545551329e-06,1.87545443328418e-05,3.842122619083014e-05,-2.708904309720629e-06,-3.162825176215973e-05,6.095113185859416e-06,4.249020633537021e-06,-4.442911104453282e-05,0.0001228850536630315,2.1302103097505844e-05,1.8016099371958912e-05,-5.4120926762047086e-05,-1.1119687643177916e-06,6.840383398944213e-06,-1.613827711696434e-05,1.4245152986005242e-06,7.976739378941669e-06,4.596650254740029e-05,3.007359173977746e-06,-6.206933230599358e-06,-5.517535647594488e-05,5.194063547378096e-05,3.7504153263100784e-05,-6.0639225772641884e-06,-9.484584867716064e-05,2.634833426370117e-05,-1.0432398824901938e-05,0.00013029591547999677,2.3126660217309486e-06,-1.0025184957760973e-05,3.2352738495241174e-06,6.0410623910124695e-05,9.507663353473831e-06,5.9948334765106196e-05,4.055143119256663e-06,1.900589299731003e-05,2.0670394952791677e-05,-8.031122478994684e-05,-2.1204516435071757e-06,7.073709908482765e-05,-2.7565555121712423e-05,2.1274317012808097e-05,3.6027982533440735e-05,-1.2249671160806486e-05,3.969372032807568e-05,-5.8121218920737114e-08,-6.74360046128551e-05,-1.2585654779113852e-05,2.2790481272154572e-05,-1.093294938101192e-05,3.3126942791114765e-06,-6.426442336946071e-06,2.2710670013852953e-05,7.553495589947977e-06,3.378796128647687e-05,8.579050444651406e-06,-2.8524423435286065e-05,-5.874117136201298e-06,-0.00014164972522199404,-5.1075219884337044e-05,3.957229857423112e-06,3.299534922470751e-05,1.3268480000908169e-05,1.6281614761931542e-06,7.906977854369609e-06
CLIR,-0.00014539944732598037,0.000919906137897425,4.021671583389005e-05,-0.00020225833124011466,3.1079716017873436e-05,-0.00018240980251565538,0.00015727576985850357,0.00036956239476843434,-1.85586487125366e-05,0.0005150548916944275,-4.120904040278963e-05,0.000142518364764255,-4.1830490742780435e-05,5.1431996296194554e-05,3.3184257985600574e-05,0.002292979290116068,0.0002149767119914201,0.00025935920440380613,5.6903296294138205e-05,3.3857350976789005e-05,-3.523253273355286e-05,2.417651633072836e-05,-2.2710606082761938e-05,-5.818211758082295e-05,4.2278542778752104e-05,0.00012144539009570801,-0.00012972338276506229,-8.956941726601899e-05,-4.186058808855251e-05,3.6942599406210923e-06,8.70610952834594e-06,-0.0001060262377510873,0.00014771175831224668,-4.6107070302245156e-05,-0.00013196837035673532,0.0004352256819589576,2.5717477731384147e-05,0.0004918389986544913,1.2309983233490464e-05,0.0005331405839701129,3.321927894744474e-05,4.369852383085165e-05,-3.474906024582059e-05,0.0002964035157852671,-0.00018111909189197947,-8.714004169524389e-05,8.68529178255069e-05,4.0520279187229655e-05,9.058227705517338e-05,0.00017908716306881187,3.583565272891732e-05,0.0002247889563150028,0.00035426825703436415,0.00013839819195780206,-9.42022010166716e-05,-9.127493950350945e-05,8.657659470136959e-05,0.0005949490463905406,-9.236255554597036e-05,0.00015251730080845707,-6.347935200661385e-05,0.00039759348037229935,-0.0019820415654493127,5.211964225850738e-05,0.0002115715870244677,0.0005613863452865052,-7.734947833079137e-05,0.00011087718561193003,-8.887525099423307e-06,2.6987160982186546e-05,0.0003494327174656941,0.0005106360400019078,-0.0009224761969373994,0.00011393358511318161,-3.628680459226097e-05,0.00033245654083632117,-0.00019922718074453935,0.0002575708150651461,-0.00014396035103889833,0.0001297993144031685,-7.119331783010812e-06,9.615214250595677e-06,1.219501749870256e-05,0.00037959236419533095,0.0004123646994203394,9.297918075810132e-06,0.0002285600396584709,0.00011085559300615373,0.00012087494121518613,-0.0001571744013503409,-0.00011431434547900764,-2.6903111722247982e-05,-7.28487842545137e-05,-6.155861653521654e-05,0.00037417745500472206,0.0001917964862084697,-0.000673716973688175,5.916667073105197e-05,-1.3550928390070072e-05,-1.2860520040187964e-05
CQQQ,1.4676747366328546e-05,3.7019930022915294e-06,2.687837815013908e-05,-2.627126876464826e-06,3.185455062324344e-05,8.259218327044269e-06,0.00012422612018238093,9.365986007065075e-05,-7.654789349459265e-06,7.556362830312206e-05,2.303323713770597e-06,-1.6644451981170646e-05,3.857739518276614e-07,-2.612611094659096e-06,3.6483506471451885e-06,0.0002149767119914201,0.0001386658522854326,0.00015876071457717147,2.846446127965208e-05,2.9226270307012085e-05,-6.457002639027237e-06,1.8744148078862606e-05,6.8228663926387674e-06,1.0772810169664957e-05,3.0131058293400787e-05,-1.2503594879566675e-05,2.7272068331454474e-05,-0.00014254064034193882,3.2940725255342076e-05,4.050357369828426e-06,6.730983814719991e-06,-7.766479381797645e-07,-1.647566029525398e-05,3.527075945714786e-05,-6.0191922278907305e-05,3.53630891942666e-05,4.109761681817484e-05,3.54699392953542e-05,2.058023603712685e-05,-2.0905532108376123e-05,1.9744457703096204e-05,3.330190686649415e-05,9.438945461403155e-05,-2.4916968816846175e-05,1.3434163607090082e-05,-1.6687158766834936e-05,-1.9845523254718926e-05,2.060093172065456e-05,1.551255861372865e-05,2.9302820426601132e-05,5.105778457513852e-06,5.104785780988261e-05,6.548731545291808e-05,5.325406259613698e-05,2.123811506143847e-06,6.995549562144244e-05,0.00010784508884566567,6.821937626833498e-05,-5.7639089666888736e-05,0.0001242275328421103,2.3309586681687382e-05,0.00010485008463753293,-0.0014749915833016526,-3.295899166382084e-05,4.373491730373346e-05,0.00016942620516872552,6.567975028146001e-05,5.494524132679815e-05,0.00017032218686286756,2.202233219511863e-05,8.983908331666316e-05,-3.0879331240336626e-05,-9.927132776024007e-05,0.00013469531015301763,-3.554925070973727e-06,3.295022431384648e-05,-3.098435244017589e-05,-5.2287829236953513e-05,-1.0564809947676578e-05,3.509076012306351e-05,1.2594748227473437e-05,2.5647448379978286e-06,-2.2512577899428515e-06,0.00018270040819366864,2.3464489783411803e-06,3.0704523186300757e-06,0.00010322563028435462,4.7508053764795906e-05,3.46663543133349e-06,-2.046414277109131e-05,-5.452190446627373e-05,-3.899863946446159e-06,0.00013210376702274554,-0.00020458191197062945,9.613196607730907e-05,-3.44393596642044e-05,-0.00022127622655869833,3.5820323703957525e-05,2.101497806930891e-06,4.1257859604353134e-05
