,AB,ADAP,AEO,ALK,ALTA,AMD,ARMK,ASB,AVRO,AWR,BJK,BXS,CVM,DBEH,DDM,DOC,ELLO,ETN,EVBN,EVR,FCAL,FIHD,FLIN,FM,FMBH,FOXF,FSI,HALL,HEI,HYRE,IJR,JMOM,M,MGIC,NCTY,NEM,NHF,NINE,OFS,ORGO,PAK,PLBC,PRTG,PSET,PTNQ,ROLL,RSI,SEIX,SGMS,SHOP,SLM,SPFF,SPH,SPHY,TBC,TEN,TLRY,TYG,UCIB,UTL,VGSH,VIOO,VIRX,VTWG,ZUO,ARKF,ATNM,ATRA,ATSG,BNED,ESGA,GRMN,HUBS,HWM,HYGV,ILTB,INTC,JRJC,KNG,KOKU,MRC,NUSC,OTTR,OXLC,PFMT,QRTEP,RBC,TPYP,VVNT,BFEB,CBD,IRCP,IYY,MELI,MN,QLVD,SKT,CXSE,PROG,CHAU
AB,0.0005575520400483259,0.00028823245639476055,8.226622723966652e-05,0.00029628886104403096,0.00014659059730325676,0.00013402628005527696,0.00019331891666422667,0.00012934893111176567,0.0004298177776535523,0.00014979181977736635,0.00015214901611458904,0.00014871700544474362,0.00043315527468553924,0.00014401841410662455,0.0003454691594685673,0.00014659186169735432,6.23720110191103e-06,0.00017429734175181512,-1.2934880129874948e-05,0.00021521067750161272,-3.896348276565243e-06,0.00025939229945094033,8.429669975315041e-05,8.34643195940736e-05,9.027249780815176e-05,7.580937402498093e-05,0.00010714129285438793,0.00013109552791768558,0.00018969399777963577,0.0005955761037255997,0.00018896963476759074,0.00017092837241865138,0.00032159781707221925,0.00021508328685054841,6.457926090001322e-05,0.00014186677615247862,9.624583934468206e-06,0.0004488011679466004,-4.2228381019670977e-05,0.00032660811813535587,3.0907456073347654e-05,5.4756439006984386e-05,1.8500349876595655e-05,0.00015631332755443086,0.00018200482213581948,0.00022059913889433877,0.00026064843386667364,8.691092262786255e-06,0.00018523576628679455,7.974608017349032e-05,0.00016778159223751991,6.451904819107473e-05,0.000130824761324924,4.484491855688127e-05,3.498894503052115e-05,0.00018743004838748837,0.0007382055556270153,0.00031298431774772324,7.28221574376859e-05,0.00017953661982134572,1.3455862776223797e-07,0.00019078818563416638,0.000301514389956238,0.00016861349050373422,0.0002456782194523128,0.00018694541478803705,0.00010484972525559043,0.00016775852697496012,0.00017586968526567428,0.00026980285244688427,0.00020069027482323367,9.717555930139027e-05,0.00018230195454819483,0.00025747039668704366,5.37361766945679e-05,3.90421422561096e-05,0.00033824486879787107,0.0004891247350543028,0.00017084531651850716,0.00019080923802594312,0.000442987799697567,0.00016292632739916925,0.00015547962997201697,0.00014895595944815763,0.0013618557099569363,3.38293481679976e-05,0.0001258301227355868,0.00026369607243986965,0.0002461586143426513,0.00012636695567457256,0.00019546247775628048,-1.7905387604473486e-05,0.00020107515701465965,0.0002499739867610791,-7.332841044736513e-05,0.00010513892828056133,0.00026579399707333276,0.00013705977337636528,6.584507445530758e-05,0.00018310124014773933
ADAP,0.00028823245639476055,0.008354989463402915,0.0012027721161150871,-0.0001753676131130682,0.0006031893285220874,0.0008083956386130545,0.00026955914690702653,0.00019810700299017708,0.00013899981950433736,0.00033249833897967595,0.00020232563188234958,1.1548749085750574e-05,0.0008576582191954867,0.0004166057965054516,0.000637821897426446,0.00057656899171591,-0.0005451388424146024,0.0004296778059116784,0.0012598934413407571,-9.868673692465571e-05,-1.38818327893461e-05,0.0005641689776489952,3.437438976842425e-05,8.619612769515626e-05,0.0002368346161248716,0.001366282648382257,-0.002287765263872054,-0.000885965084293609,0.0007004879857514798,3.810878489873792e-05,0.0004510260406679335,0.0004749489839936858,-0.0001350465499781471,0.0003625975026761612,-8.742323814508067e-05,0.0005416628288470623,0.0005039313146557847,0.0007640287655121873,0.0003324068041450323,0.0013798424772134463,-0.00035336148373797134,0.00022589401406722878,-0.0005006411992616109,0.00030034038190337943,0.0003773505291940464,0.0009449863939075758,-0.0006193438611087403,-7.311404063004528e-06,0.0007894397610113964,0.0008277079093420329,0.0003872670279279938,0.0002344278549440081,0.0006860713692742053,-2.5094559098588987e-05,0.00011713820321942061,-0.0007805448127611589,-0.0005324964737882291,-0.0002858234634353299,6.766626842120754e-05,0.0003769892432279294,-4.2007811665171687e-07,0.000454343534807201,0.0009531103753871899,0.000564519318570709,0.000330143474990352,0.0004241193506491162,-0.001409272700776131,0.0003576015328087306,0.0003113288217392861,0.002075252618642596,0.00047264304879359283,0.0009100399610441584,0.0004633217109979398,0.00019343224599795999,6.808817469552396e-05,0.00013079805916486992,-0.0007179056397019722,-8.220228780811691e-05,0.00042891771037698083,0.00038788144034336385,0.0008249157567646244,0.0004489618506345106,0.0003937026465898603,0.0008303811985782202,0.0022899882884294584,-2.3132731221117444e-05,0.001066694514455437,9.317923412859402e-05,0.0007681307286368476,0.0002805742340160343,-6.338550691363775e-05,0.002303396506834207,0.00040986864375674325,0.0007975697470063116,0.00020838859691880003,0.00022860112551521117,5.362460084538378e-05,0.00029919852652277474,-0.0015635746962789458,0.0004698391794738384
AEO,8.226622723966652e-05,0.0012027721161150871,0.0009330984238414486,0.0003494826034468075,0.00038416550941063374,0.00020459612249986955,0.00040581827744584674,0.0004110833575635212,9.029673822915522e-05,0.00010700516837736699,0.0003032647874998758,0.00037732546926986897,0.0006795654379372228,0.00015511168543062305,0.0004746897656292444,0.00024929107179415,-0.0005084413733939659,0.00035579910217175523,0.0005395728790754571,9.68086905034601e-05,-9.36354860133045e-06,0.00037207965931939524,0.00010580854892122236,0.00011913176791768291,0.0005099581513909251,0.00052055948936601,6.838494634783406e-05,0.00010751363407495313,0.0006058344830725235,3.4329535024425353e-05,0.0002944272953634803,0.00017342902957315258,0.0004979105548171486,0.00017709398072156894,0.0004727996764248467,0.00015558879967149535,0.00013350908483916783,0.0007159772426657496,0.0001553225692522799,0.0011043462131690423,-5.406548432706982e-05,0.0001016058092150564,-2.7087023093096158e-05,9.468083127617415e-05,6.254329585324869e-05,0.00044948807361095913,3.103281250159733e-05,1.478704616433158e-06,0.0004749242575150231,4.2474172911092766e-05,0.0002820644262859463,9.196557248540984e-05,0.00045863891916003404,3.832544418448946e-05,4.506764718176576e-06,0.00019836035304843819,0.00043771503555453716,0.00029062676385216874,0.00011261128965276972,0.00016463645131341862,-6.725023801643383e-07,0.0002945368027899729,0.0004293532298264208,0.00026741835669936477,0.00019419740115303498,0.00011232942738124845,4.639620634770349e-05,0.000547625370350653,0.00011517276116989683,0.0006108897756198756,0.00021314860037095645,0.0003535910963402611,0.00022156682635508042,0.0005459767161303434,5.329233855297737e-05,-2.4455223625678087e-05,0.00010047114451897251,0.0005195635847018282,0.00027374683017232363,0.0001937919589873791,0.000777005546365813,0.00026479281139793427,0.00025859367425508253,0.00024962068699835825,-6.108160715415019e-05,1.932935193388531e-05,0.00043689377760639826,0.00021559882877553255,0.00016904860043340063,0.00014068736320373807,0.00012551497105828943,0.0003966129006466427,0.0002083041285283054,0.0001299191989623057,0.00036398482189485136,9.183031813458909e-05,0.0004121264059498331,3.907460492577181e-05,-0.00044781068790211514,-5.99187977983147e-05
ALK,0.00029628886104403096,-0.0001753676131130682,0.0003494826034468075,0.0008582917468569445,0.00025784251724707003,0.0001949084091171485,0.000525570250368674,0.00026806170215387594,0.0005391561458770545,0.0001542977597157834,0.0002956677674263599,0.0003671600375231436,0.00014731924930606126,0.0001467307236342181,0.000502450075065868,0.00019474627493332172,-0.0003655995808613655,0.0003099026221244921,-3.909535715169495e-05,0.00027637690538714427,8.154517306270154e-07,0.0004595986990932095,0.00020981984563830805,0.00014949985801039007,0.0003753151344406952,7.376374268837401e-05,0.000899856884814782,0.0005119198265397854,0.00037447588464058397,0.00045644631427795647,0.0002637340146441447,0.00016236695572609535,0.0007470853694831382,0.00015105245796301315,0.0004329563433584454,0.00024131963958990853,-0.0002751067704010353,0.0005622438707394273,2.309540383499989e-05,0.0003736037964476103,1.2695576369253205e-06,-3.4716488959456756e-05,0.00042255198541712844,0.00018816872446780942,8.075734453165336e-05,0.00039341113257773794,0.0003010579285027384,3.504741362361806e-06,0.00046086648754152396,-0.00012344622423510326,0.0001657741933632155,9.784757061782449e-05,0.0002038718324237497,6.037466536081263e-05,3.058850830853093e-05,0.0004404434746637008,0.0012854556966197235,0.000435917403299227,0.00013672201619956449,0.0001112635805574999,-5.963852040275256e-08,0.000267564373271682,0.0009416204024918736,0.00018916482837941773,0.00024600949813008427,0.0001441054823911263,-6.288222117738688e-05,0.00015910012320121338,0.00015929939146161937,0.0005233486078567345,0.00021542466718543795,0.0002960461386319254,0.00026504397004975197,0.0006122750253583577,6.514601121604833e-05,-4.2549717882884494e-05,0.00019105813156028792,0.0006838687984787966,0.00025555027638588705,0.000221831875682877,0.0008317189320894621,0.00021703675233267992,0.00027720317768655753,0.0001877525853883645,-2.8099337932799873e-05,3.147745124854685e-05,0.0003326624423065451,0.0003134409306892845,0.0002654234129549853,0.000141936259231633,0.0002473542350152236,4.98899575526979e-06,0.00022001913634957959,0.0001212163545014316,0.00018410248488473133,0.00014984887390260908,0.0005147365130102335,6.675927940965983e-05,-0.000503501910833147,0.00012319938353195695
ALTA,0.00014659059730325676,0.0006031893285220874,0.00038416550941063374,0.00025784251724707003,0.0003431478687943166,0.00013554189184240573,0.00026276165963509354,0.0003328716549606268,4.6235351190047814e-05,0.00013798115898033423,0.0001830629843600434,0.0003568168883709227,4.0836240143429786e-05,0.00011107620464399097,0.0003481353032735484,0.00019684803498805006,-0.00024533745037699794,0.0002277429418307403,0.0002524556710778305,0.00012814935050059026,-4.258277756054282e-06,0.0002666602351404054,5.123748409446407e-05,9.296114571189473e-05,0.0003540449861062947,0.00021132202612167766,0.0001440180197892259,0.0002459581420056722,0.0003161645465989048,0.0001910884562152456,0.00020093991207071281,0.00012298866034510968,0.00037984591543207706,0.00014446195033042487,-8.16966835250826e-05,3.0049544066346174e-05,4.546846509910061e-05,0.0002681133033209344,0.00013193941763731072,0.0005943890912543186,2.005924211713183e-05,5.337091937628003e-06,-4.762411611884371e-05,5.5734872723798575e-05,7.27297845412011e-05,0.00034948596737223886,0.00012261435998262664,7.345028782728506e-06,0.000264887045361371,-2.0261506200092932e-05,0.0001555626315561057,5.976240969934953e-05,0.0002593408075539143,2.984392186417283e-05,1.382871102781899e-05,-1.0192644115575657e-05,0.0005079092887937786,0.00013276615057381276,5.6459645399060336e-05,0.00015762052744886496,-1.3697366809236732e-06,0.00019956645996772058,0.0004122147755814195,0.00015256201535136267,0.0001178810829831445,6.7512578206733e-05,2.635022942505852e-05,0.0002799349097654432,0.00016455540914279501,0.00035704345142738904,0.00016037715373724774,0.00022171596460367137,0.00017287436107074706,0.0002817852272795754,4.9798179498344777e-05,-1.3718387661652838e-05,0.00011920335914634122,0.00022416333120403253,0.00020066212644585875,0.00015220429120050706,0.00048527341853707136,0.00017213655085430112,0.00020945546311043972,0.00018655895988548425,0.0002973747566319579,1.1130397329816616e-05,0.00026843892577993044,0.00013905435646460265,0.00026381033861848607,9.795991713824672e-05,0.00019162615451585608,0.00032341880208219326,0.00015067674395156447,0.00014252058629231194,0.00017286087775048064,8.923174348972259e-05,0.0003661123415924132,5.455957513110265e-05,-0.0002347093571813839,3.736249125228306e-05
AMD,0.00013402628005527696,0.0008083956386130545,0.00020459612249986955,0.0001949084091171485,0.00013554189184240573,0.00048112275070757077,0.00019826938388253142,0.00018707780785747925,0.00037913875953657274,9.687074692638535e-05,0.00016258507702655636,0.00019598229424203117,0.0002144397732408504,0.00012125770424192123,0.00021021957476488734,0.00013556155453575756,-0.00011696320435349334,0.0001585691806118706,0.000262741713073503,4.737298118648976e-05,-5.770973591210408e-06,0.00023399733097676938,3.071387573038993e-05,4.772405757096885e-05,0.00023713095934587938,0.00022472043879042422,0.0003021912266741958,0.00017751371553334969,0.00015637225531870235,2.672985554284518e-05,0.00014028927058339435,0.00013228834656795475,0.0002655256983897796,2.5675227641599192e-05,-0.00039761922340616264,-3.4526435441393224e-05,-2.8273795430830098e-05,-0.00019550577213262932,6.752808796880621e-05,0.0003688747977734604,-1.343481455116669e-06,7.121063448430927e-05,0.0003574291773677457,7.087556436248158e-05,0.00010275370201000343,0.000136226078637658,-2.3915485140195036e-05,2.641608919859131e-07,0.00023651094670464008,0.00010313692207209612,0.00015743124609335002,4.99142078706818e-05,0.00037404629790815117,6.48102855669122e-07,4.791788598947486e-05,0.0003726087747140963,0.00022959166177782041,0.00013911800852928639,-8.556068622250144e-06,3.204096732973323e-05,-4.446421949798805e-08,0.00014172901597351588,0.00047300003705883116,0.00014565504554191506,1.6538761515692925e-05,0.0001578276338599702,-0.00015198109027595162,0.00020685170422557128,0.00018529278736013034,0.00012648779922419648,0.00014634644512591196,9.183332497194058e-05,0.00013156310828744353,0.0002775532051660603,1.3141135819947725e-05,1.343784818762761e-05,-7.586702252519408e-05,0.0004193811182247767,0.00012369253978737195,0.00013395924359327826,0.00026658340978964957,0.0001229819612907025,0.00014068711182933425,8.580715709439111e-05,-5.951562772435966e-05,3.366224321809333e-05,0.00018520414401276199,0.00010803268340887417,0.00021776480065211778,9.487372083947586e-05,0.00015346911550822,1.334968944845142e-05,0.00014370084173015923,0.0002872690808742795,-0.0002295205220369179,5.861900230518617e-05,0.00019621822866733025,7.159853343887435e-05,8.686679512152668e-05,4.921591626067148e-05
ARMK,0.00019331891666422667,0.00026955914690702653,0.00040581827744584674,0.000525570250368674,0.00026276165963509354,0.00019826938388253142,0.000656665688277801,0.0003125724524429714,0.00033267425194587864,0.0002310839133641031,0.00030890269175246554,0.0004434780925936702,0.0001613710187867309,0.00019993307996906193,0.000492720456004087,0.00024047356953393743,-8.042469926166694e-05,0.0003076531022438814,0.0003075100922680352,0.0003274321096461693,-2.6783091727536375e-06,0.00043082099917109926,0.00019060374544333105,0.0001547143452658129,0.00046357081542325876,0.00021227766525489707,0.0007071421447844137,0.0005645678573924839,0.00041907462533508506,0.0005802875772921835,0.00031136792100670434,0.00020631553569587066,0.0006180461767113718,0.00025109189358984594,-1.0003460448731649e-05,0.00020001613841483007,8.4181637783369e-05,0.00047163853618986814,8.923699125194547e-05,0.000840112269789757,4.9622244370879564e-05,-8.033244199845057e-05,0.00017211518813089197,0.0001001725067230471,0.00013534444946612613,0.0005086007601923597,0.0002457058883587219,-1.240395946545644e-06,0.0003156528015602077,4.969435921510693e-05,0.00017576930370619725,8.729745353554626e-05,0.0003097798162923385,4.72582544078501e-05,1.8150078870039945e-05,0.0002592347576589306,0.0007851276877535533,0.00030259816215928286,0.00010812485005911511,0.0002613813644972935,-1.4632137338975354e-06,0.00031501435229906906,0.0008411799824565035,0.00023935501055780253,0.00024063147978390233,0.000253467767093126,-7.071649604680378e-05,0.0003845767176913167,0.0004156677069954667,0.0002612929012332628,0.0002858809423119466,0.0002646211713512259,0.00029113024567675386,0.00046536978829698865,6.437642539916169e-05,-1.1226178009453517e-05,2.889017354428394e-06,0.00034571665196559727,0.00028143641487033886,0.0002646959194559374,0.0008107762083094654,0.00023538827166618573,0.0003223285139842373,0.00019493840635198577,0.00022302982652472195,2.8965781991086568e-05,0.00042837851209852947,0.0002497353409331981,0.00029625780906456515,0.00018206100781142275,0.0003254376994261769,0.00025907067836131756,0.00027062718335571446,0.00023400653524095427,0.00029558623510018853,0.00015551481398975384,0.0005075487899533592,0.00015604926607874165,-0.0004693420806139178,0.00022620736841669241
ASB,0.00012934893111176567,0.00019810700299017708,0.0004110833575635212,0.00026806170215387594,0.0003328716549606268,0.00018707780785747925,0.0003125724524429714,0.000545604285230859,0.00012095668492493223,8.596663582106703e-05,0.00020451431056784655,0.0005456032001397881,0.00011446444993467018,8.354780416551947e-05,0.0002923474900212661,0.00023857318379319893,-0.00039898950581498694,0.000228209999238598,0.0004250879057814998,0.00011167570221281878,-3.7978028005049014e-06,0.00023571996756299664,6.8008244747687415e-06,9.679778614329494e-05,0.0005211360196479531,0.0001671084027784495,0.00039943267627471024,0.0003493771854648138,0.00037235195826044526,0.0001344404081286821,0.00022652912611420312,7.702650372421894e-05,0.00054254187947184,8.749334883292627e-05,-0.00034408053382486953,-3.635863184281001e-05,0.0002022149814674739,0.0002705201460912219,9.693639780282532e-05,0.0007548297979550135,8.24318035306071e-05,-4.18924436662469e-05,-7.899133428721248e-05,-2.485342853212252e-06,2.0397053976662754e-05,0.0003011180128618928,-8.763775937744075e-06,7.227957354498247e-06,0.00025248884068548134,-0.00016569901865618155,0.00019602127790757388,5.603701987416985e-05,0.0003726170565900705,3.583610959344689e-05,-6.560102030752632e-07,0.00023733436601198983,0.00060846965702005,0.00024559945005621754,2.254580327699401e-05,0.00010128410918597721,-1.1718635387850056e-06,0.0002239943902138041,0.0001497397374610706,0.00012802913918227613,-2.6782316806778594e-05,1.713398224601333e-05,5.503982069918322e-05,0.0004200596083844565,0.0001873791784297823,0.00023951556844363877,0.00012007397050615836,0.00021386922253276267,0.00012535303634716454,0.0003979906293310218,4.2950809035258085e-05,-2.7219925320647543e-05,0.00014105247008576723,5.972862921469334e-05,0.0001938441120490584,0.00012185772124929572,0.0005300628249653638,0.00018112128184595547,0.00025945056216727697,0.00013462919711918912,-0.0002947804832403002,2.5765038212031028e-05,0.0002641675822648796,0.00021284550590985229,0.00022355640112246573,7.897187644391754e-05,0.00026938586022383674,0.000286261707158229,0.00012906240907534304,4.7047422013832244e-05,0.00023892477382550696,5.044309873823501e-05,0.0006357570786010543,1.3161287716601217e-05,-0.0002669817115277328,-6.987886432531343e-05
AVRO,0.0004298177776535523,0.00013899981950433736,9.029673822915522e-05,0.0005391561458770545,4.6235351190047814e-05,0.00037913875953657274,0.00033267425194587864,0.00012095668492493223,0.0017360189902693795,0.00023369796705249407,0.00030246717364975446,0.00024007213693000583,0.0011212928444804852,0.0001859245988644396,0.0003808399731984433,0.0003352868532278387,-0.0003897422723486859,0.0001771577220167582,5.0611243667086224e-05,0.00045531215181491506,-9.414635323489896e-06,0.0004341581096686463,8.676104490762688e-05,0.00010816136269111104,0.00021887733506697712,0.0001803073060436593,0.00045567253519482586,0.0004177809468895035,0.0002768565466175805,0.0006313965721161856,0.00029081157066962785,0.00021179024408247526,0.0009140068868226716,0.00014790878973432604,0.00047727844881786187,4.2819172947886445e-05,0.00013217339715039116,0.0003908666715254358,-0.00013279458240453014,0.00028260491118675755,2.026878260636181e-05,-8.15910932105465e-05,0.00016952993244606534,0.00034492971510066526,0.0001283371667896575,0.0001276282760635047,-0.00010741468630759716,6.067376100603802e-06,0.0003796704447045054,0.0002915928302227948,0.00013452805312643071,0.0001319505469285876,0.0005416797787594744,4.262340849122018e-05,9.656007603836562e-05,0.0008590728387574684,0.00130558590264043,0.0005976965299023379,0.0001211503494030616,0.00031692876938006076,3.4856619610647878e-06,0.0002957223989330845,0.00039867280860215223,0.0002778385428867968,0.0005418074582221888,0.0003174989309582182,0.0001484879873344839,0.0005687317957276078,0.0002597001009305976,0.00010674592847106966,0.00020231242254199029,-1.065366548933793e-05,0.00026240414255462196,0.0006043331000049691,2.3456220807648977e-05,3.707440074775417e-05,0.00027199631669097253,0.0005380556514550146,0.00015344548151799612,0.00021118077618770677,0.0005208909814674422,0.0002283961583971712,0.00037221487185752714,0.00010255436589287934,-0.0010442880946930644,6.383334365359351e-05,-0.00012783104027716264,0.0004999161067069168,0.00035726885117418744,0.00015876218158460915,0.00018723913505940527,7.205808076856331e-05,0.0002342347672227795,0.0003503128436133989,-0.00018833049422891946,8.66252823943222e-05,0.0008016853381174693,6.88376616971508e-05,0.0007309739760299032,0.00032826280886609895
AWR,0.00014979181977736635,0.00033249833897967595,0.00010700516837736699,0.0001542977597157834,0.00013798115898033423,9.687074692638535e-05,0.0002310839133641031,8.596663582106703e-05,0.00023369796705249407,0.00021752102442626072,0.00013318263575619145,0.00016061086709868042,8.559406810229632e-05,0.00011655077785271018,0.00024167579769973754,0.00014846487062972015,0.00010016066986297632,0.00011877909046511956,-4.1441920803748414e-05,0.00020804251998634248,-2.3394822929458228e-06,0.00021980527496772196,6.308344552023323e-05,5.557664227613016e-05,0.00011512292683058366,7.32033342932831e-05,0.00015340235339668084,0.0002908508095060152,0.00011663413013262487,0.00032299425108683216,0.00013721702935148934,0.00011574568352593745,0.0002083158602852304,0.00019379645921146376,0.00018098523708861213,8.502266410885081e-05,-2.8960155076687044e-05,0.00013031749316217916,2.1924054654898048e-05,0.0004071907982271598,-1.0201421715443505e-05,-5.513651882618371e-05,5.485706262815784e-06,7.763115374927563e-05,0.00010628835825619376,0.0002477914562443738,0.00015458092454163908,-1.0035725431123526e-06,0.0001569671984756469,8.413806681083998e-05,6.226441953145953e-05,3.8034817371790256e-05,0.00018617046055128823,1.9328599097356463e-05,6.833528904688353e-06,-0.00012113609247727731,0.00039668527968684457,6.365998168893146e-05,2.1443008315184012e-05,0.00020548128224475286,-7.748131370171837e-07,0.00014092522181253286,0.0005077753656157625,0.00012172943063910981,0.00013658804762054077,0.00013662229332802334,-6.121635875438305e-06,0.00015310469185063154,0.00019036736250760322,0.00011618694558095375,0.00015885549851980983,9.821617964041135e-05,0.00012452423687889943,0.00014490147846026217,3.5133139811958056e-05,3.177807065232268e-05,-5.164025243264908e-06,-4.512703894070716e-05,0.0001312537032372181,0.00014255602425457739,0.00023398934733087282,0.000102379695097047,0.00016566110844146666,0.00010072086501908511,0.0005813684667704424,1.8633630487602593e-05,0.00015448230375643778,0.0001146008164055853,0.00020145047825253864,9.720041276249944e-05,0.00013490733770127295,0.00015864196212864948,0.00014340968847209105,7.923112186834249e-05,-3.2597425193202065e-05,8.814896935405809e-05,0.00019540731446689405,0.00010272143043318468,6.126007731649386e-07,0.00014711893962294364
BJK,0.00015214901611458904,0.00020232563188234958,0.0003032647874998758,0.0002956677674263599,0.0001830629843600434,0.00016258507702655636,0.00030890269175246554,0.00020451431056784655,0.00030246717364975446,0.00013318263575619145,0.00023382070471879217,0.0002678791892499789,0.00026231108625980186,0.00012783497659112376,0.00030857956278471446,0.000173783953658199,-0.00015858848100011984,0.0002126720597460374,0.0001196392196230453,0.0001756879043353604,-8.59039516774026e-06,0.00026923510609014854,9.124960232552311e-05,8.109286683716467e-05,0.00030040479443145865,0.0001810673347799124,0.0003281391876761924,0.00030151851358522396,0.0002491015044669457,0.00024905168652555236,0.00019354330286027306,0.00012624888413079394,0.0003891598519435726,0.0001326992748780101,0.00016127019776131788,8.606599698978195e-05,-6.459422516828938e-05,0.0002750119909022416,4.865323860408587e-05,0.00033798827532553966,-8.751119861452852e-06,3.63230423073647e-05,0.00011739216733003549,7.830693588594352e-05,8.696316132884219e-05,0.00027721698462564436,8.677048920666747e-05,-9.446428061274991e-07,0.00025422254880665384,-2.2000488499998373e-05,0.00011415557567119644,5.456258000984492e-05,0.0002728766297712702,3.177662050481195e-05,1.2132328447836201e-05,0.00020821279868761902,0.0005843007877260094,0.0002440318766437303,5.675357986936973e-05,0.00011326127813391534,-2.850986972870065e-07,0.00019328358968049913,0.0003586857030303335,0.00015709403975543157,0.00016724340510998887,0.00015441551145135024,3.4304526879583e-06,0.00026592026071415724,0.0001682116875678869,0.00013374271242917653,0.00017336091450926094,0.00015562538320240942,0.00013855748379308096,0.0003255880302002943,3.5487309631639685e-05,-1.2819360013300122e-05,0.00012560244728374503,0.00033940562809028587,0.00017373103541452536,0.00016221642497425774,0.0005578958805522863,0.00015158515057750688,0.00018223165267006324,0.00017654225815709365,1.4331794882956718e-05,1.974161911339408e-05,0.0002093920408058874,0.00018799900899775485,0.0001742595585668127,0.00011527711326308243,0.00017256776404205314,7.051042477664372e-05,0.00016802706627250908,0.00015612559911063902,5.0490339931736974e-05,8.648050803457753e-05,0.00036402124084784895,0.00010229599618130216,-0.0003108209952966054,3.0467507214482693e-05
BXS,0.00014871700544474362,1.1548749085750574e-05,0.00037732546926986897,0.0003671600375231436,0.0003568168883709227,0.00019598229424203117,0.0004434780925936702,0.0005456032001397881,0.00024007213693000583,0.00016061086709868042,0.0002678791892499789,0.0006783167608287603,4.754906883168989e-05,0.00011481743034755331,0.0003796714512709952,0.00030047836351464435,-0.00023815996603364248,0.00026398633247482444,0.0003977211545655202,0.0002493646906971958,-5.289786260928439e-06,0.0002943816844455192,5.214787564764749e-05,0.0001387047902876301,0.0005961474705716853,8.146693563813817e-05,0.0005625708875836849,0.0004975532053093102,0.0003803666610897932,0.0003208106941133706,0.0002653536083575495,0.00010453431921436619,0.0007207254259604659,0.00013191310724065168,-0.0002853747661600948,2.601594622827043e-05,0.00019755470412214282,0.00015001878426183562,0.00010935848765913576,0.0007750110589468742,9.039146285107354e-05,-4.0219302127220054e-05,-4.495829791632455e-05,5.439506874885042e-06,6.726598800203289e-05,0.00037838164299425095,3.0782842078371074e-05,8.085223023811875e-06,0.0002764990112611802,-0.00020038432190477165,0.00012864090778093735,7.116748250362006e-05,0.00045918207173734174,5.258241915667676e-05,1.1774533593183687e-05,0.00041464706051326213,0.0006230647141471677,0.0002603914844778611,3.320202906135752e-05,0.0001263372702572052,-1.5730704418313434e-06,0.0002650145763861031,0.0003234552473991746,0.0001452243055366093,-4.20242740281568e-06,6.753994739911648e-05,1.5862307276207556e-05,0.0004976794087129543,0.0003318246278088007,0.00015680189606344917,0.00017751428608686905,0.00022016745600711624,0.0001269095557487028,0.00043738020871648633,6.288888443781992e-05,-4.581277859434849e-05,0.000177297367067967,0.00014388862197004275,0.00022279444066338234,0.00017158693745871604,0.0006075336400083018,0.00019613541752884313,0.0003373476368321577,0.00015424053170112775,-0.00033613212635164616,2.987302192356588e-05,0.0002577040949921345,0.00026309250024954365,0.00025649300299407347,0.00011346814588468907,0.00038151910797412273,0.000225234890535043,0.00018112979105424498,2.821767890563627e-05,0.00016328358924807063,7.836439114791812e-05,0.0007506941872175924,5.59814561159198e-05,-0.00047957422905641384,1.860870979731144e-06
CVM,0.00043315527468553924,0.0008576582191954867,0.0006795654379372228,0.00014731924930606126,4.0836240143429786e-05,0.0002144397732408504,0.0001613710187867309,0.00011446444993467018,0.0011212928444804852,8.559406810229632e-05,0.00026231108625980186,4.754906883168989e-05,0.00231895281501476,0.00016560501277764107,0.0003910168630036168,0.0002669542127134956,-0.0002608986786112851,0.00021068038329986102,0.00036356856170710963,0.00021661609776965174,-5.942046532777669e-06,0.0002861385446732482,3.4633854591922746e-05,0.0001508803704936025,0.0002407605942448723,0.0005594606710410446,-5.6482171977077435e-05,-0.00047854868054845,0.0004795879973458536,0.00042268397504878946,0.0002886743728042563,0.00023353431903529734,0.0004833125946433598,0.00016716126414825216,0.001064047158131928,0.00015088841921513888,0.0005768793686207627,0.000927913889016738,-0.00012305794264874073,0.0015299930580139922,-7.788230496949991e-05,0.00011735961964075095,-0.0001991398454461218,0.0002481916561576456,0.0001405023631805072,0.00010744025541003573,-7.802233270374623e-06,6.112961588412164e-07,0.00029837379544095616,0.0004376945335647362,0.00021821933897639995,0.00012086334139937711,0.00032484714616454945,4.993691870985183e-05,5.4632176023281896e-05,0.0009790705495349378,-0.000327379822125683,0.0005867446672255234,0.00011702512461483493,0.00023656077691029678,2.482030637026565e-06,0.0002902096978715664,-0.0002594511156276221,0.0003651477942580295,0.0007562510530495582,0.0002525450597458543,0.0005144827273806586,0.0009190078184412297,4.542920998099845e-05,0.00023596129509778301,0.0002027887002850056,5.42912604398713e-06,0.00021164718204036464,0.0005201471847451967,2.0022249651999668e-05,3.920298022559289e-05,0.00044612965304328934,0.0004639644354650301,0.00012834770684624233,0.00018609105607178916,0.0003113689010304488,0.0002744071477131235,0.00018546472503019865,4.516297853472613e-05,8.596190251778522e-05,3.5342599821854385e-05,-9.887672859615042e-05,0.0004014934985194553,2.418237780643678e-05,0.00015475314587086025,4.675855812910235e-05,-0.00020189051231584614,0.00024131239557196078,0.00029000921520831767,0.00011053855136414865,6.989699263306233e-06,0.0003453590609442135,5.693212798839598e-05,0.000636333596168523,0.00015750750159874974
DBEH,0.00014401841410662455,0.0004166057965054516,0.00015511168543062305,0.0001467307236342181,0.00011107620464399097,0.00012125770424192123,0.00019993307996906193,8.354780416551947e-05,0.0001859245988644396,0.00011655077785271018,0.00012783497659112376,0.00011481743034755331,0.00016560501277764107,0.00010878916179276676,0.0002269069319124229,0.00010350697117924752,1.694325218652618e-05,0.00012957249197224644,9.550350448925721e-05,0.00012117404946557778,-5.149904719041223e-06,0.00019603943583274377,7.290196371112686e-05,5.1197402922539725e-05,0.00013524787138201197,0.0001503591137666835,0.00013993431741923096,0.00016271523578049532,0.00013954698722118167,0.00026392168368837536,0.00012793627647545493,0.00011711638096166678,0.00016158033105424842,0.00013445216634969592,6.371735571956107e-05,8.63946385085806e-05,-3.093176483384118e-05,0.00017902505431122463,3.0553895566328504e-05,0.000263499152372226,1.946859838891169e-06,1.6797191739228046e-05,8.27127364818292e-05,6.74941504162305e-05,9.954098943109673e-05,0.0002067594180035668,0.00010392880598635761,-3.806886990698069e-07,0.00011583631330823616,0.00011130303959456806,6.225479880014477e-05,4.173528645528804e-05,0.00014472431938946574,1.7241695691605238e-05,1.6043462926658062e-05,4.581230194977372e-05,0.00032394128192205293,0.00011486477595300361,4.448952675625382e-05,0.00013422598678024402,-4.5787688230324916e-07,0.00012905906675434042,0.0003314713430177166,0.00012640281904888938,0.00015319971770896409,0.00014726149420789977,-2.9237051555413308e-05,0.00014288281411747332,0.0001523327152383572,0.0001087070191004117,0.00014557057161693706,9.99045499609935e-05,0.00013654962722628626,0.00015197742173139438,2.650252152057977e-05,1.4052310130193997e-05,5.009475850441682e-05,0.00017476579671867978,0.00012172261076148262,0.00013179874639833306,0.00029475054661806264,0.00010716241115082178,0.00012150278470898646,0.00012250337034624452,0.000376189565460211,1.359675748552775e-05,0.00014402086910309783,0.00010158038850627268,0.0001722017060961998,9.192392037329772e-05,0.00011654795866795258,0.00010562156150306798,0.00013452152201041877,0.00017485912574180697,2.6981729791806462e-05,7.522425861663365e-05,0.00013649313667182298,0.00010455230798503713,-8.308491897243463e-05,9.035108433049325e-05
DDM,0.0003454691594685673,0.000637821897426446,0.0004746897656292444,0.000502450075065868,0.0003481353032735484,0.00021021957476488734,0.000492720456004087,0.0002923474900212661,0.0003808399731984433,0.00024167579769973754,0.00030857956278471446,0.0003796714512709952,0.0003910168630036168,0.0002269069319124229,0.0006117346984781514,0.0002533442538097287,-5.0292348176345745e-05,0.00034979329262874317,0.0002439192243312588,0.0003165967299957281,-8.506798403660193e-06,0.0004986115738473253,0.00018432366806220407,0.00015208500302681458,0.00040102544953929403,0.00029958914926065365,0.0004882185418338948,0.0004211543855221976,0.0004210919358263442,0.0005794552409168326,0.0003155227712925642,0.00025811446712546325,0.0005268025048097981,0.00030707615635014137,0.00030542158954629617,0.0002442955039652289,-4.6429297961104946e-05,0.0005228358833642727,0.00010620356759064701,0.0008107111042070834,2.9071889575519164e-05,4.1491892857598626e-05,0.00014909901176951486,0.00016662876776786314,0.00019651104843212728,0.0005315894029334289,0.000332546334022795,5.448655545345361e-06,0.0003352144760643845,0.00016274408367019665,0.00014772055232014072,0.00010776298209471697,0.00031681889075183814,5.715024221665397e-05,3.3876705047409546e-05,0.00023290688290527153,0.0008135948839759379,0.00033020818163739297,0.00014250786907480634,0.0003064630406869552,-1.2831426744474175e-06,0.0003178318983754595,0.000810100936120836,0.0002851624504481023,0.0003622414622360724,0.0002532386744921888,0.00010309756030839176,0.00037823652888975274,0.00032053684902374,0.0003839442257184391,0.00032394673995599365,0.0002825828938193048,0.00032052473412284675,0.00047072602178879357,7.751561438279814e-05,7.941917433449703e-07,0.0002716013268563155,0.0005373209894057656,0.0003105045333492571,0.00030225501344665484,0.0007366310020597545,0.00027151068202465255,0.00032862336126678537,0.0002738099138299095,0.0007065367329989288,3.187628343206925e-05,0.00032574447293627905,0.0002698225428670214,0.00038526794881707955,0.0002044396548164846,0.00031757350888191786,0.00023130241009587364,0.00030652929741658565,0.0002882478244764271,0.0001911452239861023,0.00017622754803005414,0.000393079438224774,0.00018024627818030782,-0.00025731475218549127,0.00017861459073535336
DOC,0.00014659186169735432,0.00057656899171591,0.00024929107179415,0.00019474627493332172,0.00019684803498805006,0.00013556155453575756,0.00024047356953393743,0.00023857318379319893,0.0003352868532278387,0.00014846487062972015,0.000173783953658199,0.00030047836351464435,0.0002669542127134956,0.00010350697117924752,0.0002533442538097287,0.00022929666231400963,-0.00019320000948511913,0.00016727232849077478,0.00016497173357981202,0.00017166282260623676,-4.646633645537514e-06,0.00022096200974068659,2.569586713351454e-05,7.622779314899029e-05,0.0002634203954835493,0.00013518439071305026,0.00010989872990707286,0.0002095814992647228,0.00023947016374497275,0.00022401818232061917,0.00018529832903595175,9.786816554456711e-05,0.00037330507369929953,0.00012350348567874723,3.55568472693318e-05,7.252890285113994e-05,0.00016253632992007706,0.00018636120345744814,4.341310055909448e-05,0.0005045769279776231,-1.598865552275693e-05,-3.2524957522334685e-05,-0.00014058432185851046,7.559864738257375e-05,6.231420522290214e-05,0.00027165132162591517,-1.029564262084629e-06,9.67190627665528e-07,0.0002560716913521592,-2.5747927241396094e-05,0.0001033019636123463,6.022486958588662e-05,0.00026324275294281374,2.711497063047939e-05,1.706905925612753e-05,9.633157824009926e-05,0.00041888539271440697,0.00016380939924723066,2.9912027117210066e-05,0.00013346787082661683,-2.74132658874229e-07,0.000186042141507467,0.00020865975328815574,0.0001355115934226378,0.00010277684084185214,8.892057240714976e-05,-6.0645459994144e-05,0.0002892265327145652,0.00017603995608969034,0.0002520340859624884,0.0001343331847046485,0.00016887425814993717,8.763299750436702e-05,0.00027018712919350975,3.4500700648999084e-05,-3.0121156113419197e-07,9.015689203814365e-05,3.87332271757307e-05,0.00014777062199366675,0.00012635665810957762,0.0004231538626189078,0.0001411851700710163,0.00022148827175855977,0.00014965636630358902,-4.540060219309722e-05,1.6051574197083997e-05,0.0001835955448747868,0.0001874974943518956,0.00019477819857994426,8.91166164331716e-05,0.00016795530163206857,0.00026797170772163893,0.00013412509942320027,7.110315245822604e-05,5.507168783993668e-05,6.137912206713194e-05,0.00043555336823322173,6.195834909165576e-05,-0.0003187920459331887,8.979177127038281e-05
ELLO,6.23720110191103e-06,-0.0005451388424146024,-0.0005084413733939659,-0.0003655995808613655,-0.00024533745037699794,-0.00011696320435349334,-8.042469926166694e-05,-0.00039898950581498694,-0.0003897422723486859,0.00010016066986297632,-0.00015858848100011984,-0.00023815996603364248,-0.0002608986786112851,1.694325218652618e-05,-5.0292348176345745e-05,-0.00019320000948511913,0.001454962399998527,-0.00016908289682032488,-0.00024984430245572387,0.00025167181468493347,4.377877644620171e-06,-0.00013495940755512914,5.651264859379653e-05,-8.922806836109668e-06,-0.00034526011364895435,-0.00025211650795694244,3.8219424490438745e-05,0.00016438887317333573,-0.00040405686208114017,0.00031901267521015046,-0.000160702263186362,5.0974355773064624e-05,-0.0005134186239189125,0.00016292415110720824,7.275484044089288e-05,0.00020863383607300744,-0.0001321805862401252,-0.00047721830800591397,-4.782428853368606e-05,0.0001922427562164254,9.166041426231895e-05,6.77300257989315e-05,0.00015649616828246273,-0.00010737864177466129,0.00019689925601848354,-8.753505520014481e-05,0.0002815029793130391,-5.405482836303499e-06,-0.0004683136747790967,0.00025190995883290026,-0.0003836209634026202,-6.389158231371373e-05,-0.00017627388616509403,-7.941402792742168e-06,-3.529006271315406e-05,9.313516417842931e-05,-0.0014835204566374552,-0.0003471228628671002,-7.344769739493113e-05,7.532829573333833e-05,-1.1978401260180012e-06,-0.0001505041710371484,0.0003746148260606411,-8.268909649552871e-05,1.1061881484416126e-05,0.00013181671478344826,0.00040237112518947446,-0.00022442243626170357,0.00023205203331043813,-0.0007657817440800638,8.982490832593443e-05,-0.00024100230676508014,-3.132235990161996e-05,-0.00049281622726417,3.846187878756838e-06,4.433228990181673e-05,-5.7770438100034634e-05,-0.0006117914227577285,-9.380272443610122e-05,4.3521088396875315e-05,-0.0008791664546379275,-0.00013997166495249117,-0.0001588833071195519,-0.00016410258553634801,0.0017068946052854112,7.27193480202439e-07,-0.00024691788673820357,-0.0002403150419644287,-0.0001316810017625288,3.1844684327845586e-05,3.894398322687031e-05,-0.0003623326553208898,5.1378031784620835e-05,-7.611315875225563e-05,-0.00023934479219325233,2.570492627594036e-05,-0.0007419326526123732,0.00017004139786677957,0.0003595358038283907,0.00014698792493432036
