,AGIO,AM,AMOV,BAUG,BBSA,BEDU,BIZD,BLHY,BPYPP,BX,BYSI,CDAK,CNCR,CNXN,COCP,CRWS,DBA,DMRC,DZSI,EAOK,EEMX,EMIF,ESGC,EWD,EWJV,FLCO,FRGAP,HDEF,HERO,IBRX,IGF,IPFF,JHMC,JHS,JMOM,JPM,LEVL,LXU,MIC,MINC,MJO,MXE,NEXA,NNA,OYST,PEXL,PFHD,PHB,PLAN,PRS,RDIV,RNG,ROIC,RWX,SC,SCL,SLB,SPNS,SPYG,STPZ,SUNS,SVA,TDTF,UAVS,UGL,USAI,UWMC,VGSH,VOE,VRDN,VSS,WETF,CIGI,CPTAL,CRBN,EIM,ENLC,EPP,FMTX,FRLN,GNCA,HNRG,HYMC,IBD,JJS,KINS,LI,MXL,NOK,SPYD,STRT,THCAU,VKQ,XLG,YLDE,AWTM,CNQ,PLAY,PPBI,STWD
AGIO,0.006611782398090725,-0.0007435127978339726,0.0007173981347089756,-7.249934808566396e-05,-2.4083435993443025e-06,2.7339634950785164e-05,-0.00010927218340209164,-7.150144667878251e-05,-5.425338416552837e-05,-0.00014517081530419926,-0.0006780361312189442,0.005891805196147193,-4.8117986997641345e-05,-6.93013141020144e-05,0.0023107484984080666,0.00016122543854693518,0.00010919725906509263,-0.00047451757018508674,0.00045045454170392275,-4.331357528646853e-05,-0.0001944143409331939,-0.000401215045211954,-0.00015615054211830102,-0.00020699788751954207,-0.0003257619832534352,7.5197389487705345e-06,-7.203331717557634e-05,-0.00030065744380598395,-0.0002970207169854337,0.008249191191048675,-0.00016671491420204018,-7.264492309683819e-05,-7.42144998794345e-05,-1.8770700612384563e-05,-4.8180252592271145e-05,0.0006527311143238102,-0.0008156256795817922,0.000347433513072073,-0.00042009702141120747,-1.8881756475681705e-05,-0.0004898093227214927,-0.00021010590806842377,0.0014701014222414438,0.0005011419038682374,0.00021988336041191012,-0.00014045439260434604,-0.002037409534547187,-6.817733758106727e-05,8.825129735164749e-05,-2.270304946841036e-05,-0.00024808748805869185,6.678188222334163e-05,-0.00010898663286032903,-0.00030169045865012566,0.0005102153686151855,-0.00036042356499512893,-0.0006296958392408855,-2.8938744958189645e-05,-2.028294060877784e-05,-8.574969061909296e-06,-0.00010511352127159613,0.0,-1.2520492688235769e-05,0.004087758690981628,-5.707035287608268e-05,-0.0004982458109485278,0.0004755294701075207,1.6969697424040007e-07,-0.0001280291065038149,-0.001157794676364662,-0.00018186559103402459,0.0006039194741296012,9.95472713091643e-05,-0.00017977197483484383,-0.0001203802434599878,-6.976275659690809e-05,0.00017514565318616545,-0.0001829721122254625,-0.0015449494632072778,-0.00035999581931616434,0.0023600406541881597,-0.0002921884203137146,0.0005358222674793607,3.706184875134978e-05,-0.00023551899475376793,0.00038570740744900406,0.00012399138063483298,0.0005465809091959279,-0.0007258949374056552,-0.00019113396115330434,0.0009907693358044648,-0.0005947152272069375,-3.645517163055775e-05,2.452374687091508e-05,-0.0001496652489110241,-6.911468774027485e-06,-0.00041072425920536286,-0.00013898807240566877,0.00023439030520876612,-0.00010202522354734127
AM,-0.0007435127978339726,0.0010552329973785685,-1.3813774171852128e-05,2.5531154737522102e-05,6.4206897547986615e-06,7.968616306459382e-05,7.270665723912825e-05,-1.047410647763072e-06,-4.796028107127047e-05,0.00021323622490287722,-0.00016210825483773105,-0.0015947187038546778,3.6307973560303524e-05,-1.4458148701241864e-05,-4.19840771054188e-05,-6.788130331850575e-05,1.0193621955421722e-05,0.0004479157785159229,9.891641792024984e-06,2.707300360250655e-05,0.00015200247160153111,0.00015637794664582897,0.00035655951913705523,4.997349639059455e-05,0.0001171719948681072,1.8752521688855806e-06,2.4331686705356862e-05,9.518765121991866e-05,3.925634582375747e-05,-1.946581613294132e-05,0.00015725546706872153,8.650809807006e-05,4.2844831384937245e-05,-4.9915212270355867e-05,3.704922658520302e-05,8.88067189983952e-05,0.0003467762881900042,0.0009224678260014199,0.00021875536551055623,1.467033193065638e-05,0.00018044222336836217,0.00019164653480262817,0.0003053637834653264,0.0003079120752369776,0.00028938866166188025,0.00010075470296866753,0.0004805092887579738,2.0385058177012723e-05,0.0001086447431063775,3.512057904370489e-07,0.00034510568443695363,6.19512625353906e-05,0.0003141758019486881,7.312864187943553e-05,0.00031529680673584486,0.00017115670679803557,0.0005691735921972515,1.2295404380386998e-05,2.1764425676126808e-05,1.0041149197023153e-06,0.00014881681821438168,0.0,7.456716678921644e-06,-0.00018870224290208021,9.730948951799736e-05,0.0005686278351683616,4.98992927694099e-05,1.1321646044076008e-06,0.0001611559979194935,0.0004174690904192441,4.5457525948265566e-05,0.0006164270127207884,0.0002500683794500422,5.795082061896577e-05,6.097678964643474e-05,3.7033755334576864e-05,0.0008590572050172674,0.0001016969244744871,0.00017350632219620657,5.650420306416648e-05,3.308083933231129e-06,0.0008350230880614746,-0.00025231798158843396,-9.588295386711009e-06,-2.61988677050193e-05,-1.5755980260285183e-05,0.0002700615111884925,0.0001985995000477226,0.00032115805693126595,0.00023259629365860195,-0.0003185356509659221,-0.0004254306822873336,8.7475081387539e-05,2.1292062026982172e-05,5.550963204146963e-05,-2.8060479865231044e-06,0.0005888383439285684,0.0007512141877128053,0.00011605683148743244,-0.00012027969484717133
AMOV,0.0007173981347089756,-1.3813774171852128e-05,0.0004403296042584335,1.5015091947047714e-05,9.899106063668336e-07,-2.9663204727292553e-05,6.203812033295133e-05,5.570799030890796e-07,4.519193095187499e-05,4.685908149640265e-05,-6.127846381817966e-06,0.0011388665236489982,4.845749903135881e-05,9.02602167263867e-05,0.0004314104620255535,-4.600714905193772e-05,5.149843799076153e-05,-8.281174525440965e-05,0.0003370441911964065,8.206788527923472e-06,4.4884445657662e-05,1.808243635626115e-05,0.00015562176782698203,2.5658726430688044e-05,-4.7946694313998356e-05,-4.123495704802631e-06,4.28242818029937e-05,2.0304609239126634e-05,3.6167528337522354e-05,0.0002392020718916425,6.612098089025163e-05,6.032654306375658e-05,3.056207392828698e-05,-2.7929829950053452e-05,1.7846008870342908e-05,0.00015635711446320737,-8.412733033346051e-05,0.0005148235605756621,6.519807484723821e-05,-1.0012784079023532e-05,0.00011628641740482176,0.00015071042936812103,0.00012714406268263048,0.0004971637361228088,8.518976915251425e-05,4.45353137895105e-05,-0.00014319103116926113,1.8288392902416153e-07,-2.543574921256716e-05,4.591903746764881e-06,7.924610368256173e-05,-3.364504146788485e-05,5.083279753667034e-05,3.818401312127785e-05,0.00020229008230582458,2.2048349729088862e-05,0.00016040954543462105,1.122715290442901e-05,1.7509232355802853e-05,2.1081854618128332e-06,8.014965788175447e-05,0.0,4.407952281310179e-06,-0.00024571397778999524,0.00013168878453711683,9.917201275720384e-05,0.00014203672310320666,6.709198628836073e-07,6.115217010494918e-05,-3.331646365262524e-05,6.460704073912505e-05,0.00010719190623771883,0.00012579636881212753,-2.5620294499238403e-05,3.722439360285738e-05,-3.856756949725537e-05,0.00019324744918807626,4.986685610076079e-05,-0.00024491352685252724,2.5399387016858053e-05,0.0003752395141421003,0.0003290461913476702,0.00012815235679888195,8.758457607521933e-06,-3.986525087127188e-06,0.00010252038046862252,-2.5308762133691723e-05,0.0001826766686301111,-1.6830308077104974e-05,6.672341765809222e-05,0.00024341915689147562,-1.97222519933813e-05,-2.6324246585899798e-05,2.81314106162562e-05,1.3807042623427742e-05,-2.909426434448062e-06,0.00024840683014178995,0.000160571665276251,0.0001615032994533632,8.272175018226434e-05
BAUG,-7.249934808566396e-05,2.5531154737522102e-05,1.5015091947047714e-05,9.219186912387184e-06,-7.161839964844721e-07,-1.5161951715188509e-05,1.6352022259956497e-05,2.0419510799542218e-06,2.5406470006293856e-07,2.1205081366920723e-05,5.977654632440826e-06,8.543206625642356e-06,-8.745577494859445e-07,2.0970555839744295e-05,-0.00014083249580055783,1.7318253401568096e-05,-4.583725777499889e-06,0.00010127655532778718,5.5096217851785055e-05,3.236655542928691e-06,2.357563693352015e-05,2.7535266340146603e-05,3.095742149601543e-05,2.215119677056091e-05,1.4980222534361199e-05,-2.8142937572786734e-06,5.4028724880570525e-06,2.0660827696589502e-05,1.0432703720971835e-05,-0.00016455180718079332,2.3193484376303393e-05,6.574533534114156e-06,1.4578186326180223e-05,-3.189375297082572e-06,1.0955831244997994e-05,1.4851857074784337e-05,6.855995557763528e-05,7.178685455014621e-05,3.005046424723333e-05,-2.2910355231424446e-07,2.1886967791544234e-05,2.486148668170903e-05,-5.574632085830173e-06,-2.4689260117873655e-05,-2.6750026278483336e-05,2.177184025376414e-05,4.252216103713557e-05,3.0305346433173176e-06,-6.433159295475271e-06,2.9042860739276464e-06,3.234822549727355e-05,-1.0031389576036193e-06,4.813882391115704e-05,2.2840945073510086e-05,3.534973995326214e-05,2.161270306698599e-05,6.091185887414205e-05,-4.336504388107713e-06,1.3923305039594987e-05,2.0855264199688946e-07,5.901196372125477e-06,0.0,-5.495252508039236e-07,-8.890464958813305e-05,3.199604497049133e-05,3.367489425005677e-05,-1.3407201133608679e-05,-2.3388598743193501e-07,2.2516865446995196e-05,-2.2827871321238746e-06,2.03671468070903e-05,-6.126260207488567e-06,2.459192070297041e-05,1.8495865698910068e-05,1.5846253363163895e-05,1.0073830029338166e-06,6.726215378684343e-05,2.0348034999985182e-05,-1.6631209581692994e-05,4.731697812735124e-07,-2.4675830751405035e-05,2.319274033435413e-05,1.4519452950680012e-06,-1.7914770147330451e-06,-5.451104414426812e-06,-3.3475345933961083e-06,-1.549275927890739e-06,3.561860220375709e-05,3.3589771623117865e-05,2.646827007211908e-05,-3.547856006239076e-05,-4.1289506048635075e-05,1.7724552117098492e-06,1.2653475397032777e-05,1.562066507244552e-05,2.2398484943439432e-07,4.892317329397997e-05,6.382095076246002e-05,2.7185642352564943e-05,-8.912274489267064e-06
BBSA,-2.4083435993443025e-06,6.4206897547986615e-06,9.899106063668336e-07,-7.161839964844721e-07,4.3558640714434017e-07,1.2301155652874312e-06,-2.269747953548353e-06,-9.226564628570241e-08,1.2139689172067645e-07,8.804668622542677e-08,-1.5170250474593374e-06,-1.943721081593158e-05,3.4722217758335044e-06,-4.289289374985075e-06,1.7498210838709976e-05,-5.679596829664707e-06,1.4991728208790271e-06,-1.202500845538329e-05,-4.1889790665263515e-06,-1.7553825584724585e-08,-1.743013382697395e-06,-1.2366424987206052e-06,2.4260084251008944e-06,-2.8873582296018763e-06,-1.8293781448059249e-06,6.235314223755377e-07,-9.224646001205541e-07,-1.7937624308334274e-06,7.837935147248315e-07,2.5666521760035233e-06,-1.2451849714097509e-06,-1.2323646226117413e-07,-2.409020975733419e-06,-5.825597290132628e-07,3.4211624761728935e-09,-2.996829843355758e-06,-8.519796914218957e-06,3.6352951477799607e-07,3.0585638090445306e-07,2.497570491694652e-07,3.5770270055011994e-06,-1.2551875003764473e-06,-4.903418073813644e-06,1.8420795110312964e-05,1.0568831830633427e-06,-1.5417198617733673e-06,2.94413091548757e-06,1.289422393163544e-07,4.3399935565173735e-06,-6.14309098100003e-07,-1.9744905751981254e-06,6.6877315259679844e-06,-7.044680621138835e-06,-2.0248025421103186e-06,-4.957052336785926e-06,-4.536814658136128e-06,-4.631912759857935e-06,1.8632006414790767e-06,-9.378656049909153e-07,6.149870983197574e-08,1.128655566646532e-06,0.0,4.253366418692365e-07,8.742357748431699e-06,-1.5408359888258593e-06,1.6440119962403822e-06,2.5012394066499935e-06,1.0834214281672177e-07,-1.967437727804137e-06,5.520809799837793e-06,-2.4836289814727573e-06,-2.0190685408147403e-06,9.022294819898902e-07,-2.068283293179445e-06,-1.3798254539042538e-06,-3.4153132635306325e-07,-3.504692592733945e-06,-2.2642228361172117e-06,-8.25346516490709e-06,4.9531829154575564e-06,3.1193626116060607e-06,1.4027112940968933e-05,-2.5341091597402355e-06,2.8004766019845474e-07,1.1993027933108846e-06,3.866181438062021e-06,3.739954006997521e-07,4.1179065171289066e-07,-2.7147884111798503e-06,-1.915088171684378e-06,6.176313932473677e-06,-1.3891177845769896e-05,1.4896005139678317e-07,-1.201508541379437e-06,-1.3510899661278091e-06,-6.84662550981231e-08,4.2383177102642703e-07,-6.261505930415981e-06,-2.2414759177610157e-06,1.4527226432996059e-06
BEDU,2.7339634950785164e-05,7.968616306459382e-05,-2.9663204727292553e-05,-1.5161951715188509e-05,1.2301155652874312e-06,0.0003294390615136633,-5.355755918948289e-07,-1.3460985230508444e-05,-2.4374998219122254e-05,-1.0232238715290254e-05,-5.233015674056653e-05,-7.274720876570526e-05,-7.458088523501304e-05,-4.0832082669657915e-05,0.00047451575656472944,-0.00013011903569671513,2.6962440243521807e-05,-0.0002947686351474133,-0.0002262163161054249,5.934589233586705e-07,1.558280201361529e-05,1.6314735559450324e-06,0.00019395906202045648,-5.03614767129865e-06,2.386464777081798e-05,9.756986430102458e-06,-2.284105508273131e-05,-1.2758504992694414e-05,1.9920127765944067e-05,0.00034319295320467185,-1.9505838484217653e-05,2.7152224864655144e-06,8.006010547137968e-06,-1.0500851112794731e-05,-1.894357292976733e-05,-3.287496074836508e-05,8.351561960913467e-05,2.881367829836142e-05,-1.5836655589033976e-05,-6.171239868015427e-06,-0.00017001887365023638,-5.665536213032125e-05,6.887464391874182e-05,0.0001583208681306817,-0.00011515147215778072,-2.1206314112977734e-05,0.0003518339353818522,-1.1435980999479312e-05,-0.00011110266221942466,-1.1316496781254481e-05,-1.086165572458289e-05,-8.734389162759696e-05,-0.00011689066488026941,-2.053662716110606e-05,-9.750658283519346e-05,2.200673408105881e-05,-5.7597843163993246e-05,2.5570343066809723e-05,-1.9587333015839592e-05,7.013465909551601e-07,5.0808881859775666e-05,0.0,-1.0272592798138107e-06,0.0004246933636560829,-2.0298037799954198e-05,-5.90033504991653e-06,2.2385072548658148e-05,2.0098166380038013e-06,-1.7142012670337357e-05,-0.00018473413689758518,-2.0957544680203717e-05,0.0001271779432074739,-6.603103969571715e-05,1.0423598370372646e-05,-1.9164721167778667e-05,2.5819600253428913e-05,-4.793306375848723e-05,-1.8188369072556814e-05,-0.0005124134744643185,-4.887349527440797e-05,0.000149818891725531,0.0001472316587983258,0.0001177440597681362,7.457236079960322e-06,-2.027390115821567e-05,9.895077286650625e-05,6.016541375609812e-05,-8.323177901953408e-05,-9.411391582561108e-05,-2.2053557848251862e-05,-0.0001560173990171071,0.00023795845634650732,3.100361802716427e-05,-2.5534187629982562e-05,6.395877315893928e-06,-1.5120497136007762e-06,1.1976126585177555e-05,-5.824577404330125e-05,-1.362973304898962e-05,1.1037199725715223e-06
BIZD,-0.00010927218340209164,7.270665723912825e-05,6.203812033295133e-05,1.6352022259956497e-05,-2.269747953548353e-06,-5.355755918948289e-07,7.940155066773687e-05,5.7034089959373e-06,-4.761485981456767e-06,5.1392207991600416e-05,-1.3115255695569636e-05,-8.34611459906431e-05,-5.257379932896883e-05,5.9847895088075305e-05,-0.00034394378236618175,-6.467688047112196e-06,-1.1069548302534771e-06,0.0001833205386464783,9.502073748726194e-05,8.848759562593997e-06,7.522826336747333e-05,7.945032012342265e-05,0.00010333762588823385,6.352448267713244e-05,6.650696579333882e-05,-4.283629649478314e-06,9.305567463430219e-06,6.129234373612619e-05,1.0028838473017747e-05,-0.0003508332641403593,5.894031294164773e-05,3.0565637348139505e-05,3.420624976048329e-05,-1.4076676200287474e-05,1.9270850993750895e-06,6.468550159946465e-05,0.00015113903355346313,0.0002306705831360232,5.496891441352074e-05,-2.4646638054474627e-06,-1.6918367345347554e-05,8.592464136153852e-05,3.475193007834469e-06,-9.001430936663356e-05,-3.020637284547527e-05,4.139208654120492e-05,0.00011607243279462324,6.063196731469297e-06,-5.1949045513331954e-05,1.4662632093405725e-05,0.00010349416096488562,-1.7781607491096613e-05,0.00015108709091973032,7.149131593897879e-05,9.333608395823884e-05,5.8626467543347846e-05,0.00018969882269981647,-2.433700077109442e-06,1.887432387487875e-05,3.2009711141807293e-07,4.111753686069317e-05,0.0,-2.0706090439428993e-06,-0.00025491639233231973,8.109592863052038e-05,0.00011188033553766932,-1.922009092999584e-05,-5.792085277343553e-07,5.953550326225752e-05,-0.00014835769564577889,6.608096075118799e-05,0.00015505215078120608,2.7777645443288218e-05,3.520946612747126e-05,3.6488855392854314e-05,1.6189258042487476e-06,0.00019869692189337682,6.884678985711069e-05,3.1292356752024926e-05,6.537367494791142e-06,-9.888668006372335e-05,0.0001351236048112886,-1.376553134525555e-05,-4.594010308373192e-06,-9.73033791216264e-06,4.5216241406862594e-05,-6.623511147698778e-05,1.5836791734941475e-05,3.53120338984599e-05,8.46969318214404e-05,-8.297651056625673e-05,-1.9229524952868232e-05,6.895753523820171e-06,1.9787806283672574e-05,3.216637867614266e-05,5.071104392639959e-07,0.0001614783904815963,0.0001654341003164063,8.763981844644903e-05,3.074889843068516e-05
BLHY,-7.150144667878251e-05,-1.047410647763072e-06,5.570799030890796e-07,2.0419510799542218e-06,-9.226564628570241e-08,-1.3460985230508444e-05,5.7034089959373e-06,2.4088999416754936e-06,3.115539068355042e-06,-1.5767075814764988e-08,4.553314669208724e-06,-5.6025280543167154e-05,1.6349575311876066e-06,-1.321050577182316e-07,-2.8218107311113798e-05,-3.948802912569225e-08,-2.032532499017684e-06,1.7427042421810792e-05,1.6733991618180706e-05,4.776358902421334e-07,4.219810700214016e-06,5.493406220962759e-06,7.73676952595742e-06,5.01832999991078e-06,2.711226463831812e-06,-5.052995214513888e-07,3.039274779858137e-06,6.013059563102118e-06,5.571266803600096e-06,-0.00013699755037455358,1.701115434912864e-06,1.6035337241928803e-06,9.614582750975803e-07,-7.708232804746261e-07,6.056943156694185e-07,-2.4218571241777516e-07,5.164351692032534e-06,-1.7075939431286517e-05,-3.409550391541506e-07,-1.991743481544169e-07,1.2327706432672778e-05,7.388641623306479e-06,-2.453616952609757e-05,-2.0195051965389553e-06,-1.3220652914914216e-05,3.838749675085223e-06,2.2989610185068268e-05,1.5953139759234188e-06,-3.1483708029246383e-07,1.2335605545330581e-06,7.1787496463274065e-06,2.6188271363473674e-06,5.119329200911148e-06,5.158929878983158e-06,-5.594090571995152e-06,2.272129130465076e-06,1.6700434638363277e-05,-3.2558635122828654e-07,9.535019126356577e-07,2.183691395311767e-07,-3.998216192985832e-07,0.0,4.408053651362719e-07,-6.8012385925634e-05,6.170569837790135e-06,8.115201600537656e-06,-5.432987393518202e-06,-1.4227039537051216e-07,3.317939242062073e-06,2.6621922817941865e-06,5.200111506985068e-06,-5.158385541177994e-06,-8.758680604364476e-07,1.628714813054922e-06,3.3988278844560704e-06,2.164101724643959e-07,8.659545769524452e-06,3.911595572144685e-06,3.6253538673436335e-05,5.270000191317653e-06,-3.0785787147247066e-05,1.2649492868105338e-05,-7.517474179073072e-06,-9.873260414634161e-07,3.805021935429857e-06,-6.6729281994136295e-06,-6.300717292597981e-06,-6.585255320013747e-07,7.534915283521955e-06,5.9600672102652214e-06,-8.122805244347247e-06,-4.617596589374469e-06,6.374494893636494e-07,1.0377848393296269e-06,2.455388022759456e-06,1.188868845948395e-07,7.6116255407313155e-06,-5.118484682429132e-06,2.830159174182628e-06,3.990986932228917e-06
BPYPP,-5.425338416552837e-05,-4.796028107127047e-05,4.519193095187499e-05,2.5406470006293856e-07,1.2139689172067645e-07,-2.4374998219122254e-05,-4.761485981456767e-06,3.115539068355042e-06,4.3430290955136295e-05,-1.1302134776513849e-05,-1.3067185787041449e-05,0.0002253990468900822,2.30040620985633e-05,-2.360309687424623e-06,0.00013884235593960445,1.0700384475232407e-05,-2.74238433348125e-06,2.646848066308087e-06,-7.350167355347685e-08,-2.7940132233969964e-06,-2.1430576067250556e-05,-8.816985204715215e-06,-1.3770944575795526e-05,-9.721755415434022e-06,-3.184063361449162e-05,-2.1235998108847643e-06,9.1718323779789e-06,-1.6514528594896253e-05,1.9559664838784134e-05,-0.00031735149587333063,-6.466431752823179e-06,1.0553024467657762e-05,-1.3101557920813046e-05,2.394526480033203e-05,2.445008427756219e-06,-2.1060936666194824e-05,-9.604245338623677e-05,2.9728648492299405e-05,2.3857458968329466e-05,-1.2056899817296299e-06,4.912844870705207e-05,2.7163214422500562e-05,-7.426133591008183e-05,9.400754263573554e-06,-8.419521182217042e-06,5.251767646390939e-07,-3.587448882214626e-05,-8.380513546094657e-08,-1.407228785513511e-05,-1.8495520710830985e-06,-1.9905335740356296e-05,3.505032255298749e-05,-4.116554732961338e-05,-1.8566133684559955e-05,-2.7338736930648003e-05,-8.340551295300548e-06,-1.579116702433969e-05,-7.094184209408955e-05,2.1531218857456574e-06,4.290440271194065e-07,1.8868798169463923e-05,0.0,1.5268371366241527e-06,-0.000480658044091767,2.3759972858149624e-05,-1.7097884171238858e-05,-1.9443581562993584e-05,-1.9795428580250424e-07,-7.259760033271183e-06,6.27719559826962e-05,-8.860863465736812e-07,-6.290948039614442e-05,-1.7819700170631306e-05,1.991808431490874e-07,-1.2966451347456806e-06,2.854126768864112e-07,-2.0802183905069855e-05,-1.541847381135032e-05,-4.11436892795745e-05,-5.883283446730411e-06,-3.56816032381556e-05,-1.4470927309496707e-05,-3.1278399927465047e-06,2.4842898531108114e-06,-9.865916904926513e-06,-5.872743502753378e-05,-5.3602866793094894e-05,5.361626270652987e-06,-4.89146375746168e-07,-1.0038507568248815e-05,6.635247491430411e-05,0.00015351321475246937,2.4715741532008035e-08,5.536296195637453e-06,2.197454191178242e-06,-1.4031029651393264e-07,-1.738486917819673e-05,-7.455605647534276e-05,-2.5939110776498126e-05,1.5551322050859356e-05
BX,-0.00014517081530419926,0.00021323622490287722,4.685908149640265e-05,2.1205081366920723e-05,8.804668622542677e-08,-1.0232238715290254e-05,5.1392207991600416e-05,-1.5767075814764988e-08,-1.1302134776513849e-05,0.000136613553534563,-9.488220553656405e-05,-0.0004573513934842289,-5.3185862961490854e-05,6.96025717551028e-05,-0.0005752514158040461,5.5177453243785436e-05,7.720827356638023e-06,0.0002835749482599832,1.772394080561946e-05,1.0576829288591294e-05,7.131627661119121e-05,7.312961136254566e-05,4.535941386018259e-05,5.570568754704381e-05,6.544013613737547e-05,-5.889617486520911e-06,8.780711753509579e-06,5.0537430453360714e-05,-1.8640276172039628e-06,-8.666762214084504e-05,9.412612660283177e-05,1.9519442453663677e-05,2.3839634913988924e-05,-5.252979402664469e-06,1.5103793149939421e-05,8.409962582423763e-05,0.00013679981879048594,0.0002848942377473749,6.518675111577037e-05,4.601286584077439e-06,9.710112680928167e-06,6.142414983927277e-05,6.273156748752586e-05,-9.878908971867005e-05,-3.5477974734036235e-05,4.984371496554726e-05,5.6417760471750105e-05,2.2137130822454267e-07,-2.3766884035974276e-05,1.636138721656858e-05,0.00013087609654749972,6.367399657058083e-05,0.0001942329198066246,6.03488079448049e-05,0.00017586169156433483,7.311130340790378e-05,0.00022049436811863703,-8.945058095282203e-05,3.628515623341538e-05,2.1977801212619374e-07,2.9473742173500435e-05,0.0,4.996513640479356e-07,-0.00023041333595841387,0.00010795224713608381,0.00016451537371922487,-8.764171161709267e-05,-2.2784005563186614e-08,7.598749947653257e-05,-6.384428951167132e-05,4.619739380914748e-05,6.948913340957936e-05,8.114152964931723e-05,6.013588043269689e-05,3.840627136576773e-05,2.4593722384063945e-06,0.0002385380203861969,6.378097228940249e-05,1.418782026876533e-05,-1.596390707074705e-05,-3.562276286492338e-05,0.0001255288591598924,-6.519297936116008e-05,-2.7173893403134097e-06,-5.998440315584762e-06,8.040500012556903e-05,9.053812186709966e-05,4.7744748113475955e-05,0.00010713448119683931,0.00010300191907894413,-4.270647398990009e-05,-0.0001702719896511515,2.8177190796020825e-06,4.159817494022263e-05,4.419042711728455e-05,7.227401315252679e-07,0.00019932770625299192,0.0003101454434444136,0.0001123654343465351,2.9522326291765592e-05
BYSI,-0.0006780361312189442,-0.00016210825483773105,-6.127846381817966e-06,5.977654632440826e-06,-1.5170250474593374e-06,-5.233015674056653e-05,-1.3115255695569636e-05,4.553314669208724e-06,-1.3067185787041449e-05,-9.488220553656405e-05,0.0006431323049091052,-0.00039593523540701624,0.0001252985565069045,0.00013167016254105602,-9.462412521871819e-05,-0.0001965844348123011,-6.1440616133097334e-06,-0.00028922368508016455,0.0003192581391168247,8.976620271019074e-06,2.8734427365401402e-05,6.698708073854038e-05,-4.113018150680836e-05,3.171023227093997e-05,4.883148537362362e-05,-5.7865886881700345e-06,4.68150022200582e-06,5.904348331408202e-05,0.0001138007110653293,-0.001165399080194954,-2.9893256775554734e-06,2.017948064472572e-05,6.893101283496328e-05,-3.982750758503308e-05,5.66021511644326e-05,-0.00018509047903962782,0.00028760575276418787,8.826031898598743e-05,0.0003209132890006187,1.18618948739277e-06,0.0001552061122981921,6.098170616028432e-05,-0.0004390097171769869,0.00023046450542887613,0.00021861008810170345,2.9796336517861517e-05,0.0003242101569558852,1.8102413916315882e-05,5.439105949409234e-05,3.706535265530231e-06,-9.386430235494317e-05,-0.00014204718167430864,-6.350493163735933e-05,6.597870956529599e-05,-0.00016074464238601837,5.417856569512585e-05,-7.176974035235327e-05,0.0002471854623168412,5.599944938207794e-07,2.265672421939791e-06,8.831638190780546e-05,0.0,-2.8166732514168856e-06,-0.00012687830489842582,-9.758658094869683e-05,-7.108422667503338e-05,-5.772205297491737e-05,2.315143967288617e-07,-1.5219830738754898e-05,0.0006145862088027641,4.927784768137744e-05,-0.0002613679439542136,5.4570738230247834e-05,-4.617568301869699e-05,2.903084833214548e-05,-5.971242703394755e-05,-0.00025058923062382056,5.5585038465577156e-05,-0.000107381772211279,0.00031998197530961654,-0.00033062229895952264,0.00010470461761847105,0.0002245914623361892,-6.618058222168181e-06,5.964713551080985e-05,-3.668461958352342e-06,-4.300544444043539e-05,4.435549908660418e-05,4.959291435773649e-05,-6.862512261854966e-05,4.455780206438142e-05,7.192534108734866e-05,-7.514906767142296e-05,-3.222321112846025e-05,-1.6185493070496733e-05,1.6095147332777832e-06,-9.928949547345575e-06,6.71908476332791e-06,-7.848375924052101e-05,-4.677204739777262e-06
CDAK,0.005891805196147193,-0.0015947187038546778,0.0011388665236489982,8.543206625642356e-06,-1.943721081593158e-05,-7.274720876570526e-05,-8.34611459906431e-05,-5.6025280543167154e-05,0.0002253990468900822,-0.0004573513934842289,-0.00039593523540701624,0.017676773245620152,0.0004850697182282525,0.00016155221250009806,0.0021882848094895027,0.0007047846984480418,-0.0001797803430506418,0.000981933342403719,0.0010295548454572255,-5.522049427608174e-05,-0.00015232473975471353,-0.000212409158342042,0.0002052240701574978,-0.0001779712781115751,-0.0006053744962636148,-4.0534587735893017e-05,2.073596560998569e-05,-0.00029691859968058353,-0.0003109322211784043,0.005079400242685704,-0.00016887382320442986,3.183430786400808e-05,6.607331997687226e-05,5.8820139388640396e-05,-2.2319616603537665e-07,0.0002896585660172881,-0.0006193414251682648,0.002048092837982658,-0.0009480277638028965,-7.696498222993049e-05,-0.00019732204895911882,0.00014768026887401552,0.0009060974181180884,-0.0008199106838993188,9.903501257796682e-05,3.697503229973558e-05,-0.0019304965219685383,-2.5465728534509468e-05,-0.00012770762360669375,-0.00020093106238900534,-0.00035249602772163005,-0.0004690094470362533,-0.00033237776639608545,-0.00014735402844585598,0.0009691287780082647,-0.0006331772318082113,-0.0006859525593350789,-0.00010302527210467057,3.4740980039528605e-05,-1.337582920014265e-06,-0.00043136818700993554,0.0,-4.339382473508537e-05,0.002744166765264022,0.00020581519862659917,-0.0007814049026388546,0.001110745087657959,4.1387046123002367e-07,-0.00011012359861481439,-0.0012255023877548866,5.412486938210517e-05,-4.1650259909665556e-05,9.855576777471587e-05,5.148870519963058e-06,-3.795739062322841e-05,9.032547159049211e-05,2.908326470454968e-05,-0.0002736049448014487,-0.0025332485486329872,-0.00017551215559158284,0.0027493858254441085,-0.001985107340534078,0.0005098338468193093,5.656258938092571e-05,-0.0007571210946131801,-0.0005879039292546991,-0.0018903846943034036,0.0006835915880014296,-0.0007539449585212367,-0.00022283610459382136,0.00100027110828996,0.0010923671730272973,3.149995591157238e-05,5.005768317389055e-05,-2.4800113732021e-05,-2.3909030503290714e-05,-0.00031263964392227837,-0.0014836801309588152,0.00011843756563856769,-0.0005473783873083793
CNCR,-4.8117986997641345e-05,3.6307973560303524e-05,4.845749903135881e-05,-8.745577494859445e-07,3.4722217758335044e-06,-7.458088523501304e-05,-5.257379932896883e-05,1.6349575311876066e-06,2.30040620985633e-05,-5.3185862961490854e-05,0.0001252985565069045,0.0004850697182282525,0.00026302648969118655,-6.188748456432386e-05,0.00046610587641217604,-2.3360167189681248e-05,-1.7997014430538115e-05,0.0001130741405664796,0.00017325737193614934,5.432783241421365e-06,-1.5706002056857507e-05,-1.3557899581774277e-05,4.194331633479112e-05,-3.2233632819724005e-05,-8.021233028484171e-05,9.824340163527433e-06,1.5780023645424087e-05,-3.555610232295551e-05,6.545817060000223e-05,0.00045211383470828505,-3.27311684381936e-05,6.592433857372664e-06,1.001514865997493e-06,-1.2813522052336696e-05,5.7633228460231746e-05,-7.083665390058737e-05,8.595930848395622e-05,4.839698054348542e-05,3.928088322916489e-06,-6.098668407037844e-07,0.00017978467633533897,1.3414515886568011e-05,0.00019651961945054428,0.00021200996282036194,0.0002171207547154538,1.7472442549970023e-05,-4.959400307753462e-05,5.284918121170174e-06,0.00015993032969961868,-1.8437882494852737e-05,-8.887914815248747e-05,7.442572222451494e-05,-0.00015660113971090598,-2.6187755928962955e-05,-4.378973336310647e-05,-7.437736157829802e-05,-0.00011795455973981123,9.244942007985038e-05,1.8328089813790785e-05,1.2494582948808033e-06,4.444659917703336e-05,0.0,7.795131983325426e-06,-0.00011396160305962379,6.386852879127332e-05,-2.3214732900725326e-05,1.9780066761411402e-05,1.0176777194796292e-06,-3.082916466270027e-05,0.00046962212569939127,-2.3011831511489458e-05,-9.167735582759286e-05,3.897132308996858e-05,-7.16792371232722e-05,-3.1453198842833523e-06,-8.233185197006306e-06,-4.129257313910445e-05,-4.175368907748616e-05,0.00013672350666156326,0.00021985458209392773,0.00015288807872134073,0.00019781377633371232,-7.091767034652342e-05,-5.169575562562654e-06,-4.530860337206492e-05,-0.00013291439244958052,0.00011585034247970007,0.00012442983726479464,6.628619443764873e-05,-6.620471462853742e-05,6.921884516026019e-05,-0.00035432910453166855,-1.3983727027336423e-05,1.0965330329899856e-06,-2.2134349873490218e-05,-2.774357042451888e-06,-2.1667691086720542e-05,-0.0001900044906934424,-9.614037281274178e-05,-6.671373105899166e-05
CNXN,-6.93013141020144e-05,-1.4458148701241864e-05,9.02602167263867e-05,2.0970555839744295e-05,-4.289289374985075e-06,-4.0832082669657915e-05,5.9847895088075305e-05,-1.321050577182316e-07,-2.360309687424623e-06,6.96025717551028e-05,0.00013167016254105602,0.00016155221250009806,-6.188748456432386e-05,0.00019926718485104022,-0.0006369790197440985,1.898334652998954e-05,-8.267325645869854e-07,0.00011906707651144592,0.00016213472401743924,9.24087082606554e-06,8.526155352338262e-05,9.493834376757103e-05,2.577722419824394e-05,8.261046092041349e-05,9.038340864591239e-05,-1.4325774209188132e-05,1.440438338759337e-05,8.155771432433424e-05,-4.855472972412961e-06,-0.00058638781435824,9.652326620578262e-05,4.100562546493093e-05,5.8285982874488336e-05,-1.5472829722736356e-05,9.619208386632003e-06,5.581443638816617e-05,0.00026517567100548987,0.0003399667997134669,0.00015237390612121888,-1.9501046017990276e-06,-4.0536091005040356e-05,0.00010008426589176473,-1.6648367626171374e-05,-0.0001921656366410379,2.5321859291001073e-05,5.28812893320586e-05,4.936280850182769e-06,8.091843563169613e-06,-7.584720717910191e-05,2.2213206994365573e-05,9.75468543902502e-05,-6.158826559227507e-05,0.00022193627512558504,8.672351735757928e-05,0.00022113671310315382,9.435736400819546e-05,0.0001901510312776288,-4.657614422605772e-05,2.4641162124252384e-05,1.1604791974387296e-06,2.3676700323964945e-05,0.0,-5.5713383837517616e-06,-0.0005668507926039838,7.00060031797738e-05,8.389004216605006e-05,-2.985207284873457e-06,-6.682416207404989e-07,7.618544487876962e-05,6.9974568113557035e-06,8.99467553324454e-05,1.6779171422220477e-05,0.0001324840328225732,3.174464750391335e-05,4.94607961221853e-05,-1.8858199853978396e-05,0.00014975083304269557,0.00010486488007581504,-0.0001100896358410941,4.986971975226147e-05,-0.00012368200996861517,5.4203750231793196e-05,1.7592042033364142e-05,-2.2550610132031974e-06,2.0947359529621763e-05,2.377475829632179e-05,-2.833787186336087e-05,2.2987092326052957e-05,9.429537162602661e-05,8.655497633342272e-05,2.7372591153784742e-05,0.00010600255742445957,-3.3856960946862145e-05,2.3324051021115e-05,3.552852784402884e-05,1.2787740917229152e-06,0.00018959897611307098,0.00025795410573083247,0.00013438438697655717,0.00014208157363647113
COCP,0.0023107484984080666,-4.19840771054188e-05,0.0004314104620255535,-0.00014083249580055783,1.7498210838709976e-05,0.00047451575656472944,-0.00034394378236618175,-2.8218107311113798e-05,0.00013884235593960445,-0.0005752514158040461,-9.462412521871819e-05,0.0021882848094895027,0.00046610587641217604,-0.0006369790197440985,0.007423357565128984,-0.0003975999655263352,9.713561184602688e-05,-0.0024870581163300067,-0.0001091528908528088,-4.892313431330347e-05,-0.0005504359487957285,-0.0007022792249568663,0.00039586791288024063,-0.0005227329080862919,-0.0006699856927350347,6.740082964959562e-05,5.547657125173042e-05,-0.0005371101934760338,0.00015392332539936344,0.002621085630875727,-0.0005321754423725462,-2.538143805557562e-05,-0.00018287861052545545,1.345219545574309e-05,1.600159455464439e-05,-0.00027231595717322737,-0.0017896885338000658,-0.0009330659933259912,-0.0005800669711752093,-2.0038456013961798e-05,0.0004647908797612309,-0.00035723032515421377,0.0005251250791577915,0.0025108029797129314,0.0004787223329968434,-0.0001980272281186927,-0.00028599597552897475,-1.4787329256588625e-05,0.00030770415246550334,-0.00011020770275874109,-0.000554123954099219,-0.000460112135214809,-0.0012939075895370485,-0.0005910628033181741,-0.0008594085014586756,-0.0002910110081159092,-0.0009299895278665168,0.0005820569936237848,-0.00018829962933491335,7.135787173074724e-06,6.16252931044698e-05,0.0,3.9599151427950526e-05,0.0013487417023539964,-0.0005582030901258295,-0.0003527601859266064,0.0005129759011714031,8.051128614866168e-06,-0.0003321000202337767,0.0009980091057910387,-0.0004100461090755353,0.0004937713509399347,-1.940664189633454e-05,-0.0004400417709604388,-0.00023667495130175214,2.189895051533021e-05,0.00011868873289231499,-0.0005462254768176423,-6.640596369401273e-05,-0.0003277163233408759,0.0015369662336508507,0.0011251606768987272,0.0006575269956796682,5.472949062866637e-05,-8.25413222247571e-05,-0.00023496478554115932,0.0001047659751864562,0.00047049429273207535,-0.0005423553825145708,-0.00047870854903188045,0.0006569495680674569,0.0005539555454373858,8.590952064350313e-05,-0.00020410416520021438,-0.00026522038965355686,-1.5228771409549386e-05,-0.0005831776359350719,-0.0009464991258505165,-0.0006174817992655553,-0.00015584459495194508
CRWS,0.00016122543854693518,-6.788130331850575e-05,-4.600714905193772e-05,1.7318253401568096e-05,-5.679596829664707e-06,-0.00013011903569671513,-6.467688047112196e-06,-3.948802912569225e-08,1.0700384475232407e-05,5.5177453243785436e-05,-0.0001965844348123011,0.0007047846984480418,-2.3360167189681248e-05,1.898334652998954e-05,-0.0003975999655263352,0.0005675139099869506,-3.5707789425624034e-05,0.0002436376605389728,0.0001243638348651386,-2.4613351793585786e-06,-6.0392633482452225e-05,-9.696624994150133e-05,-0.00030349722508156424,-1.749179757496064e-05,-8.472992464270063e-05,-1.0459708369989725e-05,6.7343625864022024e-06,-4.568112061784436e-05,-4.0067128800897656e-05,0.0004831920461954628,2.9383748573138853e-05,-4.817482675911869e-05,1.6375563278403096e-05,4.322941560965278e-05,1.8684056687825515e-05,3.830858586230961e-05,-0.00029333198048405937,2.1144780915937095e-05,4.726641365646097e-05,1.069757393653761e-05,-2.5041800688202495e-07,-0.0001073565029900455,0.00036534426342192704,-0.0005048726493427021,0.00012371462480681555,2.9934159341271028e-05,-0.0002848521194097022,-1.0812731831664484e-05,7.853160512640204e-05,3.4013705950576456e-06,1.825207519082165e-05,6.588763855838099e-05,0.0001498990671680834,-1.7747017248058622e-07,5.94005446776708e-05,7.226546692292947e-05,7.663281801481426e-05,-9.55560498221026e-05,3.694747693488272e-05,5.523092142655706e-07,-8.677225227257401e-05,0.0,-1.5719663332654332e-07,0.0002116462582601114,7.443026562867236e-05,-6.59923553292712e-05,-7.797566640058108e-05,-6.893724023492742e-07,4.222873175589464e-05,-0.000173208297232499,-7.333099527781079e-06,0.00018040414506415058,-4.80678171910558e-06,3.350591181100203e-05,5.340564202468496e-06,2.4163151578577078e-05,0.0002043354996153377,-2.8655697752198077e-05,0.0005861857209334115,-0.0001267056251113176,0.00010097227187488173,-0.0004488422399495455,-3.29244717338397e-05,-1.0225830010711421e-06,-3.199838627794396e-05,7.346580601420184e-06,-0.0002462462555206331,0.0002117149039694379,0.00010708089843340224,3.995816959122354e-05,-4.121933187065321e-05,-7.758810913692644e-05,-2.4661657115478343e-05,5.0476368237807586e-05,3.5448948020683504e-05,-3.6274835917618324e-07,-6.966947180094917e-05,0.0002800072670942979,2.5670378235882526e-07,-3.1635648234676655e-05
DBA,0.00010919725906509263,1.0193621955421722e-05,5.149843799076153e-05,-4.583725777499889e-06,1.4991728208790271e-06,2.6962440243521807e-05,-1.1069548302534771e-06,-2.032532499017684e-06,-2.74238433348125e-06,7.720827356638023e-06,-6.1440616133097334e-06,-0.0001797803430506418,-1.7997014430538115e-05,-8.267325645869854e-07,9.713561184602688e-05,-3.5707789425624034e-05,2.7673277251658458e-05,-0.00014614965954796465,-2.0425548153819358e-05,6.029516136769154e-08,-4.385832516465409e-06,-8.722343335769541e-06,1.2122818346214767e-06,-3.1421795975523783e-06,-4.588249453336773e-06,1.4210983846505295e-06,-9.821401082317485e-07,-7.769782194791821e-07,1.0145645549593673e-06,0.00011625819766371691,5.3083635322353e-06,3.076643582573187e-06,-7.404239150663265e-06,-3.94803920160992e-06,-1.0114509164087142e-05,2.1118820223707886e-05,-4.235702929865449e-05,1.7530325232168487e-05,5.081766648158301e-05,3.418089563811743e-08,-1.4425424422467011e-05,1.180452270237602e-06,1.3629061353013538e-07,0.00016600739326475239,1.3983376627261797e-05,-1.28632029663739e-05,8.870219681273542e-06,-2.9793513133958207e-06,-1.1036102690279471e-05,2.1312757075040103e-06,1.5066220755686493e-06,-3.4423390361486668e-06,-2.176818815300529e-05,-4.611285219029237e-06,-3.506905749397204e-07,1.1006218914966242e-05,-7.536113450142938e-06,1.1200899145575203e-05,-1.1364308986606529e-05,-3.2732758572239796e-07,2.55904972047432e-05,0.0,1.054679875007723e-06,0.00011291371622799741,-7.500155184034914e-06,1.1897652724287336e-06,5.332289094838806e-05,3.978096637889809e-07,-2.0004391263289742e-06,-2.8040548090432803e-05,-4.631061623712118e-06,9.972522835714375e-06,-4.643333842870558e-06,-8.927147289620068e-06,-5.742006904612313e-06,-8.929542608382829e-06,-6.044770515678014e-05,5.245076419178458e-06,-5.7353165312883775e-05,-1.0332962666229492e-05,5.0356099470830746e-05,6.324908748779039e-05,1.111223980371161e-05,2.905387231450258e-06,2.927293398017079e-05,6.807931925000861e-05,4.870530228148171e-05,-4.0778107263999684e-06,-1.5196798760598367e-05,-2.0433423257679104e-06,2.512814375792573e-05,-2.310131342630892e-06,-7.003722717500406e-06,-7.0840043795945555e-06,-5.304068681787716e-06,-2.3091196951907356e-07,2.5357463747299664e-05,4.0499814565767586e-05,2.3998651516003453e-05,2.2686948441498135e-05
