,AEG,ALV,AMC,AP,ATEC,AVID,AXL,BAM,BAX,CASS,CHPMU,CHSCP,CVET,DDLS,DGLY,DIAL,EEMO,EGAN,ELAN,ENLV,ENS,ERSX,ESGU,ETG,EYEN,FOLD,FVRR,FXG,GBT,GDL,GNL,GOOG,GSIT,GVP,HTBI,IGHG,JCO,JCOM,JJE,KRG,MFGP,MIDD,MOHO,NBHC,NOMD,NTUS,OOMA,PENN,PETZ,PFS,PLW,PRGS,SCHE,SDD,SGH,SPDV,SUNS,TEX,TILE,TRIP,UTSI,VKQ,VRCA,VRS,WTT,XES,AERI,AJG,APLT,BBQ,CXW,ESGD,FDT,FXB,GGO,IMBI,JPST,KALU,LKCO,ORLY,PLOW,UHS,UNH,VGK,VLU,CMBS,CTG,EIG,HDEF,IDT,JPUS,LDOS,ONTO,PBUS,RUSL,SGMA,SSY,FDMO,NMM,UGI
AEG,0.0002438800268146314,0.00024783835226798936,0.0003861611919982353,-8.035062555331903e-05,0.0001147777149968646,0.00016381987592945324,0.0002031670149047415,0.00011508525966452774,7.529334319976997e-05,6.39422752500905e-05,4.463392028690076e-05,2.1720436434084858e-05,0.000248181739060558,0.00013081840068096892,0.00027386042946025247,-7.174087298976177e-06,0.00015686865715677927,8.157105258729583e-05,6.143134512522198e-05,6.905537974625404e-05,0.0002039676415351357,0.00018129315132401353,0.00012148535119112339,8.939969108898797e-05,0.0001115611558209241,0.0004364545567814073,3.238784332320788e-05,8.69941088424303e-05,0.00039825537785838925,3.0119600981445237e-05,4.684117105720626e-05,6.022885489564842e-05,-1.4883767937306401e-05,4.096067306353981e-05,0.00010089334808214297,2.8171700153004108e-05,-9.93062180538857e-07,0.0001144997900420884,4.5302477750559566e-05,5.633683247162898e-05,-0.0002757538126675843,8.466884720586125e-05,0.0001948948645141641,0.00017111240617363524,7.986913013634901e-05,0.0001677210371504515,6.312708171084247e-05,0.0003313044929671539,2.4059615655789327e-05,0.00012952932788660678,-6.498660997605662e-05,0.0001307682247183354,0.00018618048290020944,-0.00027971466594836457,0.0003318509758327835,0.00013888730273003136,3.147232245121815e-05,0.00026739737416385837,0.000186670557387012,0.00025552548098015636,0.00019943141164100535,-1.6283173435231827e-05,0.00023392969926596925,4.6697756996294334e-05,6.359025037707342e-05,0.00029207615577413876,0.00016186648954550202,1.5907318823358266e-05,2.107284931783882e-05,0.00010721816387474715,0.00016369711904580487,0.00013176850903721444,0.00014174647081937407,-1.4673652909470399e-05,7.343683731839464e-05,0.00013682389926507918,-1.9760848967237734e-06,0.0001624602315399946,0.00047831094712220317,0.00010445913950187632,0.00010974048617345905,0.00011098158915106099,0.0002463488428247688,0.00012816772389372423,0.00013365133831762035,-2.1366571837333787e-05,5.188234634549883e-05,7.556678429744595e-05,0.00011682279361245666,7.677037437315497e-05,0.00011233118844231344,0.0001587602745748109,0.00027261301903327815,0.00011703356733004792,0.000522594630148527,6.196341784101376e-05,0.00020029731748158252,9.86384035888622e-05,0.00029031797862716797,4.0519402434714184e-05
ALV,0.00024783835226798936,0.0005828440034330342,0.0006208165409268525,-0.00011722039078881443,0.00023292419088289767,0.0002701792021039092,0.0004352115919689266,0.0001225068706665185,3.0332866241369234e-05,0.00011169380428942423,1.700646632865532e-05,3.846600170337266e-05,0.00014660899510136283,0.00015950538205331913,0.0003063432454621657,-1.0965785700218666e-05,0.0002366563625685876,-0.00010923226327538457,0.00010622775738615923,0.00015788148717044384,0.00040314264443524,0.00023198507622456093,0.00014807200880880946,0.00012236123214458475,0.00033969838406068493,0.0005354264259681863,9.45082546554789e-05,0.00010670893573282052,0.0005078300366711808,5.3566319262716594e-05,7.580443531205648e-05,6.581547136705373e-05,1.4025004556536931e-05,0.00021220852793634755,0.00013530724219446951,6.0254364452557695e-05,-3.5531029934657517e-07,9.478290549778046e-05,1.2688490953913933e-05,7.043543865491782e-05,7.436739223250592e-05,0.00014168927898917743,2.4591260738142342e-05,0.00026725231921864413,0.0001735440159772628,0.00022890404188328047,0.00014772503715511378,0.00019689051984766,-0.00028729199513661266,0.00015577087580919305,-9.503380933125446e-05,0.0001745713306942321,0.0002512911893153186,-0.0004000413679454149,0.0005281223191751369,0.00018866007606924547,2.4710017403625178e-05,0.000398625875278885,0.0003190273980154951,0.0003304718887745486,0.00017917177035859638,-1.0407557593725556e-05,0.000485599250982368,0.0002118148429033517,7.46720280367987e-05,0.00047299207945797876,0.00019398957197086527,5.363980329495728e-05,9.297401231695996e-05,0.00010526725097105766,0.0002536896796900063,0.00016111617318163117,0.00017308043227705502,1.627441709919454e-05,3.923236129362072e-05,0.00043463378117409305,-1.467155031040203e-06,0.00010186811621232417,0.0002799713703952192,0.0002455560811466413,0.00013681581246858764,0.00013039784631355207,0.0003908351839631557,0.0001687888016988455,0.00018474252918661635,-2.529269299367285e-05,-8.55616371343857e-06,9.118585489376442e-05,0.00015537511220124064,0.00015186128167496172,0.00015312293523995246,8.087617376201965e-05,0.00041318842584070654,0.00014777805230973705,0.0008827912270597539,0.00015953917964499578,0.0001861274282095085,0.00011853430748889618,0.0006015141265445777,5.1205892015679076e-05
AMC,0.0003861611919982353,0.0006208165409268525,0.001150250567268547,-1.4805682699423262e-05,0.00016393744460436454,0.000462653651450767,0.00038391929891189495,0.00017001681352916075,8.958390028530773e-05,0.00016126252832453726,1.3822619235396549e-05,2.0846471339461564e-05,0.0003098326470224121,0.00023501694412442748,-0.00013523211508261517,-1.716789530051436e-05,0.0002919342192028491,0.00031602440449191857,0.00010943186546871628,-0.00021962978813004137,0.0005148513497486736,0.00031347204328703934,0.00021839509059508235,0.000172664019705167,0.00039245456585930476,0.0007497121343338829,0.00012531797357821748,0.00017239512822116038,0.0006570913477022686,6.858114876939699e-05,0.00016637992392825975,0.0001001669875839392,1.6055490203212032e-05,-6.596713637578844e-05,0.0002456911698076557,6.994931075952571e-05,2.2759242238516272e-06,0.00018652445085664683,-2.7751328508079476e-05,0.00014229865541868733,-4.84273852988315e-05,0.00023891999025165193,0.0001111117709213895,0.00027502004905664764,0.0001123249622289378,0.00039166412253057326,0.00026031333337273044,0.00043049284994708324,-0.0005533283332983122,0.00016785406882811836,-0.00012200783248794694,0.0002207697978451214,0.00030298870476521154,-0.0005502609515983703,0.0007663624908404418,0.00026442809520099903,3.44132492894954e-05,0.0005461901174905647,0.0003690664489758285,0.0003875071186477654,0.0002542730972918081,-7.143986636919401e-07,0.0002240427883068665,0.0003093031571378826,0.0002020506457481688,0.0005996089626483513,0.00031401066710306277,0.00011237055524678905,0.00016905090741893114,0.0002081263263807391,0.00033172353882116555,0.00023690118531809366,0.00024923479727696844,4.732468294978025e-06,3.525997248921997e-05,0.0005953411219859331,-1.297840479399758e-06,0.00028849885340802414,0.0009725510576823954,0.00038927013067719323,0.000252947999665236,0.0002628904177687633,0.0004413085243826411,0.0002426272451608862,0.0002608220181041298,-1.1948563069826077e-05,0.0002249826909631957,0.0001816963622661805,0.00022079856007130096,0.0003139245057918105,0.00021430976639724527,0.00020422696752760345,0.0005118915457685075,0.0002063512940507398,0.0011120548346126107,7.447496168734615e-05,0.00034456107079196773,0.00017513268984556963,0.0005058051350209209,6.208132928424171e-05
AP,-8.035062555331903e-05,-0.00011722039078881443,-1.4805682699423262e-05,0.0005457759175028405,-0.0002499555363025405,5.523727958058578e-05,-0.00011299827934259474,-4.87206284337954e-05,-9.673332973559535e-05,5.426379506294081e-05,-5.980387320141551e-05,7.96955105203361e-07,-7.765138258754626e-05,-2.5497070083995658e-05,-0.00040967070374869116,-4.824021445413979e-06,-1.408849681671845e-05,0.00043114130315356514,-0.0001766790670339321,0.00012268899372446085,-8.722748164717989e-05,-8.253352930312747e-06,-4.866427027603514e-05,-1.88307851552342e-05,-0.0002947005659994723,-0.00015021292949465344,2.9886619216049487e-05,-2.416923560826783e-05,-0.00031723257957234734,-6.0798903835346705e-06,-1.7530906194300567e-05,3.97620369344168e-05,-6.966628934452472e-05,4.6692361724826185e-05,-7.123739233279953e-05,9.381869665783515e-06,3.0290916257684355e-05,-0.00010320554265089523,4.636089873213015e-06,-4.965962608255574e-05,0.0005171583441078553,8.664937100804359e-05,-8.82932851401374e-05,-0.00013342441832355512,-0.00014113975750401636,-3.495268587933852e-05,-2.9820996910764397e-06,-0.00037858209578479766,-0.00022786826697043685,-7.70252194016076e-05,-1.015450220527726e-05,6.238802209796585e-05,-1.544373754904967e-05,0.00011524442043871014,-9.974579643586526e-05,-5.3815284227516115e-05,-6.54778370033585e-05,-7.648053195525332e-05,1.893607481262769e-05,-0.0001643475884783078,-0.00010700530403982597,-1.567379972127487e-05,-0.00043659218664490447,0.00012616273513984082,-0.00011291811933056796,-8.008701450693985e-05,-0.0002946766959874576,6.040985388062095e-06,-5.536486624937397e-05,-1.7525353919677996e-06,-0.00013322608969049065,-2.4182775399412653e-05,-2.6767082200837767e-05,-1.1292016108964307e-05,-5.943528106314868e-05,0.0010478257046418822,4.656934999675971e-07,-0.00018404630643730494,0.0009022361157040533,-1.5652669667883902e-05,-5.225397068891044e-05,-9.268422394826703e-06,-0.00010115423434308122,-1.9314659991680006e-05,-4.012770622701575e-05,-7.01165542717992e-06,0.0002204264081847472,6.91820737522373e-06,-1.204375561276792e-05,4.914783554805271e-05,-4.344950978648792e-05,-7.0482596451851e-05,-0.00019148683770090006,-4.541296787344133e-05,-3.3830789017353e-05,-4.408190889360954e-05,-0.0001992348139487181,-4.602681751130835e-05,-0.00011659137411111835,-3.066942214311036e-05
ATEC,0.0001147777149968646,0.00023292419088289767,0.00016393744460436454,-0.0002499555363025405,0.0010110635049914265,0.000111439928072402,4.6721858271156886e-05,7.639425937879809e-05,-1.694820719863898e-05,-9.610852357060976e-06,6.772678855680318e-05,-1.3750175793891768e-06,-5.592450616453612e-05,2.758568337737695e-05,0.0002373767093776581,4.604476665982627e-06,9.198433312180719e-05,0.00010565063206985486,1.282240275469251e-06,0.00023855260939638871,0.00010089122503521544,0.00016396080351920709,6.440295141349487e-05,3.234036711312409e-05,0.0006751512588152728,0.00036651043344418296,5.336811582028054e-05,3.736502057579863e-06,0.00028758466249219735,-7.396235391074994e-06,4.342624688411993e-05,8.504301951498894e-05,-0.0001489684917042838,-9.775439689539739e-05,2.5533739242761665e-05,7.2831953116787585e-06,2.2061346585499484e-05,9.750824053904647e-05,-0.00019914629413490416,-0.00010489622097835658,-0.00015506292329110896,1.4830685135633723e-05,0.00010776290025709209,0.00014699410163847645,0.00015721384581405794,-3.946497484064229e-05,4.671914029429635e-05,0.000819952661649827,2.551644990113137e-05,4.829230755016289e-05,-1.9731751444675532e-05,0.0003475109840217285,0.00015326838961737138,-8.603378190344194e-05,4.2754053957222036e-05,4.2335578394310366e-05,3.5925559257857038e-06,0.00011499715924529068,0.0003891969284309303,3.724584933179443e-06,7.412022994358859e-05,-2.016448517847139e-05,0.0005514162878761311,-0.00019404743016856004,-7.574994508472076e-05,0.0001110321973521276,0.00015139516020128659,0.00011299344503281589,0.0001455595686015948,3.8043912539208336e-05,-1.286341106395546e-05,6.122970070804932e-05,4.9353730654730654e-05,1.3842614528034392e-05,0.00011537405352646067,0.00020337948162167655,-1.3637685557357135e-06,0.0001649082391281126,-0.00014931730932136786,-0.00012200384729445471,1.3811999135661081e-05,-0.00011170157636429946,-0.00011665177904672414,6.758090027162332e-05,4.584505711905123e-05,-8.10891124833102e-07,-0.0002776913190350931,-5.838100983373282e-06,6.840381911038015e-05,-0.00014344277981343686,4.52006371130437e-05,9.649633566393773e-05,0.00018924098957353593,7.828354032417613e-05,0.00013282755912716077,-5.17198561159763e-05,5.829700116871702e-05,9.590820562219102e-05,0.0001811623996593782,3.503193211238027e-05
AVID,0.00016381987592945324,0.0002701792021039092,0.000462653651450767,5.523727958058578e-05,0.000111439928072402,0.00033181051804008976,0.00021541342110557401,8.542320003426678e-05,1.779628081806581e-05,0.00011919746264582401,-4.213464148761141e-06,4.5018532782828465e-06,0.00021925894218857397,0.00011698609161162984,-0.00010891700422772651,-7.992991626723652e-06,0.0001689933612216464,0.0003773432811168836,7.175688316504097e-05,9.451224465189788e-05,0.00025554128335223455,0.00020706992833537317,9.923319800055199e-05,7.71903776233197e-05,0.00015711514733150728,0.00041375857458774795,1.0244904510840873e-05,8.488520629505867e-05,0.0003870644459683401,1.9137740441218067e-05,7.917338185883806e-05,4.6567713326969775e-05,3.8024127261565646e-05,5.022372258255175e-05,7.523923937166606e-05,3.188339261441935e-05,6.348715836069542e-06,6.610665420610837e-05,-4.751033346109516e-05,9.599512724284699e-05,4.405638628674003e-05,0.00014029416922524095,4.8621735923985685e-05,0.00016765020644346742,8.248469767528719e-05,0.00016366398830958042,7.3834825753885e-05,0.0001673819429944047,-0.00014430069317695354,7.438292498380142e-05,-5.5809816401677504e-05,0.00018953719323692024,0.00017413163088571696,-0.0002895707464205486,0.0004566894380884642,0.00013615640030624834,6.21914718125297e-06,0.0002508472652050362,0.0003265524375498578,0.00022590662170188038,0.00021173843671797965,-1.6434589939441796e-05,0.0002269011045218348,0.00018337323153168146,3.5232613227557334e-05,0.00025261293183847253,0.00011013304953440487,2.689656014588789e-05,8.316926324904823e-05,0.00010964518646204175,0.0001623856496160962,0.00010978258318911744,0.00011795823729786587,1.4087564978951007e-05,4.369342292498346e-05,0.00018830095003727812,-4.9004717720161e-07,0.0001160166720969354,0.0005526810547328216,0.00017175470589579945,0.00017136210028502133,0.00015662771609294176,0.00020116450442487902,0.00011295505454172459,0.00012774056146571723,-6.918859845742887e-06,7.67334264952254e-06,8.251539398458787e-05,0.00010906866870612309,0.00016123617206251944,0.00010209207590580933,7.812801984404497e-05,0.00022021400917282194,9.805477074945748e-05,0.0004886384085429262,-4.0607959099107343e-05,8.771182245272095e-05,8.23283607680504e-05,0.0003103189208888785,3.301015729800288e-05
AXL,0.0002031670149047415,0.0004352115919689266,0.00038391929891189495,-0.00011299827934259474,4.6721858271156886e-05,0.00021541342110557401,0.0006045360730139426,0.00011008615506583877,1.8977276075845674e-05,0.00010280570823496101,-2.8542809130489306e-06,4.370118051392537e-05,0.0002370271542214083,0.00013091761752934142,0.0004181859074521664,-1.4249695392626329e-05,0.00020715242011209978,-0.0003102553100857715,6.299365823477069e-06,-0.0003012689756709501,0.0004899563499220427,0.00018853526880503217,0.00011607850319247163,9.594386432958807e-05,1.541972975983766e-05,0.0006187108052149778,-1.2378586404501023e-05,0.00011385247398128873,0.0005038332274444146,3.839399047836086e-05,5.515088556236699e-05,-1.5450595215861356e-05,2.4146412392471347e-05,0.00010917878511234833,0.00010762784991099639,4.820419786111274e-05,1.0533822633728742e-05,2.6673589852231e-05,0.00014348995753384058,5.212417618466004e-05,-0.00028465965774075166,0.0001350101909025206,3.65056111877054e-06,0.00032234686650361245,0.00015696896442933916,0.00031574647377559644,0.00015695433106601526,-4.658051489413418e-05,0.00039522553153623996,0.00019086747509415995,-8.75069602587667e-05,0.0001300815956742006,0.00020620905694343126,-0.0004196009015252128,0.0005778969896780467,0.00017231151923011265,4.252839840265068e-06,0.00039976551944738095,0.00034041642820590044,0.0004053325797030301,0.00016325584103297697,-1.4026354141926609e-05,0.00046692999105995794,0.0002644401111746154,4.943233301250236e-05,0.0004686266572858557,8.440429940025092e-05,-1.3677464749764904e-05,0.0002691094254561512,3.318947375044444e-05,0.00026535572871132056,0.00011507937842427594,0.00013277773342189558,-1.2466396100534953e-05,-1.6917738975595076e-05,0.0005597417202782725,-2.0233154219557108e-06,0.00011661671024284263,4.059585794605838e-05,0.00028864030866051197,0.0002081849050838225,0.00015010538844282545,0.00040840740954699496,0.00012099718525240145,0.00016351110099376397,-2.8607552754200456e-05,-0.00011798995886368744,0.00011051385727004663,0.00010486967650811774,0.00021362147502412785,0.00013276274500164328,7.222875672863986e-05,0.0004504701981959537,0.00011065242335653354,0.0007629626205085827,9.845372858770495e-05,0.00011551582524664577,7.143917728814061e-05,0.0004949410321686027,5.677829210393199e-05
BAM,0.00011508525966452774,0.0001225068706665185,0.00017001681352916075,-4.87206284337954e-05,7.639425937879809e-05,8.542320003426678e-05,0.00011008615506583877,9.035444512010108e-05,5.930977313980221e-05,6.991352488532083e-05,4.940841013213452e-05,1.068781056840641e-05,0.0001511981565825235,6.698011316568038e-05,-3.367282162042207e-05,-5.082403534627356e-06,9.292825530302244e-05,-2.2139786759713574e-05,3.051815903651774e-05,0.0001469097996117998,6.758819592595012e-05,8.99175448658268e-05,6.556024184536845e-05,3.4219891659958324e-05,8.871224531264394e-05,0.0001815297761229115,4.2080646642964405e-06,4.015877866939537e-05,0.0001829724138238377,-4.6447777578615575e-06,4.0020264339287485e-05,7.075537034109217e-05,-2.8276622562671966e-05,9.332227611252389e-05,4.708905094471028e-05,1.838880883541053e-05,-1.1795234909961054e-06,7.660883277725232e-05,-4.3415629199096625e-06,6.0106708821970645e-05,-7.910258570061849e-05,4.750334457097449e-05,9.90899711685083e-06,0.00010288813987559961,5.9863079468487284e-05,0.00012283959851482545,4.630140899557277e-05,0.00013845554187042532,0.00014987002886554163,7.025921213329528e-05,-3.283616147554265e-05,0.00012061037835815356,9.543285872638444e-05,-0.00016486006432088276,0.0002579190350539056,7.50383287891001e-05,1.9815771108735295e-05,0.00012459236972073978,0.00013526194940020994,0.00012830788540029228,-6.851432600979993e-06,-9.521038628157785e-06,0.00019268648965802438,-1.6773266217674167e-05,1.266069771096444e-05,9.954229483593796e-05,0.0001081119018511133,6.9487645414975915e-06,-2.483745755274107e-05,7.217366208189037e-05,8.698180828121026e-05,6.694523526971636e-05,7.29542565625718e-05,-1.9527400269188452e-05,4.711095877073726e-05,0.00031797053521077,-8.8494908195406e-07,9.837111719064236e-05,5.9730273730706103e-05,4.931620566841089e-05,6.096043678331613e-05,7.887068811920565e-05,0.00010710211447478597,6.348919368388905e-05,7.000127720998383e-05,-1.4790601366088265e-05,-2.4305219687549004e-05,4.359175453325801e-05,6.148520245001626e-05,5.497622839112569e-05,6.089460104348938e-05,9.930756003068638e-05,0.0001921874284442209,6.656430482668857e-05,0.0002728752588846236,3.1794019179636816e-05,0.00011670665001363531,5.762489080546836e-05,0.0001491073343578991,1.931657601519031e-05
BAX,7.529334319976997e-05,3.0332866241369234e-05,8.958390028530773e-05,-9.673332973559535e-05,-1.694820719863898e-05,1.779628081806581e-05,1.8977276075845674e-05,5.930977313980221e-05,9.675195067850456e-05,3.901415379808857e-05,6.560457000171554e-05,-9.584664018015388e-06,0.00015865224281594656,4.702348716988922e-05,5.1244650205435594e-05,-3.3308534665656513e-06,3.899751077181321e-05,-0.0001460584966337932,7.969225506468732e-05,0.00011374156541596029,-1.57308006348417e-05,4.56515222077334e-05,4.281469397676893e-05,1.8032788615478505e-05,6.914452670336151e-05,0.00015097161095941315,-6.467129474089664e-06,1.6109144761382366e-05,0.00013394807677374917,-1.3988348465491072e-05,3.8116325742111804e-05,2.812068196885649e-05,5.231905692250633e-06,-1.5461482142625164e-05,4.324319857110122e-05,7.01686118960523e-06,-8.482313637371024e-06,6.24510481835544e-05,1.3503232474372617e-05,5.1740698625191094e-05,-0.0001989258516678312,9.727215018437454e-07,7.154456711616562e-05,4.613027855612607e-05,1.4483569706289744e-05,0.00015452839128277294,2.965493131825721e-05,0.00016345429870138025,0.00020438868460566148,2.6848333264154616e-05,-1.7152635942993745e-05,5.2105266552220844e-05,4.6105787248138884e-05,-0.00010689654549746334,0.00022780626158272547,4.5974193852042726e-05,2.6869345744129513e-05,7.698459101285433e-05,4.306180738401671e-05,8.14188750149117e-05,7.008187928256392e-05,-1.2903160993053274e-06,7.43288694254657e-05,-2.8995844218038862e-05,3.674418067887037e-05,2.023573508222964e-05,0.00011829532450386972,-1.1552277628384478e-05,-0.00012677138566906344,7.15510512293245e-05,6.929362720782324e-05,4.6105654512827786e-05,5.235955743560637e-05,-6.532601026084868e-06,2.381942644131257e-05,-4.1400434274067346e-05,-5.983059095150525e-07,0.00010636439494476172,1.1987567812441684e-07,1.8034660602514738e-05,5.271723199475317e-05,6.355454502244892e-05,7.194773584657429e-05,4.161230151418899e-05,4.187977496679018e-05,-6.679478097604733e-06,2.1876644311569716e-05,4.62386626093953e-05,4.019069824548173e-05,5.920920387093883e-05,3.871983755003128e-05,8.707118651839873e-05,0.00016194687169571788,4.2849793038278156e-05,0.00014476044899245274,3.2042204296902186e-05,0.00013932842929675977,3.855758894498735e-05,-1.2430791141370529e-05,1.2399144958323639e-05
CASS,6.39422752500905e-05,0.00011169380428942423,0.00016126252832453726,5.426379506294081e-05,-9.610852357060976e-06,0.00011919746264582401,0.00010280570823496101,6.991352488532083e-05,3.901415379808857e-05,0.00012972287796316195,3.572888659507637e-05,8.323893033749195e-06,0.0001695515837656812,5.7846327914101344e-05,-0.00027404207991892646,-6.142271574797247e-06,7.95043040456494e-05,2.6430245635119957e-05,4.2992694386686725e-05,0.00015894084490064244,3.493644035859652e-05,6.575417665724225e-05,5.515339975440728e-05,2.8776941075384636e-05,6.166349584997785e-05,0.00010148037311334766,-1.0748741617877746e-05,4.708391788974569e-05,0.00010727110489388286,-9.35141874978204e-06,3.841113843976874e-05,8.666739223011853e-05,2.7050650485844802e-05,8.804575639856198e-05,4.0629569255622214e-05,2.735926855098954e-05,8.334687547814755e-06,7.281463578309537e-05,-4.871731086009418e-05,6.50385492285418e-05,0.00012721938985366644,5.474879525281904e-05,-8.5092781150255e-05,0.00011455021900516427,1.428780907536067e-05,0.00014141341753225764,7.80169166148095e-05,-4.6969793469256124e-05,6.758696909992336e-05,6.115654995841337e-05,-2.8912383614502913e-05,0.0001612829828793951,6.675202294426102e-05,-0.0001681076404185704,0.00025896688708362375,6.943883370529894e-05,1.6024988159302873e-05,9.763060980587917e-05,0.00016595121848199276,9.373865398639002e-05,-8.616261686960256e-05,-1.3609917917166579e-05,0.00012951081803661203,5.224834413793105e-05,-2.1653920681211866e-05,9.231049779408967e-05,3.6897605890235095e-05,-1.2699117357509366e-05,6.95054881843217e-05,7.927565395413832e-05,6.424199915447522e-05,5.006502266336683e-05,5.562789585058679e-05,-9.460032758572155e-06,2.1808287046677628e-05,0.0005836440317323374,-1.610344414726559e-07,3.174844678216285e-05,0.00012161393360543343,9.323658334845678e-05,8.507088831259407e-05,8.66561220304517e-05,0.00011171640521933015,4.827972690794455e-05,7.048692830817085e-05,-1.205039604619005e-05,-3.299563214283189e-05,7.278745251549378e-05,5.292566503012347e-05,0.00013373765998759684,5.7720639777809984e-05,4.933087697700899e-05,0.0001569147523984198,5.4304876734848736e-05,0.0002494805646082175,2.9874226432231078e-05,-4.110294268407271e-05,4.526275466571883e-05,9.392161801751882e-05,2.7234961015269245e-05
CHPMU,4.463392028690076e-05,1.700646632865532e-05,1.3822619235396549e-05,-5.980387320141551e-05,6.772678855680318e-05,-4.213464148761141e-06,-2.8542809130489306e-06,4.940841013213452e-05,6.560457000171554e-05,3.572888659507637e-05,6.713226082798351e-05,-4.466964221017567e-06,7.820212948833449e-05,2.2737816082965818e-05,3.13871381259397e-05,-1.9007783571698121e-06,2.4046503411980717e-05,-0.00014708714170964004,2.2667332012063714e-05,0.0001784426913543126,-7.573331582102255e-05,2.70463163381539e-05,2.3521702384275976e-05,-2.2822194428836162e-06,0.00011949464225954255,8.544658497845689e-05,8.055469763847591e-06,3.072885246789083e-06,6.181743836891962e-05,-2.0656716477874375e-05,2.3235984254196084e-05,2.865810781706329e-05,-1.662244058596716e-05,5.3597068612210486e-05,2.147184527263126e-05,5.114707050137974e-06,6.318302843290359e-07,4.251720429099664e-05,-8.948493368219405e-08,3.50199219063138e-06,-9.082776207793583e-05,8.438817684898647e-08,1.696211233012624e-05,3.4760181271482226e-05,1.2759598546375626e-05,0.00010933171009542647,2.3825428589353406e-05,0.00014436441602901223,0.00019823595053589915,1.1568946398163838e-05,-1.1812512199458704e-05,7.676692608517058e-05,2.768947816360448e-05,-5.642690235498369e-05,0.0001545875529767291,2.3231724527222308e-05,1.665648683471595e-05,4.655230956981113e-05,6.348347903274145e-05,3.4480290988007414e-05,5.861581278119605e-05,-4.205820936570527e-06,9.850727135293903e-05,-3.323382619916413e-05,-2.2229474646567967e-05,-6.43808550002979e-06,6.752998246835298e-05,-4.353838651603584e-06,-0.00010091573828220287,5.8978099478883644e-05,2.3966148504376287e-05,2.7985861560526895e-05,2.973004976909273e-05,-4.156144888852311e-07,2.357858585496807e-05,0.00012565838528732744,-5.030098682948357e-07,6.415939490584573e-05,-1.804800493251474e-05,-2.5685045611717378e-05,1.2943954870902315e-05,2.0488107646417063e-05,1.9973776760938865e-05,2.4724067699643342e-05,2.192641708341362e-05,-6.899373297124852e-06,-3.819219885480747e-05,2.505935765191882e-05,2.7331279833734448e-05,2.6520371354991527e-05,2.1050523391576864e-05,5.872405541129843e-05,0.00013929902056708838,2.5729199986912847e-05,6.995465310008693e-05,2.161014756444695e-05,6.413617807435847e-05,2.592940577269282e-05,-7.413709923814241e-06,8.242542435921792e-06
CHSCP,2.1720436434084858e-05,3.846600170337266e-05,2.0846471339461564e-05,7.96955105203361e-07,-1.3750175793891768e-06,4.5018532782828465e-06,4.370118051392537e-05,1.068781056840641e-05,-9.584664018015388e-06,8.323893033749195e-06,-4.466964221017567e-06,1.8048568585433623e-05,-3.0826200491710423e-06,1.297157819068965e-05,-2.030652567793075e-05,-1.231624195078917e-07,2.0476289058454505e-05,-2.2600180007253495e-06,-1.6028324085649227e-05,2.638628558708919e-05,2.909520479056955e-05,4.131125590255928e-06,1.1936683039354625e-05,6.982102256794209e-06,-2.063412957904455e-05,7.819844394540264e-06,7.962072121918036e-06,1.5101437221297583e-05,1.7039758552278096e-05,1.0583474706297102e-05,-4.089374488359029e-06,1.5750214131679138e-05,-1.2761046268975151e-05,4.7770333801575904e-05,5.114578964594433e-06,7.1309913079253555e-06,4.465229795603624e-06,7.013064286539916e-06,3.523417013851456e-05,2.451394116026859e-06,3.670933493931008e-05,2.8519630811447283e-05,-3.348055733580101e-05,2.8475202654882405e-05,1.941274828253339e-05,-5.673753373895517e-06,-2.4825337167570665e-06,-8.697111099084066e-06,-4.6250654401626007e-05,2.4787497271509558e-05,-7.051734777649975e-06,-2.3740842740334512e-06,1.6952649200388143e-05,-2.529277153414577e-05,-3.142741179586558e-06,1.7810374289136072e-05,7.584724048547672e-06,2.510689161804883e-05,-3.8312605180330756e-07,3.085521838822837e-05,-8.648859179219036e-07,-2.3686783750814883e-06,5.492907577533885e-05,1.0120649453372962e-05,4.600805834943253e-07,5.105748370924726e-05,-8.538726152272773e-06,-5.796364464482533e-06,2.1198231113921965e-05,-2.215103477419449e-06,9.626313557307203e-06,1.1299297583699247e-05,1.1912175798956097e-05,-6.622277430838543e-06,5.043855552357325e-06,0.00019872668304772044,-2.5330005716503645e-07,2.1268335815451765e-06,-6.224357690472258e-05,2.3286020729038153e-05,-1.4318618816208644e-05,1.4451365576987623e-05,4.448366499986326e-05,1.1431313884675494e-05,1.6114053926693455e-05,-3.756447401734424e-06,-4.1360649827464866e-05,-1.183713975270236e-07,1.0982836223466583e-05,-3.116470108487203e-05,1.327407496393773e-05,7.762190148080249e-06,-1.5642466494419588e-06,1.1119324641904582e-05,8.055468496885467e-05,1.1382256524025077e-05,-3.0147809013378768e-05,5.686300748131684e-06,8.331922406208038e-05,6.009217401018921e-06
CVET,0.000248181739060558,0.00014660899510136283,0.0003098326470224121,-7.765138258754626e-05,-5.592450616453612e-05,0.00021925894218857397,0.0002370271542214083,0.0001511981565825235,0.00015865224281594656,0.0001695515837656812,7.820212948833449e-05,-3.0826200491710423e-06,0.0008148217891918477,0.00016359470899108815,-0.00011818914148188318,-9.692465153060632e-06,0.0001985849033259207,-2.7173617551585707e-05,0.00019874229499692748,-2.06226574378106e-05,0.000385247985795694,0.0002315612331102502,0.0001445903142089213,0.0001333633902882496,-9.381422235017285e-05,0.00045679207683282474,-9.332500386481412e-06,0.00011048326241215985,0.0004810426976928932,-2.0352349741941884e-05,5.0119956263751444e-05,0.0001590640828396614,0.0001383187413172902,-5.0970205212776346e-05,8.393947379303307e-05,4.02807663564685e-05,-1.5640738183054514e-05,6.590757113567524e-05,-4.5589476128912453e-07,0.00013968840507011423,-0.00040172622580435507,9.384539054275419e-05,8.652940319696529e-05,0.0002814057579531407,5.868964827870311e-05,0.000299399453506224,6.433822188465627e-05,0.0001363130076791805,0.00023591823560235232,0.00017992283206125486,-7.161824733229487e-05,0.00030581068627372947,0.00023779220806290397,-0.00038914554923952265,0.0006236822433543278,0.00016738028933206022,6.047602534736981e-05,0.00026384160262421524,0.0002638886956610982,0.00039552900627510076,-0.00013960669355509467,-2.2871323892451754e-05,0.00027338931503505015,5.5880227395556676e-05,0.00018170878939279255,0.00026587591105682135,9.360822527534185e-05,-5.0174028350959144e-05,9.822989603940756e-05,0.00010133262359716678,0.00013611658005682512,0.00013965179395992016,0.00017938505701988245,-2.7320437568919984e-05,8.843697116218366e-05,0.0006715914593568463,-2.1652333655140095e-06,0.0001914548159845482,0.00018353280270965746,0.0001398988988230521,0.00024502714846131994,0.0001999270042979072,0.0002956555672131527,0.00013797363355924625,0.0001571240049769525,-3.323198631574847e-05,7.010716533469396e-05,0.00018313375724118218,0.0001380997012937149,0.00016673178119516705,0.00014646061123543477,0.00021095087434033592,0.0003679490137594628,0.0001395471626377513,0.000648387835347254,3.146670999930568e-05,0.0003828078051709405,0.00011663173285761433,0.0001399503967085667,6.77662917137561e-05
DDLS,0.00013081840068096892,0.00015950538205331913,0.00023501694412442748,-2.5497070083995658e-05,2.758568337737695e-05,0.00011698609161162984,0.00013091761752934142,6.698011316568038e-05,4.702348716988922e-05,5.7846327914101344e-05,2.2737816082965818e-05,1.297157819068965e-05,0.00016359470899108815,8.662165118994357e-05,0.0001228427196325574,-4.648529220959289e-06,0.00010444684906716728,4.2194341479668486e-05,6.746106653254333e-05,0.00010828137039759938,0.00014560686027081978,0.00011327328594745755,7.439226424890289e-05,5.8621195875070714e-05,2.4633784824298546e-05,0.0002552646521169927,1.5482494619724666e-05,4.922428821990912e-05,0.00022716119863249565,1.853105138293452e-05,3.774588554298687e-05,4.051467470987527e-05,-2.368440180868762e-06,9.820893558522674e-06,5.043224683071989e-05,2.0993812413297694e-05,-9.455455027951299e-07,6.695773143247171e-05,2.5798550500155734e-05,5.803474741657015e-05,-0.00011326221599515785,7.155371194118923e-05,0.00011562456308045514,9.976882095646994e-05,5.366284872658205e-05,0.0001160539776140247,1.900732496924892e-05,0.0001628851587501911,-8.959754878051317e-06,7.324902697598029e-05,-3.999546963876821e-05,9.330523761598356e-05,0.00011969983111707666,-0.0001782872827234835,0.00024412576389823087,8.726004834740768e-05,1.9272647243354362e-05,0.00015270670664691978,0.0001248186421571836,0.0001449008509682233,0.00013687660380965738,-9.653996655318387e-06,0.00014139983350122356,1.8795412973705257e-05,3.945611248353798e-05,0.0001588888472982069,7.46650438933266e-05,-4.138949612234119e-06,-1.6322862535996295e-05,7.126513084546966e-05,0.00010352372533843651,8.202054181942741e-05,8.902951482344454e-05,-7.207138210384978e-06,2.921778850688053e-05,0.00020248640343016505,-1.112873699311826e-06,8.612069507961956e-05,0.0002399148961391132,8.995680699615316e-05,7.829633179408029e-05,9.004423009491786e-05,0.00015844091179313677,8.06980111989466e-05,8.32910165315528e-05,-1.2192294563946956e-05,3.3148838918752664e-05,5.064401502993163e-05,7.550930863453401e-05,4.7727277926294e-05,7.068186598668385e-05,8.146098496001985e-05,0.00014830157947103232,7.34356851319681e-05,0.000361880999117216,4.469922077756494e-05,0.00011497657162923145,6.11969493273753e-05,0.00017767788387691364,2.42551541448071e-05
DGLY,0.00027386042946025247,0.0003063432454621657,-0.00013523211508261517,-0.00040967070374869116,0.0002373767093776581,-0.00010891700422772651,0.0004181859074521664,-3.367282162042207e-05,5.1244650205435594e-05,-0.00027404207991892646,3.13871381259397e-05,-2.030652567793075e-05,-0.00011818914148188318,0.0001228427196325574,0.006902873769043211,-1.883348178074537e-05,9.106981519282749e-05,-0.0015952000581304353,0.00014955807740459667,-0.0003027677803866109,0.0002614051487859671,0.0002908410070990189,5.879694035710773e-05,4.293838716934191e-05,-0.00047542009557306546,0.0012528321114791342,0.00045937408610836216,-0.00011033490916259105,0.0009058669329826297,0.0001359338242838703,-0.00027741806848565045,-0.0008237896657595318,-0.00034774031299757943,0.0010534393321977053,-0.00012917057395306396,-1.4698749971842145e-05,-9.885916812106156e-05,8.927342737126363e-05,0.00031585874190442583,-0.00012432302410803376,-0.0029315649390419026,8.780920486507751e-06,0.0020474681197978784,-1.0772397915888456e-05,0.0002201836725485959,-0.0003824883307869222,6.910055185439151e-06,0.0003144142045815049,0.0011159324039894368,4.194770382020413e-05,-0.00013721432913969047,-4.7839672219980384e-05,0.0002668146443750243,2.4291954526714134e-05,-0.0006820021251419274,2.7788924133478237e-05,-1.2896636110854432e-05,-1.8158682046886076e-05,0.00010554767501778049,0.00013268500127628575,0.0036132859172358705,5.274724539919272e-05,0.00019421121292453612,-0.00022458629859205476,-2.832353979887902e-05,0.00036156567570893596,-0.0003196622031865206,-0.00015456715491007675,-1.3167716352077542e-05,-0.00011034725321691551,6.587598412020502e-05,0.00015915640672335484,0.0001533838593663571,0.00014629150516254932,-1.1315980054385062e-05,-0.0012717451466698318,-7.816492278874453e-06,-0.00012982121643879187,0.0015157333925390436,-0.00023083898018608066,0.0001716511073740223,-0.00021251269665936698,0.0002844021093939881,0.00015580873933893863,4.1995323984961255e-05,-8.875766831857356e-05,0.00012301403787538857,-0.00017641591471907923,9.445696395312082e-05,8.771246207397587e-05,-7.741560747929518e-06,0.00010183454564075796,0.0005176532463701813,5.7414446245524666e-05,0.0005984879885892923,0.00046075425530632845,0.0016217403778871291,6.655144466250118e-05,0.0009072329735523488,-0.0001591885414358291
DIAL,-7.174087298976177e-06,-1.0965785700218666e-05,-1.716789530051436e-05,-4.824021445413979e-06,4.604476665982627e-06,-7.992991626723652e-06,-1.4249695392626329e-05,-5.082403534627356e-06,-3.3308534665656513e-06,-6.142271574797247e-06,-1.9007783571698121e-06,-1.231624195078917e-07,-9.692465153060632e-06,-4.648529220959289e-06,-1.883348178074537e-05,1.0026361920494387e-06,-6.962739004544368e-06,1.8295651417816986e-05,-1.0423684710737597e-06,6.5157866920168195e-06,-7.454301933551847e-06,-6.807407673895327e-06,-3.8042355927448218e-06,-2.2631733354671604e-06,7.973167487800402e-08,-2.1879748124816252e-05,4.205699341231202e-06,-2.8837299116301474e-06,-1.16100861348365e-05,-1.5386998305443958e-07,-1.7371609537351636e-06,-1.605920417351407e-07,5.560123218955094e-06,-9.131710509749496e-06,-4.775886061839367e-06,-2.13831534934811e-06,-1.9773847675617948e-07,-1.0829407528665378e-06,-1.3060300484819713e-06,-3.6253584979516785e-06,1.0093003063238948e-05,-4.521774543723705e-06,-8.44803569318037e-07,-7.592533961596563e-06,-1.0782690295634807e-06,-1.4803313835333996e-05,-1.1237849532002053e-05,6.884457964070166e-06,-1.7023601540265027e-05,-4.0697903071451764e-06,3.746182415131891e-06,-7.055519512477948e-06,-6.561083661679906e-06,1.4042405591448108e-05,-1.985811458944353e-05,-5.500354312849734e-06,3.3265969122545747e-07,-1.2078534051320096e-05,-1.4091174903817222e-05,-9.945872106277213e-06,-7.754620814880464e-06,1.1471824676705827e-07,-5.175453027649499e-06,-1.0979426539471877e-05,5.632069848288306e-07,-1.2709491375027625e-05,-5.041091871066723e-06,-8.922802455100904e-07,5.949899263214178e-07,-3.252705584443439e-06,-6.7977396413388465e-06,-4.715405649991577e-06,-5.4217323475949e-06,1.1689082859116574e-06,7.60363729518881e-08,-3.468986134830692e-05,5.221640783923219e-08,-6.160327422821235e-06,-1.8027725764544446e-05,-6.9259285880659025e-06,-6.874192770732386e-06,-7.172853088532496e-06,-1.0664385934207686e-05,-4.713039872654869e-06,-5.658982028448881e-06,1.650077591679966e-06,-6.252345878742684e-06,-5.882417696844275e-06,-4.140541773247706e-06,-1.3874839861493888e-05,-4.048496476751874e-06,-6.550371960126373e-06,-1.890263931567133e-05,-3.597270125152389e-06,-2.4555249193589897e-05,-3.8786988167699874e-06,-1.0943248205773693e-05,-2.1874264206900715e-06,-1.4305920965814688e-05,1.8232831344233645e-07
EEMO,0.00015686865715677927,0.0002366563625685876,0.0002919342192028491,-1.408849681671845e-05,9.198433312180719e-05,0.0001689933612216464,0.00020715242011209978,9.292825530302244e-05,3.899751077181321e-05,7.95043040456494e-05,2.4046503411980717e-05,2.0476289058454505e-05,0.0001985849033259207,0.00010444684906716728,9.106981519282749e-05,-6.962739004544368e-06,0.00016606478335336294,-2.954607277385666e-05,7.522770700996738e-05,0.0001567229595830425,0.000232589751003903,0.0001675558315964003,9.047456911753671e-05,7.827266849795099e-05,4.705625928537686e-05,0.00030385258988800424,-1.2580190370094329e-05,5.944329281034182e-05,0.0002760735168003779,1.813575203275041e-05,5.015915691063068e-05,6.555486921726037e-05,-3.086912735992945e-05,5.98936590318296e-05,5.7992227343889546e-05,3.0076081978145495e-05,2.8627747830824625e-07,4.011615749434813e-05,-3.1775107413119143e-06,7.205313822706713e-05,-7.949389799249458e-05,0.00011126695048540538,5.928134925207159e-05,0.0001524948262123729,0.000108399631480582,0.0001650754874878181,5.637508095512434e-06,0.00015696403201748415,-9.65330235807929e-05,9.349195862687432e-05,-5.5558541972407165e-05,0.00015053430086486654,0.0001722547642376961,-0.00023568286491965236,0.00037878278666225187,0.00011026083823692523,1.4780513605310819e-05,0.00022239359610792578,0.00023340265202092522,0.0001966127016499807,8.056882009534511e-05,-9.699258500588803e-06,0.00030914850664297023,6.376785698184709e-05,1.8115148926274065e-05,0.0002088851616136821,9.065777662700053e-05,2.559860581092088e-05,-1.630084162686127e-05,7.656041131668866e-05,0.00011266883429273995,0.00010503878974731453,0.00011666569914220838,-6.935069601633625e-06,2.82240119158286e-05,0.00044749084633121874,-1.2806740117415317e-06,0.00010654927773330918,0.00015666215546328226,0.00011669566705343502,8.432900756800065e-05,0.0001290205029007394,0.0001829545043858794,0.00010426409975900588,0.0001049522945766232,-1.677921392867965e-05,1.5604355654772222e-05,6.0274648752355845e-05,9.982926619555455e-05,1.9165964100154914e-05,9.070745480361524e-05,9.22990499151863e-05,0.00022699985353417986,9.196163377181978e-05,0.0004918281517221188,2.9200671880304964e-05,0.000189916893475548,7.479226693480657e-05,0.00029050024566791,2.635473122740115e-05
